2437 2437 0 0 2437 2437 2222 0 2437 7 167 2437 2 0 2394 2437 2437 54 1017 1 0 2437 2437 1410 2437 2437 0 2437 0 2131 2437 177 252 2437 434 2437 768 1937 723 2437 2437 2437 352 0 2437 2437 2437 55 2437 0 2437 2437 2437 2437 2437 0 1477 0 2437
2437 2437 0 0 2437 2437 2222 0 2437 7 167 2437 2 0 2394 2437 2437 54 1017 1 0 2437 2437 1410 2437 2437 0 2437 0 2131 2437 177 252 2437 434 2437 768 1937 723 2437 2437 2437 352 0 2437 2437 2437 55 2437 0 2437 2437 2437 2437 2437 0 1477 0 2437
0 0 2437 0 0 0 0 711 0 2234 0 0 0 0 0 0 0 0 0 1786 2437 0 0 255 0 0 0 0 2437 0 0 2260 1996 0 2003 0 1467 500 557 0 0 0 1581 0 0 0 0 2382 0 2437 0 0 0 0 0 2437 0 2437 0
0 0 0 2437 0 0 0 0 0 1 0 0 0 0 0 0 0 0 0 0 0 0 0 1 0 0 0 0 0 0 0 0 0 0 0 0 24 0 0 0 0 0 5 0 0 0 0 0 0 0 0 0 0 0 0 0 10 0 0
2437 2437 0 0 2437 2437 2222 0 2437 7 167 2437 2 0 2394 2437 2437 54 1017 1 0 2437 2437 1410 2437 2437 0 2437 0 2131 2437 177 252 2437 434 2437 768 1937 723 2437 2437 2437 352 0 2437 2437 2437 55 2437 0 2437 2437 2437 2437 2437 0 1477 0 2437
2437 2437 0 0 2437 2437 2222 0 2437 7 167 2437 2 0 2394 2437 2437 54 1017 1 0 2437 2437 1410 2437 2437 0 2437 0 2131 2437 177 252 2437 434 2437 768 1937 723 2437 2437 2437 352 0 2437 2437 2437 55 2437 0 2437 2437 2437 2437 2437 0 1477 0 2437
2222 2222 0 0 2222 2222 2437 0 2222 13 162 2222 30 10 2225 2222 2222 57 802 8 0 2222 2222 1410 2222 2222 32 2222 0 1973 2222 19 311 2222 222 2222 610 1779 575 2222 2222 2222 352 26 2222 2222 2222 0 2222 0 2222 2222 2222 2222 2222 0 1262 0 2222
0 0 711 0 0 0 0 2437 0 508 0 0 558 8 0 0 0 848 1 60 711 0 0 271 0 0 1 0 711 0 0 711 711 0 496 0 722 500 197 0 0 0 443 755 0 0 0 711 0 711 0 0 0 0 0 711 396 711 0
2437 2437 0 0 2437 2437 2222 0 2437 7 167 2437 2 0 2394 2437 2437 54 1017 1 0 2437 2437 1410 2437 2437 0 2437 0 2131 2437 177 252 2437 434 2437 768 1937 723 2437 2437 2437 352 0 2437 2437 2437 55 2437 0 2437 2437 2437 2437 2437 0 1477 0 2437
7 7 2234 1 7 7 13 508 7 2437 6 7 11 149 7 7 7 5 7 1793 2234 7 7 136 7 7 9 7 2234 5 7 2057 1793 7 2010 7 1264 297 674 7 7 7 1378 5 7 7 7 2179 7 2234 7 7 7 7 7 2234 7 2234 7
167 167 0 0 167 167 162 0 167 6 2437 167 2 7 167 167 167 5 167 7 0 167 167 33 167 167 9 167 0 76 167 0 0 167 167 167 0 0 401 167 167 167 0 5 167 167 167 0 167 0 167 167 167 167 167 0 167 0 167
2437 2437 0 0 2437 2437 2222 0 2437 7 167 2437 2 0 2394 2437 2437 54 1017 1 0 2437 2437 1410 2437 2437 0 2437 0 2131 2437 177 252 2437 434 2437 768 1937 723 2437 2437 2437 352 0 2437 2437 2437 55 2437 0 2437 2437 2437 2437 2437 0 1477 0 2437
2 2 0 0 2 2 30 558 2 11 2 2 2437 14 33 2 2 110 6 2 0 2 2 21 2 2 9 2 0 85 2 0 15 2 0 2 14 2 11 2 2 2 27 235 2 2 2 0 2 0 2 2 2 2 2 0 58 0 2
0 0 0 0 0 0 10 8 0 149 7 0 14 2437 0 0 0 244 1214 8 0 0 0 43 0 0 0 0 0 0 0 0 0 0 0 0 8 0 305 0 0 0 8 0 0 0 0 0 0 0 0 0 0 0 0 0 414 0 0
2394 2394 0 0 2394 2394 2225 0 2394 7 167 2394 33 0 2437 2394 2394 54 974 1 0 2394 2394 1410 2394 2394 6 2394 0 2088 2394 134 255 2394 391 2394 725 1894 680 2394 2394 2394 352 31 2394 2394 2394 12 2394 0 2394 2394 2394 2394 2394 0 1434 0 2394
2437 2437 0 0 2437 2437 2222 0 2437 7 167 2437 2 0 2394 2437 2437 54 1017 1 0 2437 2437 1410 2437 2437 0 2437 0 2131 2437 177 252 2437 434 2437 768 1937 723 2437 2437 2437 352 0 2437 2437 2437 55 2437 0 2437 2437 2437 2437 2437 0 1477 0 2437
2437 2437 0 0 2437 2437 2222 0 2437 7 167 2437 2 0 2394 2437 2437 54 1017 1 0 2437 2437 1410 2437 2437 0 2437 0 2131 2437 177 252 2437 434 2437 768 1937 723 2437 2437 2437 352 0 2437 2437 2437 55 2437 0 2437 2437 2437 2437 2437 0 1477 0 2437
54 54 0 0 54 54 57 848 54 5 5 54 110 244 54 54 54 2437 225 160 0 54 54 81 54 54 2 54 0 54 54 0 0 54 0 54 52 54 57 54 54 54 12 1758 54 54 54 0 54 0 54 54 54 54 54 0 270 0 54
1017 1017 0 0 1017 1017 802 1 1017 7 167 1017 6 1214 974 1017 1017 225 2437 4 0 1017 1017 71 1017 1017 8 1017 0 711 1017 177 252 1017 434 1017 585 623 433 1017 1017 1017 310 191 1017 1017 1017 55 1017 0 1017 1017 1017 1017 1017 0 907 0 1017
1 1 1786 0 1 1 8 60 1 1793 7 1 2 8 1 1 1 160 4 2437 1786 1 1 2 1 1 4 1 1786 1 1 1609 1345 1 1567 1 816 1 557 1 1 1 1203 160 1 1 1 1731 1 1786 1 1 1 1 1 1786 1 1786 1
0 0 2437 0 0 0 0 711 0 2234 0 0 0 0 0 0 0 0 0 1786 2437 0 0 255 0 0 0 0 2437 0 0 2260 1996 0 2003 0 1467 500 557 0 0 0 1581 0 0 0 0 2382 0 2437 0 0 0 0 0 2437 0 2437 0
2437 2437 0 0 2437 2437 2222 0 2437 7 167 2437 2 0 2394 2437 2437 54 1017 1 0 2437 2437 1410 2437 2437 0 2437 0 2131 2437 177 252 2437 434 2437 768 1937 723 2437 2437 2437 352 0 2437 2437 2437 55 2437 0 2437 2437 2437 2437 2437 0 1477 0 2437
2437 2437 0 0 2437 2437 2222 0 2437 7 167 2437 2 0 2394 2437 2437 54 1017 1 0 2437 2437 1410 2437 2437 0 2437 0 2131 2437 177 252 2437 434 2437 768 1937 723 2437 2437 2437 352 0 2437 2437 2437 55 2437 0 2437 2437 2437 2437 2437 0 1477 0 2437
1410 1410 255 1 1410 1410 1410 271 1410 136 33 1410 21 43 1410 1410 1410 81 71 2 255 1410 1410 2437 1410 1410 26 1410 255 1356 1410 255 369 1410 113 1410 401 1491 310 1410 1410 1410 305 148 1410 1410 1410 255 1410 255 1410 1410 1410 1410 1410 255 863 255 1410
2437 2437 0 0 2437 2437 2222 0 2437 7 167 2437 2 0 2394 2437 2437 54 1017 1 0 2437 2437 1410 2437 2437 0 2437 0 2131 2437 177 252 2437 434 2437 768 1937 723 2437 2437 2437 352 0 2437 2437 2437 55 2437 0 2437 2437 2437 2437 2437 0 1477 0 2437
2437 2437 0 0 2437 2437 2222 0 2437 7 167 2437 2 0 2394 2437 2437 54 1017 1 0 2437 2437 1410 2437 2437 0 2437 0 2131 2437 177 252 2437 434 2437 768 1937 723 2437 2437 2437 352 0 2437 2437 2437 55 2437 0 2437 2437 2437 2437 2437 0 1477 0 2437
0 0 0 0 0 0 32 1 0 9 9 0 9 0 6 0 0 2 8 4 0 0 0 26 0 0 2437 0 0 4 0 0 1 0 0 0 13 0 47 0 0 0 51 0 0 0 0 0 0 0 0 0 0 0 0 0 35 0 0
2437 2437 0 0 2437 2437 2222 0 2437 7 167 2437 2 0 2394 2437 2437 54 1017 1 0 2437 2437 1410 2437 2437 0 2437 0 2131 2437 177 252 2437 434 2437 768 1937 723 2437 2437 2437 352 0 2437 2437 2437 55 2437 0 2437 2437 2437 2437 2437 0 1477 0 2437
0 0 2437 0 0 0 0 711 0 2234 0 0 0 0 0 0 0 0 0 1786 2437 0 0 255 0 0 0 0 2437 0 0 2260 1996 0 2003 0 1467 500 557 0 0 0 1581 0 0 0 0 2382 0 2437 0 0 0 0 0 2437 0 2437 0
2131 2131 0 0 2131 2131 1973 0 2131 5 76 2131 85 0 2088 2131 2131 54 711 1 0 2131 2131 1356 2131 2131 4 2131 0 2437 2131 177 252 2131 294 2131 768 1937 723 2131 2131 2131 218 0 2131 2131 2131 55 2131 0 2131 2131 2131 2131 2131 0 1171 0 2131
2437 2437 0 0 2437 2437 2222 0 2437 7 167 2437 2 0 2394 2437 2437 54 1017 1 0 2437 2437 1410 2437 2437 0 2437 0 2131 2437 177 252 2437 434 2437 768 1937 723 2437 2437 2437 352 0 2437 2437 2437 55 2437 0 2437 2437 2437 2437 2437 0 1477 0 2437
177 177 2260 0 177 177 19 711 177 2057 0 177 0 0 134 177 177 0 177 1609 2260 177 177 255 177 177 0 177 2260 177 177 2437 1996 177 2180 177 1644 677 734 177 177 177 1581 0 177 177 177 2315 177 2260 177 177 177 177 177 2260 177 2260 177
252 252 1996 0 252 252 311 711 252 1793 0 252 15 0 255 252 252 0 252 1345 1996 252 252 369 252 252 1 252 1996 252 252 1996 2437 252 1811 252 1673 752 792 252 252 252 1653 13 252 252 252 1996 252 1996 252 252 252 252 252 1996 92 1996 252
2437 2437 0 0 2437 2437 2222 0 2437 7 167 2437 2 0 2394 2437 2437 54 1017 1 0 2437 2437 1410 2437 2437 0 2437 0 2131 2437 177 252 2437 434 2437 768 1937 723 2437 2437 2437 352 0 2437 2437 2437 55 2437 0 2437 2437 2437 2437 2437 0 1477 0 2437
434 434 2003 0 434 434 222 496 434 2010 167 434 0 0 391 434 434 0 434 1567 2003 434 434 113 434 434 0 434 2003 294 434 2180 1811 434 2437 434 1471 504 776 434 434 434 1366 0 434 434 434 2058 434 2003 434 434 434 434 434 2003 434 2003 434
2437 2437 0 0 2437 2437 2222 0 2437 7 167 2437 2 0 2394 2437 2437 54 1017 1 0 2437 2437 1410 2437 2437 0 2437 0 2131 2437 177 252 2437 434 2437 768 1937 723 2437 2437 2437 352 0 2437 2437 2437 55 2437 0 2437 2437 2437 2437 2437 0 1477 0 2437
768 768 1467 24 768 768 610 722 768 1264 0 768 14 8 725 768 768 52 585 816 1467 768 768 401 768 768 13 768 1467 768 768 1644 1673 768 1471 768 2437 1268 972 768 768 768 1348 15 768 768 768 1522 768 1467 768 768 768 768 768 1467 254 1467 768
1937 1937 500 0 1937 1937 1779 500 1937 297 0 1937 2 0 1894 1937 1937 54 623 1 500 1937 1937 1491 1937 1937 0 1937 500 1937 1937 677 752 1937 504 1937 1268 2437 704 1937 1937 1937 407 0 1937 1937 1937 555 1937 500 1937 1937 1937 1937 1937 500 977 500 1937
723 723 557 0 723 723 575 197 723 674 401 723 11 305 680 723 723 57 433 557 557 723 723 310 723 723 47 723 557 723 723 734 792 723 776 723 972 704 2437 723 723 723 643 87 723 723 723 612 723 557 723 723 723 723 723 557 454 557 723
2437 2437 0 0 2437 2437 2222 0 2437 7 167 2437 2 0 2394 2437 2437 54 1017 1 0 2437 2437 1410 2437 2437 0 2437 0 2131 2437 177 252 2437 434 2437 768 1937 723 2437 2437 2437 352 0 2437 2437 2437 55 2437 0 2437 2437 2437 2437 2437 0 1477 0 2437
2437 2437 0 0 2437 2437 2222 0 2437 7 167 2437 2 0 2394 2437 2437 54 1017 1 0 2437 2437 1410 2437 2437 0 2437 0 2131 2437 177 252 2437 434 2437 768 1937 723 2437 2437 2437 352 0 2437 2437 2437 55 2437 0 2437 2437 2437 2437 2437 0 1477 0 2437
2437 2437 0 0 2437 2437 2222 0 2437 7 167 2437 2 0 2394 2437 2437 54 1017 1 0 2437 2437 1410 2437 2437 0 2437 0 2131 2437 177 252 2437 434 2437 768 1937 723 2437 2437 2437 352 0 2437 2437 2437 55 2437 0 2437 2437 2437 2437 2437 0 1477 0 2437
352 352 1581 5 352 352 352 443 352 1378 0 352 27 8 352 352 352 12 310 1203 1581 352 352 305 352 352 51 352 1581 218 352 1581 1653 352 1366 352 1348 407 643 352 352 352 2437 31 352 352 352 1581 352 1581 352 352 352 352 352 1581 208 1581 352
0 0 0 0 0 0 26 755 0 5 5 0 235 0 31 0 0 1758 191 160 0 0 0 148 0 0 0 0 0 0 0 0 13 0 0 0 15 0 87 0 0 0 31 2437 0 0 0 0 0 0 0 0 0 0 0 0 293 0 0
2437 2437 0 0 2437 2437 2222 0 2437 7 167 2437 2 0 2394 2437 2437 54 1017 1 0 2437 2437 1410 2437 2437 0 2437 0 2131 2437 177 252 2437 434 2437 768 1937 723 2437 2437 2437 352 0 2437 2437 2437 55 2437 0 2437 2437 2437 2437 2437 0 1477 0 2437
2437 2437 0 0 2437 2437 2222 0 2437 7 167 2437 2 0 2394 2437 2437 54 1017 1 0 2437 2437 1410 2437 2437 0 2437 0 2131 2437 177 252 2437 434 2437 768 1937 723 2437 2437 2437 352 0 2437 2437 2437 55 2437 0 2437 2437 2437 2437 2437 0 1477 0 2437
2437 2437 0 0 2437 2437 2222 0 2437 7 167 2437 2 0 2394 2437 2437 54 1017 1 0 2437 2437 1410 2437 2437 0 2437 0 2131 2437 177 252 2437 434 2437 768 1937 723 2437 2437 2437 352 0 2437 2437 2437 55 2437 0 2437 2437 2437 2437 2437 0 1477 0 2437
55 55 2382 0 55 55 0 711 55 2179 0 55 0 0 12 55 55 0 55 1731 2382 55 55 255 55 55 0 55 2382 55 55 2315 1996 55 2058 55 1522 555 612 55 55 55 1581 0 55 55 55 2437 55 2382 55 55 55 55 55 2382 55 2382 55
2437 2437 0 0 2437 2437 2222 0 2437 7 167 2437 2 0 2394 2437 2437 54 1017 1 0 2437 2437 1410 2437 2437 0 2437 0 2131 2437 177 252 2437 434 2437 768 1937 723 2437 2437 2437 352 0 2437 2437 2437 55 2437 0 2437 2437 2437 2437 2437 0 1477 0 2437
0 0 2437 0 0 0 0 711 0 2234 0 0 0 0 0 0 0 0 0 1786 2437 0 0 255 0 0 0 0 2437 0 0 2260 1996 0 2003 0 1467 500 557 0 0 0 1581 0 0 0 0 2382 0 2437 0 0 0 0 0 2437 0 2437 0
2437 2437 0 0 2437 2437 2222 0 2437 7 167 2437 2 0 2394 2437 2437 54 1017 1 0 2437 2437 1410 2437 2437 0 2437 0 2131 2437 177 252 2437 434 2437 768 1937 723 2437 2437 2437 352 0 2437 2437 2437 55 2437 0 2437 2437 2437 2437 2437 0 1477 0 2437
2437 2437 0 0 2437 2437 2222 0 2437 7 167 2437 2 0 2394 2437 2437 54 1017 1 0 2437 2437 1410 2437 2437 0 2437 0 2131 2437 177 252 2437 434 2437 768 1937 723 2437 2437 2437 352 0 2437 2437 2437 55 2437 0 2437 2437 2437 2437 2437 0 1477 0 2437
2437 2437 0 0 2437 2437 2222 0 2437 7 167 2437 2 0 2394 2437 2437 54 1017 1 0 2437 2437 1410 2437 2437 0 2437 0 2131 2437 177 252 2437 434 2437 768 1937 723 2437 2437 2437 352 0 2437 2437 2437 55 2437 0 2437 2437 2437 2437 2437 0 1477 0 2437
2437 2437 0 0 2437 2437 2222 0 2437 7 167 2437 2 0 2394 2437 2437 54 1017 1 0 2437 2437 1410 2437 2437 0 2437 0 2131 2437 177 252 2437 434 2437 768 1937 723 2437 2437 2437 352 0 2437 2437 2437 55 2437 0 2437 2437 2437 2437 2437 0 1477 0 2437
2437 2437 0 0 2437 2437 2222 0 2437 7 167 2437 2 0 2394 2437 2437 54 1017 1 0 2437 2437 1410 2437 2437 0 2437 0 2131 2437 177 252 2437 434 2437 768 1937 723 2437 2437 2437 352 0 2437 2437 2437 55 2437 0 2437 2437 2437 2437 2437 0 1477 0 2437
0 0 2437 0 0 0 0 711 0 2234 0 0 0 0 0 0 0 0 0 1786 2437 0 0 255 0 0 0 0 2437 0 0 2260 1996 0 2003 0 1467 500 557 0 0 0 1581 0 0 0 0 2382 0 2437 0 0 0 0 0 2437 0 2437 0
1477 1477 0 10 1477 1477 1262 396 1477 7 167 1477 58 414 1434 1477 1477 270 907 1 0 1477 1477 863 1477 1477 35 1477 0 1171 1477 177 92 1477 434 1477 254 977 454 1477 1477 1477 208 293 1477 1477 1477 55 1477 0 1477 1477 1477 1477 1477 0 2437 0 1477
0 0 2437 0 0 0 0 711 0 2234 0 0 0 0 0 0 0 0 0 1786 2437 0 0 255 0 0 0 0 2437 0 0 2260 1996 0 2003 0 1467 500 557 0 0 0 1581 0 0 0 0 2382 0 2437 0 0 0 0 0 2437 0 2437 0
2437 2437 0 0 2437 2437 2222 0 2437 7 167 2437 2 0 2394 2437 2437 54 1017 1 0 2437 2437 1410 2437 2437 0 2437 0 2131 2437 177 252 2437 434 2437 768 1937 723 2437 2437 2437 352 0 2437 2437 2437 55 2437 0 2437 2437 2437 2437 2437 0 1477 0 2437
