1182 1182 875 0 1132 4 0 1182 1182 0 133 90 1182 1182 137 1150 0 1182 0 1182 1182 1094 94 1182 390 0 0 1182 0 33 290 0 242 0 1095 0 1182 0 1182 0 1182 1182 21 0 1182 0 0 1182 0 1182 208 0 0 0 0 1182 1182 0 0
1182 1182 875 0 1132 4 0 1182 1182 0 133 90 1182 1182 137 1150 0 1182 0 1182 1182 1094 94 1182 390 0 0 1182 0 33 290 0 242 0 1095 0 1182 0 1182 0 1182 1182 21 0 1182 0 0 1182 0 1182 208 0 0 0 0 1182 1182 0 0
875 875 1182 1 825 0 286 875 875 286 103 11 875 875 114 843 0 875 286 875 875 900 94 875 676 286 0 875 286 42 117 286 528 0 875 1 875 286 875 286 875 875 265 286 875 286 62 875 1 875 376 286 286 286 286 875 875 286 286
0 0 1 1182 5 0 0 0 0 0 4 972 0 0 13 0 0 0 0 0 0 3 22 0 0 0 0 0 0 24 207 0 3 235 1 1135 0 0 0 0 0 0 0 0 0 0 9 0 1182 0 4 0 0 0 0 0 0 0 0
1132 1132 825 5 1182 13 12 1132 1132 12 135 95 1132 1132 149 1100 2 1132 12 1132 1132 1044 85 1132 340 12 0 1132 12 36 294 12 192 9 1045 5 1132 12 1132 12 1132 1132 33 12 1132 12 9 1132 5 1132 220 12 12 12 12 1132 1132 12 12
4 4 0 0 13 1182 0 4 4 0 64 0 4 4 3 4 1 4 0 4 4 9 394 4 0 0 94 4 0 6 81 0 72 792 4 0 4 0 4 0 4 4 0 0 4 0 984 4 0 4 46 0 0 0 0 4 4 0 0
0 0 286 0 12 0 1182 0 0 1182 101 0 0 0 1010 32 0 0 1182 0 0 25 0 0 792 1182 0 0 1182 25 134 1182 459 0 0 0 0 1182 0 1182 0 0 1161 1182 0 1182 62 0 0 0 861 1182 1182 1182 1182 0 0 1182 1182
1182 1182 875 0 1132 4 0 1182 1182 0 133 90 1182 1182 137 1150 0 1182 0 1182 1182 1094 94 1182 390 0 0 1182 0 33 290 0 242 0 1095 0 1182 0 1182 0 1182 1182 21 0 1182 0 0 1182 0 1182 208 0 0 0 0 1182 1182 0 0
1182 1182 875 0 1132 4 0 1182 1182 0 133 90 1182 1182 137 1150 0 1182 0 1182 1182 1094 94 1182 390 0 0 1182 0 33 290 0 242 0 1095 0 1182 0 1182 0 1182 1182 21 0 1182 0 0 1182 0 1182 208 0 0 0 0 1182 1182 0 0
0 0 286 0 12 0 1182 0 0 1182 101 0 0 0 1010 32 0 0 1182 0 0 25 0 0 792 1182 0 0 1182 25 134 1182 459 0 0 0 0 1182 0 1182 0 0 1161 1182 0 1182 62 0 0 0 861 1182 1182 1182 1182 0 0 1182 1182
133 133 103 4 135 64 101 133 133 101 1182 84 133 133 191 133 780 133 101 133 133 45 21 133 101 101 0 133 101 288 159 101 140 52 134 4 133 101 133 101 133 133 122 101 133 101 64 133 4 133 72 101 101 101 101 133 133 101 101
90 90 11 972 95 0 0 90 90 0 84 1182 90 90 93 90 0 90 0 90 90 15 38 90 10 0 0 90 0 24 290 0 10 166 91 972 90 0 90 0 90 90 21 0 90 0 0 90 972 90 30 0 0 0 0 90 90 0 0
1182 1182 875 0 1132 4 0 1182 1182 0 133 90 1182 1182 137 1150 0 1182 0 1182 1182 1094 94 1182 390 0 0 1182 0 33 290 0 242 0 1095 0 1182 0 1182 0 1182 1182 21 0 1182 0 0 1182 0 1182 208 0 0 0 0 1182 1182 0 0
1182 1182 875 0 1132 4 0 1182 1182 0 133 90 1182 1182 137 1150 0 1182 0 1182 1182 1094 94 1182 390 0 0 1182 0 33 290 0 242 0 1095 0 1182 0 1182 0 1182 1182 21 0 1182 0 0 1182 0 1182 208 0 0 0 0 1182 1182 0 0
137 137 114 13 149 3 1010 137 137 1010 191 93 137 137 1182 169 2 137 1010 137 137 49 4 137 620 1010 0 137 1010 25 262 1010 287 13 137 13 137 1010 137 1010 137 137 1031 1010 137 1010 0 137 13 137 791 1010 1010 1010 1010 137 137 1010 1010
1150 1150 843 0 1100 4 32 1150 1150 32 133 90 1150 1150 169 1182 0 1150 32 1150 1150 1062 94 1150 422 32 0 1150 32 33 290 32 210 0 1063 0 1150 32 1150 32 1150 1150 53 32 1150 32 0 1150 0 1150 240 32 32 32 32 1150 1150 32 32
0 0 0 0 2 1 0 0 0 0 780 0 0 0 2 0 1182 0 0 0 0 4 4 0 0 0 0 0 0 285 13 0 39 15 2 0 0 0 0 0 0 0 0 0 0 0 11 0 0 0 8 0 0 0 0 0 0 0 0
1182 1182 875 0 1132 4 0 1182 1182 0 133 90 1182 1182 137 1150 0 1182 0 1182 1182 1094 94 1182 390 0 0 1182 0 33 290 0 242 0 1095 0 1182 0 1182 0 1182 1182 21 0 1182 0 0 1182 0 1182 208 0 0 0 0 1182 1182 0 0
0 0 286 0 12 0 1182 0 0 1182 101 0 0 0 1010 32 0 0 1182 0 0 25 0 0 792 1182 0 0 1182 25 134 1182 459 0 0 0 0 1182 0 1182 0 0 1161 1182 0 1182 62 0 0 0 861 1182 1182 1182 1182 0 0 1182 1182
1182 1182 875 0 1132 4 0 1182 1182 0 133 90 1182 1182 137 1150 0 1182 0 1182 1182 1094 94 1182 390 0 0 1182 0 33 290 0 242 0 1095 0 1182 0 1182 0 1182 1182 21 0 1182 0 0 1182 0 1182 208 0 0 0 0 1182 1182 0 0
1182 1182 875 0 1132 4 0 1182 1182 0 133 90 1182 1182 137 1150 0 1182 0 1182 1182 1094 94 1182 390 0 0 1182 0 33 290 0 242 0 1095 0 1182 0 1182 0 1182 1182 21 0 1182 0 0 1182 0 1182 208 0 0 0 0 1182 1182 0 0
1094 1094 900 3 1044 9 25 1094 1094 25 45 15 1094 1094 49 1062 4 1094 25 1094 1094 1182 99 1094 415 25 5 1094 25 37 202 25 267 3 1007 4 1094 25 1094 25 1094 1094 4 25 1094 25 26 1094 3 1094 206 25 25 25 25 1094 1094 25 25
94 94 94 22 85 394 0 94 94 0 21 38 94 94 4 94 4 94 0 94 94 99 1182 94 94 0 8 94 0 9 47 0 90 402 94 22 94 0 94 0 94 94 0 0 94 0 394 94 22 94 0 0 0 0 0 94 94 0 0
1182 1182 875 0 1132 4 0 1182 1182 0 133 90 1182 1182 137 1150 0 1182 0 1182 1182 1094 94 1182 390 0 0 1182 0 33 290 0 242 0 1095 0 1182 0 1182 0 1182 1182 21 0 1182 0 0 1182 0 1182 208 0 0 0 0 1182 1182 0 0
390 390 676 0 340 0 792 390 390 792 101 10 390 390 620 422 0 390 792 390 390 415 94 390 1182 792 0 390 792 33 100 792 512 0 390 0 390 792 390 792 390 390 771 792 390 792 62 390 0 390 704 792 792 792 792 390 390 792 792
0 0 286 0 12 0 1182 0 0 1182 101 0 0 0 1010 32 0 0 1182 0 0 25 0 0 792 1182 0 0 1182 25 134 1182 459 0 0 0 0 1182 0 1182 0 0 1161 1182 0 1182 62 0 0 0 861 1182 1182 1182 1182 0 0 1182 1182
0 0 0 0 0 94 0 0 0 0 0 0 0 0 0 0 0 0 0 0 0 5 8 0 0 0 1182 0 0 0 0 0 46 9 0 0 0 0 0 0 0 0 0 0 0 0 0 0 0 0 0 0 0 0 0 0 0 0 0
1182 1182 875 0 1132 4 0 1182 1182 0 133 90 1182 1182 137 1150 0 1182 0 1182 1182 1094 94 1182 390 0 0 1182 0 33 290 0 242 0 1095 0 1182 0 1182 0 1182 1182 21 0 1182 0 0 1182 0 1182 208 0 0 0 0 1182 1182 0 0
0 0 286 0 12 0 1182 0 0 1182 101 0 0 0 1010 32 0 0 1182 0 0 25 0 0 792 1182 0 0 1182 25 134 1182 459 0 0 0 0 1182 0 1182 0 0 1161 1182 0 1182 62 0 0 0 861 1182 1182 1182 1182 0 0 1182 1182
33 33 42 24 36 6 25 33 33 25 288 24 33 33 25 33 285 33 25 33 33 37 9 33 33 25 0 33 25 1182 13 25 22 2 33 24 33 25 33 25 33 33 25 25 33 25 7 33 24 33 25 25 25 25 25 33 33 25 25
290 290 117 207 294 81 134 290 290 134 159 290 290 290 262 290 13 290 134 290 290 202 47 290 100 134 0 290 134 13 1182 134 19 12 278 207 290 134 290 134 290 290 155 134 290 134 55 290 207 290 101 134 134 134 134 290 290 134 134
0 0 286 0 12 0 1182 0 0 1182 101 0 0 0 1010 32 0 0 1182 0 0 25 0 0 792 1182 0 0 1182 25 134 1182 459 0 0 0 0 1182 0 1182 0 0 1161 1182 0 1182 62 0 0 0 861 1182 1182 1182 1182 0 0 1182 1182
242 242 528 3 192 72 459 242 242 459 140 10 242 242 287 210 39 242 459 242 242 267 90 242 512 459 46 242 459 22 19 459 1182 64 242 3 242 459 242 459 242 242 438 459 242 459 134 242 3 242 370 459 459 459 459 242 242 459 459
0 0 0 235 9 792 0 0 0 0 52 166 0 0 13 0 15 0 0 0 0 3 402 0 0 0 9 0 0 2 12 0 64 1182 1 188 0 0 0 0 0 0 0 0 0 0 801 0 235 0 18 0 0 0 0 0 0 0 0
1095 1095 875 1 1045 4 0 1095 1095 0 134 91 1095 1095 137 1063 2 1095 0 1095 1095 1007 94 1095 390 0 0 1095 0 33 278 0 242 1 1182 1 1095 0 1095 0 1095 1095 21 0 1095 0 0 1095 1 1095 208 0 0 0 0 1095 1095 0 0
0 0 1 1135 5 0 0 0 0 0 4 972 0 0 13 0 0 0 0 0 0 4 22 0 0 0 0 0 0 24 207 0 3 188 1 1182 0 0 0 0 0 0 0 0 0 0 9 0 1135 0 4 0 0 0 0 0 0 0 0
1182 1182 875 0 1132 4 0 1182 1182 0 133 90 1182 1182 137 1150 0 1182 0 1182 1182 1094 94 1182 390 0 0 1182 0 33 290 0 242 0 1095 0 1182 0 1182 0 1182 1182 21 0 1182 0 0 1182 0 1182 208 0 0 0 0 1182 1182 0 0
0 0 286 0 12 0 1182 0 0 1182 101 0 0 0 1010 32 0 0 1182 0 0 25 0 0 792 1182 0 0 1182 25 134 1182 459 0 0 0 0 1182 0 1182 0 0 1161 1182 0 1182 62 0 0 0 861 1182 1182 1182 1182 0 0 1182 1182
1182 1182 875 0 1132 4 0 1182 1182 0 133 90 1182 1182 137 1150 0 1182 0 1182 1182 1094 94 1182 390 0 0 1182 0 33 290 0 242 0 1095 0 1182 0 1182 0 1182 1182 21 0 1182 0 0 1182 0 1182 208 0 0 0 0 1182 1182 0 0
0 0 286 0 12 0 1182 0 0 1182 101 0 0 0 1010 32 0 0 1182 0 0 25 0 0 792 1182 0 0 1182 25 134 1182 459 0 0 0 0 1182 0 1182 0 0 1161 1182 0 1182 62 0 0 0 861 1182 1182 1182 1182 0 0 1182 1182
1182 1182 875 0 1132 4 0 1182 1182 0 133 90 1182 1182 137 1150 0 1182 0 1182 1182 1094 94 1182 390 0 0 1182 0 33 290 0 242 0 1095 0 1182 0 1182 0 1182 1182 21 0 1182 0 0 1182 0 1182 208 0 0 0 0 1182 1182 0 0
1182 1182 875 0 1132 4 0 1182 1182 0 133 90 1182 1182 137 1150 0 1182 0 1182 1182 1094 94 1182 390 0 0 1182 0 33 290 0 242 0 1095 0 1182 0 1182 0 1182 1182 21 0 1182 0 0 1182 0 1182 208 0 0 0 0 1182 1182 0 0
21 21 265 0 33 0 1161 21 21 1161 122 21 21 21 1031 53 0 21 1161 21 21 4 0 21 771 1161 0 21 1161 25 155 1161 438 0 21 0 21 1161 21 1161 21 21 1182 1161 21 1161 41 21 0 21 840 1161 1161 1161 1161 21 21 1161 1161
0 0 286 0 12 0 1182 0 0 1182 101 0 0 0 1010 32 0 0 1182 0 0 25 0 0 792 1182 0 0 1182 25 134 1182 459 0 0 0 0 1182 0 1182 0 0 1161 1182 0 1182 62 0 0 0 861 1182 1182 1182 1182 0 0 1182 1182
1182 1182 875 0 1132 4 0 1182 1182 0 133 90 1182 1182 137 1150 0 1182 0 1182 1182 1094 94 1182 390 0 0 1182 0 33 290 0 242 0 1095 0 1182 0 1182 0 1182 1182 21 0 1182 0 0 1182 0 1182 208 0 0 0 0 1182 1182 0 0
0 0 286 0 12 0 1182 0 0 1182 101 0 0 0 1010 32 0 0 1182 0 0 25 0 0 792 1182 0 0 1182 25 134 1182 459 0 0 0 0 1182 0 1182 0 0 1161 1182 0 1182 62 0 0 0 861 1182 1182 1182 1182 0 0 1182 1182
0 0 62 9 9 984 62 0 0 62 64 0 0 0 0 0 11 0 62 0 0 26 394 0 62 62 0 0 62 7 55 62 134 801 0 9 0 62 0 62 0 0 41 62 0 62 1182 0 9 0 71 62 62 62 62 0 0 62 62
1182 1182 875 0 1132 4 0 1182 1182 0 133 90 1182 1182 137 1150 0 1182 0 1182 1182 1094 94 1182 390 0 0 1182 0 33 290 0 242 0 1095 0 1182 0 1182 0 1182 1182 21 0 1182 0 0 1182 0 1182 208 0 0 0 0 1182 1182 0 0
0 0 1 1182 5 0 0 0 0 0 4 972 0 0 13 0 0 0 0 0 0 3 22 0 0 0 0 0 0 24 207 0 3 235 1 1135 0 0 0 0 0 0 0 0 0 0 9 0 1182 0 4 0 0 0 0 0 0 0 0
1182 1182 875 0 1132 4 0 1182 1182 0 133 90 1182 1182 137 1150 0 1182 0 1182 1182 1094 94 1182 390 0 0 1182 0 33 290 0 242 0 1095 0 1182 0 1182 0 1182 1182 21 0 1182 0 0 1182 0 1182 208 0 0 0 0 1182 1182 0 0
208 208 376 4 220 46 861 208 208 861 72 30 208 208 791 240 8 208 861 208 208 206 0 208 704 861 0 208 861 25 101 861 370 18 208 4 208 861 208 861 208 208 840 861 208 861 71 208 4 208 1182 861 861 861 861 208 208 861 861
0 0 286 0 12 0 1182 0 0 1182 101 0 0 0 1010 32 0 0 1182 0 0 25 0 0 792 1182 0 0 1182 25 134 1182 459 0 0 0 0 1182 0 1182 0 0 1161 1182 0 1182 62 0 0 0 861 1182 1182 1182 1182 0 0 1182 1182
0 0 286 0 12 0 1182 0 0 1182 101 0 0 0 1010 32 0 0 1182 0 0 25 0 0 792 1182 0 0 1182 25 134 1182 459 0 0 0 0 1182 0 1182 0 0 1161 1182 0 1182 62 0 0 0 861 1182 1182 1182 1182 0 0 1182 1182
0 0 286 0 12 0 1182 0 0 1182 101 0 0 0 1010 32 0 0 1182 0 0 25 0 0 792 1182 0 0 1182 25 134 1182 459 0 0 0 0 1182 0 1182 0 0 1161 1182 0 1182 62 0 0 0 861 1182 1182 1182 1182 0 0 1182 1182
0 0 286 0 12 0 1182 0 0 1182 101 0 0 0 1010 32 0 0 1182 0 0 25 0 0 792 1182 0 0 1182 25 134 1182 459 0 0 0 0 1182 0 1182 0 0 1161 1182 0 1182 62 0 0 0 861 1182 1182 1182 1182 0 0 1182 1182
1182 1182 875 0 1132 4 0 1182 1182 0 133 90 1182 1182 137 1150 0 1182 0 1182 1182 1094 94 1182 390 0 0 1182 0 33 290 0 242 0 1095 0 1182 0 1182 0 1182 1182 21 0 1182 0 0 1182 0 1182 208 0 0 0 0 1182 1182 0 0
1182 1182 875 0 1132 4 0 1182 1182 0 133 90 1182 1182 137 1150 0 1182 0 1182 1182 1094 94 1182 390 0 0 1182 0 33 290 0 242 0 1095 0 1182 0 1182 0 1182 1182 21 0 1182 0 0 1182 0 1182 208 0 0 0 0 1182 1182 0 0
0 0 286 0 12 0 1182 0 0 1182 101 0 0 0 1010 32 0 0 1182 0 0 25 0 0 792 1182 0 0 1182 25 134 1182 459 0 0 0 0 1182 0 1182 0 0 1161 1182 0 1182 62 0 0 0 861 1182 1182 1182 1182 0 0 1182 1182
0 0 286 0 12 0 1182 0 0 1182 101 0 0 0 1010 32 0 0 1182 0 0 25 0 0 792 1182 0 0 1182 25 134 1182 459 0 0 0 0 1182 0 1182 0 0 1161 1182 0 1182 62 0 0 0 861 1182 1182 1182 1182 0 0 1182 1182
