1642 0 1138 1138 1138 1138 1138 4 9 269 1138 1138 256 147 1138 1138 353 433 1138 204 1138 1138 1138 1138 1138 1138 0 985 1138 0 216 763 961 330 1138 0 1138 0 0 78 0 203 1138 0 0 1138 1138 1138 352 0 1138 15 1138 1138 751 0 1138 0 0
0 1642 0 0 0 0 0 0 0 0 0 0 226 215 0 0 150 912 0 0 0 0 0 0 0 0 1642 400 0 1642 0 0 113 0 0 1642 0 1642 1642 0 1642 1439 0 1642 1642 0 0 0 0 1642 0 0 0 0 387 1642 0 1642 1642
1138 0 1642 1642 1642 1642 1642 0 0 0 1642 1642 433 137 1642 1642 836 449 1642 454 1642 1642 1642 1642 1642 1642 0 1242 1642 0 24 1267 1465 444 1642 0 1642 0 0 67 0 203 1642 0 0 1642 1642 1642 364 0 1642 0 1642 1642 1255 0 1642 0 0
1138 0 1642 1642 1642 1642 1642 0 0 0 1642 1642 433 137 1642 1642 836 449 1642 454 1642 1642 1642 1642 1642 1642 0 1242 1642 0 24 1267 1465 444 1642 0 1642 0 0 67 0 203 1642 0 0 1642 1642 1642 364 0 1642 0 1642 1642 1255 0 1642 0 0
1138 0 1642 1642 1642 1642 1642 0 0 0 1642 1642 433 137 1642 1642 836 449 1642 454 1642 1642 1642 1642 1642 1642 0 1242 1642 0 24 1267 1465 444 1642 0 1642 0 0 67 0 203 1642 0 0 1642 1642 1642 364 0 1642 0 1642 1642 1255 0 1642 0 0
1138 0 1642 1642 1642 1642 1642 0 0 0 1642 1642 433 137 1642 1642 836 449 1642 454 1642 1642 1642 1642 1642 1642 0 1242 1642 0 24 1267 1465 444 1642 0 1642 0 0 67 0 203 1642 0 0 1642 1642 1642 364 0 1642 0 1642 1642 1255 0 1642 0 0
1138 0 1642 1642 1642 1642 1642 0 0 0 1642 1642 433 137 1642 1642 836 449 1642 454 1642 1642 1642 1642 1642 1642 0 1242 1642 0 24 1267 1465 444 1642 0 1642 0 0 67 0 203 1642 0 0 1642 1642 1642 364 0 1642 0 1642 1642 1255 0 1642 0 0
4 0 0 0 0 0 0 1642 0 38 0 0 37 12 0 0 2 35 0 0 0 0 0 0 0 0 0 0 0 0 0 0 0 6 0 0 0 0 0 0 0 0 0 0 0 0 0 0 0 0 0 0 0 0 0 0 0 0 0
9 0 0 0 0 0 0 0 1642 66 0 0 337 259 0 0 1 165 0 155 0 0 0 0 0 0 0 0 0 0 191 19 0 37 0 0 0 0 0 3 0 0 0 0 0 0 0 0 141 0 0 0 0 0 0 0 0 0 0
269 0 0 0 0 0 0 38 66 1642 0 0 32 57 0 0 86 5 0 6 0 0 0 0 0 0 0 0 0 0 323 7 0 64 0 0 0 0 0 6 0 0 0 0 0 0 0 0 0 0 0 0 0 0 0 0 0 0 0
1138 0 1642 1642 1642 1642 1642 0 0 0 1642 1642 433 137 1642 1642 836 449 1642 454 1642 1642 1642 1642 1642 1642 0 1242 1642 0 24 1267 1465 444 1642 0 1642 0 0 67 0 203 1642 0 0 1642 1642 1642 364 0 1642 0 1642 1642 1255 0 1642 0 0
1138 0 1642 1642 1642 1642 1642 0 0 0 1642 1642 433 137 1642 1642 836 449 1642 454 1642 1642 1642 1642 1642 1642 0 1242 1642 0 24 1267 1465 444 1642 0 1642 0 0 67 0 203 1642 0 0 1642 1642 1642 364 0 1642 0 1642 1642 1255 0 1642 0 0
256 226 433 433 433 433 433 37 337 32 433 433 1642 561 433 433 481 133 433 402 433 433 433 433 433 433 226 164 433 226 10 441 546 298 433 226 433 226 226 64 226 23 433 226 226 433 433 433 206 226 433 68 433 433 659 226 433 226 226
147 215 137 137 137 137 137 12 259 57 137 137 561 1642 137 137 226 97 137 145 137 137 137 137 137 137 215 137 137 215 0 61 250 128 137 215 137 215 215 202 215 12 137 215 215 137 137 137 92 215 137 144 137 137 276 215 137 215 215
1138 0 1642 1642 1642 1642 1642 0 0 0 1642 1642 433 137 1642 1642 836 449 1642 454 1642 1642 1642 1642 1642 1642 0 1242 1642 0 24 1267 1465 444 1642 0 1642 0 0 67 0 203 1642 0 0 1642 1642 1642 364 0 1642 0 1642 1642 1255 0 1642 0 0
1138 0 1642 1642 1642 1642 1642 0 0 0 1642 1642 433 137 1642 1642 836 449 1642 454 1642 1642 1642 1642 1642 1642 0 1242 1642 0 24 1267 1465 444 1642 0 1642 0 0 67 0 203 1642 0 0 1642 1642 1642 364 0 1642 0 1642 1642 1255 0 1642 0 0
353 150 836 836 836 836 836 2 1 86 836 836 481 226 836 836 1642 44 836 441 836 836 836 836 836 836 150 436 836 150 0 839 949 331 836 150 836 150 150 13 150 0 836 150 150 836 836 836 308 150 836 405 836 836 986 150 836 150 150
433 912 449 449 449 449 449 35 165 5 449 449 133 97 449 449 44 1642 449 16 449 449 449 449 449 449 912 849 449 912 31 407 449 171 449 912 449 912 912 19 912 877 449 912 912 449 449 449 178 912 449 25 449 449 415 912 449 912 912
1138 0 1642 1642 1642 1642 1642 0 0 0 1642 1642 433 137 1642 1642 836 449 1642 454 1642 1642 1642 1642 1642 1642 0 1242 1642 0 24 1267 1465 444 1642 0 1642 0 0 67 0 203 1642 0 0 1642 1642 1642 364 0 1642 0 1642 1642 1255 0 1642 0 0
204 0 454 454 454 454 454 0 155 6 454 454 402 145 454 454 441 16 454 1642 454 454 454 454 454 454 0 54 454 0 89 777 454 303 454 0 454 0 0 339 0 0 454 0 0 454 454 454 233 0 454 391 454 454 454 0 454 0 0
1138 0 1642 1642 1642 1642 1642 0 0 0 1642 1642 433 137 1642 1642 836 449 1642 454 1642 1642 1642 1642 1642 1642 0 1242 1642 0 24 1267 1465 444 1642 0 1642 0 0 67 0 203 1642 0 0 1642 1642 1642 364 0 1642 0 1642 1642 1255 0 1642 0 0
1138 0 1642 1642 1642 1642 1642 0 0 0 1642 1642 433 137 1642 1642 836 449 1642 454 1642 1642 1642 1642 1642 1642 0 1242 1642 0 24 1267 1465 444 1642 0 1642 0 0 67 0 203 1642 0 0 1642 1642 1642 364 0 1642 0 1642 1642 1255 0 1642 0 0
1138 0 1642 1642 1642 1642 1642 0 0 0 1642 1642 433 137 1642 1642 836 449 1642 454 1642 1642 1642 1642 1642 1642 0 1242 1642 0 24 1267 1465 444 1642 0 1642 0 0 67 0 203 1642 0 0 1642 1642 1642 364 0 1642 0 1642 1642 1255 0 1642 0 0
1138 0 1642 1642 1642 1642 1642 0 0 0 1642 1642 433 137 1642 1642 836 449 1642 454 1642 1642 1642 1642 1642 1642 0 1242 1642 0 24 1267 1465 444 1642 0 1642 0 0 67 0 203 1642 0 0 1642 1642 1642 364 0 1642 0 1642 1642 1255 0 1642 0 0
1138 0 1642 1642 1642 1642 1642 0 0 0 1642 1642 433 137 1642 1642 836 449 1642 454 1642 1642 1642 1642 1642 1642 0 1242 1642 0 24 1267 1465 444 1642 0 1642 0 0 67 0 203 1642 0 0 1642 1642 1642 364 0 1642 0 1642 1642 1255 0 1642 0 0
1138 0 1642 1642 1642 1642 1642 0 0 0 1642 1642 433 137 1642 1642 836 449 1642 454 1642 1642 1642 1642 1642 1642 0 1242 1642 0 24 1267 1465 444 1642 0 1642 0 0 67 0 203 1642 0 0 1642 1642 1642 364 0 1642 0 1642 1642 1255 0 1642 0 0
0 1642 0 0 0 0 0 0 0 0 0 0 226 215 0 0 150 912 0 0 0 0 0 0 0 0 1642 400 0 1642 0 0 113 0 0 1642 0 1642 1642 0 1642 1439 0 1642 1642 0 0 0 0 1642 0 0 0 0 387 1642 0 1642 1642
985 400 1242 1242 1242 1242 1242 0 0 0 1242 1242 164 137 1242 1242 436 849 1242 54 1242 1242 1242 1242 1242 1242 400 1642 1242 400 24 867 1065 244 1242 400 1242 400 400 67 400 603 1242 400 400 1242 1242 1242 205 400 1242 0 1242 1242 855 400 1242 400 400
1138 0 1642 1642 1642 1642 1642 0 0 0 1642 1642 433 137 1642 1642 836 449 1642 454 1642 1642 1642 1642 1642 1642 0 1242 1642 0 24 1267 1465 444 1642 0 1642 0 0 67 0 203 1642 0 0 1642 1642 1642 364 0 1642 0 1642 1642 1255 0 1642 0 0
0 1642 0 0 0 0 0 0 0 0 0 0 226 215 0 0 150 912 0 0 0 0 0 0 0 0 1642 400 0 1642 0 0 113 0 0 1642 0 1642 1642 0 1642 1439 0 1642 1642 0 0 0 0 1642 0 0 0 0 387 1642 0 1642 1642
216 0 24 24 24 24 24 0 191 323 24 24 10 0 24 24 0 31 24 89 24 24 24 24 24 24 0 24 24 0 1642 88 24 19 24 0 24 0 0 44 0 0 24 0 0 24 24 24 2 0 24 3 24 24 0 0 24 0 0
763 0 1267 1267 1267 1267 1267 0 19 7 1267 1267 441 61 1267 1267 839 407 1267 777 1267 1267 1267 1267 1267 1267 0 867 1267 0 88 1642 1267 457 1267 0 1267 0 0 222 0 0 1267 0 0 1267 1267 1267 364 0 1267 5 1267 1267 1255 0 1267 0 0
961 113 1465 1465 1465 1465 1465 0 0 0 1465 1465 546 250 1465 1465 949 449 1465 454 1465 1465 1465 1465 1465 1465 113 1065 1465 113 24 1267 1642 386 1465 113 1465 113 113 0 113 26 1465 113 113 1465 1465 1465 364 113 1465 0 1465 1465 1368 113 1465 113 113
330 0 444 444 444 444 444 6 37 64 444 444 298 128 444 444 331 171 444 303 444 444 444 444 444 444 0 244 444 0 19 457 386 1642 444 0 444 0 0 221 0 58 444 0 0 444 444 444 202 0 444 161 444 444 386 0 444 0 0
1138 0 1642 1642 1642 1642 1642 0 0 0 1642 1642 433 137 1642 1642 836 449 1642 454 1642 1642 1642 1642 1642 1642 0 1242 1642 0 24 1267 1465 444 1642 0 1642 0 0 67 0 203 1642 0 0 1642 1642 1642 364 0 1642 0 1642 1642 1255 0 1642 0 0
0 1642 0 0 0 0 0 0 0 0 0 0 226 215 0 0 150 912 0 0 0 0 0 0 0 0 1642 400 0 1642 0 0 113 0 0 1642 0 1642 1642 0 1642 1439 0 1642 1642 0 0 0 0 1642 0 0 0 0 387 1642 0 1642 1642
1138 0 1642 1642 1642 1642 1642 0 0 0 1642 1642 433 137 1642 1642 836 449 1642 454 1642 1642 1642 1642 1642 1642 0 1242 1642 0 24 1267 1465 444 1642 0 1642 0 0 67 0 203 1642 0 0 1642 1642 1642 364 0 1642 0 1642 1642 1255 0 1642 0 0
0 1642 0 0 0 0 0 0 0 0 0 0 226 215 0 0 150 912 0 0 0 0 0 0 0 0 1642 400 0 1642 0 0 113 0 0 1642 0 1642 1642 0 1642 1439 0 1642 1642 0 0 0 0 1642 0 0 0 0 387 1642 0 1642 1642
0 1642 0 0 0 0 0 0 0 0 0 0 226 215 0 0 150 912 0 0 0 0 0 0 0 0 1642 400 0 1642 0 0 113 0 0 1642 0 1642 1642 0 1642 1439 0 1642 1642 0 0 0 0 1642 0 0 0 0 387 1642 0 1642 1642
78 0 67 67 67 67 67 0 3 6 67 67 64 202 67 67 13 19 67 339 67 67 67 67 67 67 0 67 67 0 44 222 0 221 67 0 67 0 0 1642 0 67 67 0 0 67 67 67 71 0 67 2 67 67 0 0 67 0 0
0 1642 0 0 0 0 0 0 0 0 0 0 226 215 0 0 150 912 0 0 0 0 0 0 0 0 1642 400 0 1642 0 0 113 0 0 1642 0 1642 1642 0 1642 1439 0 1642 1642 0 0 0 0 1642 0 0 0 0 387 1642 0 1642 1642
203 1439 203 203 203 203 203 0 0 0 203 203 23 12 203 203 0 877 203 0 203 203 203 203 203 203 1439 603 203 1439 0 0 26 58 203 1439 203 1439 1439 67 1439 1642 203 1439 1439 203 203 203 0 1439 203 0 203 203 184 1439 203 1439 1439
1138 0 1642 1642 1642 1642 1642 0 0 0 1642 1642 433 137 1642 1642 836 449 1642 454 1642 1642 1642 1642 1642 1642 0 1242 1642 0 24 1267 1465 444 1642 0 1642 0 0 67 0 203 1642 0 0 1642 1642 1642 364 0 1642 0 1642 1642 1255 0 1642 0 0
0 1642 0 0 0 0 0 0 0 0 0 0 226 215 0 0 150 912 0 0 0 0 0 0 0 0 1642 400 0 1642 0 0 113 0 0 1642 0 1642 1642 0 1642 1439 0 1642 1642 0 0 0 0 1642 0 0 0 0 387 1642 0 1642 1642
0 1642 0 0 0 0 0 0 0 0 0 0 226 215 0 0 150 912 0 0 0 0 0 0 0 0 1642 400 0 1642 0 0 113 0 0 1642 0 1642 1642 0 1642 1439 0 1642 1642 0 0 0 0 1642 0 0 0 0 387 1642 0 1642 1642
1138 0 1642 1642 1642 1642 1642 0 0 0 1642 1642 433 137 1642 1642 836 449 1642 454 1642 1642 1642 1642 1642 1642 0 1242 1642 0 24 1267 1465 444 1642 0 1642 0 0 67 0 203 1642 0 0 1642 1642 1642 364 0 1642 0 1642 1642 1255 0 1642 0 0
1138 0 1642 1642 1642 1642 1642 0 0 0 1642 1642 433 137 1642 1642 836 449 1642 454 1642 1642 1642 1642 1642 1642 0 1242 1642 0 24 1267 1465 444 1642 0 1642 0 0 67 0 203 1642 0 0 1642 1642 1642 364 0 1642 0 1642 1642 1255 0 1642 0 0
1138 0 1642 1642 1642 1642 1642 0 0 0 1642 1642 433 137 1642 1642 836 449 1642 454 1642 1642 1642 1642 1642 1642 0 1242 1642 0 24 1267 1465 444 1642 0 1642 0 0 67 0 203 1642 0 0 1642 1642 1642 364 0 1642 0 1642 1642 1255 0 1642 0 0
352 0 364 364 364 364 364 0 141 0 364 364 206 92 364 364 308 178 364 233 364 364 364 364 364 364 0 205 364 0 2 364 364 202 364 0 364 0 0 71 0 0 364 0 0 364 364 364 1642 0 364 288 364 364 364 0 364 0 0
0 1642 0 0 0 0 0 0 0 0 0 0 226 215 0 0 150 912 0 0 0 0 0 0 0 0 1642 400 0 1642 0 0 113 0 0 1642 0 1642 1642 0 1642 1439 0 1642 1642 0 0 0 0 1642 0 0 0 0 387 1642 0 1642 1642
1138 0 1642 1642 1642 1642 1642 0 0 0 1642 1642 433 137 1642 1642 836 449 1642 454 1642 1642 1642 1642 1642 1642 0 1242 1642 0 24 1267 1465 444 1642 0 1642 0 0 67 0 203 1642 0 0 1642 1642 1642 364 0 1642 0 1642 1642 1255 0 1642 0 0
15 0 0 0 0 0 0 0 0 0 0 0 68 144 0 0 405 25 0 391 0 0 0 0 0 0 0 0 0 0 3 5 0 161 0 0 0 0 0 2 0 0 0 0 0 0 0 0 288 0 0 1642 0 0 0 0 0 0 0
1138 0 1642 1642 1642 1642 1642 0 0 0 1642 1642 433 137 1642 1642 836 449 1642 454 1642 1642 1642 1642 1642 1642 0 1242 1642 0 24 1267 1465 444 1642 0 1642 0 0 67 0 203 1642 0 0 1642 1642 1642 364 0 1642 0 1642 1642 1255 0 1642 0 0
1138 0 1642 1642 1642 1642 1642 0 0 0 1642 1642 433 137 1642 1642 836 449 1642 454 1642 1642 1642 1642 1642 1642 0 1242 1642 0 24 1267 1465 444 1642 0 1642 0 0 67 0 203 1642 0 0 1642 1642 1642 364 0 1642 0 1642 1642 1255 0 1642 0 0
751 387 1255 1255 1255 1255 1255 0 0 0 1255 1255 659 276 1255 1255 986 415 1255 454 1255 1255 1255 1255 1255 1255 387 855 1255 387 0 1255 1368 386 1255 387 1255 387 387 0 387 184 1255 387 387 1255 1255 1255 364 387 1255 0 1255 1255 1642 387 1255 387 387
0 1642 0 0 0 0 0 0 0 0 0 0 226 215 0 0 150 912 0 0 0 0 0 0 0 0 1642 400 0 1642 0 0 113 0 0 1642 0 1642 1642 0 1642 1439 0 1642 1642 0 0 0 0 1642 0 0 0 0 387 1642 0 1642 1642
1138 0 1642 1642 1642 1642 1642 0 0 0 1642 1642 433 137 1642 1642 836 449 1642 454 1642 1642 1642 1642 1642 1642 0 1242 1642 0 24 1267 1465 444 1642 0 1642 0 0 67 0 203 1642 0 0 1642 1642 1642 364 0 1642 0 1642 1642 1255 0 1642 0 0
0 1642 0 0 0 0 0 0 0 0 0 0 226 215 0 0 150 912 0 0 0 0 0 0 0 0 1642 400 0 1642 0 0 113 0 0 1642 0 1642 1642 0 1642 1439 0 1642 1642 0 0 0 0 1642 0 0 0 0 387 1642 0 1642 1642
0 1642 0 0 0 0 0 0 0 0 0 0 226 215 0 0 150 912 0 0 0 0 0 0 0 0 1642 400 0 1642 0 0 113 0 0 1642 0 1642 1642 0 1642 1439 0 1642 1642 0 0 0 0 1642 0 0 0 0 387 1642 0 1642 1642
