1743 681 176 1682 3 1682 0 13 150 6 286 1419 1378 1386 438 1474 2 3 0 1682 1682 1682 35 1682 0 1682 1682 8 1342 0 1682 0 1682 1682 1682 3 3 0 0 366 0 1682 775 0 1682 109 0 1682 1682 1682 1682 0 1682 1682 1682 1682 0 0 1682
681 1743 418 678 873 678 0 13 535 0 268 689 688 678 758 470 0 89 0 678 678 678 71 678 0 678 678 80 720 0 678 0 678 678 678 0 10 0 0 10 0 678 122 12 678 403 59 678 678 678 678 0 678 678 678 678 0 0 678
176 418 1743 176 366 176 195 0 121 195 165 187 197 176 27 192 0 201 0 176 176 176 264 176 195 176 176 230 180 195 176 195 176 176 176 240 3 195 195 195 195 176 197 20 176 368 408 176 176 176 176 195 176 176 176 176 195 195 176
1682 678 176 1743 0 1743 0 13 147 6 286 1480 1439 1447 435 1535 0 3 0 1743 1743 1743 35 1743 0 1743 1743 8 1403 0 1743 0 1743 1743 1743 0 0 0 0 427 0 1743 836 0 1743 106 0 1743 1743 1743 1743 0 1743 1743 1743 1743 0 0 1743
3 873 366 0 1743 0 0 102 551 0 266 11 9 43 1023 13 70 77 0 0 0 0 70 0 0 0 0 56 19 0 0 0 0 0 0 0 135 0 0 10 0 0 59 74 0 1132 22 0 0 0 0 0 0 0 0 0 0 0 0
1682 678 176 1743 0 1743 0 13 147 6 286 1480 1439 1447 435 1535 0 3 0 1743 1743 1743 35 1743 0 1743 1743 8 1403 0 1743 0 1743 1743 1743 0 0 0 0 427 0 1743 836 0 1743 106 0 1743 1743 1743 1743 0 1743 1743 1743 1743 0 0 1743
0 0 195 0 0 0 1743 0 0 1659 527 13 0 39 0 59 0 301 0 0 0 0 1039 0 1743 0 0 696 138 1743 0 1743 0 0 0 0 0 1743 1743 1194 1743 0 308 402 0 0 610 0 0 0 0 1743 0 0 0 0 1743 1743 0
13 13 0 13 102 13 0 1743 18 1 17 13 30 13 107 1 0 5 6 13 13 13 0 13 0 13 13 31 13 0 13 0 13 13 13 0 9 0 0 0 0 13 16 43 13 111 0 13 13 13 13 0 13 13 13 13 0 0 13
150 535 121 147 551 147 0 18 1743 4 53 147 8 14 544 147 0 43 0 147 147 147 10 147 0 147 147 36 17 0 147 0 147 147 147 106 35 0 0 62 0 147 15 28 147 236 41 147 147 147 147 0 147 147 147 147 0 0 147
6 0 195 6 0 6 1659 1 4 1743 527 19 28 0 0 65 0 301 0 6 6 6 955 6 1659 6 6 696 54 1659 6 1659 6 6 6 8 8 1659 1659 1110 1659 6 308 361 6 0 610 6 6 6 6 1659 6 6 6 6 1659 1659 6
286 268 165 286 266 286 527 17 53 527 1743 272 293 286 293 166 28 17 0 286 286 286 40 286 527 286 286 152 308 527 286 527 286 286 286 171 78 527 527 204 527 286 241 1 286 218 44 286 286 286 286 527 286 286 286 286 527 527 286
1419 689 187 1480 11 1480 13 13 147 19 272 1743 1176 1184 172 1272 21 4 0 1480 1480 1480 56 1480 13 1480 1480 8 1140 13 1480 13 1480 1480 1480 90 90 13 13 373 13 1480 573 4 1480 117 0 1480 1480 1480 1480 13 1480 1480 1480 1480 13 13 1480
1378 688 197 1439 9 1439 0 30 8 28 293 1176 1743 1459 445 1231 4 105 0 1439 1439 1439 35 1439 0 1439 1439 8 1403 0 1439 0 1439 1439 1439 42 32 0 0 375 0 1439 836 2 1439 106 8 1439 1439 1439 1439 0 1439 1439 1439 1439 0 0 1439
1386 678 176 1447 43 1447 39 13 14 0 286 1184 1459 1743 435 1239 0 3 0 1447 1447 1447 74 1447 39 1447 1447 8 1444 39 1447 39 1447 1447 1447 0 0 39 39 414 39 1447 859 8 1447 106 0 1447 1447 1447 1447 39 1447 1447 1447 1447 39 39 1447
438 758 27 435 1023 435 0 107 544 0 293 172 445 435 1743 448 4 55 34 435 435 435 11 435 0 435 435 26 454 0 435 0 435 435 435 18 78 0 0 66 0 435 371 74 435 596 49 435 435 435 435 0 435 435 435 435 0 0 435
1474 470 192 1535 13 1535 59 1 147 65 166 1272 1231 1239 448 1743 8 62 0 1535 1535 1535 94 1535 59 1535 1535 67 1195 59 1535 59 1535 1535 1535 5 13 59 59 486 59 1535 763 6 1535 119 59 1535 1535 1535 1535 59 1535 1535 1535 1535 59 59 1535
2 0 0 0 70 0 0 0 0 0 28 21 4 0 4 8 1743 23 0 0 0 0 5 0 0 0 0 4 3 0 0 0 0 0 0 0 62 0 0 0 0 0 7 4 0 1 2 0 0 0 0 0 0 0 0 0 0 0 0
3 89 201 3 77 3 301 5 43 301 17 4 105 3 55 62 23 1743 21 3 3 3 392 3 301 3 3 330 12 301 3 301 3 3 3 44 44 301 301 307 301 3 9 110 3 35 334 3 3 3 3 301 3 3 3 3 301 301 3
0 0 0 0 0 0 0 6 0 0 0 0 0 0 34 0 0 21 1743 0 0 0 0 0 0 0 0 16 0 0 0 0 0 0 0 0 0 0 0 0 0 0 33 43 0 13 0 0 0 0 0 0 0 0 0 0 0 0 0
1682 678 176 1743 0 1743 0 13 147 6 286 1480 1439 1447 435 1535 0 3 0 1743 1743 1743 35 1743 0 1743 1743 8 1403 0 1743 0 1743 1743 1743 0 0 0 0 427 0 1743 836 0 1743 106 0 1743 1743 1743 1743 0 1743 1743 1743 1743 0 0 1743
1682 678 176 1743 0 1743 0 13 147 6 286 1480 1439 1447 435 1535 0 3 0 1743 1743 1743 35 1743 0 1743 1743 8 1403 0 1743 0 1743 1743 1743 0 0 0 0 427 0 1743 836 0 1743 106 0 1743 1743 1743 1743 0 1743 1743 1743 1743 0 0 1743
1682 678 176 1743 0 1743 0 13 147 6 286 1480 1439 1447 435 1535 0 3 0 1743 1743 1743 35 1743 0 1743 1743 8 1403 0 1743 0 1743 1743 1743 0 0 0 0 427 0 1743 836 0 1743 106 0 1743 1743 1743 1743 0 1743 1743 1743 1743 0 0 1743
35 71 264 35 70 35 1039 0 10 955 40 56 35 74 11 94 5 392 0 35 35 35 1743 35 1039 35 35 761 173 1039 35 1039 35 35 35 11 11 1039 1039 934 1039 35 329 432 35 69 824 35 35 35 35 1039 35 35 35 35 1039 1039 35
1682 678 176 1743 0 1743 0 13 147 6 286 1480 1439 1447 435 1535 0 3 0 1743 1743 1743 35 1743 0 1743 1743 8 1403 0 1743 0 1743 1743 1743 0 0 0 0 427 0 1743 836 0 1743 106 0 1743 1743 1743 1743 0 1743 1743 1743 1743 0 0 1743
0 0 195 0 0 0 1743 0 0 1659 527 13 0 39 0 59 0 301 0 0 0 0 1039 0 1743 0 0 696 138 1743 0 1743 0 0 0 0 0 1743 1743 1194 1743 0 308 402 0 0 610 0 0 0 0 1743 0 0 0 0 1743 1743 0
1682 678 176 1743 0 1743 0 13 147 6 286 1480 1439 1447 435 1535 0 3 0 1743 1743 1743 35 1743 0 1743 1743 8 1403 0 1743 0 1743 1743 1743 0 0 0 0 427 0 1743 836 0 1743 106 0 1743 1743 1743 1743 0 1743 1743 1743 1743 0 0 1743
1682 678 176 1743 0 1743 0 13 147 6 286 1480 1439 1447 435 1535 0 3 0 1743 1743 1743 35 1743 0 1743 1743 8 1403 0 1743 0 1743 1743 1743 0 0 0 0 427 0 1743 836 0 1743 106 0 1743 1743 1743 1743 0 1743 1743 1743 1743 0 0 1743
8 80 230 8 56 8 696 31 36 696 152 8 8 8 26 67 4 330 16 8 8 8 761 8 696 8 8 1743 62 696 8 696 8 8 8 32 32 696 696 723 696 8 292 251 8 215 871 8 8 8 8 696 8 8 8 8 696 696 8
1342 720 180 1403 19 1403 138 13 17 54 308 1140 1403 1444 454 1195 3 12 0 1403 1403 1403 173 1403 138 1403 1403 62 1743 138 1403 138 1403 1403 1403 8 8 138 138 470 138 1403 844 107 1403 154 27 1403 1403 1403 1403 138 1403 1403 1403 1403 138 138 1403
0 0 195 0 0 0 1743 0 0 1659 527 13 0 39 0 59 0 301 0 0 0 0 1039 0 1743 0 0 696 138 1743 0 1743 0 0 0 0 0 1743 1743 1194 1743 0 308 402 0 0 610 0 0 0 0 1743 0 0 0 0 1743 1743 0
1682 678 176 1743 0 1743 0 13 147 6 286 1480 1439 1447 435 1535 0 3 0 1743 1743 1743 35 1743 0 1743 1743 8 1403 0 1743 0 1743 1743 1743 0 0 0 0 427 0 1743 836 0 1743 106 0 1743 1743 1743 1743 0 1743 1743 1743 1743 0 0 1743
0 0 195 0 0 0 1743 0 0 1659 527 13 0 39 0 59 0 301 0 0 0 0 1039 0 1743 0 0 696 138 1743 0 1743 0 0 0 0 0 1743 1743 1194 1743 0 308 402 0 0 610 0 0 0 0 1743 0 0 0 0 1743 1743 0
1682 678 176 1743 0 1743 0 13 147 6 286 1480 1439 1447 435 1535 0 3 0 1743 1743 1743 35 1743 0 1743 1743 8 1403 0 1743 0 1743 1743 1743 0 0 0 0 427 0 1743 836 0 1743 106 0 1743 1743 1743 1743 0 1743 1743 1743 1743 0 0 1743
1682 678 176 1743 0 1743 0 13 147 6 286 1480 1439 1447 435 1535 0 3 0 1743 1743 1743 35 1743 0 1743 1743 8 1403 0 1743 0 1743 1743 1743 0 0 0 0 427 0 1743 836 0 1743 106 0 1743 1743 1743 1743 0 1743 1743 1743 1743 0 0 1743
1682 678 176 1743 0 1743 0 13 147 6 286 1480 1439 1447 435 1535 0 3 0 1743 1743 1743 35 1743 0 1743 1743 8 1403 0 1743 0 1743 1743 1743 0 0 0 0 427 0 1743 836 0 1743 106 0 1743 1743 1743 1743 0 1743 1743 1743 1743 0 0 1743
3 0 240 0 0 0 0 0 106 8 171 90 42 0 18 5 0 44 0 0 0 0 11 0 0 0 0 32 8 0 0 0 0 0 0 1743 1240 0 0 0 0 0 19 13 0 0 2 0 0 0 0 0 0 0 0 0 0 0 0
3 10 3 0 135 0 0 9 35 8 78 90 32 0 78 13 62 44 0 0 0 0 11 0 0 0 0 32 8 0 0 0 0 0 0 1240 1743 0 0 0 0 0 23 41 0 125 2 0 0 0 0 0 0 0 0 0 0 0 0
0 0 195 0 0 0 1743 0 0 1659 527 13 0 39 0 59 0 301 0 0 0 0 1039 0 1743 0 0 696 138 1743 0 1743 0 0 0 0 0 1743 1743 1194 1743 0 308 402 0 0 610 0 0 0 0 1743 0 0 0 0 1743 1743 0
0 0 195 0 0 0 1743 0 0 1659 527 13 0 39 0 59 0 301 0 0 0 0 1039 0 1743 0 0 696 138 1743 0 1743 0 0 0 0 0 1743 1743 1194 1743 0 308 402 0 0 610 0 0 0 0 1743 0 0 0 0 1743 1743 0
366 10 195 427 10 427 1194 0 62 1110 204 373 375 414 66 486 0 307 0 427 427 427 934 427 1194 427 427 723 470 1194 427 1194 427 427 427 0 0 1194 1194 1743 1194 427 633 279 427 108 610 427 427 427 427 1194 427 427 427 427 1194 1194 427
0 0 195 0 0 0 1743 0 0 1659 527 13 0 39 0 59 0 301 0 0 0 0 1039 0 1743 0 0 696 138 1743 0 1743 0 0 0 0 0 1743 1743 1194 1743 0 308 402 0 0 610 0 0 0 0 1743 0 0 0 0 1743 1743 0
1682 678 176 1743 0 1743 0 13 147 6 286 1480 1439 1447 435 1535 0 3 0 1743 1743 1743 35 1743 0 1743 1743 8 1403 0 1743 0 1743 1743 1743 0 0 0 0 427 0 1743 836 0 1743 106 0 1743 1743 1743 1743 0 1743 1743 1743 1743 0 0 1743
775 122 197 836 59 836 308 16 15 308 241 573 836 859 371 763 7 9 33 836 836 836 329 836 308 836 836 292 844 308 836 308 836 836 836 19 23 308 308 633 308 836 1743 133 836 168 169 836 836 836 836 308 836 836 836 836 308 308 836
0 12 20 0 74 0 402 43 28 361 1 4 2 8 74 6 4 110 43 0 0 0 432 0 402 0 0 251 107 402 0 402 0 0 0 13 41 402 402 279 402 0 133 1743 0 62 44 0 0 0 0 402 0 0 0 0 402 402 0
1682 678 176 1743 0 1743 0 13 147 6 286 1480 1439 1447 435 1535 0 3 0 1743 1743 1743 35 1743 0 1743 1743 8 1403 0 1743 0 1743 1743 1743 0 0 0 0 427 0 1743 836 0 1743 106 0 1743 1743 1743 1743 0 1743 1743 1743 1743 0 0 1743
109 403 368 106 1132 106 0 111 236 0 218 117 106 106 596 119 1 35 13 106 106 106 69 106 0 106 106 215 154 0 106 0 106 106 106 0 125 0 0 108 0 106 168 62 106 1743 219 106 106 106 106 0 106 106 106 106 0 0 106
0 59 408 0 22 0 610 0 41 610 44 0 8 0 49 59 2 334 0 0 0 0 824 0 610 0 0 871 27 610 0 610 0 0 0 2 2 610 610 610 610 0 169 44 0 219 1743 0 0 0 0 610 0 0 0 0 610 610 0
1682 678 176 1743 0 1743 0 13 147 6 286 1480 1439 1447 435 1535 0 3 0 1743 1743 1743 35 1743 0 1743 1743 8 1403 0 1743 0 1743 1743 1743 0 0 0 0 427 0 1743 836 0 1743 106 0 1743 1743 1743 1743 0 1743 1743 1743 1743 0 0 1743
1682 678 176 1743 0 1743 0 13 147 6 286 1480 1439 1447 435 1535 0 3 0 1743 1743 1743 35 1743 0 1743 1743 8 1403 0 1743 0 1743 1743 1743 0 0 0 0 427 0 1743 836 0 1743 106 0 1743 1743 1743 1743 0 1743 1743 1743 1743 0 0 1743
1682 678 176 1743 0 1743 0 13 147 6 286 1480 1439 1447 435 1535 0 3 0 1743 1743 1743 35 1743 0 1743 1743 8 1403 0 1743 0 1743 1743 1743 0 0 0 0 427 0 1743 836 0 1743 106 0 1743 1743 1743 1743 0 1743 1743 1743 1743 0 0 1743
1682 678 176 1743 0 1743 0 13 147 6 286 1480 1439 1447 435 1535 0 3 0 1743 1743 1743 35 1743 0 1743 1743 8 1403 0 1743 0 1743 1743 1743 0 0 0 0 427 0 1743 836 0 1743 106 0 1743 1743 1743 1743 0 1743 1743 1743 1743 0 0 1743
0 0 195 0 0 0 1743 0 0 1659 527 13 0 39 0 59 0 301 0 0 0 0 1039 0 1743 0 0 696 138 1743 0 1743 0 0 0 0 0 1743 1743 1194 1743 0 308 402 0 0 610 0 0 0 0 1743 0 0 0 0 1743 1743 0
1682 678 176 1743 0 1743 0 13 147 6 286 1480 1439 1447 435 1535 0 3 0 1743 1743 1743 35 1743 0 1743 1743 8 1403 0 1743 0 1743 1743 1743 0 0 0 0 427 0 1743 836 0 1743 106 0 1743 1743 1743 1743 0 1743 1743 1743 1743 0 0 1743
1682 678 176 1743 0 1743 0 13 147 6 286 1480 1439 1447 435 1535 0 3 0 1743 1743 1743 35 1743 0 1743 1743 8 1403 0 1743 0 1743 1743 1743 0 0 0 0 427 0 1743 836 0 1743 106 0 1743 1743 1743 1743 0 1743 1743 1743 1743 0 0 1743
1682 678 176 1743 0 1743 0 13 147 6 286 1480 1439 1447 435 1535 0 3 0 1743 1743 1743 35 1743 0 1743 1743 8 1403 0 1743 0 1743 1743 1743 0 0 0 0 427 0 1743 836 0 1743 106 0 1743 1743 1743 1743 0 1743 1743 1743 1743 0 0 1743
1682 678 176 1743 0 1743 0 13 147 6 286 1480 1439 1447 435 1535 0 3 0 1743 1743 1743 35 1743 0 1743 1743 8 1403 0 1743 0 1743 1743 1743 0 0 0 0 427 0 1743 836 0 1743 106 0 1743 1743 1743 1743 0 1743 1743 1743 1743 0 0 1743
0 0 195 0 0 0 1743 0 0 1659 527 13 0 39 0 59 0 301 0 0 0 0 1039 0 1743 0 0 696 138 1743 0 1743 0 0 0 0 0 1743 1743 1194 1743 0 308 402 0 0 610 0 0 0 0 1743 0 0 0 0 1743 1743 0
0 0 195 0 0 0 1743 0 0 1659 527 13 0 39 0 59 0 301 0 0 0 0 1039 0 1743 0 0 696 138 1743 0 1743 0 0 0 0 0 1743 1743 1194 1743 0 308 402 0 0 610 0 0 0 0 1743 0 0 0 0 1743 1743 0
1682 678 176 1743 0 1743 0 13 147 6 286 1480 1439 1447 435 1535 0 3 0 1743 1743 1743 35 1743 0 1743 1743 8 1403 0 1743 0 1743 1743 1743 0 0 0 0 427 0 1743 836 0 1743 106 0 1743 1743 1743 1743 0 1743 1743 1743 1743 0 0 1743
