19	19	20	19	18	19	20	15	11	20	20	2	20	20	20	20	9	16	19	7	19	20	20	19	20	20	18	19	20	19	20	19	19	20	19	20	20	20	20	12	20	4	19	20	20	20	19	19	20	20	20	20	19	20	19	20	19	20	20
19	19	20	19	18	19	20	15	11	20	20	2	20	20	20	20	9	16	19	7	19	20	20	19	20	20	18	19	20	19	20	19	19	20	19	20	20	20	20	12	20	4	19	20	20	20	19	19	20	20	20	20	19	20	19	20	19	20	20
19	19	20	19	18	19	20	15	11	20	20	2	20	20	20	20	9	16	19	7	19	20	20	19	20	20	18	19	20	19	20	19	19	20	19	20	20	20	20	12	20	6	19	20	20	20	19	19	20	20	20	20	19	20	19	20	19	20	20
19	19	20	19	18	19	20	15	11	20	20	2	20	20	20	20	9	16	19	7	19	20	20	19	20	20	18	19	20	19	20	19	19	20	19	20	20	20	20	12	20	8	19	20	20	20	19	19	20	20	20	20	19	20	19	20	19	20	20
19	19	20	19	18	19	20	15	11	20	20	2	20	20	20	20	9	16	19	7	19	20	20	19	20	20	18	19	20	19	20	19	19	20	19	20	20	20	20	12	20	8	19	20	20	20	19	19	20	20	20	20	19	20	19	20	19	20	20
19	19	20	19	18	19	20	15	11	20	20	2	20	20	20	20	9	16	19	9	19	20	20	19	20	20	18	19	20	19	20	19	19	20	19	20	20	20	20	12	20	8	19	20	20	20	19	19	20	20	20	20	19	20	19	20	19	20	20
19	19	20	19	18	19	20	15	11	20	20	2	20	20	20	20	9	16	19	9	19	20	20	19	20	20	18	19	20	19	20	19	19	20	19	20	20	20	20	12	20	8	19	20	20	20	19	19	20	20	20	20	19	20	19	20	19	20	20
19	19	20	19	18	19	20	15	11	20	20	2	20	20	20	20	9	16	19	9	19	20	20	19	20	20	18	19	20	19	20	19	19	20	19	20	20	20	20	12	20	8	19	20	20	20	19	19	20	20	20	20	19	20	19	20	19	20	20
19	19	20	19	18	19	20	15	11	20	20	2	20	20	20	20	9	16	19	9	19	20	20	19	20	20	18	19	20	19	20	19	19	20	19	20	20	20	20	12	20	8	19	20	20	20	19	19	20	20	20	20	19	20	19	20	19	20	20
19	19	20	19	18	19	20	15	11	20	20	2	20	20	20	20	9	16	19	9	19	20	20	19	20	20	18	19	20	19	20	19	19	20	19	20	20	20	20	12	20	8	19	20	20	20	19	19	20	20	20	20	19	20	19	20	19	20	20
19	19	20	19	18	19	20	15	11	20	20	2	20	20	20	20	9	16	19	9	19	20	20	19	20	20	18	19	20	19	20	19	19	20	19	20	20	20	20	12	20	8	19	20	20	20	19	19	20	20	20	20	19	20	19	20	19	20	20
19	19	20	19	18	19	20	15	11	20	20	2	20	20	20	20	9	16	19	9	19	20	20	19	20	20	18	19	20	19	20	19	19	20	19	20	20	20	20	12	20	8	19	20	20	20	19	19	20	20	20	20	19	20	19	20	19	20	20
19	19	20	19	18	19	20	15	11	20	20	2	20	20	20	20	9	16	19	9	19	20	20	19	20	20	18	19	20	19	20	19	19	20	19	20	20	20	20	12	20	8	19	20	20	20	19	19	20	20	20	20	19	20	19	20	19	20	20
19	19	20	19	18	19	20	15	11	20	20	2	20	20	20	20	9	16	19	9	19	20	20	19	20	20	18	19	20	19	20	19	19	20	19	20	20	20	20	12	20	8	19	20	20	20	19	19	20	20	20	20	19	20	19	20	19	20	20
19	19	20	19	18	19	20	15	11	20	20	2	20	20	20	20	9	16	19	9	19	20	20	19	20	20	18	19	20	19	20	19	19	20	19	20	20	20	20	12	20	8	19	20	20	20	19	19	20	20	20	20	19	20	19	20	19	20	20
19	19	20	19	18	19	20	15	11	20	20	2	20	20	20	20	9	16	19	9	19	20	20	19	20	20	18	19	20	19	20	19	19	20	19	20	20	20	20	12	20	8	19	20	20	20	19	19	20	20	20	20	19	20	19	20	19	20	20
19	19	20	19	18	19	20	15	11	20	20	2	20	20	20	20	9	16	19	9	19	20	20	19	20	20	18	19	20	19	20	19	19	20	19	20	20	20	20	12	20	8	19	20	20	20	19	19	20	20	20	20	19	20	19	20	19	20	20
19	19	20	19	18	19	20	15	11	20	20	2	20	20	20	20	12	16	19	9	19	20	20	19	20	20	18	19	20	19	20	19	19	20	19	20	20	20	20	12	20	8	19	20	20	20	19	19	20	20	20	20	19	20	19	20	19	20	20
19	19	20	19	18	19	20	15	11	20	20	2	20	20	20	20	15	16	19	9	19	20	20	19	20	20	18	19	20	19	20	19	19	20	19	20	20	20	20	12	20	8	19	20	20	20	19	19	20	20	20	20	19	20	19	20	19	20	20
19	19	20	19	18	19	20	15	11	20	20	2	20	20	20	20	15	16	19	9	19	20	20	19	20	20	18	19	20	19	20	19	19	20	19	20	20	20	20	12	20	8	19	20	20	20	19	19	20	20	20	20	19	20	19	20	19	20	20
19	19	20	19	18	19	20	15	11	20	20	2	20	20	20	20	15	16	19	9	19	20	20	19	20	20	18	19	20	19	20	19	19	20	19	20	20	20	20	12	20	8	19	20	20	20	19	19	20	20	20	20	19	20	19	20	19	20	20
19	19	20	19	18	19	20	15	11	20	20	2	20	20	20	20	15	16	19	9	19	20	20	19	20	20	18	19	20	19	20	19	19	20	19	20	20	20	20	12	20	8	19	20	20	20	19	19	20	20	20	20	19	20	19	20	19	20	20
19	19	20	19	18	19	20	15	11	20	20	2	20	20	20	20	15	16	19	9	19	20	20	19	20	20	18	19	20	19	20	19	19	20	19	20	20	20	20	12	20	8	19	20	20	20	19	19	20	20	20	20	19	20	19	20	19	20	20
19	19	20	19	18	19	20	15	11	20	20	2	20	20	20	20	15	16	19	9	19	20	20	19	20	20	18	19	20	19	20	19	19	20	19	20	20	20	20	12	20	8	19	20	20	20	19	19	20	20	20	20	19	20	19	20	19	20	20
19	19	20	19	18	19	20	15	11	20	20	2	20	20	20	20	15	16	19	9	19	20	20	19	20	20	18	19	20	19	20	19	19	20	19	20	20	20	20	12	20	8	19	20	20	20	19	19	20	20	20	20	19	20	19	20	19	20	20
19	19	20	19	18	19	20	15	11	20	20	2	20	20	20	20	15	16	19	9	19	20	20	19	20	20	18	19	20	19	20	19	19	20	19	20	20	20	20	12	20	8	19	20	20	20	19	19	20	20	20	20	19	20	19	20	19	20	20
19	19	20	19	18	19	20	15	11	20	20	2	20	20	20	20	15	16	19	9	19	20	20	19	20	20	18	19	20	19	20	19	19	20	19	20	20	20	20	12	20	8	19	20	20	20	19	19	20	20	20	20	19	20	19	20	19	20	20
19	19	20	19	18	19	20	15	11	20	20	2	20	20	20	20	15	16	19	9	19	20	20	19	20	20	18	19	20	19	20	19	19	20	19	20	20	20	20	12	20	8	19	20	20	20	19	19	20	20	20	20	19	20	19	20	19	20	20
19	19	20	19	18	19	20	15	11	20	20	2	20	20	20	20	15	16	19	9	19	20	20	19	20	20	18	19	20	19	20	19	19	20	19	20	20	20	20	12	20	8	19	20	20	20	19	19	20	20	20	20	19	20	19	20	19	20	20
19	19	20	19	18	19	20	15	11	20	20	2	20	20	20	20	15	16	19	9	19	20	20	19	20	20	18	19	20	19	20	19	19	20	19	20	20	20	20	12	20	8	19	20	20	20	19	19	20	20	20	20	19	20	19	20	19	20	20
19	19	20	19	18	19	20	15	11	20	20	2	20	20	20	20	18	16	19	9	19	20	20	19	20	20	18	19	20	19	20	19	19	20	19	20	20	20	20	12	20	8	19	20	20	20	19	19	20	20	20	20	19	20	19	20	19	20	20
19	19	20	19	18	19	20	15	11	20	20	2	20	20	20	20	19	16	19	9	19	20	20	19	20	20	18	19	20	19	20	19	19	20	19	20	20	20	20	12	20	8	19	20	20	20	19	19	20	20	20	20	19	20	19	20	19	20	20
19	19	20	19	18	19	20	15	11	20	20	2	20	20	20	20	19	16	19	5	19	20	20	19	20	20	18	19	20	19	20	19	19	20	19	20	20	20	20	12	20	8	19	20	20	20	19	19	20	20	20	20	19	20	19	20	19	20	20
19	19	20	19	18	19	20	15	11	20	20	2	20	20	20	20	18	16	19	5	19	20	20	19	20	20	18	19	20	19	20	19	19	20	19	20	20	20	20	12	20	8	19	20	20	20	19	19	20	20	20	20	19	20	19	20	19	20	20
19	19	20	19	18	19	20	15	11	20	20	2	20	20	20	20	15	16	19	5	19	20	20	19	20	20	18	19	20	19	20	19	19	20	19	20	20	20	20	12	20	8	19	20	20	20	19	19	20	20	20	20	19	20	19	20	19	20	20
19	19	20	19	18	19	20	15	11	20	20	2	20	20	20	20	15	16	19	5	19	20	20	19	20	20	18	19	20	19	20	19	19	20	19	20	20	20	20	12	20	8	19	20	20	20	19	19	20	20	20	20	19	20	19	20	19	20	20
19	19	20	19	18	19	20	15	11	20	20	2	20	20	20	20	15	16	19	5	19	20	20	19	20	20	18	19	20	19	20	19	19	20	19	20	20	20	20	12	20	8	19	20	20	20	19	19	20	20	20	20	19	20	19	20	19	20	20
19	19	20	19	18	19	20	15	11	20	20	2	20	20	20	20	15	16	19	5	19	20	20	19	20	20	18	19	20	19	20	19	19	20	19	20	20	20	20	12	20	8	19	20	20	20	19	19	20	20	20	20	19	20	19	20	19	20	20
19	19	20	19	18	19	20	15	11	20	20	2	20	20	20	20	15	16	19	5	19	20	20	19	20	20	18	19	20	19	20	19	19	20	19	20	20	20	20	12	20	8	19	20	20	20	19	19	20	20	20	20	19	20	19	20	19	20	20
19	19	20	19	18	19	20	15	11	20	20	2	20	20	20	20	15	16	19	5	19	20	20	19	20	20	18	19	20	19	20	19	19	20	19	20	20	20	20	12	20	8	19	20	20	20	19	19	20	20	20	20	19	20	19	20	19	20	20
19	19	20	19	18	19	20	15	11	20	20	2	20	20	20	20	15	16	19	5	19	20	20	19	20	20	18	19	20	19	20	19	19	20	19	20	20	20	20	12	20	8	19	20	20	20	19	19	20	20	20	20	19	20	19	20	19	20	20
19	19	20	19	18	19	20	15	11	20	20	2	20	20	20	20	15	16	19	5	19	20	20	19	20	20	18	19	20	19	20	19	19	20	19	20	20	20	20	12	20	8	19	20	20	20	19	19	20	20	20	20	19	20	19	20	19	20	20
19	19	20	19	18	19	20	15	11	20	20	2	20	20	20	20	13	16	19	5	19	20	20	19	20	20	18	19	20	19	20	19	19	20	19	20	20	20	20	12	20	8	19	20	20	20	19	19	20	20	20	20	19	20	19	20	19	20	20
19	19	20	19	18	19	20	15	11	20	20	2	20	20	20	20	12	16	19	5	19	20	20	19	20	20	18	19	20	19	20	19	19	20	19	20	20	20	20	12	20	8	19	20	20	20	19	19	20	20	20	20	19	20	19	20	19	20	20
19	19	20	19	18	19	20	15	11	20	20	2	20	20	20	20	15	16	19	5	19	20	20	19	20	20	18	19	20	19	20	19	19	20	19	20	20	20	20	12	20	8	19	20	20	20	19	19	20	20	20	20	19	20	19	20	19	20	20
19	19	20	19	18	19	20	15	11	20	20	2	20	20	20	20	19	16	19	5	19	20	20	19	20	20	18	19	20	19	20	19	19	20	19	20	20	20	20	12	20	8	19	20	20	20	19	19	20	20	20	20	19	20	19	20	19	20	20
19	19	20	19	18	19	20	15	11	20	20	2	20	20	20	20	19	16	19	6	19	20	20	19	20	20	18	19	20	19	20	19	19	20	19	20	20	20	20	12	20	8	19	20	20	20	19	19	20	20	20	20	19	20	19	20	19	20	20
19	19	20	19	18	19	20	15	11	20	20	2	20	20	20	20	19	16	19	6	19	20	20	19	20	20	18	19	20	19	20	19	19	20	19	20	20	20	20	12	20	8	19	20	20	20	19	19	20	20	20	20	19	20	19	20	19	20	20
19	19	20	19	18	19	20	15	11	20	20	2	20	20	20	20	19	16	19	6	19	20	20	19	20	20	18	19	20	19	20	19	19	20	19	20	20	20	20	12	20	8	19	20	20	20	19	19	20	20	20	20	19	20	19	20	19	20	20
19	19	20	19	18	19	20	15	11	20	20	2	20	20	20	20	19	16	19	6	19	20	20	19	20	20	18	19	20	19	20	19	19	20	19	20	20	20	20	12	20	8	19	20	20	20	19	19	20	20	20	20	19	20	19	20	19	20	20
19	19	20	19	18	19	20	15	11	20	20	2	20	20	20	20	19	16	19	6	19	20	20	19	20	20	18	19	20	19	20	19	19	20	19	20	20	20	20	12	20	8	19	20	20	20	19	19	20	20	20	20	19	20	19	20	19	20	20
19	19	20	19	18	19	20	15	11	20	20	2	20	20	20	20	19	16	19	6	19	20	20	19	20	20	18	19	20	19	20	19	19	20	19	20	20	20	20	12	20	8	19	20	20	20	19	19	20	20	20	20	19	20	19	20	19	20	20
19	19	20	19	18	19	20	15	11	20	20	2	20	20	20	20	19	16	19	6	19	20	20	19	20	20	18	19	20	19	20	19	19	20	19	20	20	20	20	12	20	8	19	20	20	20	19	19	20	20	20	20	19	20	19	20	19	20	20
19	19	20	19	18	19	20	15	11	20	20	2	20	20	20	20	19	16	19	6	19	20	20	19	20	20	18	19	20	19	20	19	19	20	19	20	20	20	20	12	20	8	19	20	20	20	19	19	20	20	20	20	19	20	19	20	19	20	20
19	19	20	19	18	19	20	15	11	20	20	2	20	20	20	20	19	16	19	6	19	20	20	19	20	20	18	19	20	19	20	19	19	20	19	20	20	20	20	12	20	8	19	20	20	20	19	19	20	20	20	20	19	20	19	20	19	20	20
19	19	20	19	18	19	20	15	11	20	20	2	20	20	20	20	19	16	19	6	19	20	20	19	20	20	18	19	20	19	20	19	19	20	19	20	20	20	20	12	20	8	19	20	20	20	19	19	20	20	20	20	19	20	19	20	19	20	20
19	19	20	19	18	19	20	15	11	20	20	2	20	20	20	20	19	16	19	8	19	20	20	19	20	20	18	19	20	19	20	19	19	20	19	20	20	20	20	12	20	8	19	20	20	20	19	19	20	20	20	20	19	20	19	20	19	20	20
19	19	20	19	18	19	20	15	11	20	20	2	20	20	20	20	19	16	19	8	19	20	20	19	20	20	18	19	20	19	20	19	19	20	19	20	20	20	20	12	20	8	19	20	20	20	19	19	20	20	20	20	19	20	19	20	19	20	20
19	19	20	19	18	19	20	15	11	20	20	2	20	20	20	20	19	16	19	8	19	20	20	19	20	20	18	19	20	19	20	19	19	20	19	20	20	20	20	12	20	8	19	20	20	20	19	19	20	20	20	20	19	20	19	20	19	20	20
19	19	20	19	18	19	20	15	11	20	20	2	20	20	20	20	19	16	19	7	19	20	20	19	20	20	18	19	20	19	20	19	19	20	19	20	20	20	20	12	20	8	19	20	20	20	19	19	20	20	20	20	19	20	19	20	19	20	20
19	19	20	19	18	19	20	15	11	20	20	2	20	20	20	20	19	16	19	5	19	20	20	19	20	20	18	19	20	19	20	19	19	20	19	20	20	20	20	12	20	8	19	20	20	20	19	19	20	20	20	20	19	20	19	20	19	20	20
19	19	20	19	18	19	20	15	11	20	20	2	20	20	20	20	19	16	19	5	19	20	20	19	20	20	18	19	20	19	20	19	19	20	19	20	20	20	20	12	20	8	19	20	20	20	19	19	20	20	20	20	19	20	19	20	19	20	20
19	19	20	19	18	19	20	15	11	20	20	2	20	20	20	20	19	16	19	5	19	20	20	19	20	20	18	19	20	19	20	19	19	20	19	20	20	20	20	12	20	8	19	20	20	20	19	19	20	20	20	20	19	20	19	20	19	20	20
19	19	20	19	18	19	20	15	11	20	20	2	20	20	20	20	19	16	19	5	19	20	20	19	20	20	18	19	20	19	20	19	19	20	19	20	20	20	20	12	20	8	19	20	20	20	19	19	20	20	20	20	19	20	19	20	19	20	20
19	19	20	19	18	19	20	15	11	20	20	2	20	20	20	20	19	16	19	5	19	20	20	19	20	20	18	19	20	19	20	19	19	20	19	20	20	20	20	12	20	6	19	20	20	20	19	19	20	20	20	20	19	20	19	20	19	20	20
19	19	20	19	18	19	20	15	11	20	20	2	20	20	20	20	19	16	19	5	19	20	20	19	20	20	18	19	20	19	20	19	19	20	19	20	20	20	20	12	20	6	19	20	20	20	19	19	20	20	20	20	19	20	19	20	19	20	20
19	19	20	19	18	19	20	15	11	20	20	2	20	20	20	20	19	16	19	5	19	20	20	19	20	20	18	19	20	19	20	19	19	20	19	20	20	20	20	12	20	4	19	20	20	20	19	19	20	20	20	20	19	20	19	20	19	20	20
19	19	20	19	18	19	20	15	11	20	20	2	20	20	20	20	19	16	19	5	19	20	20	19	20	20	18	19	20	19	20	19	19	20	19	20	20	20	20	12	20	4	19	20	20	20	19	19	20	20	20	20	19	20	19	20	19	20	20
19	19	20	19	18	19	20	15	11	20	20	2	20	20	20	20	19	16	19	5	18	20	20	19	20	20	18	19	20	19	20	19	19	20	19	20	20	20	20	12	20	4	19	20	20	20	19	19	20	20	20	20	19	20	19	20	19	20	20
19	19	20	19	18	19	20	15	11	20	20	2	20	20	20	20	19	16	19	5	15	20	20	19	20	20	18	19	20	19	20	19	19	20	19	20	20	20	20	12	20	4	19	20	20	20	19	19	20	20	20	20	19	20	19	20	19	20	20
19	19	20	19	18	19	20	15	11	20	20	2	20	20	20	20	19	16	19	5	13	20	20	19	20	20	18	19	20	19	20	19	19	20	19	20	20	20	20	12	20	4	19	20	20	20	19	19	20	20	20	20	19	20	19	20	19	20	20
19	19	20	19	18	19	20	15	11	20	20	2	20	20	20	20	19	16	19	5	11	20	20	19	20	20	18	19	20	19	20	19	19	20	19	20	20	20	20	12	20	4	19	20	20	20	19	19	20	20	20	20	19	20	19	20	19	20	20
19	19	20	19	18	19	20	15	11	20	20	2	20	20	20	20	19	16	19	5	9	20	20	19	20	20	18	19	20	19	20	19	19	20	19	20	20	20	20	12	20	4	19	20	20	20	19	19	20	20	20	20	19	20	19	20	19	20	20
19	19	20	19	18	19	20	15	11	20	20	2	20	20	20	20	19	16	19	5	9	20	20	19	20	20	18	19	20	19	20	19	19	20	19	20	20	20	20	12	20	4	19	20	20	20	19	19	20	20	20	20	19	20	19	20	19	20	20
19	19	20	19	18	19	20	15	11	20	20	2	20	20	20	20	19	16	19	7	9	20	20	19	20	20	18	19	20	19	20	19	19	20	19	20	20	20	20	12	20	4	19	20	20	20	19	19	20	20	20	20	19	20	19	20	19	20	20
19	19	20	19	18	19	20	15	11	20	20	2	20	20	20	20	19	16	19	9	9	20	20	19	20	20	18	19	20	19	20	19	19	20	19	20	20	20	20	12	20	4	19	20	20	20	19	19	20	20	20	20	19	20	19	20	19	20	20
19	19	20	19	18	19	20	15	11	20	20	2	20	20	20	20	19	16	19	11	9	20	20	19	20	20	18	19	20	19	20	19	19	20	19	20	20	20	20	12	20	4	19	20	20	20	19	19	20	20	20	20	19	20	19	20	19	20	20
19	19	20	19	18	19	20	15	11	20	20	2	20	20	20	20	19	16	19	12	9	20	20	19	20	20	18	19	20	19	20	19	19	20	19	20	20	20	20	12	20	4	19	20	20	20	19	19	20	20	20	20	19	20	19	20	19	20	20
19	19	20	19	18	19	20	15	11	20	20	2	20	20	20	20	19	16	19	12	8	20	20	19	20	20	18	19	20	19	20	19	19	20	19	20	20	20	20	12	20	4	19	20	20	20	19	19	20	20	20	20	19	20	19	20	19	20	20
19	19	20	19	18	19	20	15	11	20	20	2	20	20	20	20	19	16	19	15	8	20	20	19	20	20	18	19	20	19	20	19	19	20	19	20	20	20	20	12	20	4	19	20	20	20	19	19	20	20	20	20	19	20	19	20	19	20	20
19	19	20	19	18	19	20	15	11	20	20	2	20	20	20	20	19	16	19	15	4	20	20	19	20	20	18	19	20	19	20	19	19	20	19	20	20	20	20	12	20	4	19	20	20	20	19	19	20	20	20	20	19	20	19	20	19	20	20
19	19	20	19	18	19	20	15	11	20	20	2	20	20	20	20	19	16	19	18	4	20	20	19	20	20	18	19	20	19	20	19	19	20	19	20	20	20	20	12	20	4	19	20	20	20	19	19	20	20	20	20	19	20	19	20	19	20	20
19	19	20	19	18	19	20	15	11	20	20	2	20	20	20	20	19	16	19	18	2	20	20	19	20	20	18	19	20	19	20	19	19	20	19	20	20	20	20	12	20	4	19	20	20	20	19	19	20	20	20	20	19	20	19	20	19	20	20
19	19	20	19	18	19	20	15	11	20	20	2	20	20	20	20	19	16	19	19	2	20	20	19	20	20	18	19	20	19	20	19	19	20	19	20	20	20	20	12	20	4	19	20	20	20	19	19	20	20	20	20	19	20	19	20	19	20	20
19	19	20	19	18	19	20	15	11	20	20	2	20	20	20	20	19	16	19	19	2	20	20	19	20	20	18	19	20	19	20	19	19	20	19	20	20	20	20	12	20	4	19	20	20	20	19	19	20	20	20	20	19	20	19	20	19	20	20
19	19	20	19	18	19	20	15	11	20	20	2	20	20	20	20	19	19	19	19	2	20	20	19	20	20	18	19	20	19	20	19	19	20	19	20	20	20	20	12	20	4	19	20	20	20	19	19	20	20	20	20	19	20	19	20	19	20	20
19	19	20	19	18	19	20	15	11	20	20	2	20	20	20	20	19	19	19	19	3	20	20	19	20	20	18	19	20	19	20	19	19	20	19	20	20	20	20	12	20	4	19	20	20	20	19	19	20	20	20	20	19	20	19	20	19	20	20
19	19	20	19	18	19	20	15	11	20	20	2	20	20	20	20	19	19	19	19	5	20	20	19	20	20	18	19	20	19	20	19	19	20	19	20	20	20	20	12	20	4	19	20	20	20	19	19	20	20	20	20	19	20	19	20	19	20	20
19	19	20	19	18	19	20	15	11	20	20	2	20	20	20	20	19	19	19	19	7	20	20	19	20	20	18	19	20	19	20	19	19	20	19	20	20	20	20	12	20	4	19	20	20	20	19	19	20	20	20	20	19	20	19	20	19	20	20
19	19	20	19	18	19	20	15	11	20	20	2	20	20	20	20	19	18	19	19	7	20	20	19	20	20	18	19	20	19	20	19	19	20	19	20	20	20	20	12	20	4	19	20	20	20	19	19	20	20	20	20	19	20	19	20	19	20	20
19	19	20	19	18	19	20	15	11	20	20	2	20	20	20	20	19	15	19	19	7	20	20	19	20	20	18	19	20	19	20	19	19	20	19	20	20	20	20	12	20	4	19	20	20	20	19	19	20	20	20	20	19	20	19	20	19	20	20
19	19	20	19	18	19	20	15	11	20	20	2	20	20	20	20	19	15	19	19	9	20	20	19	20	20	18	19	20	19	20	19	19	20	19	20	20	20	20	12	20	4	19	20	20	20	19	19	20	20	20	20	19	20	19	20	19	20	20
19	19	20	19	18	19	20	15	11	20	20	2	20	20	20	20	19	15	19	20	9	20	20	19	20	20	18	19	20	19	20	19	19	20	19	20	20	20	20	12	20	4	19	20	20	20	19	19	20	20	20	20	19	20	19	20	19	20	20
19	19	20	19	18	19	20	15	11	20	20	2	20	20	20	20	19	13	19	20	9	20	20	19	20	20	18	19	20	19	20	19	19	20	19	20	20	20	20	12	20	4	19	20	20	20	19	19	20	20	20	20	19	20	19	20	19	20	20
19	19	20	19	18	19	20	15	11	20	20	2	20	20	20	20	19	13	19	20	11	20	20	19	20	20	18	19	20	19	20	19	19	20	19	20	20	20	20	12	20	4	19	20	20	20	19	19	20	20	20	20	19	20	19	20	19	20	20
19	19	20	19	18	19	20	15	11	20	20	2	20	20	20	20	19	13	19	20	12	20	20	19	20	20	18	19	20	19	20	19	19	20	19	20	20	20	20	12	20	4	19	20	20	20	19	19	20	20	20	20	19	20	19	20	19	20	20
19	19	20	19	18	19	20	15	11	20	20	2	20	20	20	20	19	13	19	20	15	20	20	19	20	20	18	19	20	19	20	19	19	20	19	20	20	20	20	12	20	4	19	20	20	20	19	19	20	20	20	20	19	20	19	20	19	20	20
19	19	20	19	18	19	20	15	11	20	20	2	20	20	20	20	19	13	19	20	18	20	20	19	20	20	18	19	20	19	20	19	19	20	19	20	20	20	20	12	20	4	19	20	20	20	19	19	20	20	20	20	19	20	19	20	19	20	20
19	19	20	19	18	19	20	15	11	20	20	2	20	20	20	20	19	13	19	20	18	20	20	19	20	20	18	19	20	19	20	19	19	20	19	20	20	20	20	12	20	4	19	20	20	20	19	19	20	20	20	20	19	20	19	20	19	20	20
19	19	20	19	18	19	20	15	11	20	20	2	20	20	20	20	19	13	19	20	19	20	20	19	20	20	18	19	20	19	20	19	19	20	19	20	20	20	20	12	20	4	19	20	20	20	19	19	20	20	20	20	19	20	19	20	19	20	20
19	19	20	19	18	19	20	15	11	20	20	2	20	20	20	20	19	14	19	20	19	20	20	19	20	20	18	19	20	19	20	19	19	20	19	20	20	20	20	12	20	4	19	20	20	20	19	19	20	20	20	20	19	20	19	20	19	20	20
19	19	20	19	18	19	20	15	11	20	20	2	20	20	20	20	19	14	19	20	19	20	20	19	20	20	18	19	20	19	20	19	19	20	19	20	20	20	20	12	20	4	19	20	20	20	19	19	20	20	20	20	19	20	19	20	19	20	20
19	19	20	19	18	19	20	15	11	20	20	2	20	20	20	20	19	14	19	20	19	20	20	19	20	20	18	19	20	19	20	19	19	20	19	20	20	20	20	12	20	4	19	20	20	20	19	19	20	20	20	20	19	20	19	20	19	20	20
19	19	20	19	18	19	20	15	11	20	20	2	20	20	20	20	19	13	19	20	19	20	20	19	20	20	18	19	20	19	20	19	19	20	19	20	20	20	20	12	20	4	19	20	20	20	19	19	20	20	20	20	19	20	19	20	19	20	20
19	19	20	19	18	19	20	15	11	20	20	2	20	20	20	20	19	11	19	20	19	20	20	19	20	20	18	19	20	19	20	19	19	20	19	20	20	20	20	12	20	4	19	20	20	20	19	19	20	20	20	20	19	20	19	20	19	20	20
19	19	20	19	18	19	20	15	11	20	20	2	20	20	20	20	19	11	19	20	19	20	20	19	20	20	18	19	20	19	20	19	19	20	19	20	20	20	20	12	20	4	19	20	20	20	19	19	20	20	20	20	19	20	19	20	19	20	20
19	19	20	19	18	19	20	15	11	20	20	2	20	20	20	20	19	12	19	20	19	20	20	19	20	20	18	19	20	19	20	19	19	20	19	20	20	20	20	12	20	4	19	20	20	20	19	19	20	20	20	20	19	20	19	20	19	20	20
19	19	20	19	18	19	20	15	11	20	20	2	20	20	20	20	19	15	19	20	19	20	20	19	20	20	18	19	20	19	20	19	19	20	19	20	20	20	20	12	20	4	19	20	20	20	19	19	20	20	20	20	19	20	19	20	19	20	20
19	19	20	19	18	19	20	15	11	20	20	2	20	20	20	20	19	18	19	20	19	20	20	19	20	20	18	19	20	19	20	19	19	20	19	20	20	20	20	12	20	4	19	20	20	20	19	19	20	20	20	20	19	20	19	20	19	20	20
19	19	20	19	18	19	20	15	11	20	20	2	20	20	20	20	19	18	19	20	20	20	20	19	20	20	18	19	20	19	20	19	19	20	19	20	20	20	20	12	20	4	19	20	20	20	19	19	20	20	20	20	19	20	19	20	19	20	20
19	19	20	19	18	19	20	15	11	20	20	2	20	20	20	20	19	18	19	20	20	20	20	19	20	20	18	19	20	19	20	19	19	20	19	20	20	20	20	12	20	4	19	20	20	20	19	19	20	20	20	20	19	20	19	20	19	20	20
19	19	20	19	18	19	20	15	11	20	20	2	20	20	20	20	19	18	19	20	20	20	20	19	20	20	18	19	20	19	20	19	19	20	19	20	20	20	20	12	20	4	19	20	20	20	19	19	20	20	20	20	19	20	19	20	19	20	20
19	19	20	19	18	19	20	18	11	20	20	2	20	20	20	20	19	18	19	20	20	20	20	19	20	20	18	19	20	19	20	19	19	20	19	20	20	20	20	12	20	4	19	20	20	20	19	19	20	20	20	20	19	20	19	20	19	20	20
19	19	20	19	18	19	20	18	11	20	20	2	20	20	20	20	19	18	19	20	20	20	20	19	20	20	18	19	20	19	20	19	19	20	19	20	20	20	20	12	20	4	19	20	20	20	19	19	20	20	20	20	19	20	19	20	19	20	20
19	19	20	19	18	19	20	18	11	20	20	2	20	20	20	20	19	18	19	20	20	20	20	19	20	20	18	19	20	19	20	19	19	20	19	20	20	20	20	12	20	4	19	20	20	20	19	19	20	20	20	20	19	20	19	20	19	20	20
19	19	20	19	18	19	20	18	11	20	20	2	20	20	20	20	19	18	19	20	20	20	20	19	20	20	18	19	20	19	20	19	19	20	19	20	20	20	20	12	20	4	19	20	20	20	19	19	20	20	20	20	19	20	19	20	19	20	20
19	19	20	19	18	19	20	18	11	20	20	2	20	20	20	20	19	18	19	20	20	20	20	19	20	20	18	19	20	19	20	19	19	20	19	20	20	20	20	12	20	4	19	20	20	20	19	19	20	20	20	20	19	20	19	20	19	20	20
19	19	20	19	18	19	20	18	11	20	20	2	20	20	20	20	19	18	19	20	20	20	20	19	20	20	18	19	20	19	20	19	19	20	19	20	20	20	20	12	20	4	19	20	20	20	19	19	20	20	20	20	19	20	19	20	19	20	20
19	19	20	19	18	19	20	18	11	20	20	2	20	20	20	20	19	18	19	20	20	20	20	19	20	20	18	19	20	19	20	19	19	20	19	20	20	20	20	12	20	4	19	20	20	20	19	19	20	20	20	20	19	20	19	20	19	20	20
19	19	20	19	18	19	20	18	11	20	20	2	20	20	20	20	19	18	19	20	20	20	20	19	20	20	18	19	20	19	20	19	19	20	19	20	20	20	20	12	20	4	19	20	20	20	19	19	20	20	20	20	19	20	19	20	19	20	20
19	19	20	19	18	19	20	18	11	20	20	2	20	20	20	20	19	18	19	20	20	20	20	19	20	20	18	19	20	19	20	19	19	20	19	20	20	20	20	12	20	4	19	20	20	20	18	19	20	20	20	20	19	20	19	20	19	20	20
19	19	20	19	18	19	20	18	11	20	20	2	20	20	20	20	19	18	19	20	20	20	20	19	20	20	18	19	20	19	20	19	19	20	19	20	20	20	20	12	20	4	19	20	20	20	15	19	20	20	20	20	19	20	19	20	19	20	20
19	19	11	19	18	19	20	18	11	20	20	2	20	20	20	20	19	18	19	20	20	20	20	19	20	20	18	19	20	19	20	19	19	20	19	20	20	20	20	12	20	4	19	20	20	20	15	19	20	20	20	20	19	20	19	20	19	20	20
19	19	11	19	18	19	20	18	11	20	20	2	20	20	20	20	19	18	19	20	20	20	20	19	20	20	18	19	20	19	20	19	19	20	19	20	20	20	20	12	20	4	19	20	20	20	12	19	20	20	20	20	19	20	19	20	19	20	20
19	19	11	19	18	19	20	18	11	20	20	2	20	20	20	20	19	18	19	20	20	20	20	19	20	20	18	19	20	19	20	19	19	20	19	20	20	20	20	12	20	4	19	20	20	20	11	19	20	20	20	20	19	20	19	20	19	20	20
19	19	11	19	18	19	20	18	11	20	20	2	20	20	20	20	19	18	19	20	20	20	20	19	20	20	18	19	20	19	20	19	19	20	19	20	20	20	20	12	20	4	19	20	20	20	11	19	20	20	20	20	19	20	19	20	19	20	20
19	19	11	19	18	19	20	18	11	20	20	2	20	20	20	20	19	18	19	20	20	20	20	19	20	20	18	19	20	19	20	19	19	20	19	20	20	20	20	12	20	4	19	20	20	20	11	19	20	20	20	20	19	20	19	20	19	20	20
19	19	11	19	18	19	20	18	11	20	20	2	20	20	20	20	19	18	19	20	20	20	20	19	20	20	18	19	20	19	20	19	19	20	19	20	20	20	20	12	20	2	19	20	20	20	11	19	20	20	20	20	19	20	19	20	19	20	20
19	19	3	19	18	19	20	18	11	20	20	2	20	20	20	20	19	18	19	20	20	20	20	19	20	20	18	19	20	19	20	19	19	20	19	20	20	20	20	12	20	2	19	20	20	20	11	19	20	20	20	20	19	20	19	20	19	20	20
19	19	3	19	18	19	20	18	11	20	20	2	20	20	20	20	19	18	19	20	20	20	20	19	20	20	18	19	20	19	20	19	19	20	19	20	20	20	20	12	20	2	19	20	20	20	9	19	20	20	20	20	19	20	19	20	19	20	20
19	19	2	19	18	19	20	18	11	20	20	2	20	20	20	20	19	18	19	20	20	20	20	19	20	20	18	19	20	19	20	19	19	20	19	20	20	20	20	12	20	2	19	20	20	20	9	19	20	20	20	20	19	20	19	20	19	20	20
19	19	2	19	18	19	20	18	11	20	20	2	20	20	20	20	19	18	19	20	20	20	20	19	20	20	18	19	20	19	20	19	19	20	19	20	20	20	20	12	20	2	19	20	20	20	9	19	20	20	20	20	19	20	19	20	19	20	20
19	19	5	19	18	19	20	18	11	20	20	2	20	20	20	20	19	18	19	20	20	20	20	19	20	20	18	19	20	19	20	19	19	20	19	20	20	20	20	12	20	2	19	20	20	20	9	19	20	20	20	20	19	20	19	20	19	20	20
19	19	6	19	18	19	20	18	11	20	20	2	20	20	20	20	19	18	19	20	20	20	20	19	20	20	18	19	20	19	20	19	19	20	19	20	20	20	20	12	20	2	19	20	20	20	9	19	20	20	20	20	19	20	19	20	19	20	20
19	19	6	19	18	19	20	18	11	20	20	2	20	20	20	20	19	18	19	20	20	20	20	19	20	20	18	19	20	19	20	19	19	20	19	20	20	20	20	12	20	2	19	20	20	20	9	19	20	20	20	20	19	20	19	20	19	20	20
19	19	6	19	18	19	20	18	11	20	20	2	20	20	20	20	19	18	19	20	20	20	20	19	20	20	18	19	20	19	20	19	19	20	19	20	20	20	20	12	20	2	19	20	20	20	9	19	20	20	20	20	19	20	19	20	19	20	20
19	19	6	19	18	19	20	15	11	20	20	2	20	20	20	20	19	18	19	20	20	20	20	19	20	20	18	19	20	19	20	19	19	20	19	20	20	20	20	12	20	2	19	20	20	20	9	19	20	20	20	20	19	20	19	20	19	20	20
19	19	6	19	18	19	20	15	11	20	20	2	20	20	20	20	19	18	19	20	20	20	20	19	20	20	18	19	20	19	20	19	19	20	19	20	20	20	20	12	20	2	19	20	20	20	9	19	20	20	20	20	19	20	19	20	19	20	20
19	19	6	19	18	19	20	15	11	20	20	2	20	20	20	20	19	18	19	20	20	20	20	19	20	20	18	19	20	19	20	19	19	20	19	20	20	20	20	12	20	2	19	20	20	20	9	19	20	20	20	20	19	20	19	20	19	20	20
19	19	6	19	18	19	20	15	11	20	20	2	20	20	20	20	19	18	19	20	20	20	20	19	20	20	18	19	20	19	20	19	19	20	19	20	20	20	20	12	20	2	19	20	20	20	9	19	20	20	20	20	19	20	19	20	19	20	20
19	19	6	19	18	19	20	15	11	20	20	2	20	20	20	20	19	18	19	20	20	20	20	19	20	20	18	19	20	19	20	19	19	20	19	20	20	20	20	12	20	2	19	20	20	20	9	19	20	20	20	20	19	20	19	20	19	20	20
19	19	6	19	18	19	20	15	15	20	20	2	20	20	20	20	19	18	19	20	20	20	20	19	20	20	18	19	20	19	20	19	19	20	19	20	20	20	20	12	20	2	19	20	20	20	9	19	20	20	20	20	19	20	19	20	19	20	20
19	19	5	19	18	19	20	15	15	20	20	2	20	20	20	20	19	18	19	20	20	20	20	19	20	20	18	19	20	19	20	19	19	20	19	20	20	20	20	12	20	2	19	20	20	20	9	19	20	20	20	20	19	20	19	20	19	20	20
19	19	5	19	18	19	20	15	15	20	20	2	20	20	20	20	19	18	19	20	20	20	20	19	20	20	18	19	20	19	20	19	19	20	19	20	20	20	20	12	20	2	19	20	20	20	9	19	20	20	20	20	19	20	19	20	19	20	20
19	19	5	19	18	19	20	15	15	20	20	2	20	20	20	20	19	18	19	20	20	20	20	19	20	20	18	19	20	19	20	19	19	20	19	20	20	20	20	12	20	2	19	20	20	20	9	19	20	20	20	20	19	20	19	20	19	20	20
19	19	5	19	18	19	20	15	15	20	20	2	20	20	20	20	19	18	19	20	20	20	20	19	20	20	18	19	20	19	20	19	19	20	19	20	20	20	20	12	20	2	19	20	20	20	9	19	20	20	20	20	19	20	19	20	19	20	20
19	19	5	19	18	19	20	15	15	20	20	2	20	20	20	20	19	18	19	20	20	20	20	19	20	20	18	19	20	19	20	19	19	20	19	20	20	20	20	12	20	2	19	20	20	20	9	19	20	20	20	20	19	20	19	20	19	20	20
19	19	5	19	18	19	20	15	15	20	20	2	20	20	20	20	19	18	19	20	20	20	20	19	20	20	18	19	20	19	20	19	19	20	19	20	20	20	20	12	20	2	19	20	20	20	9	19	20	20	20	20	19	20	19	20	19	20	20
19	19	5	19	18	19	20	15	15	20	20	2	20	20	20	20	19	18	19	20	20	20	20	19	20	20	18	19	20	19	20	19	19	20	19	20	20	20	20	12	20	2	19	20	20	20	9	19	20	20	20	20	19	20	19	20	19	20	20
20	19	5	19	18	19	20	15	15	20	20	2	20	20	20	20	19	18	19	20	20	20	20	19	20	20	18	19	20	19	20	19	19	20	19	20	20	20	20	12	20	2	19	20	20	20	9	19	20	20	20	20	19	20	19	20	19	20	20
20	19	5	19	18	19	20	15	15	20	20	2	20	20	20	20	19	18	19	20	20	20	20	19	20	20	18	19	20	19	20	19	19	20	19	20	20	20	20	12	20	2	19	20	20	20	9	19	20	20	20	20	19	20	19	20	19	20	20
20	19	5	19	18	19	20	15	15	20	20	2	20	20	20	20	19	18	19	20	20	20	20	19	20	20	18	19	20	19	20	19	19	20	19	20	20	20	20	12	20	2	19	20	20	20	9	19	20	20	20	20	19	20	19	20	19	20	20
20	19	5	19	18	19	20	15	15	20	20	1	20	20	20	20	19	18	19	20	20	20	20	19	20	20	18	19	20	19	20	19	19	20	19	20	20	20	20	12	20	2	19	20	20	20	9	19	20	20	20	20	19	20	19	20	19	20	20
20	19	5	19	18	19	20	15	15	20	20	3	20	20	20	20	19	18	19	20	20	20	20	19	20	20	18	19	20	19	20	19	19	20	19	20	20	20	20	12	20	2	19	20	20	20	9	19	20	20	20	20	19	20	19	20	19	20	20
20	19	5	19	18	19	20	15	15	20	20	3	20	20	20	20	19	18	19	20	20	20	20	19	20	20	18	19	20	19	20	19	19	20	19	20	20	20	20	12	20	2	19	20	20	20	9	19	20	20	20	20	19	20	19	20	19	20	20
20	19	5	19	18	19	20	15	15	20	20	3	20	20	20	20	19	18	19	20	20	20	20	19	20	20	18	19	20	19	20	19	19	20	19	20	20	20	20	12	20	2	19	20	20	20	9	19	20	20	20	20	19	20	19	20	19	20	20
20	19	5	19	18	19	20	15	15	20	20	3	20	20	20	20	19	18	19	20	20	20	20	19	20	20	18	19	20	19	20	19	19	20	19	20	20	20	20	12	20	4	19	20	20	20	9	19	20	20	20	20	19	20	19	20	19	20	20
20	19	5	19	18	19	20	15	15	20	20	3	20	20	20	20	19	18	19	20	20	20	20	19	20	20	18	19	20	19	20	19	19	20	19	20	20	20	20	12	20	6	19	20	20	20	9	19	20	20	20	20	19	20	19	20	19	20	20
20	19	5	19	18	19	20	15	15	20	20	3	20	20	20	20	19	18	19	20	20	20	20	19	20	20	18	19	20	19	20	19	19	20	19	20	20	20	20	12	20	6	19	20	20	20	9	19	20	20	20	20	19	20	19	20	19	20	20
20	19	5	19	18	19	20	15	15	20	20	3	20	20	20	20	19	18	19	20	20	20	20	19	20	20	18	19	20	19	20	19	19	20	19	20	20	20	20	12	20	8	19	20	20	20	9	19	20	20	20	20	19	20	19	20	19	20	20
20	19	5	19	18	19	20	15	15	20	20	3	20	20	20	20	19	18	19	20	20	20	20	19	20	20	18	19	20	19	20	19	19	20	19	20	20	20	20	12	20	8	19	20	20	20	9	19	20	20	20	20	19	20	19	20	19	20	20
20	19	5	19	18	19	20	15	15	20	20	3	20	20	20	20	19	18	19	20	20	20	20	19	20	20	18	19	20	19	20	19	19	20	19	20	20	20	20	12	20	6	19	20	20	20	9	19	20	20	20	20	19	20	19	20	19	20	20
20	19	5	19	18	19	20	15	15	20	20	3	20	20	20	20	19	18	19	20	20	20	20	19	20	20	18	19	20	19	20	19	19	20	19	20	20	20	20	12	20	4	19	20	20	20	9	19	20	20	20	20	19	20	19	20	19	20	20
20	19	5	19	18	19	20	15	15	20	20	3	20	20	20	20	19	18	19	20	20	20	20	19	20	20	18	19	20	19	20	19	19	20	19	20	20	20	20	12	20	4	19	20	20	20	9	19	20	20	20	20	19	20	19	20	19	20	20
20	19	5	19	18	19	20	15	15	20	20	3	20	20	20	20	19	18	19	20	20	20	20	19	20	20	18	19	20	19	20	19	19	20	19	20	20	20	20	12	20	4	19	20	20	20	9	19	20	20	20	20	19	20	19	20	19	20	20
20	19	5	19	18	19	20	12	15	20	20	3	20	20	20	20	19	18	19	20	20	20	20	19	20	20	18	19	20	19	20	19	19	20	19	20	20	20	20	12	20	4	19	20	20	20	9	19	20	20	20	20	19	20	19	20	19	20	20
20	19	5	19	18	19	20	11	15	20	20	3	20	20	20	20	19	18	19	20	20	20	20	19	20	20	18	19	20	19	20	19	19	20	19	20	20	20	20	12	20	4	19	20	20	20	9	19	20	20	20	20	19	20	19	20	19	20	20
20	19	5	19	18	19	20	9	15	20	20	3	20	20	20	20	19	18	19	20	20	20	20	19	20	20	18	19	20	19	20	19	19	20	19	20	20	20	20	12	20	4	19	20	20	20	9	19	20	20	20	20	19	20	19	20	19	20	20
20	19	19	19	18	19	20	9	15	20	20	3	20	20	20	20	19	18	19	20	20	20	20	19	20	20	18	19	20	19	20	19	19	20	19	20	20	20	20	12	20	4	19	20	20	20	9	19	20	20	20	20	19	20	19	20	19	20	20
20	19	19	19	18	19	20	9	15	20	20	3	20	20	20	20	19	18	19	20	20	20	20	19	20	20	18	19	20	19	20	19	19	20	19	20	20	20	20	12	20	4	19	20	20	20	8	19	20	20	20	20	19	20	19	20	19	20	20
20	19	19	19	18	19	20	9	15	20	20	3	20	20	20	20	19	18	19	20	20	20	20	19	20	20	18	19	20	19	20	19	19	20	19	20	20	20	20	12	20	4	19	20	20	20	8	19	20	20	20	20	19	20	19	20	19	20	20
20	19	19	19	18	19	20	9	15	20	20	3	20	20	20	20	19	18	19	20	20	20	20	19	20	20	18	19	20	19	20	19	19	20	19	20	20	20	20	12	20	4	19	20	20	20	6	19	20	20	20	20	19	20	19	20	19	20	20
20	19	19	19	18	19	20	9	15	20	20	3	20	20	20	20	19	18	19	20	20	20	20	19	20	20	18	19	20	19	20	19	19	20	19	20	20	20	20	12	20	4	19	20	20	20	5	19	20	20	20	20	19	20	19	20	19	20	20
20	19	19	19	18	19	20	9	15	20	20	3	20	20	20	20	19	18	19	20	20	20	20	19	20	20	18	19	20	19	20	19	19	20	19	20	20	20	20	12	20	4	19	20	20	20	7	19	20	20	20	20	19	20	19	20	19	20	20
18	19	19	19	18	19	20	9	15	20	20	3	20	20	20	20	19	18	19	20	20	20	20	19	20	20	18	19	20	19	20	19	19	20	19	20	20	20	20	12	20	4	19	20	20	20	7	19	20	20	20	20	19	20	19	20	19	20	20
15	19	19	19	18	19	20	9	15	20	20	3	20	20	20	20	19	18	19	20	20	20	20	19	20	20	18	19	20	19	20	19	19	20	19	20	20	20	20	12	20	4	19	20	20	20	7	19	20	20	20	20	19	20	19	20	19	20	20
12	19	19	19	18	19	20	9	15	20	20	3	20	20	20	20	19	18	19	20	20	20	20	19	20	20	18	19	20	19	20	19	19	20	19	20	20	20	20	12	20	4	19	20	20	20	7	19	20	20	20	20	19	20	19	20	19	20	20
11	19	19	19	18	19	20	9	15	20	20	3	20	20	20	20	19	18	19	20	20	20	20	19	20	20	18	19	20	19	20	19	19	20	19	20	20	20	20	12	20	4	19	20	20	20	7	19	20	20	20	20	19	20	19	20	19	20	20
11	19	19	19	18	19	20	9	15	20	20	3	20	20	20	20	19	18	19	20	20	20	20	19	20	20	18	19	20	19	20	19	19	20	19	20	20	20	20	12	20	4	19	20	20	20	7	19	20	20	20	20	19	20	19	20	19	20	20
12	19	19	19	18	19	20	9	15	20	20	3	20	20	20	20	19	18	19	20	20	20	20	19	20	20	18	19	20	19	20	19	19	20	19	20	20	20	20	12	20	4	19	20	20	20	7	19	20	20	20	20	19	20	19	20	19	20	20
15	19	19	19	18	19	20	9	15	20	20	3	20	20	20	20	19	18	19	20	20	20	20	19	20	20	18	19	20	19	20	19	19	20	19	20	20	20	20	12	20	4	19	20	20	20	7	19	20	20	20	20	19	20	19	20	19	20	20
18	19	19	19	18	19	20	9	15	20	20	3	20	20	20	20	19	18	19	20	20	20	20	19	20	20	18	19	20	19	20	19	19	20	19	20	20	20	20	12	20	4	19	20	20	20	7	19	20	20	20	20	19	20	19	20	19	20	20
18	19	19	19	18	19	20	9	15	20	20	3	20	20	20	20	19	18	19	20	20	20	20	19	20	20	18	19	20	19	20	19	19	20	19	20	20	20	20	12	20	4	19	20	20	20	9	19	20	20	20	20	19	20	19	20	19	20	20
19	19	19	19	18	19	20	9	15	20	20	3	20	20	20	20	19	18	19	20	20	20	20	19	20	20	18	19	20	19	20	19	19	20	19	20	20	20	20	12	20	4	19	20	20	20	9	19	20	20	20	20	19	20	19	20	19	20	20
19	19	19	19	18	19	20	9	15	20	20	3	20	20	20	20	19	18	19	20	20	20	20	19	20	20	18	19	20	19	20	19	19	20	19	20	20	20	20	12	20	4	19	20	20	20	11	19	20	20	20	20	19	20	19	20	19	20	20
19	19	19	19	18	19	19	9	15	20	20	3	20	20	20	20	19	18	19	20	20	20	20	19	20	20	18	19	20	19	20	19	19	20	19	20	20	20	20	12	20	4	19	20	20	20	11	19	20	20	20	20	19	20	19	20	19	20	20
19	19	19	19	18	19	19	9	15	20	20	3	20	20	20	20	19	18	19	20	20	20	20	19	20	20	18	19	20	19	20	19	19	20	19	20	20	20	20	12	20	4	19	20	20	20	11	19	20	20	20	20	19	20	19	20	19	20	20
19	19	19	19	18	19	19	9	15	20	20	3	20	20	20	20	19	18	19	20	20	20	20	19	20	20	18	19	20	19	20	19	19	20	19	20	20	20	20	12	20	4	19	20	20	20	11	19	20	20	20	20	19	20	19	20	19	20	20
19	19	19	19	18	19	19	9	15	20	20	3	20	20	20	20	19	18	19	20	20	20	20	19	20	20	18	19	20	19	20	19	19	20	19	20	20	20	20	12	20	4	19	20	20	20	11	19	20	20	20	20	19	20	19	20	19	20	20
19	19	19	19	18	19	19	9	15	20	20	3	20	20	20	20	19	18	19	20	20	20	20	19	20	20	18	19	20	19	20	19	19	20	19	20	20	20	20	12	20	4	19	20	20	20	13	19	20	20	20	20	19	20	19	20	19	20	20
19	19	19	19	18	19	19	9	15	20	20	3	20	20	20	20	19	18	19	20	20	20	20	19	20	20	18	19	20	19	20	19	19	20	19	20	20	20	20	12	20	4	19	20	20	20	13	19	20	20	20	20	19	20	19	20	19	20	20
19	19	19	19	18	19	19	9	15	20	20	3	20	20	20	20	19	18	19	20	20	20	20	19	20	20	18	19	20	19	20	19	19	20	19	20	20	20	20	12	20	4	19	20	20	20	13	19	20	20	20	20	19	20	19	20	19	20	20
19	19	19	19	18	19	19	9	15	20	20	3	20	20	20	20	19	18	19	20	20	20	20	19	20	20	18	19	20	19	20	19	19	20	19	20	20	20	20	12	20	4	19	20	20	20	13	19	20	20	20	20	19	20	19	20	19	20	20
19	19	19	19	18	19	19	9	15	20	20	3	20	20	20	20	19	18	19	20	20	20	20	19	20	20	18	19	20	19	20	19	19	20	19	20	20	20	20	12	20	4	19	20	20	20	13	19	20	20	20	20	19	20	19	20	19	20	20
19	19	19	19	18	19	19	9	15	20	20	3	20	20	20	20	19	18	19	20	20	20	20	19	20	20	18	19	20	19	20	19	19	20	19	20	20	20	20	12	20	4	19	20	20	20	13	19	20	20	20	20	19	20	19	20	19	20	20
19	19	19	19	18	19	19	9	15	20	20	3	20	20	20	20	19	18	19	20	20	20	20	19	20	20	18	19	20	19	20	19	19	20	19	20	20	20	20	12	20	4	19	20	20	20	13	19	20	20	20	20	19	20	19	20	19	20	20
19	19	19	19	18	19	19	9	15	20	20	3	20	20	20	20	19	18	19	20	20	20	20	19	20	20	18	19	20	19	20	19	19	20	19	20	20	20	20	12	20	4	19	20	20	20	13	19	20	20	20	20	19	20	19	20	19	20	20
19	19	19	19	18	19	19	9	15	20	20	3	20	20	20	20	19	18	19	20	20	20	20	19	20	20	18	19	20	19	20	19	19	20	19	20	20	20	20	12	20	4	19	20	20	20	13	19	20	20	20	20	19	20	19	20	19	20	20
19	19	19	19	18	19	19	9	15	20	20	3	20	20	20	20	19	18	19	20	20	20	20	19	20	20	18	19	20	19	20	19	19	20	19	20	20	20	20	12	20	4	19	20	20	20	13	19	20	20	20	20	19	20	19	20	19	20	20
19	19	19	19	18	19	19	9	15	20	20	3	20	20	20	20	19	18	19	20	20	20	20	19	20	20	18	19	20	19	20	19	19	20	19	20	20	20	20	12	20	4	19	20	20	20	13	19	20	20	20	20	19	20	19	20	19	20	20
19	19	19	19	18	19	19	9	15	20	20	3	20	20	20	20	19	18	19	20	20	20	20	19	20	20	18	19	20	19	20	19	19	20	19	20	20	20	20	12	20	4	19	20	20	20	15	19	20	20	20	20	19	20	19	20	19	20	20
19	19	19	19	18	19	19	9	15	20	20	3	20	20	20	20	19	18	19	20	20	20	20	19	20	20	18	19	20	19	20	19	19	20	19	20	20	20	20	12	20	4	19	20	20	20	18	19	20	20	20	20	19	20	19	20	19	20	20
19	19	19	19	18	19	18	9	15	20	20	3	20	20	20	20	19	18	19	20	20	20	20	19	20	20	18	19	20	19	20	19	19	20	19	20	20	20	20	12	20	4	19	20	20	20	18	19	20	20	20	20	19	20	19	20	19	20	20
19	19	19	19	18	19	18	9	15	20	20	3	20	20	20	20	19	18	19	20	20	20	20	19	20	20	18	19	20	19	20	19	19	20	19	20	20	20	20	12	20	4	19	20	20	20	19	19	20	20	20	20	19	20	19	20	19	20	20
19	19	19	19	18	19	15	9	15	20	20	3	20	20	20	20	19	18	19	20	20	20	20	19	20	20	18	19	20	19	20	19	19	20	19	20	20	20	20	12	20	4	19	20	20	20	19	19	20	20	20	20	19	20	19	20	19	20	20
19	19	19	19	18	19	12	9	15	20	20	3	20	20	20	20	19	18	19	20	20	20	20	19	20	20	18	19	20	19	20	19	19	20	19	20	20	20	20	12	20	4	19	20	20	20	19	19	20	20	20	20	19	20	19	20	19	20	20
19	19	19	19	18	19	11	9	15	20	20	3	20	20	20	20	19	18	19	20	20	20	20	19	20	20	18	19	20	19	20	19	19	20	19	20	20	20	20	12	20	4	19	20	20	20	19	19	20	20	20	20	19	20	19	20	19	20	20
19	19	19	19	18	19	9	9	15	20	20	3	20	20	20	20	19	18	19	20	20	20	20	19	20	20	18	19	20	19	20	19	19	20	19	20	20	20	20	12	20	4	19	20	20	20	19	19	20	20	20	20	19	20	19	20	19	20	20
19	19	19	19	18	19	9	9	15	20	20	3	20	20	20	20	19	18	19	20	20	20	20	19	20	20	18	19	20	19	20	19	19	20	19	20	20	20	20	12	20	4	19	20	20	20	19	19	20	20	20	20	19	20	19	20	19	20	20
19	19	19	19	18	19	9	9	15	20	20	3	20	20	20	20	19	18	19	20	20	20	20	19	20	20	18	19	20	19	20	19	19	20	19	20	20	20	20	12	20	4	19	20	20	20	19	19	20	20	20	20	19	20	19	20	19	20	20
19	19	19	19	18	19	11	9	15	20	20	3	20	20	20	20	19	18	19	20	20	20	20	19	20	20	18	19	20	19	20	19	19	20	19	20	20	20	20	12	20	4	19	20	20	20	19	19	20	20	20	20	19	20	19	20	19	20	20
19	19	19	19	18	19	11	9	15	20	20	3	20	20	20	20	19	18	19	20	20	20	20	19	20	20	18	19	20	19	20	19	19	20	19	20	20	20	20	12	20	4	19	20	20	20	19	19	20	20	20	20	19	20	19	20	19	20	20
19	19	19	19	18	19	11	9	15	20	20	3	20	20	20	20	19	18	19	20	20	20	20	19	20	20	18	19	20	19	20	19	19	20	19	20	20	20	20	12	20	4	19	20	20	20	19	19	20	20	20	20	19	20	19	20	19	20	20
19	19	19	19	18	19	12	9	15	20	20	3	20	20	20	20	19	18	19	20	20	20	20	19	20	20	18	19	20	19	20	19	19	20	19	20	20	20	20	12	20	4	19	20	20	20	19	19	20	20	20	20	19	20	19	20	19	20	20
19	19	19	19	18	19	15	9	15	20	20	3	20	20	20	20	19	18	19	20	20	20	20	19	20	20	18	19	20	19	20	19	19	20	19	20	20	20	20	12	20	4	19	20	20	20	19	19	20	20	20	20	19	20	19	20	19	20	20
19	19	19	19	18	19	18	9	15	20	20	3	20	20	20	20	19	18	19	20	20	20	20	19	20	20	18	19	20	19	20	19	19	20	19	20	20	20	20	12	20	4	19	20	20	20	19	19	20	20	20	20	19	20	19	20	19	20	20
19	19	19	19	18	19	19	9	15	20	20	3	20	20	20	20	19	18	19	20	20	20	20	19	20	20	18	19	20	19	20	19	19	20	19	20	20	20	20	12	20	4	19	20	20	20	19	19	20	20	20	20	19	20	19	20	19	20	20
19	19	19	19	18	19	19	9	15	20	20	3	20	20	20	20	19	18	19	20	20	20	20	19	20	20	18	19	20	19	18	19	19	20	19	20	20	20	20	12	20	4	19	20	20	20	19	19	20	20	20	20	19	20	19	20	19	20	20
19	19	19	19	18	19	19	9	15	20	20	3	20	20	20	20	19	18	19	20	20	20	20	19	20	20	18	19	20	19	15	19	19	20	19	20	20	20	20	12	20	4	19	20	20	20	19	19	20	20	20	20	19	20	19	20	19	20	20
19	19	19	19	18	19	19	9	15	20	20	3	20	20	20	20	19	18	19	20	20	20	20	19	20	20	18	19	20	19	12	19	19	20	19	20	20	20	20	12	20	4	19	20	20	20	19	19	20	20	20	20	19	20	19	20	19	20	20
19	19	19	19	18	19	19	9	15	20	20	3	20	20	20	20	19	18	19	20	20	20	20	19	20	20	18	19	20	19	12	19	19	20	19	20	20	20	20	12	20	4	19	20	20	20	19	19	20	20	20	20	19	20	19	20	19	20	20
19	19	19	19	18	19	19	9	15	20	20	3	20	20	20	20	19	18	19	20	20	20	20	19	20	20	18	19	20	19	12	19	19	20	19	20	20	20	20	12	20	4	19	20	20	20	19	19	20	20	20	20	19	20	19	20	19	20	20
19	19	19	19	18	19	19	9	15	20	20	3	20	20	20	20	19	18	19	20	20	20	20	19	20	20	18	19	20	19	12	19	19	20	19	20	20	20	20	12	20	4	19	20	20	20	19	19	20	20	20	20	19	20	19	20	19	20	20
19	19	19	19	18	19	19	9	15	20	20	3	20	20	20	20	19	18	19	20	20	20	20	19	20	20	18	19	20	19	12	19	19	20	19	20	20	20	20	12	20	4	19	20	20	20	19	19	20	20	20	20	19	20	19	20	19	20	20
19	19	19	19	18	19	19	9	15	20	20	3	20	20	20	20	19	18	19	20	20	20	20	19	20	20	18	19	20	19	12	19	19	20	19	20	20	20	20	12	20	4	19	20	20	20	19	19	20	20	20	20	19	20	19	20	19	20	20
19	19	19	19	18	19	19	9	15	20	20	3	20	20	20	20	19	18	19	20	20	20	20	19	20	20	18	19	20	19	15	19	19	20	19	20	20	20	20	12	20	4	19	20	20	20	19	19	20	20	20	20	19	20	19	20	19	20	20
19	19	19	19	18	19	19	9	15	20	20	3	20	20	20	20	19	18	19	20	20	20	20	19	20	20	18	19	20	19	18	19	19	20	19	20	20	20	20	12	20	4	19	20	20	20	19	19	20	20	20	20	19	20	19	20	19	20	20
19	19	19	19	18	19	19	9	15	20	20	3	20	20	20	20	19	18	19	20	20	20	20	19	20	20	18	19	20	19	19	19	19	20	19	20	20	20	20	12	20	4	19	20	20	20	19	19	20	20	20	20	19	20	19	20	19	20	20
19	19	19	19	18	19	19	9	15	20	20	3	20	20	20	20	19	18	19	20	20	20	20	19	20	20	18	19	20	19	19	19	19	20	19	20	20	20	20	12	20	4	19	20	20	20	19	19	20	20	20	20	19	20	19	20	19	20	20
19	19	19	19	18	19	19	9	15	20	20	3	20	20	20	20	19	18	19	20	20	20	20	19	20	20	18	19	20	19	19	19	19	20	19	20	20	20	20	12	20	4	19	20	20	20	19	19	20	20	20	20	19	20	19	20	19	20	20
19	19	19	19	18	19	19	9	15	20	20	3	20	20	20	20	19	18	19	20	20	20	20	19	20	20	18	19	20	19	19	19	19	20	19	20	20	20	20	12	20	4	19	20	20	20	19	19	20	20	20	20	19	20	19	20	19	20	20
19	19	19	19	18	19	19	9	15	20	20	3	20	20	20	20	19	18	19	20	20	20	20	19	20	20	18	19	20	19	19	19	19	20	19	20	20	20	20	12	20	4	19	20	20	20	19	19	20	20	20	20	19	20	19	20	19	20	20
19	19	19	19	18	19	19	9	15	20	20	3	20	20	20	20	19	18	19	20	20	20	20	19	20	20	18	19	20	19	19	19	19	20	19	20	20	20	20	12	20	4	19	20	20	20	19	19	20	20	20	20	19	20	19	20	19	20	20
19	19	19	19	18	19	19	9	15	20	20	3	20	20	20	20	19	18	19	20	20	20	20	19	20	20	18	19	20	19	18	19	19	20	19	20	20	20	20	12	20	4	19	20	20	20	19	19	20	20	20	20	19	20	19	20	19	20	20
19	19	19	19	18	19	19	9	15	20	20	3	20	20	20	20	19	18	19	20	20	20	20	19	20	20	18	19	20	19	12	19	19	20	19	20	20	20	20	12	20	4	19	20	20	20	19	19	20	20	20	20	19	20	19	20	19	20	20
19	19	19	19	18	19	19	9	15	20	20	3	20	20	20	20	19	18	19	20	20	20	20	19	20	20	18	19	20	19	11	19	19	20	19	20	20	20	20	12	20	4	19	20	20	20	19	19	20	20	20	20	19	20	19	20	19	20	20
19	19	19	19	18	19	19	9	15	20	20	3	20	20	20	20	19	18	19	20	20	20	20	19	20	20	18	19	20	19	11	19	19	20	19	20	20	20	20	12	20	4	19	20	20	20	19	19	20	20	20	20	19	20	19	20	19	20	20
19	19	19	19	18	19	19	9	15	20	20	3	20	20	20	20	19	18	19	20	20	20	20	19	20	20	18	19	20	19	11	19	19	20	19	20	20	20	20	12	20	4	19	20	20	20	19	19	20	20	20	20	19	20	19	20	19	20	20
19	19	19	19	18	19	19	9	15	20	20	3	20	20	20	20	19	18	19	20	20	20	20	19	20	20	18	19	20	19	11	19	19	20	19	20	20	20	20	12	20	4	19	20	20	20	19	19	20	20	20	20	19	20	19	20	19	20	20
19	19	19	19	18	19	19	9	15	20	20	3	20	20	20	20	19	18	19	20	20	20	20	19	20	20	18	19	20	19	11	19	19	20	19	20	20	20	20	12	20	4	19	20	20	20	19	19	20	20	20	20	19	20	19	20	19	20	20
19	19	19	19	18	19	19	9	15	20	20	3	20	20	20	20	19	18	19	20	20	20	20	19	20	20	18	19	20	19	11	19	19	20	19	20	20	20	20	12	20	4	19	20	20	20	19	19	20	20	20	20	19	20	19	20	19	20	20
19	19	19	19	18	19	19	9	15	20	20	3	20	20	20	20	19	18	19	20	20	20	20	19	20	20	18	19	20	19	11	19	19	20	19	20	20	20	20	12	20	4	19	20	20	20	19	19	20	20	20	20	19	20	19	20	19	20	20
19	19	19	19	18	19	19	9	15	20	20	3	20	20	20	20	19	18	19	20	20	20	20	19	20	20	18	19	20	19	11	19	19	20	19	20	20	20	20	12	20	4	19	20	20	20	19	19	20	20	20	20	19	20	19	20	19	20	20
19	19	19	19	18	19	19	9	15	20	20	3	20	20	20	20	19	18	19	20	20	20	20	19	20	20	18	19	20	19	11	19	19	20	19	20	20	20	20	12	20	4	19	20	20	20	19	19	20	20	20	20	19	20	19	20	19	20	20
19	19	19	19	18	19	19	9	15	20	20	3	20	20	20	20	19	18	19	20	20	20	20	19	20	20	18	19	20	19	11	19	19	20	19	20	20	20	20	12	20	4	19	20	20	20	19	19	20	20	20	20	19	20	19	20	19	20	20
19	19	19	19	18	19	19	9	15	20	20	3	20	20	20	20	19	18	19	20	20	20	20	19	20	20	18	19	20	19	11	19	19	20	19	20	20	20	20	12	20	4	19	20	20	20	19	19	20	20	20	20	19	20	19	20	19	20	20
19	19	19	19	18	19	19	9	15	20	20	3	20	20	20	20	19	18	19	20	20	20	20	19	20	20	18	19	20	19	11	19	19	20	19	20	20	20	20	12	20	4	19	20	20	20	19	19	20	20	20	20	19	20	19	20	19	20	20
19	19	19	19	18	19	19	9	15	20	20	3	20	20	20	20	19	18	19	20	20	20	20	19	20	20	18	19	20	19	11	19	19	20	19	20	20	20	20	12	20	4	19	20	20	20	19	19	20	20	20	20	19	20	19	20	19	20	20
19	19	19	19	18	19	19	9	15	20	20	3	20	20	20	20	19	18	19	20	20	20	20	19	20	20	18	19	20	19	11	19	19	20	19	20	20	20	20	12	20	4	19	20	20	20	19	19	20	20	20	20	19	20	19	20	19	20	20
19	19	19	19	18	19	19	9	15	20	20	3	20	20	20	20	19	18	19	20	20	20	20	19	20	20	18	19	20	19	11	19	19	20	19	20	20	20	20	12	20	4	19	20	20	20	19	19	20	20	20	20	19	20	19	20	19	20	20
19	19	19	19	18	19	19	9	15	20	20	3	20	20	20	20	19	18	19	20	20	20	20	19	20	20	18	19	20	19	12	19	19	20	19	20	20	20	20	12	20	4	19	20	20	20	19	19	20	20	20	20	19	20	19	20	19	20	20
19	19	19	19	18	19	19	9	15	20	20	3	20	20	20	20	19	18	19	20	20	20	20	19	20	20	18	19	20	19	15	19	19	20	19	20	20	20	20	12	20	4	19	20	20	20	19	19	20	20	20	20	19	20	19	20	19	20	20
19	19	19	19	18	19	19	9	15	20	20	3	20	20	20	20	19	18	19	20	20	20	20	19	20	20	18	19	20	19	18	19	19	20	19	20	20	20	20	12	20	4	19	20	20	20	19	19	20	20	20	20	19	20	19	20	19	20	20
19	19	19	19	18	19	19	9	15	20	20	3	20	20	20	20	19	18	19	20	20	20	20	19	20	20	18	19	20	19	19	19	19	20	19	20	20	20	20	12	20	4	19	20	20	20	19	19	20	20	20	20	19	20	19	20	19	20	20
19	19	19	19	18	19	19	9	15	20	20	3	20	20	20	20	19	18	19	20	20	20	20	19	20	20	18	19	20	19	19	19	19	20	19	20	20	20	20	12	20	4	19	20	20	20	19	19	20	20	20	20	19	20	19	20	19	20	20
19	19	19	19	18	19	19	9	15	20	20	3	20	20	20	20	19	18	19	20	20	20	20	19	20	20	18	19	20	19	19	19	19	20	19	20	20	20	20	12	20	4	19	20	20	20	19	19	20	20	20	20	19	20	19	20	19	20	20
19	19	19	19	18	19	19	9	15	20	20	3	20	20	20	20	19	18	19	20	20	20	20	19	20	20	18	19	20	19	19	19	19	20	19	20	20	20	20	12	20	4	19	20	20	20	19	19	20	20	20	20	19	20	19	20	19	20	20
19	19	19	19	18	19	19	9	15	20	20	3	20	20	20	20	19	18	19	20	20	20	20	19	20	20	18	19	20	19	19	19	19	20	19	20	20	20	20	12	20	4	19	20	20	20	19	19	20	20	20	20	19	20	19	20	19	20	20
19	19	19	19	18	19	19	9	15	20	20	3	20	20	20	20	19	18	19	20	20	20	20	19	20	20	18	19	20	19	19	19	19	20	19	20	20	20	20	12	20	4	19	20	20	20	19	19	20	20	20	20	19	20	19	20	19	20	20
19	19	19	19	18	19	19	9	15	20	20	3	20	20	20	20	19	18	19	20	20	20	20	19	20	20	18	19	20	19	19	19	19	20	19	20	20	20	20	12	20	4	19	20	20	20	19	19	20	20	20	20	19	20	19	20	19	20	20
19	19	19	19	18	19	19	9	15	20	20	3	20	20	20	20	19	18	19	20	20	20	20	19	20	20	18	19	20	19	19	19	19	20	19	20	20	20	20	12	20	4	19	20	20	20	19	19	20	20	20	20	19	20	19	20	19	20	20
19	19	19	19	18	19	19	9	15	20	20	3	20	20	20	20	19	18	19	20	20	20	20	19	20	20	18	19	20	19	19	19	19	20	19	20	20	20	20	12	20	4	19	20	20	20	19	19	20	20	20	20	19	20	19	20	19	20	20
19	19	19	19	18	19	19	9	15	20	20	3	20	20	20	20	19	18	19	20	20	20	20	19	20	20	18	19	20	19	19	19	19	20	19	20	20	20	20	12	20	4	19	20	20	20	19	19	20	20	20	20	19	20	19	20	19	20	20
19	19	19	19	18	19	19	9	15	20	20	3	20	20	20	20	19	18	19	20	20	20	20	19	20	20	18	19	20	19	19	19	19	20	19	20	20	20	20	12	20	4	19	20	20	20	19	19	20	20	20	20	19	20	19	20	19	20	20
19	19	19	19	18	19	19	9	15	20	20	3	20	20	20	20	19	18	19	20	20	20	20	19	20	20	18	19	20	19	19	19	19	20	19	20	20	20	20	12	20	4	19	20	20	20	19	19	20	20	20	20	19	20	19	20	19	20	20
19	19	19	19	18	19	19	9	15	20	20	3	20	20	20	20	19	18	19	20	20	20	20	19	20	20	18	19	20	19	19	19	19	20	19	20	20	20	20	12	20	4	19	20	20	20	19	19	20	20	20	20	19	20	19	20	19	20	20
19	19	19	19	18	19	19	9	15	20	20	3	20	20	20	20	19	18	19	20	20	20	20	19	20	20	18	19	20	19	19	19	19	20	19	20	20	20	20	12	20	4	19	20	20	20	19	19	20	20	20	20	19	20	19	20	19	20	20
19	19	19	19	18	19	19	9	15	20	20	3	20	20	20	20	19	18	19	20	20	20	20	19	20	20	18	19	20	19	19	19	19	20	19	20	20	20	20	12	20	4	19	20	20	20	19	19	20	20	20	20	19	20	19	20	19	20	20
19	19	19	19	18	19	19	9	15	20	20	3	20	20	20	20	19	18	19	20	20	20	20	19	20	20	18	19	20	19	19	19	19	20	19	20	20	20	20	12	20	4	19	20	20	20	19	19	20	20	20	20	19	20	19	20	19	20	20
19	19	19	19	18	19	19	9	15	20	20	3	20	20	20	20	19	18	19	20	20	20	20	19	20	20	18	19	20	19	19	19	19	20	19	20	20	20	20	12	20	4	19	20	20	20	19	19	20	20	20	20	19	20	19	20	19	20	20
19	19	19	19	18	19	19	9	15	20	20	3	20	20	20	20	19	18	19	20	20	20	20	19	20	20	18	19	20	19	19	19	19	20	19	20	20	20	20	12	20	4	19	20	20	20	19	19	20	20	20	20	19	20	19	20	19	20	20
19	19	19	19	18	19	19	9	15	20	20	3	20	20	20	20	19	18	19	20	20	20	20	19	20	20	18	19	20	19	19	19	19	20	19	20	20	20	20	12	20	4	19	20	20	20	19	19	20	20	20	20	19	20	19	20	19	20	20
19	19	19	19	18	19	19	9	15	20	20	3	20	20	20	20	19	18	19	20	20	20	20	19	20	20	18	19	20	19	19	19	19	20	19	20	20	20	20	12	20	4	19	20	20	20	19	19	20	20	20	20	19	20	19	20	19	20	20
19	19	19	19	18	19	19	9	15	20	20	3	20	20	20	20	19	18	19	20	20	20	20	19	20	20	18	19	20	19	19	19	19	20	19	20	20	20	20	12	20	4	19	20	20	20	19	19	20	20	20	20	19	20	19	20	19	20	20
19	19	19	19	18	19	19	9	15	20	20	3	20	20	20	20	19	18	19	20	20	20	20	19	20	20	18	19	20	19	19	19	19	20	19	20	20	20	20	12	20	4	19	20	20	20	19	19	20	20	20	20	19	20	19	20	19	20	20
19	19	19	19	18	19	19	9	15	20	20	3	20	20	20	20	19	18	19	20	20	20	20	19	20	20	18	19	20	19	19	19	19	20	19	20	20	20	20	12	20	4	19	20	20	20	19	19	20	20	20	20	19	20	19	20	19	20	20
19	19	19	19	18	19	19	9	15	20	20	3	20	20	20	20	19	18	19	20	20	20	20	19	20	20	18	19	20	19	19	19	19	20	19	20	20	20	20	12	20	4	19	20	20	20	19	19	20	20	20	20	19	20	19	20	19	20	20
19	19	19	19	18	19	19	9	15	20	20	3	20	20	20	20	19	18	19	20	20	20	20	19	20	20	18	19	20	19	19	19	19	20	19	20	20	20	20	12	20	4	19	20	20	20	19	19	20	20	20	20	19	20	19	20	19	20	20
19	19	19	19	18	19	19	9	15	20	20	3	20	20	20	20	19	18	19	20	20	20	20	19	20	20	18	19	20	19	19	19	19	20	19	20	20	20	20	12	20	4	19	20	20	20	19	19	20	20	20	20	19	20	19	20	19	20	20
19	19	19	19	18	19	19	9	15	20	20	3	20	20	20	20	19	18	19	20	20	20	20	19	20	20	18	19	20	19	19	19	19	20	19	20	20	20	20	12	20	4	19	20	20	20	19	19	20	20	20	20	19	20	19	20	19	20	20
19	19	19	19	18	19	19	9	15	20	20	3	20	20	20	20	19	18	19	20	20	20	20	19	20	20	18	19	20	19	19	19	19	20	19	20	20	20	20	12	20	4	19	20	20	20	19	19	20	20	20	20	19	20	19	20	19	20	20
19	19	19	19	18	19	19	9	15	20	20	3	20	20	20	20	19	18	19	20	20	20	20	19	20	20	18	19	20	19	19	19	19	20	19	20	20	20	20	12	20	4	19	20	20	20	19	19	20	20	20	20	19	20	19	20	19	20	20
19	19	19	19	18	19	19	9	15	20	20	3	20	20	20	20	19	18	19	20	20	20	20	19	20	20	18	19	20	19	19	19	19	20	19	20	20	20	20	12	20	4	19	20	20	20	19	19	20	20	20	20	19	20	19	20	19	20	20
19	19	19	19	18	19	19	9	15	20	20	3	20	20	20	20	19	18	19	20	20	20	20	19	20	20	18	19	20	19	19	19	19	20	19	20	20	20	20	12	20	4	19	20	20	20	19	19	20	20	20	20	19	20	19	20	19	20	20
19	19	19	19	18	19	19	9	15	20	20	3	20	20	20	20	19	18	19	20	20	20	20	19	20	20	18	19	20	19	19	19	19	20	19	20	20	20	20	12	20	4	19	20	20	20	19	19	20	20	20	20	19	20	19	20	19	20	20
19	19	19	19	18	19	19	9	15	20	20	3	20	20	20	20	19	18	19	20	20	20	20	19	20	20	18	19	20	19	19	19	19	20	19	20	20	20	20	12	20	4	19	20	20	20	19	19	20	20	20	20	19	20	19	20	19	20	20
19	19	19	19	18	19	19	9	15	20	20	3	20	20	20	20	19	18	19	20	20	20	20	19	20	20	18	19	20	19	19	19	19	20	19	20	20	20	20	12	20	4	19	20	20	20	19	19	20	20	20	20	19	20	19	20	19	20	20
19	19	19	19	18	19	19	9	15	20	20	3	20	20	20	20	19	18	19	20	20	20	20	19	20	20	18	19	20	19	19	19	19	20	19	20	20	20	20	12	20	4	19	20	20	20	19	19	20	20	20	20	19	20	19	20	19	20	20
19	19	19	19	18	19	19	9	15	20	20	3	20	20	20	20	19	18	19	20	20	20	20	19	20	20	18	19	20	19	19	19	19	20	19	20	20	20	20	12	20	4	19	20	20	20	19	19	20	20	20	20	19	20	19	20	19	20	20
19	19	19	19	18	19	19	9	15	20	20	3	20	20	20	20	19	18	19	20	20	20	20	19	20	20	18	19	20	19	19	19	19	20	19	20	20	20	20	12	20	4	19	20	20	20	19	19	20	20	20	20	19	20	19	20	19	20	20
19	19	19	19	18	19	19	9	15	20	20	3	20	20	20	20	19	18	19	20	20	20	20	19	20	20	18	19	20	19	19	19	19	20	19	20	20	20	20	12	20	4	19	20	20	20	19	19	20	20	20	20	19	20	19	20	19	20	20
19	19	19	19	18	19	19	9	15	20	20	3	20	20	20	20	19	18	19	20	20	20	20	19	20	20	18	19	20	19	19	19	19	20	19	20	20	20	20	12	20	4	19	20	20	20	19	19	20	20	20	20	19	20	19	20	19	20	20
19	19	19	19	18	19	19	9	15	20	20	3	20	20	20	20	19	18	19	20	20	20	20	19	20	20	18	19	20	19	19	19	19	20	19	20	20	20	20	12	20	4	19	20	20	20	19	19	20	20	20	20	19	20	19	20	19	20	20
19	19	19	19	18	19	19	9	15	20	20	3	20	20	20	20	19	18	19	20	20	20	20	19	20	20	18	19	20	19	19	19	19	20	19	20	20	20	20	12	20	4	19	20	20	20	19	19	20	20	20	20	19	20	19	20	19	20	20
19	19	19	19	18	19	19	9	15	20	20	3	20	20	20	20	19	18	19	20	20	20	20	19	20	20	18	19	20	19	19	19	19	20	19	20	20	20	20	12	20	4	19	20	20	20	19	19	20	20	20	20	19	20	19	20	19	20	20
19	19	19	19	18	19	19	9	15	20	20	3	20	20	20	20	19	18	19	20	20	20	20	19	20	20	18	19	20	19	19	19	19	20	19	20	20	20	20	12	20	4	19	20	20	20	19	19	20	20	20	20	19	20	19	20	19	20	20
19	19	19	19	18	19	19	9	15	20	20	3	20	20	20	20	19	18	19	20	20	20	20	19	20	20	18	19	20	19	19	19	19	20	19	20	20	20	20	12	20	4	19	20	20	20	19	19	20	20	20	20	19	20	19	20	19	20	20
19	19	19	19	18	19	19	9	15	20	20	3	20	20	20	20	19	18	19	20	20	20	20	19	20	20	18	19	20	19	19	19	19	20	19	20	20	20	20	12	20	6	19	20	20	20	19	19	20	20	20	20	19	20	19	20	19	20	20
19	19	19	19	18	19	19	9	15	20	20	3	20	20	20	20	19	18	19	20	20	20	20	19	20	20	18	19	20	19	19	19	19	20	19	20	20	20	20	12	20	6	19	20	20	20	19	19	20	20	20	20	19	20	19	20	19	20	20
19	19	19	19	18	19	19	9	15	20	20	3	20	20	20	20	19	18	19	20	20	20	20	19	20	20	18	19	20	19	19	19	19	20	19	20	20	20	20	12	20	8	19	20	20	20	19	19	20	20	20	20	19	20	19	20	19	20	20
19	19	19	19	18	19	19	9	15	20	20	3	20	20	20	20	19	18	19	20	20	20	20	19	20	20	18	19	20	19	19	19	19	20	19	20	20	20	20	12	20	8	19	20	20	20	19	19	20	20	20	20	19	20	19	20	19	20	20
19	19	19	19	18	19	19	9	15	20	20	3	20	20	20	20	19	18	19	20	20	20	20	19	20	20	18	19	20	19	19	19	19	20	19	20	20	20	20	12	20	9	19	20	20	20	19	19	20	20	20	20	19	20	19	20	19	20	20
19	19	11	19	18	19	19	9	15	20	20	3	20	20	20	20	19	18	19	20	20	20	20	19	20	20	18	19	20	19	19	19	19	20	19	20	20	20	20	12	20	9	19	20	20	20	19	19	20	20	20	20	19	20	19	20	19	20	20
19	19	5	19	18	19	19	9	15	20	20	3	20	20	20	20	19	18	19	20	20	20	20	19	20	20	18	19	20	19	19	19	19	20	19	20	20	20	20	12	20	9	19	20	20	20	19	19	20	20	20	20	19	20	19	20	19	20	20
19	19	5	19	18	19	19	9	15	20	20	3	20	20	20	20	19	18	19	20	20	20	20	19	20	20	18	19	20	19	19	19	19	20	19	20	20	20	20	12	20	11	19	20	20	20	19	19	20	20	20	20	19	20	19	20	19	20	20
19	19	5	19	18	19	19	9	15	20	20	3	20	20	20	20	19	18	19	20	20	20	20	19	20	20	18	19	20	19	19	19	19	20	19	20	20	20	20	12	20	12	19	20	20	20	19	19	20	20	20	20	19	20	19	20	19	20	20
19	19	5	19	18	19	19	9	15	20	20	3	20	20	20	20	19	18	19	20	20	20	20	19	20	20	18	19	20	19	19	19	19	20	19	20	20	20	20	12	20	15	19	20	20	20	19	19	20	20	20	20	19	20	19	20	19	20	20
19	19	5	19	18	19	19	9	15	20	20	3	20	20	20	20	19	18	19	20	20	20	20	19	20	20	18	19	20	19	19	19	19	20	19	20	20	20	20	12	20	18	19	20	20	20	19	19	20	20	20	20	19	20	19	20	19	20	20
19	19	5	19	18	19	19	9	15	20	20	3	20	20	20	20	19	18	19	20	20	20	20	19	20	20	18	19	20	19	19	19	19	20	19	20	20	20	20	12	20	19	19	20	20	20	19	19	20	20	20	20	19	20	19	20	19	20	20
19	19	5	19	18	19	19	9	15	20	20	3	20	20	20	20	19	18	19	20	20	20	20	19	20	20	18	19	20	19	19	19	19	20	19	20	20	20	20	12	20	19	19	20	20	20	19	19	20	20	20	20	19	20	19	20	19	20	20
19	19	5	19	18	19	19	9	15	20	20	3	20	20	20	20	19	18	19	20	20	20	20	19	20	20	18	19	20	19	19	19	19	20	19	20	20	20	20	12	20	18	19	20	20	20	19	19	20	20	20	20	19	20	19	20	19	20	20
19	19	5	19	18	19	19	9	15	20	20	3	20	20	20	20	19	18	19	20	20	20	20	19	20	20	18	19	20	19	19	19	19	20	19	20	20	20	20	12	20	15	19	20	20	20	19	19	20	20	20	20	19	20	19	20	19	20	20
19	19	5	19	18	19	19	9	15	20	20	3	20	20	20	20	19	18	19	20	20	20	20	19	20	20	18	19	20	19	19	19	19	20	19	20	20	20	20	12	20	12	19	20	20	20	19	19	20	20	20	20	19	20	19	20	19	20	20
19	19	5	19	18	19	19	9	15	20	20	3	20	20	20	20	19	18	19	20	20	20	20	19	20	20	18	19	20	19	19	19	19	20	19	20	20	20	20	12	20	11	19	20	20	20	19	19	20	20	20	20	19	20	19	20	19	20	20
19	19	5	19	18	19	19	9	15	20	20	3	20	20	20	20	19	18	19	20	20	20	20	19	20	20	18	19	20	19	19	19	19	20	19	20	20	20	20	12	20	9	19	20	20	20	19	19	20	20	20	20	19	20	19	20	19	20	20
19	19	5	19	18	19	19	9	15	20	20	3	20	20	20	20	19	18	19	20	20	20	20	19	20	20	18	19	20	19	19	19	19	20	19	20	20	20	20	12	20	7	19	20	20	20	19	19	20	20	20	20	19	20	19	20	19	20	20
19	19	5	19	18	19	19	9	15	20	20	3	20	20	20	20	19	18	19	20	20	20	20	19	20	20	18	19	20	19	19	19	19	20	19	20	20	20	20	12	20	5	19	20	20	20	19	19	20	20	20	20	19	20	19	20	19	20	20
19	19	5	19	18	19	19	9	15	20	20	3	20	20	20	20	19	18	19	20	20	20	20	19	20	20	18	19	20	19	19	19	19	20	19	20	20	20	20	12	20	4	19	20	20	20	19	19	20	20	20	20	19	20	19	20	19	20	20
19	19	5	19	18	19	19	9	15	20	20	3	20	20	20	20	19	18	19	20	20	20	20	19	20	20	18	19	20	19	19	19	19	20	19	20	20	20	20	12	20	4	19	20	20	20	19	19	20	20	20	20	19	20	19	20	19	20	20
19	19	5	19	18	19	19	9	12	20	20	3	20	20	20	20	19	18	19	20	20	20	20	19	20	20	18	19	20	19	19	19	19	20	19	20	20	20	20	12	20	4	19	20	20	20	19	19	20	20	20	20	19	20	19	20	19	20	20
19	19	5	19	18	19	19	9	12	20	20	3	20	20	20	20	19	18	19	20	20	20	20	19	20	20	18	19	20	19	19	19	19	20	19	20	20	20	20	12	20	4	19	20	20	20	19	19	20	20	20	20	19	20	19	20	19	20	20
19	19	5	19	18	19	19	9	12	20	20	3	20	20	20	20	19	18	19	20	20	20	20	19	20	20	18	19	20	19	19	19	19	20	19	20	20	20	20	12	20	4	19	20	20	20	19	19	20	20	20	20	19	20	19	20	19	20	20
19	19	5	19	18	19	19	9	12	20	20	3	20	20	20	20	19	18	19	20	20	20	20	19	20	20	18	19	20	19	19	19	19	20	19	20	20	20	20	12	20	4	19	20	20	20	19	19	20	20	20	20	19	20	19	20	19	20	20
19	19	5	19	18	19	19	9	12	20	20	3	20	20	20	20	19	18	19	20	20	20	20	19	20	20	18	19	20	19	19	19	19	20	19	20	20	20	20	12	20	4	19	20	20	20	19	19	20	20	20	20	19	20	19	20	19	20	20
19	19	5	19	18	19	19	9	12	20	20	3	20	20	20	20	19	18	19	20	20	20	20	19	20	20	18	19	20	19	19	19	19	20	19	20	20	20	20	12	20	4	19	20	20	20	19	19	20	20	20	20	19	20	19	20	19	20	20
19	19	5	19	18	19	19	9	12	20	20	3	20	20	20	20	19	18	19	20	20	20	20	19	20	20	18	19	20	19	19	19	19	20	19	20	20	20	20	12	20	4	19	20	20	20	19	19	20	20	20	20	19	20	19	20	19	20	20
19	19	5	19	18	19	19	9	11	20	20	3	20	20	20	20	19	18	19	20	20	20	20	19	20	20	18	19	20	19	19	19	19	20	19	20	20	20	20	12	20	4	19	20	20	20	19	19	20	20	20	20	19	20	19	20	19	20	20
19	19	5	19	18	19	19	9	11	20	20	3	20	20	20	20	19	18	19	20	20	20	20	19	20	20	18	19	20	19	19	19	19	20	19	20	20	20	20	12	20	4	19	20	20	20	19	19	20	20	20	20	19	20	19	20	19	20	20
19	19	5	19	18	19	19	9	11	20	20	3	20	20	20	20	19	18	19	20	20	20	20	19	20	20	18	19	20	19	19	19	19	20	19	20	20	20	20	12	20	4	19	20	20	20	19	19	20	20	20	20	19	20	19	20	19	20	20
19	19	5	19	18	19	19	9	11	20	20	3	20	20	20	20	19	18	19	20	20	20	20	19	20	20	18	19	20	19	19	19	19	20	19	20	20	20	20	12	20	4	19	20	20	20	19	19	20	20	20	20	19	20	19	20	19	20	20
19	19	5	19	18	19	19	9	11	20	20	3	20	20	20	20	19	18	19	20	20	20	20	19	20	20	18	19	20	19	19	19	19	20	19	20	20	20	20	12	20	4	19	20	20	20	19	19	20	20	20	20	19	20	19	20	19	20	20
19	19	5	19	18	19	19	9	11	20	20	3	20	20	20	20	19	18	19	20	20	20	20	19	20	20	18	19	20	19	19	19	19	20	19	20	20	20	20	12	20	4	19	20	20	20	19	19	20	20	20	20	19	20	19	20	19	20	20
19	19	5	19	18	19	19	9	11	20	20	3	20	20	20	20	19	18	19	20	20	20	20	19	20	20	18	19	20	19	19	19	19	20	19	20	20	20	20	12	20	4	19	20	20	20	19	19	20	20	20	20	19	20	19	20	19	20	20
19	19	5	19	18	19	19	9	11	20	20	3	20	20	20	20	19	18	19	20	20	20	20	19	20	20	18	19	20	19	19	19	19	20	19	20	20	20	20	12	20	4	19	20	20	20	19	19	20	20	20	20	19	20	19	20	19	20	20
19	19	5	19	18	19	19	9	11	20	20	3	20	20	20	20	19	18	19	20	20	20	20	19	20	20	18	19	20	19	19	19	19	20	19	20	20	20	20	12	20	4	19	20	20	20	19	19	20	20	20	20	19	20	19	20	19	20	20
19	19	5	19	18	19	19	9	11	20	20	3	20	20	20	20	19	18	19	20	20	20	20	19	20	20	18	19	20	19	19	19	19	20	19	20	20	20	20	12	20	2	19	20	20	20	19	19	20	20	20	20	19	20	19	20	19	20	20
19	19	5	19	18	19	19	9	11	20	20	3	20	20	20	20	19	18	19	20	20	20	20	19	20	20	18	19	20	19	19	19	19	20	19	20	20	20	20	12	20	2	19	20	20	20	19	19	20	20	20	20	19	20	19	20	19	20	20
19	19	5	19	18	19	19	9	11	20	20	1	20	20	20	20	19	18	19	20	20	20	20	19	20	20	18	19	20	19	19	19	19	20	19	20	20	20	20	12	20	2	19	20	20	20	19	19	20	20	20	20	19	20	19	20	19	20	20
19	19	5	19	18	19	19	9	11	20	20	1	20	20	20	20	19	18	19	20	20	20	20	19	20	20	18	19	20	19	19	19	19	20	19	20	20	20	20	12	20	2	19	20	20	20	19	19	20	20	20	20	19	20	19	20	19	20	20
19	19	5	19	18	19	19	13	11	20	20	1	20	20	20	20	19	18	19	20	20	20	20	19	20	20	18	19	20	19	19	19	19	20	19	20	20	20	20	12	20	2	19	20	20	20	19	19	20	20	20	20	19	20	19	20	19	20	20
19	19	5	19	18	19	19	13	11	20	20	1	20	20	20	20	19	18	19	20	20	20	20	19	20	20	18	19	20	19	19	18	19	20	19	20	20	20	20	12	20	2	19	20	20	20	19	19	20	20	20	20	19	20	19	20	19	20	20
19	19	5	19	18	19	19	13	11	20	20	1	20	20	20	20	19	18	19	20	20	20	20	19	20	20	18	19	20	19	19	18	19	20	19	20	20	20	20	12	20	2	19	20	20	20	19	19	20	20	20	20	19	20	19	20	19	20	20
19	19	5	19	18	19	19	13	11	20	20	1	20	20	20	20	19	18	19	20	20	20	20	19	20	20	18	19	20	19	19	18	19	20	19	20	20	20	20	12	20	2	19	20	20	20	19	19	20	20	20	20	19	20	19	20	19	20	20
19	19	5	19	18	19	19	13	11	20	20	1	20	20	20	20	19	18	19	20	20	20	20	19	20	20	18	19	20	19	19	15	19	20	19	20	20	20	20	12	20	2	19	20	20	20	19	19	20	20	20	20	19	20	19	20	19	20	20
19	19	5	19	18	19	19	13	11	20	20	1	20	20	20	20	19	18	19	20	20	20	20	19	20	20	18	19	20	19	19	18	19	20	19	20	20	20	20	12	20	2	19	20	20	20	19	19	20	20	20	20	19	20	19	20	19	20	20
19	19	5	19	18	19	19	13	11	20	20	1	20	20	20	20	19	18	19	20	20	20	20	19	20	20	18	19	20	19	19	19	19	20	19	20	20	20	20	12	20	2	19	20	20	20	19	19	20	20	20	20	19	20	19	20	19	20	20
19	19	5	19	18	19	19	13	12	20	20	1	20	20	20	20	19	18	19	20	20	20	20	19	20	20	18	19	20	19	19	19	19	20	19	20	20	20	20	12	20	2	19	20	20	20	19	19	20	20	20	20	19	20	19	20	19	20	20
19	19	5	19	18	19	19	13	15	20	20	1	20	20	20	20	19	18	19	20	20	20	20	19	20	20	18	19	20	19	19	19	19	20	19	20	20	20	20	12	20	2	19	20	20	20	19	19	20	20	20	20	19	20	19	20	19	20	20
19	19	5	19	18	19	19	13	15	20	20	1	20	20	20	20	19	18	19	20	20	20	20	19	20	20	18	19	20	19	19	19	19	20	19	20	20	20	20	12	20	2	19	20	20	20	19	19	20	20	20	20	19	20	19	20	19	20	20
19	19	5	19	18	19	19	13	15	20	20	1	20	20	20	20	19	18	19	20	20	20	20	19	20	20	18	19	20	19	19	19	19	20	19	20	20	20	20	12	20	2	19	20	20	20	19	19	20	20	20	20	19	20	19	20	19	20	20
19	19	5	19	18	19	19	13	15	20	20	1	20	20	20	20	19	18	19	20	20	20	20	19	20	20	18	19	20	19	19	19	19	20	19	20	20	20	20	12	20	2	19	20	20	20	19	19	20	20	20	20	19	20	19	20	19	20	20
19	19	5	19	18	19	19	13	15	20	20	1	20	20	20	20	19	18	19	20	20	20	20	19	20	20	18	19	20	19	19	19	19	20	19	20	20	20	20	12	20	2	19	20	20	20	19	19	20	20	20	20	19	20	19	20	19	20	20
19	19	5	19	18	19	19	13	15	20	20	1	20	20	20	20	19	18	19	20	20	20	20	19	20	20	18	19	20	19	19	19	19	20	19	20	20	20	20	12	20	2	19	20	20	20	19	19	20	20	20	20	19	20	19	20	19	20	20
19	19	5	19	18	19	19	13	15	20	20	1	20	20	20	20	19	18	19	20	20	20	20	19	20	20	18	19	20	19	19	19	19	20	19	20	20	20	20	12	20	2	19	20	20	20	19	19	20	20	20	20	19	20	19	20	19	20	20
19	19	5	19	18	19	19	13	15	20	20	1	20	20	20	20	19	18	19	20	20	20	20	19	20	20	18	19	20	19	19	19	19	20	19	20	20	20	20	12	20	2	19	20	20	20	19	19	20	20	20	20	19	20	19	20	19	20	20
19	19	5	19	18	19	19	13	15	20	20	1	20	20	20	20	19	18	19	20	20	20	20	19	20	20	18	19	20	19	19	19	19	20	19	20	20	20	20	12	20	2	19	20	20	20	19	19	20	20	20	20	19	20	19	20	19	20	20
19	19	5	19	18	19	19	13	15	20	20	1	20	20	20	20	19	18	19	20	20	20	20	19	20	20	18	19	20	19	19	19	19	20	19	20	20	20	20	12	20	2	19	20	20	20	19	19	20	20	20	20	19	20	19	20	19	20	20
19	19	5	19	18	19	19	13	15	20	20	1	20	20	20	20	19	18	19	20	20	20	20	19	20	20	18	19	20	19	19	19	19	20	19	20	20	20	20	12	20	2	19	20	20	20	19	19	20	20	20	20	19	20	19	20	19	20	20
19	19	5	19	18	19	19	13	15	20	20	1	20	20	20	20	19	18	19	20	20	20	20	19	20	20	18	19	20	19	19	19	19	20	19	20	20	20	20	12	20	2	19	20	20	20	19	19	20	20	20	20	19	20	19	20	19	20	20
19	19	5	19	18	19	19	13	15	20	20	1	20	20	20	20	19	18	19	20	20	20	20	19	20	20	18	19	20	19	19	19	19	20	19	20	20	20	20	12	20	2	19	20	20	20	19	19	20	20	20	20	19	20	19	20	19	20	20
19	19	5	19	18	19	19	13	12	20	20	1	20	20	20	20	19	18	19	20	20	20	20	19	20	20	18	19	20	19	19	19	19	20	19	20	20	20	20	12	20	2	19	20	20	20	19	19	20	20	20	20	19	20	19	20	19	20	20
19	19	5	19	18	19	19	13	12	20	20	1	20	20	20	20	19	18	19	20	20	20	20	19	20	20	18	19	20	19	19	19	19	20	19	20	20	20	20	12	20	2	19	20	20	20	19	19	20	20	20	20	19	20	19	20	19	20	20
19	19	5	19	18	19	19	13	15	20	20	1	20	20	20	20	19	18	19	20	20	20	20	19	20	20	18	19	20	19	19	19	19	20	19	20	20	20	20	12	20	2	19	20	20	20	19	19	20	20	20	20	19	20	19	20	19	20	20
19	19	5	19	18	19	19	15	15	20	20	1	20	20	20	20	19	18	19	20	20	20	20	19	20	20	18	19	20	19	19	19	19	20	19	20	20	20	20	12	20	2	19	20	20	20	19	19	20	20	20	20	19	20	19	20	19	20	20
19	19	5	19	18	19	19	15	15	20	20	1	20	20	20	20	19	18	19	20	20	20	20	19	20	20	18	19	20	19	19	19	19	20	19	20	20	20	20	12	20	2	19	20	20	20	19	19	20	20	20	20	19	20	19	20	19	20	20
19	19	5	19	18	19	19	15	12	20	20	1	20	20	20	20	19	18	19	20	20	20	20	19	20	20	18	19	20	19	19	19	19	20	19	20	20	20	20	12	20	2	19	20	20	20	19	19	20	20	20	20	19	20	19	20	19	20	20
19	19	5	19	18	19	19	15	12	20	20	1	20	20	20	20	19	18	19	20	20	20	20	19	20	20	18	19	20	19	19	19	19	20	19	20	20	20	20	12	20	2	19	20	20	20	19	19	20	20	20	20	19	20	19	20	19	20	20
19	19	5	19	18	19	19	15	15	20	20	1	20	20	20	20	19	18	19	20	20	20	20	19	20	20	18	19	20	19	19	19	19	20	19	20	20	20	20	12	20	2	19	20	20	20	19	19	20	20	20	20	19	20	19	20	19	20	20
19	19	5	19	18	19	19	15	15	20	20	1	20	20	20	20	19	18	19	20	20	20	20	19	20	20	18	19	20	19	19	19	19	20	19	20	20	20	20	12	20	2	19	20	20	20	19	19	20	20	20	20	19	20	19	20	19	20	20
19	19	5	19	18	19	19	15	15	20	20	1	20	20	20	20	19	18	19	20	20	20	20	19	20	20	18	19	20	19	19	19	19	20	19	20	20	20	20	12	20	4	19	20	20	20	19	19	20	20	20	20	19	20	19	20	19	20	20
19	19	5	19	18	19	19	15	15	20	20	1	20	20	20	20	19	18	19	20	20	20	20	19	20	20	18	19	20	19	19	19	19	20	19	20	20	20	20	12	20	6	19	20	20	20	19	19	20	20	20	20	19	20	19	20	19	20	20
19	19	5	19	18	19	19	15	15	20	20	1	20	20	20	20	19	18	19	20	20	20	20	19	20	20	18	19	20	19	19	19	19	20	19	20	20	20	20	12	20	6	19	20	20	20	19	19	20	20	20	20	19	20	19	20	19	20	20
19	19	5	19	18	19	19	15	19	20	20	1	20	20	20	20	19	18	19	20	20	20	20	19	20	20	18	19	20	19	19	19	19	20	19	20	20	20	20	12	20	6	19	20	20	20	19	19	20	20	20	20	19	20	19	20	19	20	20
19	19	5	19	18	19	19	15	19	20	20	1	20	20	20	20	19	18	19	20	20	20	20	19	20	20	18	19	20	19	19	19	19	20	19	20	20	20	20	12	20	6	19	20	20	20	19	19	20	20	20	20	19	20	19	20	19	20	20
19	19	5	19	18	19	19	15	19	20	20	1	20	20	20	20	19	18	19	20	20	20	20	19	20	20	18	19	20	19	19	19	19	20	19	20	20	20	20	12	20	6	19	20	20	20	19	19	20	20	20	20	19	20	19	20	19	20	20
19	19	5	19	18	19	19	15	19	20	20	1	20	20	20	20	19	18	19	20	20	20	20	19	20	20	18	19	20	19	19	19	19	20	19	20	20	20	20	12	20	6	19	20	20	20	19	19	20	20	20	20	19	20	19	20	19	20	20
19	19	5	19	18	19	19	15	19	20	20	1	20	20	20	20	19	18	19	20	20	20	20	19	20	20	18	19	20	19	19	19	19	20	19	20	20	20	20	12	20	6	19	20	20	20	19	19	20	20	20	20	19	20	19	20	19	20	20
19	19	5	19	18	19	19	15	19	20	20	1	20	20	20	20	19	18	19	20	20	20	20	19	20	20	18	19	20	19	19	19	19	20	19	20	20	20	20	12	20	6	19	20	20	20	19	19	20	20	20	20	19	20	19	20	19	20	20
19	19	5	19	18	19	19	15	19	20	20	1	20	20	20	20	19	18	19	20	20	20	20	19	20	20	18	19	20	19	19	19	19	20	19	20	20	20	20	12	20	6	19	20	20	20	19	19	20	20	20	20	19	20	19	20	19	20	20
19	19	5	19	18	19	19	15	19	20	20	1	20	20	20	20	19	18	19	20	20	20	20	19	20	20	18	19	20	19	19	19	19	20	19	20	20	20	20	12	20	6	19	20	20	20	19	19	20	20	20	20	19	20	19	20	19	20	20
19	19	5	19	18	19	19	15	19	20	20	1	20	20	20	20	19	18	19	20	20	20	20	19	20	20	18	19	20	19	19	19	19	20	19	20	20	20	20	12	20	6	19	20	20	20	19	19	20	20	20	20	19	20	19	20	19	20	20
19	19	5	19	18	19	19	15	19	20	20	1	20	20	20	20	19	18	19	20	20	20	20	19	20	20	18	19	20	19	19	19	19	20	19	20	20	20	20	12	20	6	19	20	20	20	19	19	20	20	20	20	19	20	19	20	19	20	20
19	19	5	19	18	19	19	15	19	20	20	1	20	20	20	20	19	18	19	20	20	20	20	19	20	20	18	19	20	19	19	19	19	20	19	20	20	20	20	12	20	6	19	20	20	20	19	19	20	20	20	20	19	20	19	20	19	20	20
19	19	5	19	18	19	19	15	19	20	20	1	20	20	20	20	19	18	19	20	20	20	20	19	20	20	18	19	20	19	19	19	19	20	19	20	20	20	20	12	20	6	19	20	20	20	19	19	20	20	20	20	19	20	19	20	19	20	20
19	19	5	19	18	19	19	15	19	20	20	1	20	20	20	20	19	18	19	20	20	20	20	19	20	20	18	19	20	19	19	19	19	20	19	20	20	20	20	12	20	6	19	20	20	20	19	19	20	20	20	20	19	20	19	20	19	20	20
19	19	5	19	18	19	19	15	19	20	20	1	20	20	20	20	19	18	19	20	20	20	20	19	20	20	18	19	20	19	19	19	19	20	19	20	20	20	20	12	20	6	19	20	20	20	19	19	20	20	20	20	19	20	19	20	19	20	20
19	19	5	19	18	19	19	15	19	20	20	1	20	20	20	20	19	18	19	20	20	20	20	19	20	20	18	19	20	19	19	19	19	20	19	20	20	20	20	12	20	6	19	20	20	20	19	19	20	20	20	20	19	20	19	20	19	20	20
19	19	5	19	18	19	19	15	19	20	20	1	20	20	20	20	19	18	19	20	20	20	20	19	20	20	18	19	20	19	19	19	19	20	19	20	20	20	20	12	20	6	19	20	20	20	19	19	20	20	20	20	19	20	19	20	19	20	20
19	19	5	19	18	19	19	15	19	20	20	1	20	20	20	20	19	18	19	20	20	20	20	19	20	20	18	19	20	19	19	19	19	20	19	20	20	20	20	12	20	6	19	20	20	20	19	19	20	20	20	20	19	20	19	20	19	20	20
19	19	5	19	18	19	19	15	19	20	20	1	20	20	20	20	19	18	19	20	20	20	20	19	20	20	18	19	20	19	19	19	19	20	19	20	20	20	20	12	20	6	19	20	20	20	19	19	20	20	20	20	19	20	19	20	19	20	20
19	19	5	19	18	19	19	15	19	20	20	1	20	20	20	20	19	18	19	20	20	20	20	19	20	20	18	19	20	19	19	19	19	20	19	20	20	20	20	12	20	6	19	20	20	20	19	19	20	20	20	20	19	20	19	20	19	20	20
19	19	5	19	18	19	19	15	19	20	20	1	20	20	20	20	19	18	19	20	20	20	20	19	20	20	18	19	20	19	19	19	19	20	19	20	20	20	20	12	20	6	19	20	20	20	19	19	20	20	20	20	19	20	19	20	19	20	20
19	19	5	19	18	19	19	15	19	20	20	1	20	20	20	20	19	18	19	20	20	20	20	19	20	20	18	19	20	19	19	19	19	20	19	20	20	20	20	12	20	8	19	20	20	20	19	19	20	20	20	20	19	20	19	20	19	20	20
19	19	5	19	18	19	19	15	19	20	20	1	20	20	20	20	19	18	19	20	20	20	20	19	20	20	18	19	20	19	19	19	19	20	19	20	20	20	20	12	20	8	19	20	20	20	19	19	20	20	20	20	19	20	19	20	19	20	20
19	19	5	19	18	19	19	15	19	20	20	1	20	20	20	20	19	18	19	20	20	20	20	19	20	20	18	19	20	19	19	19	19	20	19	20	20	20	20	12	20	8	19	20	20	20	19	19	20	20	20	20	19	20	19	20	19	20	20
19	19	5	19	18	19	19	15	19	20	20	1	20	20	20	20	19	18	19	20	20	20	20	19	20	20	18	19	20	19	19	19	19	20	19	20	20	20	20	12	20	8	19	20	20	20	19	19	20	20	20	20	19	20	19	20	19	20	20
19	19	5	19	18	19	19	15	19	20	20	1	20	20	20	20	19	18	19	20	20	20	20	19	20	20	18	19	20	19	19	19	19	20	19	20	20	20	20	12	20	8	19	20	20	20	19	19	20	20	20	20	19	20	19	20	19	20	20
19	19	5	19	18	19	19	15	19	20	20	1	20	20	20	20	19	18	19	20	20	20	20	19	20	20	18	19	20	19	19	19	19	20	19	20	20	20	20	12	20	8	19	20	20	20	19	19	20	20	20	20	19	20	19	20	19	20	20
19	19	5	19	18	19	19	15	19	20	20	1	20	20	20	20	19	18	19	20	20	20	20	19	20	20	18	19	20	19	19	19	19	20	19	20	20	20	20	12	20	6	19	20	20	20	19	19	20	20	20	20	19	20	19	20	19	20	20
19	19	5	19	18	19	19	15	19	20	20	1	20	20	20	20	19	18	19	20	20	20	20	19	20	20	18	19	20	19	19	19	19	20	19	20	20	20	20	12	20	4	19	20	20	20	19	19	20	20	20	20	19	20	19	20	19	20	20
19	19	5	19	18	19	19	15	19	20	20	1	20	20	20	20	19	18	19	20	20	20	20	19	20	20	18	19	20	19	19	19	19	20	19	20	20	20	20	12	20	4	19	20	20	20	19	19	20	20	20	20	19	20	19	20	19	20	20
19	19	5	19	18	19	19	15	15	20	20	1	20	20	20	20	19	18	19	20	20	20	20	19	20	20	18	19	20	19	19	19	19	20	19	20	20	20	20	12	20	4	19	20	20	20	19	19	20	20	20	20	19	20	19	20	19	20	20
19	19	5	19	18	19	19	15	15	20	20	1	20	20	20	20	19	18	19	20	20	20	20	19	20	20	18	19	20	19	19	19	19	20	19	20	20	20	20	12	20	4	19	20	20	20	19	19	20	20	20	20	19	20	19	20	19	20	20
19	19	5	19	18	19	19	15	15	20	20	1	20	20	20	20	19	18	19	20	20	20	20	19	20	20	18	19	20	19	19	19	19	20	19	20	20	20	20	12	20	4	19	20	20	20	19	19	20	20	20	20	19	20	19	20	19	20	20
19	19	5	19	18	19	19	15	15	20	20	1	20	20	20	20	19	18	19	20	20	20	20	19	20	20	18	19	20	19	19	19	19	20	19	20	20	20	20	12	20	4	19	20	20	20	19	19	20	20	20	20	19	20	19	20	19	20	20
19	19	5	19	18	19	19	15	15	20	20	1	20	20	20	20	19	18	19	20	20	20	20	19	20	20	18	19	20	19	19	19	19	20	19	20	20	20	20	12	20	4	19	20	20	20	19	19	20	20	20	20	19	20	19	20	19	20	20
19	19	5	19	18	19	19	15	15	20	20	1	20	20	20	20	19	18	19	20	20	20	20	19	20	20	18	19	20	19	19	19	19	20	19	20	20	20	20	12	20	4	19	20	20	20	19	19	20	20	20	20	19	20	19	20	19	20	20
19	19	5	19	18	19	19	12	15	20	20	1	20	20	20	20	19	18	19	20	20	20	20	19	20	20	18	19	20	19	19	19	19	20	19	20	20	20	20	12	20	4	19	20	20	20	19	19	20	20	20	20	19	20	19	20	19	20	20
19	19	5	19	18	19	19	12	15	20	20	1	20	20	20	20	19	18	19	20	20	20	20	19	20	20	18	19	20	19	19	19	19	20	19	20	20	20	20	12	20	4	19	20	20	20	19	19	20	20	20	20	19	20	19	20	19	20	20
19	19	5	19	18	19	19	12	15	20	20	1	20	20	20	20	19	18	19	20	20	20	20	19	20	20	18	19	20	19	19	19	19	20	19	20	20	20	20	12	20	4	19	20	20	20	19	19	20	20	20	20	19	20	19	20	19	20	20
19	19	5	19	18	19	19	11	15	20	20	1	20	20	20	20	19	18	19	20	20	20	20	19	20	20	18	19	20	19	19	19	19	20	19	20	20	20	20	12	20	4	19	20	20	20	19	19	20	20	20	20	19	20	19	20	19	20	20
19	19	5	19	18	19	19	7	15	20	20	1	20	20	20	20	19	18	19	20	20	20	20	19	20	20	18	19	20	19	19	19	19	20	19	20	20	20	20	12	20	4	19	20	20	20	19	19	20	20	20	20	19	20	19	20	19	20	20
19	19	5	19	18	19	19	5	15	20	20	1	20	20	20	20	19	18	19	20	20	20	20	19	20	20	18	19	20	19	19	19	19	20	19	20	20	20	20	12	20	4	19	20	20	20	19	19	20	20	20	20	19	20	19	20	19	20	20
19	19	5	19	18	19	19	3	15	20	20	1	20	20	20	20	19	18	19	20	20	20	20	19	20	20	18	19	20	19	19	19	19	20	19	20	20	20	20	12	20	4	19	20	20	20	19	19	20	20	20	20	19	20	19	20	19	20	20
19	19	5	19	18	19	19	1	15	20	20	1	20	20	20	20	19	18	19	20	20	20	20	19	20	20	18	19	20	19	19	19	19	20	19	20	20	20	20	12	20	4	19	20	20	20	19	19	20	20	20	20	19	20	19	20	19	20	20
19	19	5	19	18	19	19	1	15	20	20	1	20	20	20	20	19	18	19	20	20	20	20	19	20	20	18	19	20	19	19	19	19	20	19	20	20	20	20	12	20	4	19	20	20	20	19	19	20	20	20	20	19	20	19	20	19	20	20
19	19	5	19	18	19	19	1	15	20	20	1	20	20	20	20	19	18	19	20	20	20	20	19	20	20	18	19	20	19	19	19	19	20	19	20	20	20	20	12	20	4	19	20	20	20	19	19	20	20	20	20	19	20	19	20	19	20	20
19	19	5	19	18	19	19	1	15	20	20	1	20	20	20	20	19	18	19	20	20	20	20	19	20	20	18	19	20	19	19	19	19	20	19	20	20	20	20	12	20	4	19	20	20	20	19	19	20	20	20	20	19	20	19	20	19	20	20
19	19	5	19	18	19	19	1	15	20	20	1	20	20	20	20	19	18	19	20	20	20	20	19	20	20	18	19	20	19	19	19	19	20	19	20	20	20	20	12	20	4	19	20	20	20	19	19	20	20	20	20	19	20	19	20	19	20	20
19	19	5	19	18	19	19	1	15	20	20	1	20	20	20	20	19	18	19	20	20	20	20	19	20	20	18	19	20	19	19	19	19	20	19	20	20	20	20	12	20	4	19	20	20	20	19	19	20	20	20	20	19	20	19	20	19	20	20
19	19	5	19	18	19	19	1	15	20	20	1	20	20	20	20	19	18	19	20	20	20	20	19	20	20	18	19	20	19	19	19	19	20	19	20	20	20	20	12	20	4	19	20	20	20	19	19	20	20	20	20	19	20	19	20	19	20	20
19	19	5	19	18	19	19	1	15	20	20	1	20	20	20	20	19	18	19	20	20	20	20	19	20	20	18	19	20	19	19	19	19	20	19	20	20	20	20	12	20	4	19	20	20	20	19	19	20	20	20	20	19	20	19	20	19	20	20
19	19	5	19	18	19	19	1	15	20	20	1	20	20	20	20	19	18	19	20	20	20	20	19	20	20	18	19	20	19	19	19	19	20	19	20	20	20	20	12	20	4	19	20	20	20	19	19	20	20	20	20	19	20	19	20	19	20	20
19	19	5	19	18	19	19	1	15	20	20	1	20	20	20	20	19	18	19	20	20	20	20	19	20	20	18	19	20	19	19	19	19	20	19	20	20	20	20	12	20	4	19	20	20	20	19	19	20	20	20	20	19	20	19	20	19	20	20
19	19	5	19	18	19	19	1	15	20	20	1	20	20	20	20	19	18	19	20	20	20	20	19	20	20	18	19	20	19	19	19	19	20	19	20	20	20	20	12	20	4	19	20	20	20	19	19	20	20	20	20	19	20	19	20	19	20	20
19	19	5	19	18	19	19	1	15	20	20	1	20	20	20	20	19	18	19	20	20	20	20	19	20	20	18	19	20	19	19	19	19	20	19	20	20	20	20	12	20	4	19	20	20	20	19	19	20	20	20	20	19	20	19	20	19	20	20
19	19	5	19	18	19	19	1	15	20	20	1	20	20	20	20	19	18	19	20	20	20	20	19	20	20	18	19	20	19	19	19	19	20	19	20	20	20	20	12	20	6	19	20	20	20	19	19	20	20	20	20	19	20	19	20	19	20	20
19	19	5	19	18	19	19	1	15	20	20	1	20	20	20	20	19	18	19	20	20	20	20	19	20	20	18	19	20	19	19	19	19	20	19	20	20	20	20	12	20	6	19	20	20	20	19	19	20	20	20	20	19	20	19	20	19	20	20
19	19	5	19	18	19	19	1	15	20	20	1	20	20	20	20	19	18	19	20	20	20	20	19	20	20	18	19	20	19	19	19	19	20	19	20	20	20	20	12	20	8	19	20	20	20	19	19	20	20	20	20	19	20	19	20	19	20	20
19	19	5	19	18	19	19	1	15	20	20	1	20	20	20	20	19	18	19	20	20	20	20	19	20	20	18	19	20	19	19	19	19	20	19	20	20	20	20	12	20	8	19	20	20	20	19	19	20	20	20	20	19	20	19	20	19	20	20
19	19	5	19	18	19	19	1	15	20	20	1	20	20	20	20	19	18	19	20	20	20	20	19	20	20	18	19	20	19	19	19	19	20	19	20	20	20	20	12	20	8	19	20	20	20	19	19	20	20	20	20	19	20	19	20	19	20	20
19	19	5	19	18	19	19	1	15	20	20	1	20	20	20	20	19	18	19	20	20	20	20	19	20	20	18	19	20	19	19	19	19	20	19	20	20	20	20	12	20	8	19	20	20	20	19	19	20	20	20	20	19	20	19	20	19	20	20
19	19	5	19	18	19	19	1	15	20	20	1	20	20	20	20	19	18	19	20	20	20	20	19	20	20	18	19	20	19	19	19	19	20	19	20	20	20	20	12	20	8	19	20	20	20	19	19	20	20	20	20	19	20	19	20	19	20	20
19	19	5	19	18	19	19	1	15	20	20	1	20	20	20	20	19	18	19	20	20	20	20	19	20	20	18	19	20	19	19	19	19	20	19	20	20	20	20	12	20	8	19	20	20	20	19	19	20	20	20	20	19	20	19	20	19	20	20
19	19	5	19	18	19	19	1	15	20	20	1	20	20	20	20	19	18	19	20	20	20	20	19	20	20	18	19	20	19	19	19	19	20	19	20	20	20	20	12	20	8	19	20	20	20	19	19	20	20	20	20	19	20	19	20	19	20	20
19	19	5	19	18	19	19	1	15	20	20	1	20	20	20	20	19	18	19	20	20	20	20	19	20	20	18	19	20	19	19	19	19	20	19	20	20	20	20	12	20	6	19	20	20	20	19	19	20	20	20	20	19	20	19	20	19	20	20
19	19	5	19	18	19	19	1	15	20	20	1	20	20	20	20	19	18	19	20	20	20	20	19	20	20	18	19	20	19	19	19	19	20	19	20	20	20	20	12	20	4	19	20	20	20	19	19	20	20	20	20	19	20	19	20	19	20	20
19	19	5	19	18	19	19	1	15	20	20	1	20	20	20	20	19	18	19	20	20	20	20	19	20	20	18	19	20	19	19	19	19	20	19	20	20	20	20	12	20	4	19	20	20	20	19	19	20	20	20	20	19	20	19	20	19	20	20
19	19	5	19	18	19	19	1	15	20	20	1	20	20	20	20	19	18	19	20	20	20	20	19	20	20	18	19	20	19	19	19	19	20	19	20	20	20	20	12	20	4	19	20	20	20	19	19	20	20	20	20	19	20	19	20	19	20	20
19	19	5	19	18	19	19	1	15	20	20	1	20	20	20	20	19	18	19	20	20	20	20	19	20	20	18	19	20	19	19	19	19	20	19	20	20	20	20	12	20	4	19	20	20	20	19	19	20	20	20	20	19	20	19	20	19	20	20
19	19	5	19	18	19	19	1	15	20	20	1	20	20	20	20	19	18	19	20	20	20	20	19	20	20	18	19	20	19	19	19	19	20	19	20	20	20	20	12	20	4	19	20	20	20	19	19	20	20	20	20	19	20	19	20	19	20	20
19	19	5	19	18	19	19	2	15	20	20	1	20	20	20	20	19	18	19	20	20	20	20	19	20	20	18	19	20	19	19	19	19	20	19	20	20	20	20	12	20	4	19	20	20	20	19	19	20	20	20	20	19	20	19	20	19	20	20
19	19	5	19	18	19	19	2	15	20	20	1	20	20	20	20	19	18	19	20	20	20	20	19	20	20	18	19	20	19	19	19	19	20	19	20	20	20	20	12	20	4	19	20	20	20	19	19	20	20	20	20	19	20	19	20	19	20	20
19	19	5	19	18	19	19	2	15	20	20	1	20	20	20	20	19	18	19	20	20	20	20	19	20	20	18	19	20	19	19	19	19	20	19	20	20	20	20	12	20	4	19	20	20	20	19	19	20	20	20	20	19	20	19	20	19	20	20
19	19	7	19	18	19	19	2	15	20	20	1	20	20	20	20	19	18	19	20	20	20	20	19	20	20	18	19	20	19	19	19	19	20	19	20	20	20	20	12	20	4	19	20	20	20	19	19	20	20	20	20	19	20	19	20	19	20	20
19	19	7	19	18	19	19	2	15	20	20	1	20	20	20	20	19	18	19	20	20	20	20	19	20	20	18	19	20	19	19	19	19	20	19	20	20	20	20	12	20	4	19	20	20	20	19	19	20	20	20	20	19	20	19	20	19	20	20
19	19	7	19	18	19	18	2	15	20	20	1	20	20	20	20	19	18	19	20	20	20	20	19	20	20	18	19	20	19	19	19	19	20	19	20	20	20	20	12	20	4	19	20	20	20	19	19	20	20	20	20	19	20	19	20	19	20	20
19	19	7	19	18	19	15	2	15	20	20	1	20	20	20	20	19	18	19	20	20	20	20	19	20	20	18	19	20	19	19	19	19	20	19	20	20	20	20	12	20	4	19	20	20	20	19	19	20	20	20	20	19	20	19	20	19	20	20
19	19	7	19	18	19	12	2	15	20	20	1	20	20	20	20	19	18	19	20	20	20	20	19	20	20	18	19	20	19	19	19	19	20	19	20	20	20	20	12	20	4	19	20	20	20	19	19	20	20	20	20	19	20	19	20	19	20	20
19	19	7	19	18	19	11	2	15	20	20	1	20	20	20	20	19	18	19	20	20	20	20	19	20	20	18	19	20	19	19	19	19	20	19	20	20	20	20	12	20	4	19	20	20	20	19	19	20	20	20	20	19	20	19	20	19	20	20
19	19	7	19	18	19	9	2	15	20	20	1	20	20	20	20	19	18	19	20	20	20	20	19	20	20	18	19	20	19	19	19	19	20	19	20	20	20	20	12	20	4	19	20	20	20	19	19	20	20	20	20	19	20	19	20	19	20	20
19	19	7	19	18	19	9	2	15	20	20	1	20	20	20	20	19	18	19	20	20	20	20	19	20	20	18	19	20	19	19	19	19	20	19	20	20	20	20	12	20	4	19	20	20	20	19	19	20	20	20	20	19	20	19	20	19	20	20
19	19	7	19	18	19	9	2	15	20	20	1	20	20	20	20	19	18	19	20	20	20	20	19	20	20	18	19	20	19	19	19	19	20	19	20	20	20	20	12	20	4	19	20	20	20	19	19	20	20	20	20	19	20	19	20	19	20	20
19	19	7	19	18	19	9	2	15	20	20	1	20	20	20	20	19	18	19	20	20	20	20	19	20	20	18	19	20	19	19	19	19	20	19	20	20	20	20	12	20	4	19	20	20	20	19	19	20	20	20	20	19	20	19	20	19	20	20
19	19	7	19	18	19	9	2	15	20	20	1	20	20	20	20	19	18	19	20	20	20	20	19	20	20	18	19	20	19	19	19	19	20	19	20	20	20	20	12	20	4	19	20	20	20	19	19	20	20	20	20	19	20	19	20	19	20	20
19	19	7	19	18	19	9	6	15	20	20	1	20	20	20	20	19	18	19	20	20	20	20	19	20	20	18	19	20	19	19	19	19	20	19	20	20	20	20	12	20	4	19	20	20	20	19	19	20	20	20	20	19	20	19	20	19	20	20
19	19	7	19	18	19	9	9	15	20	20	1	20	20	20	20	19	18	19	20	20	20	20	19	20	20	18	19	20	19	19	19	19	20	19	20	20	20	20	12	20	4	19	20	20	20	19	19	20	20	20	20	19	20	19	20	19	20	20
19	19	9	19	18	19	9	9	15	20	20	1	20	20	20	20	19	18	19	20	20	20	20	19	20	20	18	19	20	19	19	19	19	20	19	20	20	20	20	12	20	4	19	20	20	20	19	19	20	20	20	20	19	20	19	20	19	20	20
19	19	9	19	18	19	9	9	15	20	20	1	20	20	20	20	19	18	19	20	20	20	20	19	20	20	18	19	20	19	19	19	19	20	19	20	20	20	20	12	20	4	19	20	20	20	19	19	20	20	20	20	19	20	19	20	19	20	20
19	19	9	19	18	19	9	7	15	20	20	1	20	20	20	20	19	18	19	20	20	20	20	19	20	20	18	19	20	19	19	19	19	20	19	20	20	20	20	12	20	4	19	20	20	20	19	19	20	20	20	20	19	20	19	20	19	20	20
19	19	9	19	18	19	9	5	15	20	20	1	20	20	20	20	19	18	19	20	20	20	20	19	20	20	18	19	20	19	19	19	19	20	19	20	20	20	20	12	20	4	19	20	20	20	19	19	20	20	20	20	19	20	19	20	19	20	20
19	19	9	19	18	19	9	7	15	20	20	1	20	20	20	20	19	18	19	20	20	20	20	19	20	20	18	19	20	19	19	19	19	20	19	20	20	20	20	12	20	4	19	20	20	20	19	19	20	20	20	20	19	20	19	20	19	20	20
19	19	9	19	18	19	9	9	15	20	20	1	20	20	20	20	19	18	19	20	20	20	20	19	20	20	18	19	20	19	19	19	19	20	19	20	20	20	20	12	20	4	19	20	20	20	19	19	20	20	20	20	19	20	19	20	19	20	20
19	19	9	19	18	19	9	11	15	20	20	1	20	20	20	20	19	18	19	20	20	20	20	19	20	20	18	19	20	19	19	19	19	20	19	20	20	20	20	12	20	4	19	20	20	20	19	19	20	20	20	20	19	20	19	20	19	20	20
19	19	9	19	18	19	9	12	15	20	20	1	20	20	20	20	19	18	19	20	20	20	20	19	20	20	18	19	20	19	19	19	19	20	19	20	20	20	20	12	20	4	19	20	20	20	19	19	20	20	20	20	19	20	19	20	19	20	20
19	19	9	19	18	19	9	18	15	20	20	1	20	20	20	20	19	18	19	20	20	20	20	19	20	20	18	19	20	19	19	19	19	20	19	20	20	20	20	12	20	4	19	20	20	20	19	19	20	20	20	20	19	20	19	20	19	20	20
