2800 34 27 973 2685 34 1613 34 0 34 214 2685 34 0 1629 1051 1260 232 2685 2685 1897 543 831 1340 50 2685 34 34 34 172 144 486 2410 1126 514 34 34 1522 88 2685 79 15 34 34 34 2685 858 543 5 58 34 2685 783 2685 2283 0 34 34 1671
34 2800 421 1672 0 2800 930 2800 0 2722 20 0 2800 0 1205 1122 66 2513 0 0 550 1382 1560 208 2498 0 2800 2800 2760 1125 1781 992 0 305 2320 2800 2800 26 1857 0 2755 2 2800 2800 2800 0 729 158 0 577 2800 0 0 0 0 1865 2800 2800 967
27 421 2800 0 0 421 611 421 26 421 19 0 421 26 421 280 100 426 0 0 279 421 587 263 419 0 421 421 413 730 202 478 0 530 421 421 421 0 188 0 421 356 421 421 421 0 421 0 0 850 421 0 0 0 0 0 421 421 0
973 1672 0 2800 1088 1672 10 1672 37 1594 142 1088 1672 37 77 1057 16 1385 1088 1088 483 254 432 1296 1486 1088 1672 1672 1672 1126 898 1280 729 1393 1192 1672 1672 1114 1797 1088 1627 2 1672 1672 1672 1088 68 658 0 703 1672 1088 815 1088 561 1672 1672 1672 2055
2685 0 0 1088 2800 0 1579 0 0 0 214 2800 0 0 1595 1133 1255 198 2800 2800 2012 509 797 1455 16 2800 0 0 0 143 110 506 2441 1241 480 0 0 1637 125 2800 45 6 0 0 0 2800 824 658 0 133 0 2800 898 2800 2273 0 0 0 1786
34 2800 421 1672 0 2800 930 2800 0 2722 20 0 2800 0 1205 1122 66 2513 0 0 550 1382 1560 208 2498 0 2800 2800 2760 1125 1781 992 0 305 2320 2800 2800 26 1857 0 2755 2 2800 2800 2800 0 729 158 0 577 2800 0 0 0 0 1865 2800 2800 967
1613 930 611 10 1579 930 2800 930 0 930 60 1579 930 0 2443 1002 1322 1128 1579 1579 2064 1439 1727 234 830 1579 930 930 890 104 795 240 1579 66 1410 930 930 416 28 1579 975 8 930 930 930 1579 1490 180 8 111 930 1579 84 1579 1579 14 930 930 565
34 2800 421 1672 0 2800 930 2800 0 2722 20 0 2800 0 1205 1122 66 2513 0 0 550 1382 1560 208 2498 0 2800 2800 2760 1125 1781 992 0 305 2320 2800 2800 26 1857 0 2755 2 2800 2800 2800 0 729 158 0 577 2800 0 0 0 0 1865 2800 2800 967
0 0 26 37 0 0 0 0 2800 75 0 0 0 2800 0 0 0 0 0 0 0 0 20 60 0 0 0 0 6 0 0 0 0 42 0 0 0 33 0 0 0 0 0 0 0 0 0 0 0 20 0 0 0 0 0 0 0 0 0
34 2722 421 1594 0 2722 930 2722 75 2800 20 0 2722 75 1205 1044 66 2435 0 0 550 1382 1560 171 2495 0 2722 2722 2682 1125 1703 992 0 305 2242 2722 2722 26 1779 0 2677 2 2722 2722 2722 0 729 158 0 577 2722 0 0 0 0 1787 2722 2722 939
214 20 19 142 214 20 60 20 0 20 2800 214 20 0 20 20 621 20 214 214 23 180 47 214 20 214 20 20 20 0 20 0 214 278 20 20 20 214 19 214 20 0 20 20 20 214 42 305 8 12 20 214 87 214 214 521 20 20 214
2685 0 0 1088 2800 0 1579 0 0 0 214 2800 0 0 1595 1133 1255 198 2800 2800 2012 509 797 1455 16 2800 0 0 0 143 110 506 2441 1241 480 0 0 1637 125 2800 45 6 0 0 0 2800 824 658 0 133 0 2800 898 2800 2273 0 0 0 1786
34 2800 421 1672 0 2800 930 2800 0 2722 20 0 2800 0 1205 1122 66 2513 0 0 550 1382 1560 208 2498 0 2800 2800 2760 1125 1781 992 0 305 2320 2800 2800 26 1857 0 2755 2 2800 2800 2800 0 729 158 0 577 2800 0 0 0 0 1865 2800 2800 967
0 0 26 37 0 0 0 0 2800 75 0 0 0 2800 0 0 0 0 0 0 0 0 20 60 0 0 0 0 6 0 0 0 0 42 0 0 0 33 0 0 0 0 0 0 0 0 0 0 0 20 0 0 0 0 0 0 0 0 0
1629 1205 421 77 1595 1205 2443 1205 0 1205 20 1595 1205 0 2800 1260 1305 1403 1595 1595 2079 1714 2002 250 1105 1595 1205 1205 1165 213 1070 218 1595 36 1685 1205 1205 432 262 1595 1250 6 1205 1205 1205 1595 1485 158 0 53 1205 1595 83 1595 1595 270 1205 1205 581
1051 1122 280 1057 1133 1122 1002 1122 0 1044 20 1133 1122 0 1260 2800 757 950 1133 1133 1346 610 1316 677 948 1133 1122 1122 1122 516 1118 414 795 465 1602 1122 1122 442 943 1133 1167 7 1122 1122 1122 1133 799 565 5 363 1122 1133 499 1133 1030 834 1122 1122 666
1260 66 100 16 1255 66 1322 66 0 66 621 1255 66 0 1305 757 2800 264 1255 1255 1252 396 863 148 68 1255 66 66 66 90 176 0 1252 19 546 66 66 92 42 1255 111 23 66 66 66 1255 795 117 340 33 66 1255 128 1255 1242 393 66 66 241
232 2513 426 1385 198 2513 1128 2513 0 2435 20 198 2513 0 1403 950 264 2800 198 198 748 1409 1650 212 2254 198 2513 2513 2473 1038 1723 748 198 293 2033 2513 2513 71 1570 198 2468 11 2513 2513 2513 198 781 158 0 622 2513 198 0 198 198 1578 2513 2513 680
2685 0 0 1088 2800 0 1579 0 0 0 214 2800 0 0 1595 1133 1255 198 2800 2800 2012 509 797 1455 16 2800 0 0 0 143 110 506 2441 1241 480 0 0 1637 125 2800 45 6 0 0 0 2800 824 658 0 133 0 2800 898 2800 2273 0 0 0 1786
2685 0 0 1088 2800 0 1579 0 0 0 214 2800 0 0 1595 1133 1255 198 2800 2800 2012 509 797 1455 16 2800 0 0 0 143 110 506 2441 1241 480 0 0 1637 125 2800 45 6 0 0 0 2800 824 658 0 133 0 2800 898 2800 2273 0 0 0 1786
1897 550 279 483 2012 550 2064 550 0 550 23 2012 550 0 2079 1346 1252 748 2012 2012 2800 1059 1347 667 454 2012 550 550 550 57 660 556 1747 480 1030 550 550 849 146 2012 595 6 550 550 550 2012 1022 634 0 246 550 2012 562 2012 1536 91 550 550 998
543 1382 421 254 509 1382 1439 1382 0 1382 180 509 1382 0 1714 610 396 1409 509 509 1059 2800 1450 8 1270 509 1382 1382 1342 318 1142 149 509 247 1444 1382 1382 255 439 509 1403 0 1382 1382 1382 509 796 282 144 230 1382 509 31 509 509 447 1382 1382 404
831 1560 587 432 797 1560 1727 1560 20 1560 47 797 1560 20 2002 1316 863 1650 797 797 1347 1450 2800 323 1446 797 1560 1560 1520 488 1425 288 797 446 2040 1560 1560 14 617 797 1605 18 1560 1560 1560 797 1486 170 1 478 1560 797 84 797 797 625 1560 1560 3
1340 208 263 1296 1455 208 234 208 60 171 214 1455 208 60 250 677 148 212 1455 1455 667 8 323 2800 159 1455 208 208 208 321 162 624 1096 1409 167 208 208 1339 333 1455 208 66 208 208 208 1455 282 658 49 418 208 1455 1022 1455 928 208 208 208 1399
50 2498 419 1486 16 2498 830 2498 0 2495 20 16 2498 0 1105 948 68 2254 16 16 454 1270 1446 159 2800 16 2498 2498 2458 1114 1479 1004 0 331 2018 2498 2498 54 1663 16 2453 12 2498 2498 2498 16 629 174 1 571 2498 16 16 16 6 1684 2498 2498 904
2685 0 0 1088 2800 0 1579 0 0 0 214 2800 0 0 1595 1133 1255 198 2800 2800 2012 509 797 1455 16 2800 0 0 0 143 110 506 2441 1241 480 0 0 1637 125 2800 45 6 0 0 0 2800 824 658 0 133 0 2800 898 2800 2273 0 0 0 1786
34 2800 421 1672 0 2800 930 2800 0 2722 20 0 2800 0 1205 1122 66 2513 0 0 550 1382 1560 208 2498 0 2800 2800 2760 1125 1781 992 0 305 2320 2800 2800 26 1857 0 2755 2 2800 2800 2800 0 729 158 0 577 2800 0 0 0 0 1865 2800 2800 967
34 2800 421 1672 0 2800 930 2800 0 2722 20 0 2800 0 1205 1122 66 2513 0 0 550 1382 1560 208 2498 0 2800 2800 2760 1125 1781 992 0 305 2320 2800 2800 26 1857 0 2755 2 2800 2800 2800 0 729 158 0 577 2800 0 0 0 0 1865 2800 2800 967
34 2760 413 1672 0 2760 890 2760 6 2682 20 0 2760 6 1165 1122 66 2473 0 0 550 1342 1520 208 2458 0 2760 2760 2800 1114 1741 992 0 305 2280 2760 2760 26 1857 0 2715 2 2760 2760 2760 0 689 158 0 579 2760 0 0 0 0 1865 2760 2760 967
172 1125 730 1126 143 1125 104 1125 0 1125 0 143 1125 0 213 516 90 1038 143 143 57 318 488 321 1114 143 1125 1125 1114 2800 508 956 143 490 687 1125 1125 210 1051 143 1080 72 1125 1125 1125 143 76 10 15 576 1125 143 72 143 143 1051 1125 1125 778
144 1781 202 898 110 1781 795 1781 0 1703 20 110 1781 0 1070 1118 176 1723 110 110 660 1142 1425 162 1479 110 1781 1781 1741 508 2800 218 110 293 1781 1781 1781 26 1083 110 1781 2 1781 1781 1781 110 576 213 114 576 1781 110 220 110 110 1091 1781 1781 193
486 992 478 1280 506 992 240 992 0 992 0 506 992 0 218 414 0 748 506 506 556 149 288 624 1004 506 992 992 992 956 218 2800 375 804 512 992 992 506 1028 506 947 64 992 992 992 506 63 575 233 167 992 506 361 506 147 862 992 992 1365
2410 0 0 729 2441 0 1579 0 0 0 214 2441 0 0 1595 795 1252 198 2441 2441 1747 509 797 1096 0 2441 0 0 0 143 110 375 2800 882 480 0 0 1278 39 2441 45 66 0 0 0 2441 824 299 33 43 0 2441 539 2441 2230 0 0 0 1427
1126 305 530 1393 1241 305 66 305 42 305 278 1241 305 42 36 465 19 293 1241 1241 480 247 446 1409 331 1241 305 305 305 490 293 804 882 2800 305 305 305 1238 430 1241 305 53 305 305 305 1241 71 691 1 575 305 1241 816 1241 714 305 305 305 1250
514 2320 421 1192 480 2320 1410 2320 0 2242 20 480 2320 0 1685 1602 546 2033 480 480 1030 1444 2040 167 2018 480 2320 2320 2280 687 1781 512 480 305 2800 2320 2320 26 1377 480 2365 2 2320 2320 2320 480 1209 158 0 577 2320 480 83 480 480 1385 2320 2320 487
34 2800 421 1672 0 2800 930 2800 0 2722 20 0 2800 0 1205 1122 66 2513 0 0 550 1382 1560 208 2498 0 2800 2800 2760 1125 1781 992 0 305 2320 2800 2800 26 1857 0 2755 2 2800 2800 2800 0 729 158 0 577 2800 0 0 0 0 1865 2800 2800 967
34 2800 421 1672 0 2800 930 2800 0 2722 20 0 2800 0 1205 1122 66 2513 0 0 550 1382 1560 208 2498 0 2800 2800 2760 1125 1781 992 0 305 2320 2800 2800 26 1857 0 2755 2 2800 2800 2800 0 729 158 0 577 2800 0 0 0 0 1865 2800 2800 967
1522 26 0 1114 1637 26 416 26 33 26 214 1637 26 33 432 442 92 71 1637 1637 849 255 14 1339 54 1637 26 26 26 210 26 506 1278 1238 26 26 26 2800 151 1637 26 427 26 26 26 1637 68 658 0 532 26 1637 815 1637 1110 26 26 26 1637
88 1857 188 1797 125 1857 28 1857 0 1779 19 125 1857 0 262 943 42 1570 125 125 146 439 617 333 1663 125 1857 1857 1857 1051 1083 1028 39 430 1377 1857 1857 151 2800 125 1812 2 1857 1857 1857 125 8 125 65 638 1857 125 125 125 11 1870 1857 1857 1092
2685 0 0 1088 2800 0 1579 0 0 0 214 2800 0 0 1595 1133 1255 198 2800 2800 2012 509 797 1455 16 2800 0 0 0 143 110 506 2441 1241 480 0 0 1637 125 2800 45 6 0 0 0 2800 824 658 0 133 0 2800 898 2800 2273 0 0 0 1786
79 2755 421 1627 45 2755 975 2755 0 2677 20 45 2755 0 1250 1167 111 2468 45 45 595 1403 1605 208 2453 45 2755 2755 2715 1080 1781 947 45 305 2365 2755 2755 26 1812 45 2800 2 2755 2755 2755 45 774 158 0 577 2755 45 45 45 45 1820 2755 2755 922
15 2 356 2 6 2 8 2 0 2 0 6 2 0 6 7 23 11 6 6 6 0 18 66 12 6 2 2 2 72 2 64 66 53 2 2 2 427 2 6 2 2800 2 2 2 6 35 577 217 112 2 6 92 6 50 2 2 2 2
34 2800 421 1672 0 2800 930 2800 0 2722 20 0 2800 0 1205 1122 66 2513 0 0 550 1382 1560 208 2498 0 2800 2800 2760 1125 1781 992 0 305 2320 2800 2800 26 1857 0 2755 2 2800 2800 2800 0 729 158 0 577 2800 0 0 0 0 1865 2800 2800 967
34 2800 421 1672 0 2800 930 2800 0 2722 20 0 2800 0 1205 1122 66 2513 0 0 550 1382 1560 208 2498 0 2800 2800 2760 1125 1781 992 0 305 2320 2800 2800 26 1857 0 2755 2 2800 2800 2800 0 729 158 0 577 2800 0 0 0 0 1865 2800 2800 967
34 2800 421 1672 0 2800 930 2800 0 2722 20 0 2800 0 1205 1122 66 2513 0 0 550 1382 1560 208 2498 0 2800 2800 2760 1125 1781 992 0 305 2320 2800 2800 26 1857 0 2755 2 2800 2800 2800 0 729 158 0 577 2800 0 0 0 0 1865 2800 2800 967
2685 0 0 1088 2800 0 1579 0 0 0 214 2800 0 0 1595 1133 1255 198 2800 2800 2012 509 797 1455 16 2800 0 0 0 143 110 506 2441 1241 480 0 0 1637 125 2800 45 6 0 0 0 2800 824 658 0 133 0 2800 898 2800 2273 0 0 0 1786
858 729 421 68 824 729 1490 729 0 729 42 824 729 0 1485 799 795 781 824 824 1022 796 1486 282 629 824 729 729 689 76 576 63 824 71 1209 729 729 68 8 824 774 35 729 729 729 824 2800 192 204 18 729 824 403 824 824 0 729 729 68
543 158 0 658 658 158 180 158 0 158 305 658 158 0 158 565 117 158 658 658 634 282 170 658 174 658 158 158 158 10 213 575 299 691 158 158 158 658 125 658 158 577 158 158 158 658 192 2800 530 125 158 658 755 658 131 0 158 158 658
5 0 0 0 0 0 8 0 0 0 8 0 0 0 0 5 340 0 0 0 0 144 1 49 1 0 0 0 0 15 114 233 33 1 0 0 0 0 65 0 0 217 0 0 0 0 204 530 2800 0 0 0 395 0 0 0 0 0 0
58 577 850 703 133 577 111 577 20 577 12 133 577 20 53 363 33 622 133 133 246 230 478 418 571 133 577 577 579 576 576 167 43 575 577 577 577 532 638 133 577 112 577 577 577 133 18 125 0 2800 577 133 121 133 17 571 577 577 133
34 2800 421 1672 0 2800 930 2800 0 2722 20 0 2800 0 1205 1122 66 2513 0 0 550 1382 1560 208 2498 0 2800 2800 2760 1125 1781 992 0 305 2320 2800 2800 26 1857 0 2755 2 2800 2800 2800 0 729 158 0 577 2800 0 0 0 0 1865 2800 2800 967
2685 0 0 1088 2800 0 1579 0 0 0 214 2800 0 0 1595 1133 1255 198 2800 2800 2012 509 797 1455 16 2800 0 0 0 143 110 506 2441 1241 480 0 0 1637 125 2800 45 6 0 0 0 2800 824 658 0 133 0 2800 898 2800 2273 0 0 0 1786
783 0 0 815 898 0 84 0 0 0 87 898 0 0 83 499 128 0 898 898 562 31 84 1022 16 898 0 0 0 72 220 361 539 816 83 0 0 815 125 898 45 92 0 0 0 898 403 755 395 121 0 898 2800 898 371 0 0 0 815
2685 0 0 1088 2800 0 1579 0 0 0 214 2800 0 0 1595 1133 1255 198 2800 2800 2012 509 797 1455 16 2800 0 0 0 143 110 506 2441 1241 480 0 0 1637 125 2800 45 6 0 0 0 2800 824 658 0 133 0 2800 898 2800 2273 0 0 0 1786
2283 0 0 561 2273 0 1579 0 0 0 214 2273 0 0 1595 1030 1242 198 2273 2273 1536 509 797 928 6 2273 0 0 0 143 110 147 2230 714 480 0 0 1110 11 2273 45 50 0 0 0 2273 824 131 0 17 0 2273 371 2273 2800 0 0 0 1259
0 1865 0 1672 0 1865 14 1865 0 1787 521 0 1865 0 270 834 393 1578 0 0 91 447 625 208 1684 0 1865 1865 1865 1051 1091 862 0 305 1385 1865 1865 26 1870 0 1820 2 1865 1865 1865 0 0 0 0 571 1865 0 0 0 0 2800 1865 1865 967
34 2800 421 1672 0 2800 930 2800 0 2722 20 0 2800 0 1205 1122 66 2513 0 0 550 1382 1560 208 2498 0 2800 2800 2760 1125 1781 992 0 305 2320 2800 2800 26 1857 0 2755 2 2800 2800 2800 0 729 158 0 577 2800 0 0 0 0 1865 2800 2800 967
34 2800 421 1672 0 2800 930 2800 0 2722 20 0 2800 0 1205 1122 66 2513 0 0 550 1382 1560 208 2498 0 2800 2800 2760 1125 1781 992 0 305 2320 2800 2800 26 1857 0 2755 2 2800 2800 2800 0 729 158 0 577 2800 0 0 0 0 1865 2800 2800 967
1671 967 0 2055 1786 967 565 967 0 939 214 1786 967 0 581 666 241 680 1786 1786 998 404 3 1399 904 1786 967 967 967 778 193 1365 1427 1250 487 967 967 1637 1092 1786 922 2 967 967 967 1786 68 658 0 133 967 1786 815 1786 1259 967 967 967 2800
