3908 517 0 0 1142 0 0 0 0 9 3289 0 0 0 0 1284 0 0 2586 1566 3830 0 1035 0 404 2689 3908 0 3499 0 0 2385 0 0 3812 0 3908 3908 0 152 3908 2510 3730 0 0 0 0 1853 1973 79 3908 86 1763 0 0 0 0 13 0
517 3908 3288 3288 1223 3288 3288 3288 3288 3279 724 3288 3288 6 3288 2105 3288 3288 434 1722 517 3288 204 3288 459 37 517 3288 520 0 3288 703 2781 3288 530 3288 517 517 3288 2345 517 1761 339 3288 3027 3288 6 318 1299 2744 517 1729 1809 3288 3288 3288 3288 2888 3288
0 3288 3908 3908 1843 3908 3908 3634 3908 3899 207 3908 3908 0 3908 1820 3908 3908 187 2342 0 3908 1 3908 458 103 0 3908 3 0 3908 1323 2882 3908 13 3908 0 0 3908 2339 0 1244 98 3908 3647 3908 13 198 1919 3364 0 1773 1292 3908 3908 3908 3908 3508 3908
0 3288 3908 3908 1843 3908 3908 3634 3908 3899 207 3908 3908 0 3908 1820 3908 3908 187 2342 0 3908 1 3908 458 103 0 3908 3 0 3908 1323 2882 3908 13 3908 0 0 3908 2339 0 1244 98 3908 3647 3908 13 198 1919 3364 0 1773 1292 3908 3908 3908 3908 3508 3908
1142 1223 1843 1843 3908 1843 1843 1569 1843 1852 1151 1843 1843 15 1843 174 1843 1843 954 2932 1064 1843 184 1843 236 1245 1142 1843 733 4 1843 2437 817 1843 1046 1843 1142 1142 1843 998 1142 57 1240 1843 1853 1843 28 1313 2932 1916 1142 272 63 1843 1843 1843 1843 1856 1843
0 3288 3908 3908 1843 3908 3908 3634 3908 3899 207 3908 3908 0 3908 1820 3908 3908 187 2342 0 3908 1 3908 458 103 0 3908 3 0 3908 1323 2882 3908 13 3908 0 0 3908 2339 0 1244 98 3908 3647 3908 13 198 1919 3364 0 1773 1292 3908 3908 3908 3908 3508 3908
0 3288 3908 3908 1843 3908 3908 3634 3908 3899 207 3908 3908 0 3908 1820 3908 3908 187 2342 0 3908 1 3908 458 103 0 3908 3 0 3908 1323 2882 3908 13 3908 0 0 3908 2339 0 1244 98 3908 3647 3908 13 198 1919 3364 0 1773 1292 3908 3908 3908 3908 3508 3908
0 3288 3634 3634 1569 3634 3634 3908 3634 3625 207 3634 3634 0 3634 1820 3634 3634 185 2068 0 3634 1 3634 437 103 0 3634 3 0 3634 1049 2786 3634 13 3634 0 0 3634 2339 0 1244 0 3634 3373 3634 5 190 1645 3090 0 1773 1292 3634 3634 3634 3634 3234 3634
0 3288 3908 3908 1843 3908 3908 3634 3908 3899 207 3908 3908 0 3908 1820 3908 3908 187 2342 0 3908 1 3908 458 103 0 3908 3 0 3908 1323 2882 3908 13 3908 0 0 3908 2339 0 1244 98 3908 3647 3908 13 198 1919 3364 0 1773 1292 3908 3908 3908 3908 3508 3908
9 3279 3899 3899 1852 3899 3899 3625 3899 3908 216 3899 3899 0 3899 1811 3899 3899 196 2351 9 3899 1 3899 458 112 9 3899 3 0 3899 1332 2873 3899 22 3899 9 9 3899 2339 9 1235 107 3899 3638 3899 13 207 1928 3355 9 1764 1283 3899 3899 3899 3899 3517 3899
3289 724 207 207 1151 207 207 207 207 216 3908 207 207 271 207 1349 207 207 2198 1251 3211 207 959 207 350 2070 3289 207 2880 0 207 1894 207 207 3193 207 3289 3289 207 124 3289 2083 3111 207 306 207 271 1675 1496 131 3289 306 1905 207 207 207 207 220 207
0 3288 3908 3908 1843 3908 3908 3634 3908 3899 207 3908 3908 0 3908 1820 3908 3908 187 2342 0 3908 1 3908 458 103 0 3908 3 0 3908 1323 2882 3908 13 3908 0 0 3908 2339 0 1244 98 3908 3647 3908 13 198 1919 3364 0 1773 1292 3908 3908 3908 3908 3508 3908
0 3288 3908 3908 1843 3908 3908 3634 3908 3899 207 3908 3908 0 3908 1820 3908 3908 187 2342 0 3908 1 3908 458 103 0 3908 3 0 3908 1323 2882 3908 13 3908 0 0 3908 2339 0 1244 98 3908 3647 3908 13 198 1919 3364 0 1773 1292 3908 3908 3908 3908 3508 3908
0 6 0 0 15 0 0 0 0 0 271 0 0 3908 0 527 0 0 44 0 0 0 473 0 1114 530 0 0 247 0 0 0 601 0 13 0 0 0 0 651 0 4 40 0 224 0 3852 581 0 4 0 472 573 0 0 0 0 162 0
0 3288 3908 3908 1843 3908 3908 3634 3908 3899 207 3908 3908 0 3908 1820 3908 3908 187 2342 0 3908 1 3908 458 103 0 3908 3 0 3908 1323 2882 3908 13 3908 0 0 3908 2339 0 1244 98 3908 3647 3908 13 198 1919 3364 0 1773 1292 3908 3908 3908 3908 3508 3908
1284 2105 1820 1820 174 1820 1820 1820 1820 1811 1349 1820 1820 527 1820 3908 1820 1820 874 254 1284 1820 614 1820 249 631 1284 1820 1287 0 1820 526 1909 1820 1297 1820 1284 1284 1820 1481 1284 2528 1106 1820 1559 1820 527 667 154 1423 1284 1832 2499 1820 1820 1820 1820 1420 1820
0 3288 3908 3908 1843 3908 3908 3634 3908 3899 207 3908 3908 0 3908 1820 3908 3908 187 2342 0 3908 1 3908 458 103 0 3908 3 0 3908 1323 2882 3908 13 3908 0 0 3908 2339 0 1244 98 3908 3647 3908 13 198 1919 3364 0 1773 1292 3908 3908 3908 3908 3508 3908
0 3288 3908 3908 1843 3908 3908 3634 3908 3899 207 3908 3908 0 3908 1820 3908 3908 187 2342 0 3908 1 3908 458 103 0 3908 3 0 3908 1323 2882 3908 13 3908 0 0 3908 2339 0 1244 98 3908 3647 3908 13 198 1919 3364 0 1773 1292 3908 3908 3908 3908 3508 3908
2586 434 187 187 954 187 187 185 187 196 2198 187 187 44 187 874 187 187 3908 1417 2508 187 696 187 262 1805 2586 187 2182 251 187 1725 150 187 2588 187 2586 2586 187 73 2586 1425 2521 187 187 187 47 1452 1405 101 2586 116 1063 187 187 187 187 198 187
1566 1722 2342 2342 2932 2342 2342 2068 2342 2351 1251 2342 2342 0 2342 254 2342 2342 1417 3908 1488 2342 1 2342 639 1669 1566 2342 1157 0 2342 2889 1316 2342 1470 2342 1566 1566 2342 1142 1566 168 1664 2342 2305 2342 13 1666 3485 2096 1566 252 4 2342 2342 2342 2342 2355 2342
3830 517 0 0 1064 0 0 0 0 9 3211 0 0 0 0 1284 0 0 2508 1488 3908 0 1035 0 404 2611 3830 0 3421 0 0 2307 0 0 3734 0 3830 3830 0 152 3830 2510 3652 0 0 0 0 1775 1895 79 3830 86 1763 0 0 0 0 13 0
0 3288 3908 3908 1843 3908 3908 3634 3908 3899 207 3908 3908 0 3908 1820 3908 3908 187 2342 0 3908 1 3908 458 103 0 3908 3 0 3908 1323 2882 3908 13 3908 0 0 3908 2339 0 1244 98 3908 3647 3908 13 198 1919 3364 0 1773 1292 3908 3908 3908 3908 3508 3908
1035 204 1 1 184 1 1 1 1 1 959 1 1 473 1 614 1 1 696 1 1035 1 3908 1 773 130 1035 1 1175 0 1 6 1 1 1035 1 1035 1035 1 11 1035 1035 1035 1 1 1 473 694 1 390 1035 4 1035 1 1 1 1 39 1
0 3288 3908 3908 1843 3908 3908 3634 3908 3899 207 3908 3908 0 3908 1820 3908 3908 187 2342 0 3908 1 3908 458 103 0 3908 3 0 3908 1323 2882 3908 13 3908 0 0 3908 2339 0 1244 98 3908 3647 3908 13 198 1919 3364 0 1773 1292 3908 3908 3908 3908 3508 3908
404 459 458 458 236 458 458 437 458 458 350 458 458 1114 458 249 458 458 262 639 404 458 773 458 3908 513 404 458 631 2 458 472 328 458 410 458 404 404 458 161 404 321 295 458 535 458 1114 477 492 430 404 224 267 458 458 458 458 482 458
2689 37 103 103 1245 103 103 103 103 112 2070 103 103 530 103 631 103 103 1805 1669 2611 103 130 103 513 3908 2689 103 2280 90 103 2488 206 103 2593 103 2689 2689 103 357 2689 1291 2729 103 103 103 509 1631 2076 182 2689 171 544 103 103 103 103 116 103
3908 517 0 0 1142 0 0 0 0 9 3289 0 0 0 0 1284 0 0 2586 1566 3830 0 1035 0 404 2689 3908 0 3499 0 0 2385 0 0 3812 0 3908 3908 0 152 3908 2510 3730 0 0 0 0 1853 1973 79 3908 86 1763 0 0 0 0 13 0
0 3288 3908 3908 1843 3908 3908 3634 3908 3899 207 3908 3908 0 3908 1820 3908 3908 187 2342 0 3908 1 3908 458 103 0 3908 3 0 3908 1323 2882 3908 13 3908 0 0 3908 2339 0 1244 98 3908 3647 3908 13 198 1919 3364 0 1773 1292 3908 3908 3908 3908 3508 3908
3499 520 3 3 733 3 3 3 3 3 2880 3 3 247 3 1287 3 3 2182 1157 3421 3 1175 3 631 2280 3499 3 3908 3 3 1976 3 3 3403 3 3499 3499 3 163 3499 2513 3321 3 3 3 247 1444 1564 82 3499 89 1766 3 3 3 3 52 3
0 0 0 0 4 0 0 0 0 0 0 0 0 0 0 0 0 0 251 0 0 0 0 0 2 90 0 0 3 3908 0 0 39 0 30 0 0 0 0 0 0 5 0 0 0 0 0 0 0 0 0 0 0 0 0 0 0 0 0
0 3288 3908 3908 1843 3908 3908 3634 3908 3899 207 3908 3908 0 3908 1820 3908 3908 187 2342 0 3908 1 3908 458 103 0 3908 3 0 3908 1323 2882 3908 13 3908 0 0 3908 2339 0 1244 98 3908 3647 3908 13 198 1919 3364 0 1773 1292 3908 3908 3908 3908 3508 3908
2385 703 1323 1323 2437 1323 1323 1049 1323 1332 1894 1323 1323 0 1323 526 1323 1323 1725 2889 2307 1323 6 1323 472 2488 2385 1323 1976 0 1323 3908 297 1323 2289 1323 2385 2385 1323 821 2385 987 2483 1323 1323 1323 13 1671 3296 1402 2385 138 258 1323 1323 1323 1323 1336 1323
0 2781 2882 2882 817 2882 2882 2786 2882 2873 207 2882 2882 601 2882 1909 2882 2882 150 1316 0 2882 1 2882 328 206 0 2882 3 39 2882 297 3908 2882 13 2882 0 0 2882 2346 0 1244 61 2882 2621 2882 545 463 893 2338 0 1943 1292 2882 2882 2882 2882 2482 2882
0 3288 3908 3908 1843 3908 3908 3634 3908 3899 207 3908 3908 0 3908 1820 3908 3908 187 2342 0 3908 1 3908 458 103 0 3908 3 0 3908 1323 2882 3908 13 3908 0 0 3908 2339 0 1244 98 3908 3647 3908 13 198 1919 3364 0 1773 1292 3908 3908 3908 3908 3508 3908
3812 530 13 13 1046 13 13 13 13 22 3193 13 13 13 13 1297 13 13 2588 1470 3734 13 1035 13 410 2593 3812 13 3403 30 13 2289 13 13 3908 13 3812 3812 13 165 3812 2523 3634 13 13 13 13 1757 1877 92 3812 99 1776 13 13 13 13 26 13
0 3288 3908 3908 1843 3908 3908 3634 3908 3899 207 3908 3908 0 3908 1820 3908 3908 187 2342 0 3908 1 3908 458 103 0 3908 3 0 3908 1323 2882 3908 13 3908 0 0 3908 2339 0 1244 98 3908 3647 3908 13 198 1919 3364 0 1773 1292 3908 3908 3908 3908 3508 3908
3908 517 0 0 1142 0 0 0 0 9 3289 0 0 0 0 1284 0 0 2586 1566 3830 0 1035 0 404 2689 3908 0 3499 0 0 2385 0 0 3812 0 3908 3908 0 152 3908 2510 3730 0 0 0 0 1853 1973 79 3908 86 1763 0 0 0 0 13 0
3908 517 0 0 1142 0 0 0 0 9 3289 0 0 0 0 1284 0 0 2586 1566 3830 0 1035 0 404 2689 3908 0 3499 0 0 2385 0 0 3812 0 3908 3908 0 152 3908 2510 3730 0 0 0 0 1853 1973 79 3908 86 1763 0 0 0 0 13 0
0 3288 3908 3908 1843 3908 3908 3634 3908 3899 207 3908 3908 0 3908 1820 3908 3908 187 2342 0 3908 1 3908 458 103 0 3908 3 0 3908 1323 2882 3908 13 3908 0 0 3908 2339 0 1244 98 3908 3647 3908 13 198 1919 3364 0 1773 1292 3908 3908 3908 3908 3508 3908
152 2345 2339 2339 998 2339 2339 2339 2339 2339 124 2339 2339 651 2339 1481 2339 2339 73 1142 152 2339 11 2339 161 357 152 2339 163 0 2339 821 2346 2339 165 2339 152 152 2339 3908 152 1365 192 2339 2353 2339 595 584 1217 2309 152 1569 1207 2339 2339 2339 2339 1981 2339
3908 517 0 0 1142 0 0 0 0 9 3289 0 0 0 0 1284 0 0 2586 1566 3830 0 1035 0 404 2689 3908 0 3499 0 0 2385 0 0 3812 0 3908 3908 0 152 3908 2510 3730 0 0 0 0 1853 1973 79 3908 86 1763 0 0 0 0 13 0
2510 1761 1244 1244 57 1244 1244 1244 1244 1235 2083 1244 1244 4 1244 2528 1244 1244 1425 168 2510 1244 1035 1244 321 1291 2510 1244 2513 5 1244 987 1244 1244 2523 1244 2510 2510 1244 1365 2510 3908 2332 1244 1245 1244 4 455 575 1320 2510 1330 3018 1244 1244 1244 1244 844 1244
3730 339 98 98 1240 98 98 0 98 107 3111 98 98 40 98 1106 98 98 2521 1664 3652 98 1035 98 295 2729 3730 98 3321 0 98 2483 61 98 3634 98 3730 3730 98 192 3730 2332 3908 98 98 98 27 1751 2071 177 3730 86 1585 98 98 98 98 111 98
0 3288 3908 3908 1843 3908 3908 3634 3908 3899 207 3908 3908 0 3908 1820 3908 3908 187 2342 0 3908 1 3908 458 103 0 3908 3 0 3908 1323 2882 3908 13 3908 0 0 3908 2339 0 1244 98 3908 3647 3908 13 198 1919 3364 0 1773 1292 3908 3908 3908 3908 3508 3908
0 3027 3647 3647 1853 3647 3647 3373 3647 3638 306 3647 3647 224 3647 1559 3647 3647 187 2305 0 3647 1 3647 535 103 0 3647 3 0 3647 1323 2621 3647 13 3647 0 0 3647 2353 0 1245 98 3647 3908 3647 237 198 1919 3364 0 1632 1516 3647 3647 3647 3647 3247 3647
0 3288 3908 3908 1843 3908 3908 3634 3908 3899 207 3908 3908 0 3908 1820 3908 3908 187 2342 0 3908 1 3908 458 103 0 3908 3 0 3908 1323 2882 3908 13 3908 0 0 3908 2339 0 1244 98 3908 3647 3908 13 198 1919 3364 0 1773 1292 3908 3908 3908 3908 3508 3908
0 6 13 13 28 13 13 5 13 13 271 13 13 3852 13 527 13 13 47 13 0 13 473 13 1114 509 0 13 247 0 13 13 545 13 13 13 0 0 13 595 0 4 27 13 237 13 3908 581 13 17 0 472 573 13 13 13 13 175 13
1853 318 198 198 1313 198 198 190 198 207 1675 198 198 581 198 667 198 198 1452 1666 1775 198 694 198 477 1631 1853 198 1444 0 198 1671 463 198 1757 198 1853 1853 198 584 1853 455 1751 198 198 198 581 3908 1671 200 1853 172 368 198 198 198 198 211 198
1973 1299 1919 1919 2932 1919 1919 1645 1919 1928 1496 1919 1919 0 1919 154 1919 1919 1405 3485 1895 1919 1 1919 492 2076 1973 1919 1564 0 1919 3296 893 1919 1877 1919 1973 1973 1919 1217 1973 575 2071 1919 1919 1919 13 1671 3908 1998 1973 252 9 1919 1919 1919 1919 1932 1919
79 2744 3364 3364 1916 3364 3364 3090 3364 3355 131 3364 3364 4 3364 1423 3364 3364 101 2096 79 3364 390 3364 430 182 79 3364 82 0 3364 1402 2338 3364 92 3364 79 79 3364 2309 79 1320 177 3364 3364 3364 17 200 1998 3908 79 1521 1276 3364 3364 3364 3364 2964 3364
3908 517 0 0 1142 0 0 0 0 9 3289 0 0 0 0 1284 0 0 2586 1566 3830 0 1035 0 404 2689 3908 0 3499 0 0 2385 0 0 3812 0 3908 3908 0 152 3908 2510 3730 0 0 0 0 1853 1973 79 3908 86 1763 0 0 0 0 13 0
86 1729 1773 1773 272 1773 1773 1773 1773 1764 306 1773 1773 472 1773 1832 1773 1773 116 252 86 1773 4 1773 224 171 86 1773 89 0 1773 138 1943 1773 99 1773 86 86 1773 1569 86 1330 86 1773 1632 1773 472 172 252 1521 86 3908 1406 1773 1773 1773 1773 1373 1773
1763 1809 1292 1292 63 1292 1292 1292 1292 1283 1905 1292 1292 573 1292 2499 1292 1292 1063 4 1763 1292 1035 1292 267 544 1763 1292 1766 0 1292 258 1292 1292 1776 1292 1763 1763 1292 1207 1763 3018 1585 1292 1516 1292 573 368 9 1276 1763 1406 3908 1292 1292 1292 1292 892 1292
0 3288 3908 3908 1843 3908 3908 3634 3908 3899 207 3908 3908 0 3908 1820 3908 3908 187 2342 0 3908 1 3908 458 103 0 3908 3 0 3908 1323 2882 3908 13 3908 0 0 3908 2339 0 1244 98 3908 3647 3908 13 198 1919 3364 0 1773 1292 3908 3908 3908 3908 3508 3908
0 3288 3908 3908 1843 3908 3908 3634 3908 3899 207 3908 3908 0 3908 1820 3908 3908 187 2342 0 3908 1 3908 458 103 0 3908 3 0 3908 1323 2882 3908 13 3908 0 0 3908 2339 0 1244 98 3908 3647 3908 13 198 1919 3364 0 1773 1292 3908 3908 3908 3908 3508 3908
0 3288 3908 3908 1843 3908 3908 3634 3908 3899 207 3908 3908 0 3908 1820 3908 3908 187 2342 0 3908 1 3908 458 103 0 3908 3 0 3908 1323 2882 3908 13 3908 0 0 3908 2339 0 1244 98 3908 3647 3908 13 198 1919 3364 0 1773 1292 3908 3908 3908 3908 3508 3908
0 3288 3908 3908 1843 3908 3908 3634 3908 3899 207 3908 3908 0 3908 1820 3908 3908 187 2342 0 3908 1 3908 458 103 0 3908 3 0 3908 1323 2882 3908 13 3908 0 0 3908 2339 0 1244 98 3908 3647 3908 13 198 1919 3364 0 1773 1292 3908 3908 3908 3908 3508 3908
13 2888 3508 3508 1856 3508 3508 3234 3508 3517 220 3508 3508 162 3508 1420 3508 3508 198 2355 13 3508 39 3508 482 116 13 3508 52 0 3508 1336 2482 3508 26 3508 13 13 3508 1981 13 844 111 3508 3247 3508 175 211 1932 2964 13 1373 892 3508 3508 3508 3508 3908 3508
0 3288 3908 3908 1843 3908 3908 3634 3908 3899 207 3908 3908 0 3908 1820 3908 3908 187 2342 0 3908 1 3908 458 103 0 3908 3 0 3908 1323 2882 3908 13 3908 0 0 3908 2339 0 1244 98 3908 3647 3908 13 198 1919 3364 0 1773 1292 3908 3908 3908 3908 3508 3908
