1584 23 12 220 220 39 479 11 0 474 220 1245 1245 1245 220 1245 1245 220 1245 220 220 83 1245 164 1245 1245 4 1067 220 220 736 690 157 1245 220 220 220 1245 1245 5 220 0 1245 220 215 220 1245 220 220 220 568 1245 220 220 1245 175 1342 220 1245
23 1584 0 0 0 50 7 15 0 0 0 0 0 0 0 0 0 0 0 0 0 115 0 0 0 0 0 105 0 0 509 1 0 0 0 0 0 0 0 367 0 55 0 0 47 0 0 0 0 0 0 0 0 0 0 0 0 0 0
12 0 1584 0 0 535 46 30 0 30 0 0 0 0 0 0 0 0 0 5 0 138 0 66 0 0 0 0 0 0 0 0 12 0 0 0 0 0 0 0 0 0 0 0 0 0 0 0 0 0 129 0 0 0 0 45 0 0 0
220 0 0 1584 1584 34 44 81 0 1300 1584 0 0 0 1584 0 0 1584 0 1555 1584 61 0 658 0 0 0 0 1584 1584 0 339 1521 0 1584 1584 1584 0 0 0 1557 0 0 1584 746 1584 0 1584 1584 1584 50 0 1584 1584 0 1539 444 1584 0
220 0 0 1584 1584 34 44 81 0 1300 1584 0 0 0 1584 0 0 1584 0 1555 1584 61 0 658 0 0 0 0 1584 1584 0 339 1521 0 1584 1584 1584 0 0 0 1557 0 0 1584 746 1584 0 1584 1584 1584 50 0 1584 1584 0 1539 444 1584 0
39 50 535 34 34 1584 178 41 15 67 34 145 145 145 34 145 145 34 145 39 34 149 145 65 145 145 0 156 34 34 138 140 34 145 34 34 34 145 145 102 34 175 145 34 182 34 145 34 34 34 174 145 34 34 145 34 18 34 145
479 7 46 44 44 178 1584 40 12 46 44 818 818 818 44 818 818 44 818 24 44 102 818 35 818 818 0 797 44 44 797 850 44 818 44 44 44 818 818 42 44 37 818 44 561 44 818 44 44 44 809 818 44 44 818 44 374 44 818
11 15 30 81 81 41 40 1584 226 81 81 6 6 6 81 6 6 81 6 81 81 141 6 24 6 6 14 7 81 81 6 20 81 6 81 81 81 6 6 10 81 153 6 81 5 81 6 81 81 81 17 6 81 81 6 81 12 81 6
0 0 0 0 0 15 12 226 1584 0 0 0 0 0 0 0 0 0 0 0 0 36 0 14 0 0 0 10 0 0 0 12 0 0 0 0 0 0 0 136 0 268 0 0 7 0 0 0 0 0 74 0 0 0 0 0 0 0 0
474 0 30 1300 1300 67 46 81 0 1584 1300 254 254 254 1300 254 254 1300 254 1271 1300 122 254 658 254 254 0 76 1300 1300 31 55 1237 254 1300 1300 1300 254 254 0 1273 0 254 1300 462 1300 254 1300 1300 1300 50 254 1300 1300 254 1255 698 1300 254
220 0 0 1584 1584 34 44 81 0 1300 1584 0 0 0 1584 0 0 1584 0 1555 1584 61 0 658 0 0 0 0 1584 1584 0 339 1521 0 1584 1584 1584 0 0 0 1557 0 0 1584 746 1584 0 1584 1584 1584 50 0 1584 1584 0 1539 444 1584 0
1245 0 0 0 0 145 818 6 0 254 0 1584 1584 1584 0 1584 1584 0 1584 0 0 88 1584 18 1584 1584 0 1406 0 0 1075 1029 0 1584 0 0 0 1584 1584 0 0 0 1584 0 536 0 1584 0 0 0 907 1584 0 0 1584 0 1140 0 1584
1245 0 0 0 0 145 818 6 0 254 0 1584 1584 1584 0 1584 1584 0 1584 0 0 88 1584 18 1584 1584 0 1406 0 0 1075 1029 0 1584 0 0 0 1584 1584 0 0 0 1584 0 536 0 1584 0 0 0 907 1584 0 0 1584 0 1140 0 1584
1245 0 0 0 0 145 818 6 0 254 0 1584 1584 1584 0 1584 1584 0 1584 0 0 88 1584 18 1584 1584 0 1406 0 0 1075 1029 0 1584 0 0 0 1584 1584 0 0 0 1584 0 536 0 1584 0 0 0 907 1584 0 0 1584 0 1140 0 1584
220 0 0 1584 1584 34 44 81 0 1300 1584 0 0 0 1584 0 0 1584 0 1555 1584 61 0 658 0 0 0 0 1584 1584 0 339 1521 0 1584 1584 1584 0 0 0 1557 0 0 1584 746 1584 0 1584 1584 1584 50 0 1584 1584 0 1539 444 1584 0
1245 0 0 0 0 145 818 6 0 254 0 1584 1584 1584 0 1584 1584 0 1584 0 0 88 1584 18 1584 1584 0 1406 0 0 1075 1029 0 1584 0 0 0 1584 1584 0 0 0 1584 0 536 0 1584 0 0 0 907 1584 0 0 1584 0 1140 0 1584
1245 0 0 0 0 145 818 6 0 254 0 1584 1584 1584 0 1584 1584 0 1584 0 0 88 1584 18 1584 1584 0 1406 0 0 1075 1029 0 1584 0 0 0 1584 1584 0 0 0 1584 0 536 0 1584 0 0 0 907 1584 0 0 1584 0 1140 0 1584
220 0 0 1584 1584 34 44 81 0 1300 1584 0 0 0 1584 0 0 1584 0 1555 1584 61 0 658 0 0 0 0 1584 1584 0 339 1521 0 1584 1584 1584 0 0 0 1557 0 0 1584 746 1584 0 1584 1584 1584 50 0 1584 1584 0 1539 444 1584 0
1245 0 0 0 0 145 818 6 0 254 0 1584 1584 1584 0 1584 1584 0 1584 0 0 88 1584 18 1584 1584 0 1406 0 0 1075 1029 0 1584 0 0 0 1584 1584 0 0 0 1584 0 536 0 1584 0 0 0 907 1584 0 0 1584 0 1140 0 1584
220 0 5 1555 1555 39 24 81 0 1271 1555 0 0 0 1555 0 0 1555 0 1584 1555 58 0 658 0 0 0 0 1555 1555 0 310 1492 0 1555 1555 1555 0 0 0 1528 0 0 1555 717 1555 0 1555 1555 1555 50 0 1555 1555 0 1510 444 1555 0
220 0 0 1584 1584 34 44 81 0 1300 1584 0 0 0 1584 0 0 1584 0 1555 1584 61 0 658 0 0 0 0 1584 1584 0 339 1521 0 1584 1584 1584 0 0 0 1557 0 0 1584 746 1584 0 1584 1584 1584 50 0 1584 1584 0 1539 444 1584 0
83 115 138 61 61 149 102 141 36 122 61 88 88 88 61 88 88 61 88 58 61 1584 88 128 88 88 18 75 61 61 46 73 59 88 61 61 61 88 88 167 61 32 88 61 31 61 88 61 61 61 48 88 61 61 88 61 74 61 88
1245 0 0 0 0 145 818 6 0 254 0 1584 1584 1584 0 1584 1584 0 1584 0 0 88 1584 18 1584 1584 0 1406 0 0 1075 1029 0 1584 0 0 0 1584 1584 0 0 0 1584 0 536 0 1584 0 0 0 907 1584 0 0 1584 0 1140 0 1584
164 0 66 658 658 65 35 24 14 658 658 18 18 18 658 18 18 658 18 658 658 128 18 1584 18 18 8 19 658 658 3 45 658 18 658 658 658 18 18 6 631 18 18 658 202 658 18 658 658 658 97 18 658 658 18 613 354 658 18
1245 0 0 0 0 145 818 6 0 254 0 1584 1584 1584 0 1584 1584 0 1584 0 0 88 1584 18 1584 1584 0 1406 0 0 1075 1029 0 1584 0 0 0 1584 1584 0 0 0 1584 0 536 0 1584 0 0 0 907 1584 0 0 1584 0 1140 0 1584
1245 0 0 0 0 145 818 6 0 254 0 1584 1584 1584 0 1584 1584 0 1584 0 0 88 1584 18 1584 1584 0 1406 0 0 1075 1029 0 1584 0 0 0 1584 1584 0 0 0 1584 0 536 0 1584 0 0 0 907 1584 0 0 1584 0 1140 0 1584
4 0 0 0 0 0 0 14 0 0 0 0 0 0 0 0 0 0 0 0 0 18 0 8 0 0 1584 0 0 0 0 83 0 0 0 0 0 0 0 0 0 0 0 0 126 0 0 0 0 0 28 0 0 0 0 0 0 0 0
1067 105 0 0 0 156 797 7 10 76 0 1406 1406 1406 0 1406 1406 0 1406 0 0 75 1406 19 1406 1406 0 1584 0 0 1118 1029 0 1406 0 0 0 1406 1406 1 0 7 1406 0 536 0 1406 0 0 0 914 1406 0 0 1406 0 962 0 1406
220 0 0 1584 1584 34 44 81 0 1300 1584 0 0 0 1584 0 0 1584 0 1555 1584 61 0 658 0 0 0 0 1584 1584 0 339 1521 0 1584 1584 1584 0 0 0 1557 0 0 1584 746 1584 0 1584 1584 1584 50 0 1584 1584 0 1539 444 1584 0
220 0 0 1584 1584 34 44 81 0 1300 1584 0 0 0 1584 0 0 1584 0 1555 1584 61 0 658 0 0 0 0 1584 1584 0 339 1521 0 1584 1584 1584 0 0 0 1557 0 0 1584 746 1584 0 1584 1584 1584 50 0 1584 1584 0 1539 444 1584 0
736 509 0 0 0 138 797 6 0 31 0 1075 1075 1075 0 1075 1075 0 1075 0 0 46 1075 3 1075 1075 0 1118 0 0 1584 984 0 1075 0 0 0 1075 1075 0 0 0 1075 0 536 0 1075 0 0 0 890 1075 0 0 1075 0 631 0 1075
690 1 0 339 339 140 850 20 12 55 339 1029 1029 1029 339 1029 1029 339 1029 310 339 73 1029 45 1029 1029 83 1029 339 339 984 1584 339 1029 339 339 339 1029 1029 0 339 0 1029 339 875 339 1029 339 339 339 908 1029 339 339 1029 339 585 339 1029
157 0 12 1521 1521 34 44 81 0 1237 1521 0 0 0 1521 0 0 1521 0 1492 1521 59 0 658 0 0 0 0 1521 1521 0 339 1584 0 1521 1521 1521 0 0 0 1494 0 0 1521 746 1521 0 1521 1521 1521 50 0 1521 1521 0 1476 381 1521 0
1245 0 0 0 0 145 818 6 0 254 0 1584 1584 1584 0 1584 1584 0 1584 0 0 88 1584 18 1584 1584 0 1406 0 0 1075 1029 0 1584 0 0 0 1584 1584 0 0 0 1584 0 536 0 1584 0 0 0 907 1584 0 0 1584 0 1140 0 1584
220 0 0 1584 1584 34 44 81 0 1300 1584 0 0 0 1584 0 0 1584 0 1555 1584 61 0 658 0 0 0 0 1584 1584 0 339 1521 0 1584 1584 1584 0 0 0 1557 0 0 1584 746 1584 0 1584 1584 1584 50 0 1584 1584 0 1539 444 1584 0
220 0 0 1584 1584 34 44 81 0 1300 1584 0 0 0 1584 0 0 1584 0 1555 1584 61 0 658 0 0 0 0 1584 1584 0 339 1521 0 1584 1584 1584 0 0 0 1557 0 0 1584 746 1584 0 1584 1584 1584 50 0 1584 1584 0 1539 444 1584 0
220 0 0 1584 1584 34 44 81 0 1300 1584 0 0 0 1584 0 0 1584 0 1555 1584 61 0 658 0 0 0 0 1584 1584 0 339 1521 0 1584 1584 1584 0 0 0 1557 0 0 1584 746 1584 0 1584 1584 1584 50 0 1584 1584 0 1539 444 1584 0
1245 0 0 0 0 145 818 6 0 254 0 1584 1584 1584 0 1584 1584 0 1584 0 0 88 1584 18 1584 1584 0 1406 0 0 1075 1029 0 1584 0 0 0 1584 1584 0 0 0 1584 0 536 0 1584 0 0 0 907 1584 0 0 1584 0 1140 0 1584
1245 0 0 0 0 145 818 6 0 254 0 1584 1584 1584 0 1584 1584 0 1584 0 0 88 1584 18 1584 1584 0 1406 0 0 1075 1029 0 1584 0 0 0 1584 1584 0 0 0 1584 0 536 0 1584 0 0 0 907 1584 0 0 1584 0 1140 0 1584
5 367 0 0 0 102 42 10 136 0 0 0 0 0 0 0 0 0 0 0 0 167 0 6 0 0 0 1 0 0 0 0 0 0 0 0 0 0 0 1584 0 370 0 0 30 0 0 0 0 0 249 0 0 0 0 0 0 0 0
220 0 0 1557 1557 34 44 81 0 1273 1557 0 0 0 1557 0 0 1557 0 1528 1557 61 0 631 0 0 0 0 1557 1557 0 339 1494 0 1557 1557 1557 0 0 0 1584 0 0 1557 746 1557 0 1557 1557 1557 50 0 1557 1557 0 1512 444 1557 0
0 55 0 0 0 175 37 153 268 0 0 0 0 0 0 0 0 0 0 0 0 32 0 18 0 0 0 7 0 0 0 0 0 0 0 0 0 0 0 370 0 1584 0 0 14 0 0 0 0 0 211 0 0 0 0 0 0 0 0
1245 0 0 0 0 145 818 6 0 254 0 1584 1584 1584 0 1584 1584 0 1584 0 0 88 1584 18 1584 1584 0 1406 0 0 1075 1029 0 1584 0 0 0 1584 1584 0 0 0 1584 0 536 0 1584 0 0 0 907 1584 0 0 1584 0 1140 0 1584
220 0 0 1584 1584 34 44 81 0 1300 1584 0 0 0 1584 0 0 1584 0 1555 1584 61 0 658 0 0 0 0 1584 1584 0 339 1521 0 1584 1584 1584 0 0 0 1557 0 0 1584 746 1584 0 1584 1584 1584 50 0 1584 1584 0 1539 444 1584 0
215 47 0 746 746 182 561 5 7 462 746 536 536 536 746 536 536 746 536 717 746 31 536 202 536 536 126 536 746 746 536 875 746 536 746 746 746 536 536 30 746 14 536 746 1584 746 536 746 746 746 586 536 746 746 536 746 92 746 536
220 0 0 1584 1584 34 44 81 0 1300 1584 0 0 0 1584 0 0 1584 0 1555 1584 61 0 658 0 0 0 0 1584 1584 0 339 1521 0 1584 1584 1584 0 0 0 1557 0 0 1584 746 1584 0 1584 1584 1584 50 0 1584 1584 0 1539 444 1584 0
1245 0 0 0 0 145 818 6 0 254 0 1584 1584 1584 0 1584 1584 0 1584 0 0 88 1584 18 1584 1584 0 1406 0 0 1075 1029 0 1584 0 0 0 1584 1584 0 0 0 1584 0 536 0 1584 0 0 0 907 1584 0 0 1584 0 1140 0 1584
220 0 0 1584 1584 34 44 81 0 1300 1584 0 0 0 1584 0 0 1584 0 1555 1584 61 0 658 0 0 0 0 1584 1584 0 339 1521 0 1584 1584 1584 0 0 0 1557 0 0 1584 746 1584 0 1584 1584 1584 50 0 1584 1584 0 1539 444 1584 0
220 0 0 1584 1584 34 44 81 0 1300 1584 0 0 0 1584 0 0 1584 0 1555 1584 61 0 658 0 0 0 0 1584 1584 0 339 1521 0 1584 1584 1584 0 0 0 1557 0 0 1584 746 1584 0 1584 1584 1584 50 0 1584 1584 0 1539 444 1584 0
220 0 0 1584 1584 34 44 81 0 1300 1584 0 0 0 1584 0 0 1584 0 1555 1584 61 0 658 0 0 0 0 1584 1584 0 339 1521 0 1584 1584 1584 0 0 0 1557 0 0 1584 746 1584 0 1584 1584 1584 50 0 1584 1584 0 1539 444 1584 0
568 0 129 50 50 174 809 17 74 50 50 907 907 907 50 907 907 50 907 50 50 48 907 97 907 907 28 914 50 50 890 908 50 907 50 50 50 907 907 249 50 211 907 50 586 50 907 50 50 50 1584 907 50 50 907 50 463 50 907
1245 0 0 0 0 145 818 6 0 254 0 1584 1584 1584 0 1584 1584 0 1584 0 0 88 1584 18 1584 1584 0 1406 0 0 1075 1029 0 1584 0 0 0 1584 1584 0 0 0 1584 0 536 0 1584 0 0 0 907 1584 0 0 1584 0 1140 0 1584
220 0 0 1584 1584 34 44 81 0 1300 1584 0 0 0 1584 0 0 1584 0 1555 1584 61 0 658 0 0 0 0 1584 1584 0 339 1521 0 1584 1584 1584 0 0 0 1557 0 0 1584 746 1584 0 1584 1584 1584 50 0 1584 1584 0 1539 444 1584 0
220 0 0 1584 1584 34 44 81 0 1300 1584 0 0 0 1584 0 0 1584 0 1555 1584 61 0 658 0 0 0 0 1584 1584 0 339 1521 0 1584 1584 1584 0 0 0 1557 0 0 1584 746 1584 0 1584 1584 1584 50 0 1584 1584 0 1539 444 1584 0
1245 0 0 0 0 145 818 6 0 254 0 1584 1584 1584 0 1584 1584 0 1584 0 0 88 1584 18 1584 1584 0 1406 0 0 1075 1029 0 1584 0 0 0 1584 1584 0 0 0 1584 0 536 0 1584 0 0 0 907 1584 0 0 1584 0 1140 0 1584
175 0 45 1539 1539 34 44 81 0 1255 1539 0 0 0 1539 0 0 1539 0 1510 1539 61 0 613 0 0 0 0 1539 1539 0 339 1476 0 1539 1539 1539 0 0 0 1512 0 0 1539 746 1539 0 1539 1539 1539 50 0 1539 1539 0 1584 399 1539 0
1342 0 0 444 444 18 374 12 0 698 444 1140 1140 1140 444 1140 1140 444 1140 444 444 74 1140 354 1140 1140 0 962 444 444 631 585 381 1140 444 444 444 1140 1140 0 444 0 1140 444 92 444 1140 444 444 444 463 1140 444 444 1140 399 1584 444 1140
220 0 0 1584 1584 34 44 81 0 1300 1584 0 0 0 1584 0 0 1584 0 1555 1584 61 0 658 0 0 0 0 1584 1584 0 339 1521 0 1584 1584 1584 0 0 0 1557 0 0 1584 746 1584 0 1584 1584 1584 50 0 1584 1584 0 1539 444 1584 0
1245 0 0 0 0 145 818 6 0 254 0 1584 1584 1584 0 1584 1584 0 1584 0 0 88 1584 18 1584 1584 0 1406 0 0 1075 1029 0 1584 0 0 0 1584 1584 0 0 0 1584 0 536 0 1584 0 0 0 907 1584 0 0 1584 0 1140 0 1584
