2586 357 16 112 160 43 1081 65 1081 5 794 1081 70 70 26 26 26 26 16 1081 26 53 26 26 1081 26 0 26 26 26 701 26 1081 26 881 1081 1081 757 26 26 26 69 1081 639 1081 994 1081 1081 26 26 26 1081 1081 26 1081 26 497 227 26
357 2586 104 69 1301 2 318 169 318 27 329 321 211 240 0 0 0 0 197 318 0 30 0 0 318 0 250 0 0 0 0 0 318 0 318 318 318 104 0 0 0 45 318 11 318 325 318 318 0 0 0 318 318 0 318 0 226 97 0
16 104 2586 10 189 14 585 60 585 102 610 520 116 40 2 2 2 2 60 585 2 12 2 2 585 2 277 2 2 2 73 2 585 2 583 585 585 658 2 2 2 20 585 537 585 591 585 585 2 2 2 585 585 2 553 39 225 29 2
112 69 10 2586 31 143 221 50 221 59 199 222 39 22 28 28 28 28 309 221 28 33 28 28 221 28 52 28 28 28 150 28 221 28 199 221 221 154 28 117 28 34 221 126 221 221 221 221 28 28 28 221 221 28 221 28 32 66 28
160 1301 189 31 2586 44 139 540 139 11 150 142 207 155 43 43 43 43 131 139 43 80 43 43 139 43 266 43 43 43 139 43 139 43 139 139 139 206 43 43 43 74 139 151 139 126 139 139 43 43 43 139 139 43 139 43 645 124 43
43 2 14 143 44 2586 17 55 17 54 18 24 191 529 2286 2286 2286 2286 188 17 2286 1835 2286 2286 17 2286 1 2286 2286 2286 1631 2286 17 2286 17 17 17 74 2286 880 2286 1807 17 1065 17 34 17 17 2286 2286 2286 17 17 2286 49 2286 283 784 2286
1081 318 585 221 139 17 2586 34 2586 5 2299 2521 100 93 0 0 0 0 23 2586 0 33 0 0 2586 0 52 0 0 0 972 0 2586 0 2386 2586 2586 1697 0 0 0 36 2586 1376 2586 2499 2586 2586 0 0 0 2586 2586 0 2554 0 445 49 0
65 169 60 50 540 55 34 2586 34 268 41 46 125 13 47 47 47 47 125 34 47 60 47 47 34 47 5 47 47 47 45 47 34 47 34 34 34 148 47 10 47 52 34 54 34 39 34 34 47 47 47 34 34 47 34 47 159 47 47
1081 318 585 221 139 17 2586 34 2586 5 2299 2521 100 93 0 0 0 0 23 2586 0 33 0 0 2586 0 52 0 0 0 972 0 2586 0 2386 2586 2586 1697 0 0 0 36 2586 1376 2586 2499 2586 2586 0 0 0 2586 2586 0 2554 0 445 49 0
5 27 102 59 11 54 5 268 5 2586 7 5 153 220 54 54 54 54 307 5 54 73 54 54 5 54 56 54 54 54 5 54 5 54 5 5 5 14 54 54 54 85 5 8 5 5 5 5 54 54 54 5 5 54 5 54 141 69 54
794 329 610 199 150 18 2299 41 2299 7 2586 2234 73 53 218 218 218 218 23 2299 218 251 218 218 2299 218 52 218 218 218 685 218 2299 218 2460 2299 2299 1410 218 218 218 254 2299 1151 2299 2212 2299 2299 218 218 218 2299 2299 218 2267 217 480 267 218
1081 321 520 222 142 24 2521 46 2521 5 2234 2586 102 95 7 7 7 7 23 2521 7 40 7 7 2521 7 53 7 7 7 979 7 2521 7 2321 2521 2521 1632 7 0 7 43 2521 1311 2521 2434 2521 2521 7 7 7 2521 2521 7 2489 7 448 30 7
70 211 116 39 207 191 100 125 100 153 73 102 2586 988 198 198 198 198 112 100 198 245 198 198 100 198 175 198 198 198 230 198 100 198 63 100 100 222 198 22 198 206 100 227 100 96 100 100 198 198 198 100 100 198 100 198 167 251 198
70 240 40 22 155 529 93 13 93 220 53 95 988 2586 528 528 528 528 32 93 528 535 528 528 93 528 367 528 528 528 554 528 93 528 57 93 93 120 528 24 528 540 93 434 93 93 93 93 528 528 528 93 93 528 93 528 187 128 528
26 0 2 28 43 2286 0 47 0 54 218 7 198 528 2586 2586 2586 2586 63 0 2586 2135 2586 2586 0 2586 0 2586 2586 2586 1614 2586 0 2586 200 0 0 57 2586 1180 2586 2107 0 1054 0 17 0 0 2586 2586 2586 0 0 2586 32 2549 380 1084 2586
26 0 2 28 43 2286 0 47 0 54 218 7 198 528 2586 2586 2586 2586 63 0 2586 2135 2586 2586 0 2586 0 2586 2586 2586 1614 2586 0 2586 200 0 0 57 2586 1180 2586 2107 0 1054 0 17 0 0 2586 2586 2586 0 0 2586 32 2549 380 1084 2586
26 0 2 28 43 2286 0 47 0 54 218 7 198 528 2586 2586 2586 2586 63 0 2586 2135 2586 2586 0 2586 0 2586 2586 2586 1614 2586 0 2586 200 0 0 57 2586 1180 2586 2107 0 1054 0 17 0 0 2586 2586 2586 0 0 2586 32 2549 380 1084 2586
26 0 2 28 43 2286 0 47 0 54 218 7 198 528 2586 2586 2586 2586 63 0 2586 2135 2586 2586 0 2586 0 2586 2586 2586 1614 2586 0 2586 200 0 0 57 2586 1180 2586 2107 0 1054 0 17 0 0 2586 2586 2586 0 0 2586 32 2549 380 1084 2586
16 197 60 309 131 188 23 125 23 307 23 23 112 32 63 63 63 63 2586 23 63 61 63 63 23 63 134 63 63 63 56 63 23 63 23 23 23 55 63 39 63 84 23 54 23 24 23 23 63 63 63 23 23 63 50 63 119 326 63
1081 318 585 221 139 17 2586 34 2586 5 2299 2521 100 93 0 0 0 0 23 2586 0 33 0 0 2586 0 52 0 0 0 972 0 2586 0 2386 2586 2586 1697 0 0 0 36 2586 1376 2586 2499 2586 2586 0 0 0 2586 2586 0 2554 0 445 49 0
26 0 2 28 43 2286 0 47 0 54 218 7 198 528 2586 2586 2586 2586 63 0 2586 2135 2586 2586 0 2586 0 2586 2586 2586 1614 2586 0 2586 200 0 0 57 2586 1180 2586 2107 0 1054 0 17 0 0 2586 2586 2586 0 0 2586 32 2549 380 1084 2586
53 30 12 33 80 1835 33 60 33 73 251 40 245 535 2135 2135 2135 2135 61 33 2135 2586 2135 2135 33 2135 0 2135 2135 2135 1163 2135 33 2135 233 33 33 51 2135 1180 2135 2119 33 603 33 50 33 33 2135 2135 2135 33 33 2135 65 2098 384 1070 2135
26 0 2 28 43 2286 0 47 0 54 218 7 198 528 2586 2586 2586 2586 63 0 2586 2135 2586 2586 0 2586 0 2586 2586 2586 1614 2586 0 2586 200 0 0 57 2586 1180 2586 2107 0 1054 0 17 0 0 2586 2586 2586 0 0 2586 32 2549 380 1084 2586
26 0 2 28 43 2286 0 47 0 54 218 7 198 528 2586 2586 2586 2586 63 0 2586 2135 2586 2586 0 2586 0 2586 2586 2586 1614 2586 0 2586 200 0 0 57 2586 1180 2586 2107 0 1054 0 17 0 0 2586 2586 2586 0 0 2586 32 2549 380 1084 2586
1081 318 585 221 139 17 2586 34 2586 5 2299 2521 100 93 0 0 0 0 23 2586 0 33 0 0 2586 0 52 0 0 0 972 0 2586 0 2386 2586 2586 1697 0 0 0 36 2586 1376 2586 2499 2586 2586 0 0 0 2586 2586 0 2554 0 445 49 0
26 0 2 28 43 2286 0 47 0 54 218 7 198 528 2586 2586 2586 2586 63 0 2586 2135 2586 2586 0 2586 0 2586 2586 2586 1614 2586 0 2586 200 0 0 57 2586 1180 2586 2107 0 1054 0 17 0 0 2586 2586 2586 0 0 2586 32 2549 380 1084 2586
0 250 277 52 266 1 52 5 52 56 52 53 175 367 0 0 0 0 134 52 0 0 0 0 52 0 2586 0 0 0 52 0 52 0 52 52 52 72 0 0 0 0 52 52 52 52 52 52 0 0 0 52 52 0 52 0 159 23 0
26 0 2 28 43 2286 0 47 0 54 218 7 198 528 2586 2586 2586 2586 63 0 2586 2135 2586 2586 0 2586 0 2586 2586 2586 1614 2586 0 2586 200 0 0 57 2586 1180 2586 2107 0 1054 0 17 0 0 2586 2586 2586 0 0 2586 32 2549 380 1084 2586
26 0 2 28 43 2286 0 47 0 54 218 7 198 528 2586 2586 2586 2586 63 0 2586 2135 2586 2586 0 2586 0 2586 2586 2586 1614 2586 0 2586 200 0 0 57 2586 1180 2586 2107 0 1054 0 17 0 0 2586 2586 2586 0 0 2586 32 2549 380 1084 2586
26 0 2 28 43 2286 0 47 0 54 218 7 198 528 2586 2586 2586 2586 63 0 2586 2135 2586 2586 0 2586 0 2586 2586 2586 1614 2586 0 2586 200 0 0 57 2586 1180 2586 2107 0 1054 0 17 0 0 2586 2586 2586 0 0 2586 32 2549 380 1084 2586
701 0 73 150 139 1631 972 45 972 5 685 979 230 554 1614 1614 1614 1614 56 972 1614 1163 1614 1614 972 1614 52 1614 1614 1614 2586 1614 972 1614 772 972 972 1029 1614 208 1614 1135 972 1964 972 885 972 972 1614 1614 1614 972 972 1614 1004 1614 476 258 1614
26 0 2 28 43 2286 0 47 0 54 218 7 198 528 2586 2586 2586 2586 63 0 2586 2135 2586 2586 0 2586 0 2586 2586 2586 1614 2586 0 2586 200 0 0 57 2586 1180 2586 2107 0 1054 0 17 0 0 2586 2586 2586 0 0 2586 32 2549 380 1084 2586
1081 318 585 221 139 17 2586 34 2586 5 2299 2521 100 93 0 0 0 0 23 2586 0 33 0 0 2586 0 52 0 0 0 972 0 2586 0 2386 2586 2586 1697 0 0 0 36 2586 1376 2586 2499 2586 2586 0 0 0 2586 2586 0 2554 0 445 49 0
26 0 2 28 43 2286 0 47 0 54 218 7 198 528 2586 2586 2586 2586 63 0 2586 2135 2586 2586 0 2586 0 2586 2586 2586 1614 2586 0 2586 200 0 0 57 2586 1180 2586 2107 0 1054 0 17 0 0 2586 2586 2586 0 0 2586 32 2549 380 1084 2586
881 318 583 199 139 17 2386 34 2386 5 2460 2321 63 57 200 200 200 200 23 2386 200 233 200 200 2386 200 52 200 200 200 772 200 2386 200 2586 2386 2386 1497 200 200 200 236 2386 1238 2386 2299 2386 2386 200 200 200 2386 2386 200 2354 200 550 249 200
1081 318 585 221 139 17 2586 34 2586 5 2299 2521 100 93 0 0 0 0 23 2586 0 33 0 0 2586 0 52 0 0 0 972 0 2586 0 2386 2586 2586 1697 0 0 0 36 2586 1376 2586 2499 2586 2586 0 0 0 2586 2586 0 2554 0 445 49 0
1081 318 585 221 139 17 2586 34 2586 5 2299 2521 100 93 0 0 0 0 23 2586 0 33 0 0 2586 0 52 0 0 0 972 0 2586 0 2386 2586 2586 1697 0 0 0 36 2586 1376 2586 2499 2586 2586 0 0 0 2586 2586 0 2554 0 445 49 0
757 104 658 154 206 74 1697 148 1697 14 1410 1632 222 120 57 57 57 57 55 1697 57 51 57 57 1697 57 72 57 57 57 1029 57 1697 57 1497 1697 1697 2586 57 68 57 52 1697 1433 1697 1610 1697 1697 57 57 57 1697 1697 57 1665 57 530 61 57
26 0 2 28 43 2286 0 47 0 54 218 7 198 528 2586 2586 2586 2586 63 0 2586 2135 2586 2586 0 2586 0 2586 2586 2586 1614 2586 0 2586 200 0 0 57 2586 1180 2586 2107 0 1054 0 17 0 0 2586 2586 2586 0 0 2586 32 2549 380 1084 2586
26 0 2 117 43 880 0 10 0 54 218 0 22 24 1180 1180 1180 1180 39 0 1180 1180 1180 1180 0 1180 0 1180 1180 1180 208 1180 0 1180 200 0 0 68 1180 2586 1180 1214 0 0 0 17 0 0 1180 1180 1180 0 0 1180 32 1143 380 1036 1180
26 0 2 28 43 2286 0 47 0 54 218 7 198 528 2586 2586 2586 2586 63 0 2586 2135 2586 2586 0 2586 0 2586 2586 2586 1614 2586 0 2586 200 0 0 57 2586 1180 2586 2107 0 1054 0 17 0 0 2586 2586 2586 0 0 2586 32 2549 380 1084 2586
69 45 20 34 74 1807 36 52 36 85 254 43 206 540 2107 2107 2107 2107 84 36 2107 2119 2107 2107 36 2107 0 2107 2107 2107 1135 2107 36 2107 236 36 36 52 2107 1214 2107 2586 36 575 36 53 36 36 2107 2107 2107 36 36 2107 68 2070 413 1077 2107
1081 318 585 221 139 17 2586 34 2586 5 2299 2521 100 93 0 0 0 0 23 2586 0 33 0 0 2586 0 52 0 0 0 972 0 2586 0 2386 2586 2586 1697 0 0 0 36 2586 1376 2586 2499 2586 2586 0 0 0 2586 2586 0 2554 0 445 49 0
639 11 537 126 151 1065 1376 54 1376 8 1151 1311 227 434 1054 1054 1054 1054 54 1376 1054 603 1054 1054 1376 1054 52 1054 1054 1054 1964 1054 1376 1054 1238 1376 1376 1433 1054 0 1054 575 1376 2586 1376 1289 1376 1376 1054 1054 1054 1376 1376 1054 1344 1054 397 138 1054
1081 318 585 221 139 17 2586 34 2586 5 2299 2521 100 93 0 0 0 0 23 2586 0 33 0 0 2586 0 52 0 0 0 972 0 2586 0 2386 2586 2586 1697 0 0 0 36 2586 1376 2586 2499 2586 2586 0 0 0 2586 2586 0 2554 0 445 49 0
994 325 591 221 126 34 2499 39 2499 5 2212 2434 96 93 17 17 17 17 24 2499 17 50 17 17 2499 17 52 17 17 17 885 17 2499 17 2299 2499 2499 1610 17 17 17 53 2499 1289 2499 2586 2499 2499 17 17 17 2499 2499 17 2467 17 358 66 17
1081 318 585 221 139 17 2586 34 2586 5 2299 2521 100 93 0 0 0 0 23 2586 0 33 0 0 2586 0 52 0 0 0 972 0 2586 0 2386 2586 2586 1697 0 0 0 36 2586 1376 2586 2499 2586 2586 0 0 0 2586 2586 0 2554 0 445 49 0
1081 318 585 221 139 17 2586 34 2586 5 2299 2521 100 93 0 0 0 0 23 2586 0 33 0 0 2586 0 52 0 0 0 972 0 2586 0 2386 2586 2586 1697 0 0 0 36 2586 1376 2586 2499 2586 2586 0 0 0 2586 2586 0 2554 0 445 49 0
26 0 2 28 43 2286 0 47 0 54 218 7 198 528 2586 2586 2586 2586 63 0 2586 2135 2586 2586 0 2586 0 2586 2586 2586 1614 2586 0 2586 200 0 0 57 2586 1180 2586 2107 0 1054 0 17 0 0 2586 2586 2586 0 0 2586 32 2549 380 1084 2586
26 0 2 28 43 2286 0 47 0 54 218 7 198 528 2586 2586 2586 2586 63 0 2586 2135 2586 2586 0 2586 0 2586 2586 2586 1614 2586 0 2586 200 0 0 57 2586 1180 2586 2107 0 1054 0 17 0 0 2586 2586 2586 0 0 2586 32 2549 380 1084 2586
26 0 2 28 43 2286 0 47 0 54 218 7 198 528 2586 2586 2586 2586 63 0 2586 2135 2586 2586 0 2586 0 2586 2586 2586 1614 2586 0 2586 200 0 0 57 2586 1180 2586 2107 0 1054 0 17 0 0 2586 2586 2586 0 0 2586 32 2549 380 1084 2586
1081 318 585 221 139 17 2586 34 2586 5 2299 2521 100 93 0 0 0 0 23 2586 0 33 0 0 2586 0 52 0 0 0 972 0 2586 0 2386 2586 2586 1697 0 0 0 36 2586 1376 2586 2499 2586 2586 0 0 0 2586 2586 0 2554 0 445 49 0
1081 318 585 221 139 17 2586 34 2586 5 2299 2521 100 93 0 0 0 0 23 2586 0 33 0 0 2586 0 52 0 0 0 972 0 2586 0 2386 2586 2586 1697 0 0 0 36 2586 1376 2586 2499 2586 2586 0 0 0 2586 2586 0 2554 0 445 49 0
26 0 2 28 43 2286 0 47 0 54 218 7 198 528 2586 2586 2586 2586 63 0 2586 2135 2586 2586 0 2586 0 2586 2586 2586 1614 2586 0 2586 200 0 0 57 2586 1180 2586 2107 0 1054 0 17 0 0 2586 2586 2586 0 0 2586 32 2549 380 1084 2586
1081 318 553 221 139 49 2554 34 2554 5 2267 2489 100 93 32 32 32 32 50 2554 32 65 32 32 2554 32 52 32 32 32 1004 32 2554 32 2354 2554 2554 1665 32 32 32 68 2554 1344 2554 2467 2554 2554 32 32 32 2554 2554 32 2586 32 445 49 32
26 0 39 28 43 2286 0 47 0 54 217 7 198 528 2549 2549 2549 2549 63 0 2549 2098 2549 2549 0 2549 0 2549 2549 2549 1614 2549 0 2549 200 0 0 57 2549 1143 2549 2070 0 1054 0 17 0 0 2549 2549 2549 0 0 2549 32 2586 380 1047 2549
497 226 225 32 645 283 445 159 445 141 480 448 167 187 380 380 380 380 119 445 380 384 380 380 445 380 159 380 380 380 476 380 445 380 550 445 445 530 380 380 380 413 445 397 445 358 445 445 380 380 380 445 445 380 445 380 2586 399 380
227 97 29 66 124 784 49 47 49 69 267 30 251 128 1084 1084 1084 1084 326 49 1084 1070 1084 1084 49 1084 23 1084 1084 1084 258 1084 49 1084 249 49 49 61 1084 1036 1084 1077 49 138 49 66 49 49 1084 1084 1084 49 49 1084 49 1047 399 2586 1084
26 0 2 28 43 2286 0 47 0 54 218 7 198 528 2586 2586 2586 2586 63 0 2586 2135 2586 2586 0 2586 0 2586 2586 2586 1614 2586 0 2586 200 0 0 57 2586 1180 2586 2107 0 1054 0 17 0 0 2586 2586 2586 0 0 2586 32 2549 380 1084 2586
