717 0 0 717 0 717 717 610 83 717 420 717 706 0 0 0 665 717 717 0 717 219 0 0 582 717 0 603 717 717 663 533 0 717 717 717 717 717 717 0 0 0 717 366 497 0 93 717 0 0 717 0 717 0 717 1 717 0 0
0 717 717 0 717 0 0 0 0 0 297 0 0 0 717 717 0 0 0 717 0 4 717 717 31 0 717 0 0 0 0 0 717 0 0 0 0 0 0 0 717 717 0 0 72 479 624 0 717 717 0 717 0 717 0 514 0 717 717
0 717 717 0 717 0 0 0 0 0 297 0 0 0 717 717 0 0 0 717 0 4 717 717 31 0 717 0 0 0 0 0 717 0 0 0 0 0 0 0 717 717 0 0 72 479 624 0 717 717 0 717 0 717 0 514 0 717 717
717 0 0 717 0 717 717 610 83 717 420 717 706 0 0 0 665 717 717 0 717 219 0 0 582 717 0 603 717 717 663 533 0 717 717 717 717 717 717 0 0 0 717 366 497 0 93 717 0 0 717 0 717 0 717 1 717 0 0
0 717 717 0 717 0 0 0 0 0 297 0 0 0 717 717 0 0 0 717 0 4 717 717 31 0 717 0 0 0 0 0 717 0 0 0 0 0 0 0 717 717 0 0 72 479 624 0 717 717 0 717 0 717 0 514 0 717 717
717 0 0 717 0 717 717 610 83 717 420 717 706 0 0 0 665 717 717 0 717 219 0 0 582 717 0 603 717 717 663 533 0 717 717 717 717 717 717 0 0 0 717 366 497 0 93 717 0 0 717 0 717 0 717 1 717 0 0
717 0 0 717 0 717 717 610 83 717 420 717 706 0 0 0 665 717 717 0 717 219 0 0 582 717 0 603 717 717 663 533 0 717 717 717 717 717 717 0 0 0 717 366 497 0 93 717 0 0 717 0 717 0 717 1 717 0 0
610 0 0 610 0 610 610 717 24 610 313 610 599 0 0 0 614 610 610 0 610 112 0 0 539 610 0 603 610 610 610 426 0 610 610 610 610 610 610 70 0 0 610 367 497 0 1 610 0 0 610 0 610 0 610 1 610 0 0
83 0 0 83 0 83 83 24 717 83 83 83 83 0 0 0 31 83 83 0 83 148 0 0 30 83 0 0 83 83 29 83 0 83 83 83 83 83 83 0 0 0 83 0 0 0 83 83 0 0 83 0 83 0 83 0 83 0 0
717 0 0 717 0 717 717 610 83 717 420 717 706 0 0 0 665 717 717 0 717 219 0 0 582 717 0 603 717 717 663 533 0 717 717 717 717 717 717 0 0 0 717 366 497 0 93 717 0 0 717 0 717 0 717 1 717 0 0
420 297 297 420 297 420 420 313 83 420 717 420 420 0 297 297 368 420 420 297 420 206 297 297 379 420 297 306 420 420 366 420 297 420 420 420 420 420 420 0 297 297 420 69 200 59 390 420 297 297 420 297 420 297 420 94 420 297 297
717 0 0 717 0 717 717 610 83 717 420 717 706 0 0 0 665 717 717 0 717 219 0 0 582 717 0 603 717 717 663 533 0 717 717 717 717 717 717 0 0 0 717 366 497 0 93 717 0 0 717 0 717 0 717 1 717 0 0
706 0 0 706 0 706 706 599 83 706 420 706 717 0 0 0 654 706 706 0 706 219 0 0 571 706 0 592 706 706 652 526 0 706 706 706 706 706 706 0 0 0 706 355 486 0 93 706 0 0 706 0 706 0 706 1 706 0 0
0 0 0 0 0 0 0 0 0 0 0 0 0 717 0 0 0 0 0 0 0 9 0 0 0 0 0 0 0 0 0 0 0 0 0 0 0 0 0 0 0 0 0 0 0 0 0 0 0 0 0 0 0 0 0 0 0 0 0
0 717 717 0 717 0 0 0 0 0 297 0 0 0 717 717 0 0 0 717 0 4 717 717 31 0 717 0 0 0 0 0 717 0 0 0 0 0 0 0 717 717 0 0 72 479 624 0 717 717 0 717 0 717 0 514 0 717 717
0 717 717 0 717 0 0 0 0 0 297 0 0 0 717 717 0 0 0 717 0 4 717 717 31 0 717 0 0 0 0 0 717 0 0 0 0 0 0 0 717 717 0 0 72 479 624 0 717 717 0 717 0 717 0 514 0 717 717
665 0 0 665 0 665 665 614 31 665 368 665 654 0 0 0 717 665 665 0 665 167 0 0 575 665 0 625 665 665 686 481 0 665 665 665 665 665 665 4 0 0 665 389 519 0 41 665 0 0 665 0 665 0 665 1 665 0 0
717 0 0 717 0 717 717 610 83 717 420 717 706 0 0 0 665 717 717 0 717 219 0 0 582 717 0 603 717 717 663 533 0 717 717 717 717 717 717 0 0 0 717 366 497 0 93 717 0 0 717 0 717 0 717 1 717 0 0
717 0 0 717 0 717 717 610 83 717 420 717 706 0 0 0 665 717 717 0 717 219 0 0 582 717 0 603 717 717 663 533 0 717 717 717 717 717 717 0 0 0 717 366 497 0 93 717 0 0 717 0 717 0 717 1 717 0 0
0 717 717 0 717 0 0 0 0 0 297 0 0 0 717 717 0 0 0 717 0 4 717 717 31 0 717 0 0 0 0 0 717 0 0 0 0 0 0 0 717 717 0 0 72 479 624 0 717 717 0 717 0 717 0 514 0 717 717
717 0 0 717 0 717 717 610 83 717 420 717 706 0 0 0 665 717 717 0 717 219 0 0 582 717 0 603 717 717 663 533 0 717 717 717 717 717 717 0 0 0 717 366 497 0 93 717 0 0 717 0 717 0 717 1 717 0 0
219 4 4 219 4 219 219 112 148 219 206 219 219 9 4 4 167 219 219 4 219 717 4 4 147 219 4 105 219 219 165 224 4 219 219 219 219 219 219 1 4 4 219 109 92 55 97 219 4 4 219 4 219 4 219 20 219 4 4
0 717 717 0 717 0 0 0 0 0 297 0 0 0 717 717 0 0 0 717 0 4 717 717 31 0 717 0 0 0 0 0 717 0 0 0 0 0 0 0 717 717 0 0 72 479 624 0 717 717 0 717 0 717 0 514 0 717 717
0 717 717 0 717 0 0 0 0 0 297 0 0 0 717 717 0 0 0 717 0 4 717 717 31 0 717 0 0 0 0 0 717 0 0 0 0 0 0 0 717 717 0 0 72 479 624 0 717 717 0 717 0 717 0 514 0 717 717
582 31 31 582 31 582 582 539 30 582 379 582 571 0 31 31 575 582 582 31 582 147 31 31 717 582 31 532 582 582 581 404 31 582 582 582 582 582 582 0 31 31 582 303 426 1 61 582 31 31 582 31 582 31 582 25 582 31 31
717 0 0 717 0 717 717 610 83 717 420 717 706 0 0 0 665 717 717 0 717 219 0 0 582 717 0 603 717 717 663 533 0 717 717 717 717 717 717 0 0 0 717 366 497 0 93 717 0 0 717 0 717 0 717 1 717 0 0
0 717 717 0 717 0 0 0 0 0 297 0 0 0 717 717 0 0 0 717 0 4 717 717 31 0 717 0 0 0 0 0 717 0 0 0 0 0 0 0 717 717 0 0 72 479 624 0 717 717 0 717 0 717 0 514 0 717 717
603 0 0 603 0 603 603 603 0 603 306 603 592 0 0 0 625 603 603 0 603 105 0 0 532 603 0 717 603 603 603 419 0 603 603 603 603 603 603 1 0 0 603 367 607 0 0 603 0 0 603 0 603 0 603 1 603 0 0
717 0 0 717 0 717 717 610 83 717 420 717 706 0 0 0 665 717 717 0 717 219 0 0 582 717 0 603 717 717 663 533 0 717 717 717 717 717 717 0 0 0 717 366 497 0 93 717 0 0 717 0 717 0 717 1 717 0 0
717 0 0 717 0 717 717 610 83 717 420 717 706 0 0 0 665 717 717 0 717 219 0 0 582 717 0 603 717 717 663 533 0 717 717 717 717 717 717 0 0 0 717 366 497 0 93 717 0 0 717 0 717 0 717 1 717 0 0
663 0 0 663 0 663 663 610 29 663 366 663 652 0 0 0 686 663 663 0 663 165 0 0 581 663 0 603 663 663 717 479 0 663 663 663 663 663 663 0 0 0 663 420 497 0 39 663 0 0 663 0 663 0 663 1 663 0 0
533 0 0 533 0 533 533 426 83 533 420 533 526 0 0 0 481 533 533 0 533 224 0 0 404 533 0 419 533 533 479 717 0 533 533 533 533 533 533 3 0 0 533 182 313 12 93 533 0 0 533 0 533 0 533 121 533 0 0
0 717 717 0 717 0 0 0 0 0 297 0 0 0 717 717 0 0 0 717 0 4 717 717 31 0 717 0 0 0 0 0 717 0 0 0 0 0 0 0 717 717 0 0 72 479 624 0 717 717 0 717 0 717 0 514 0 717 717
717 0 0 717 0 717 717 610 83 717 420 717 706 0 0 0 665 717 717 0 717 219 0 0 582 717 0 603 717 717 663 533 0 717 717 717 717 717 717 0 0 0 717 366 497 0 93 717 0 0 717 0 717 0 717 1 717 0 0
717 0 0 717 0 717 717 610 83 717 420 717 706 0 0 0 665 717 717 0 717 219 0 0 582 717 0 603 717 717 663 533 0 717 717 717 717 717 717 0 0 0 717 366 497 0 93 717 0 0 717 0 717 0 717 1 717 0 0
717 0 0 717 0 717 717 610 83 717 420 717 706 0 0 0 665 717 717 0 717 219 0 0 582 717 0 603 717 717 663 533 0 717 717 717 717 717 717 0 0 0 717 366 497 0 93 717 0 0 717 0 717 0 717 1 717 0 0
717 0 0 717 0 717 717 610 83 717 420 717 706 0 0 0 665 717 717 0 717 219 0 0 582 717 0 603 717 717 663 533 0 717 717 717 717 717 717 0 0 0 717 366 497 0 93 717 0 0 717 0 717 0 717 1 717 0 0
717 0 0 717 0 717 717 610 83 717 420 717 706 0 0 0 665 717 717 0 717 219 0 0 582 717 0 603 717 717 663 533 0 717 717 717 717 717 717 0 0 0 717 366 497 0 93 717 0 0 717 0 717 0 717 1 717 0 0
717 0 0 717 0 717 717 610 83 717 420 717 706 0 0 0 665 717 717 0 717 219 0 0 582 717 0 603 717 717 663 533 0 717 717 717 717 717 717 0 0 0 717 366 497 0 93 717 0 0 717 0 717 0 717 1 717 0 0
0 0 0 0 0 0 0 70 0 0 0 0 0 0 0 0 4 0 0 0 0 1 0 0 0 0 0 1 0 0 0 3 0 0 0 0 0 0 0 717 0 0 0 0 0 2 0 0 0 0 0 0 0 0 0 0 0 0 0
0 717 717 0 717 0 0 0 0 0 297 0 0 0 717 717 0 0 0 717 0 4 717 717 31 0 717 0 0 0 0 0 717 0 0 0 0 0 0 0 717 717 0 0 72 479 624 0 717 717 0 717 0 717 0 514 0 717 717
0 717 717 0 717 0 0 0 0 0 297 0 0 0 717 717 0 0 0 717 0 4 717 717 31 0 717 0 0 0 0 0 717 0 0 0 0 0 0 0 717 717 0 0 72 479 624 0 717 717 0 717 0 717 0 514 0 717 717
717 0 0 717 0 717 717 610 83 717 420 717 706 0 0 0 665 717 717 0 717 219 0 0 582 717 0 603 717 717 663 533 0 717 717 717 717 717 717 0 0 0 717 366 497 0 93 717 0 0 717 0 717 0 717 1 717 0 0
366 0 0 366 0 366 366 367 0 366 69 366 355 0 0 0 389 366 366 0 366 109 0 0 303 366 0 367 366 366 420 182 0 366 366 366 366 366 366 0 0 0 366 717 368 0 0 366 0 0 366 0 366 0 366 1 366 0 0
497 72 72 497 72 497 497 497 0 497 200 497 486 0 72 72 519 497 497 72 497 92 72 72 426 497 72 607 497 497 497 313 72 497 497 497 497 497 497 0 72 72 497 368 717 72 72 497 72 72 497 72 497 72 497 73 497 72 72
0 479 479 0 479 0 0 0 0 0 59 0 0 0 479 479 0 0 0 479 0 55 479 479 1 0 479 0 0 0 0 12 479 0 0 0 0 0 0 2 479 479 0 0 72 717 386 0 479 479 0 479 0 479 0 517 0 479 479
93 624 624 93 624 93 93 1 83 93 390 93 93 0 624 624 41 93 93 624 93 97 624 624 61 93 624 0 93 93 39 93 624 93 93 93 93 93 93 0 624 624 93 0 72 386 717 93 624 624 93 624 93 624 93 421 93 624 624
717 0 0 717 0 717 717 610 83 717 420 717 706 0 0 0 665 717 717 0 717 219 0 0 582 717 0 603 717 717 663 533 0 717 717 717 717 717 717 0 0 0 717 366 497 0 93 717 0 0 717 0 717 0 717 1 717 0 0
0 717 717 0 717 0 0 0 0 0 297 0 0 0 717 717 0 0 0 717 0 4 717 717 31 0 717 0 0 0 0 0 717 0 0 0 0 0 0 0 717 717 0 0 72 479 624 0 717 717 0 717 0 717 0 514 0 717 717
0 717 717 0 717 0 0 0 0 0 297 0 0 0 717 717 0 0 0 717 0 4 717 717 31 0 717 0 0 0 0 0 717 0 0 0 0 0 0 0 717 717 0 0 72 479 624 0 717 717 0 717 0 717 0 514 0 717 717
717 0 0 717 0 717 717 610 83 717 420 717 706 0 0 0 665 717 717 0 717 219 0 0 582 717 0 603 717 717 663 533 0 717 717 717 717 717 717 0 0 0 717 366 497 0 93 717 0 0 717 0 717 0 717 1 717 0 0
0 717 717 0 717 0 0 0 0 0 297 0 0 0 717 717 0 0 0 717 0 4 717 717 31 0 717 0 0 0 0 0 717 0 0 0 0 0 0 0 717 717 0 0 72 479 624 0 717 717 0 717 0 717 0 514 0 717 717
717 0 0 717 0 717 717 610 83 717 420 717 706 0 0 0 665 717 717 0 717 219 0 0 582 717 0 603 717 717 663 533 0 717 717 717 717 717 717 0 0 0 717 366 497 0 93 717 0 0 717 0 717 0 717 1 717 0 0
0 717 717 0 717 0 0 0 0 0 297 0 0 0 717 717 0 0 0 717 0 4 717 717 31 0 717 0 0 0 0 0 717 0 0 0 0 0 0 0 717 717 0 0 72 479 624 0 717 717 0 717 0 717 0 514 0 717 717
717 0 0 717 0 717 717 610 83 717 420 717 706 0 0 0 665 717 717 0 717 219 0 0 582 717 0 603 717 717 663 533 0 717 717 717 717 717 717 0 0 0 717 366 497 0 93 717 0 0 717 0 717 0 717 1 717 0 0
1 514 514 1 514 1 1 1 0 1 94 1 1 0 514 514 1 1 1 514 1 20 514 514 25 1 514 1 1 1 1 121 514 1 1 1 1 1 1 0 514 514 1 1 73 517 421 1 514 514 1 514 1 514 1 717 1 514 514
717 0 0 717 0 717 717 610 83 717 420 717 706 0 0 0 665 717 717 0 717 219 0 0 582 717 0 603 717 717 663 533 0 717 717 717 717 717 717 0 0 0 717 366 497 0 93 717 0 0 717 0 717 0 717 1 717 0 0
0 717 717 0 717 0 0 0 0 0 297 0 0 0 717 717 0 0 0 717 0 4 717 717 31 0 717 0 0 0 0 0 717 0 0 0 0 0 0 0 717 717 0 0 72 479 624 0 717 717 0 717 0 717 0 514 0 717 717
0 717 717 0 717 0 0 0 0 0 297 0 0 0 717 717 0 0 0 717 0 4 717 717 31 0 717 0 0 0 0 0 717 0 0 0 0 0 0 0 717 717 0 0 72 479 624 0 717 717 0 717 0 717 0 514 0 717 717
