1 2613606 
2 2613702 
3 2613715 
4 2613717 
5 2613721 
6 2613726 
7 2613734 
8 2613738 
9 2613741 
10 2613866 
11 2613874 
12 2613875 
13 2613878 
14 2613879 
15 2613881 
16 2613889 
17 2613898 
18 2613900 
19 2613900 
20 2613905 
21 2613914 
22 2613915 
23 2613924 
24 2613926 
25 2613989 
26 2613990 
27 2613990 
28 2613997 
29 2614005 
30 2614008 
31 2614008 
32 2614008 
33 2614054 
34 2614067 
35 2614071 
36 2614076 
37 2614077 
38 2614080 
39 2614085 
40 2614095 
41 2614151 
42 2614153 
43 2614165 
44 2614170 
45 2614171 
46 2614171 
47 2614171 
48 2614171 
49 2614172 
50 2614174 
51 2614175 
52 2614175 
53 2614176 
54 2614176 
55 2614177 
56 2614177 
57 2614177 
58 2614178 
59 2614178 
60 2614178 
61 2614178 
62 2614179 
63 2614179 
64 2614180 
65 2614181 
66 2614183 
67 2614186 
68 2614189 
69 2614192 
70 2614230 
71 2614230 
72 2614230 
73 2614231 
74 2614233 
75 2614237 
76 2614237 
77 2614242 
78 2614243 
79 2614243 
80 2614244 
81 2614246 
82 2614252 
83 2614252 
84 2614270 
85 2614271 
86 2614271 
87 2614271 
88 2614273 
89 2614273 
90 2614273 
91 2614317 
92 2614317 
93 2614318 
94 2614326 
95 2614326 
96 2614332 
97 2614338 
98 2614364 
99 2614365 
100 2614369 
101 2614370 
102 2614373 
103 2614384 
104 2614384 
105 2614393 
106 2614407 
107 2614410 
108 2614411 
109 2614413 
110 2614502 
111 2614514 
112 2614515 
113 2614515 
114 2614516 
115 2614518 
116 2614518 
117 2614519 
118 2614519 
119 2614519 
120 2614520 
121 2614520 
122 2614521 
123 2614522 
124 2614522 
125 2614523 
126 2614523 
127 2614523 
128 2614524 
129 2614524 
130 2614524 
131 2614524 
132 2614525 
133 2614525 
134 2614525 
135 2614525 
136 2614526 
137 2614526 
138 2614526 
139 2614527 
140 2614527 
141 2614527 
142 2614528 
143 2614528 
144 2614528 
145 2614529 
146 2614529 
147 2614529 
148 2614529 
149 2614530 
150 2614530 
151 2614530 
152 2614531 
153 2614583 
154 2614593 
155 2614594 
156 2614594 
157 2614594 
158 2614595 
159 2614600 
160 2614620 
161 2614621 
162 2614621 
163 2614621 
164 2614624 
165 2614625 
166 2614640 
167 2614643 
168 2614643 
169 2614664 
170 2614668 
171 2614668 
172 2614668 
173 2614672 
174 2614674 
175 2614676 
176 2614691 
177 2614691 
178 2614691 
179 2614694 
180 2614694 
181 2614701 
182 2614701 
183 2614702 
184 2614702 
185 2614703 
186 2614704 
187 2614704 
188 2614704 
189 2614705 
190 2614705 
191 2614719 
192 2614724 
193 2614725 
194 2614734 
195 2614734 
196 2614743 
197 2614795 
198 2614795 
199 2614796 
200 2614796 
201 2614800 
202 2614816 
203 2614816 
204 2614817 
205 2614817 
206 2614834 
207 2614835 
208 2614835 
209 2614836 
210 2614836 
211 2614836 
212 2614838 
213 2614839 
214 2614839 
215 2614839 
216 2614840 
217 2614840 
218 2614840 
219 2614841 
220 2614841 
221 2614841 
222 2614842 
223 2614842 
224 2614843 
225 2614843 
226 2614844 
227 2614844 
228 2614867 
229 2614867 
230 2614886 
231 2614886 
232 2614901 
233 2614901 
234 2614904 
235 2614905 
236 2614908 
237 2614908 
238 2614930 
239 2614932 
240 2614934 
241 2614939 
242 2614949 
243 2614949 
244 2614950 
245 2614950 
246 2614951 
247 2614956 
248 2614956 
249 2614974 
250 2614974 
251 2614975 
252 2614975 
253 2614975 
254 2614976 
255 2614986 
256 2614990 
257 2614992 
258 2614994 
259 2615012 
260 2615037 
261 2615040 
262 2615040 
263 2615041 
264 2615041 
265 2615041 
266 2615042 
267 2615050 
268 2615052 
269 2615069 
270 2615081 
271 2615081 
272 2615083 
273 2615083 
274 2615083 
275 2615084 
276 2615084 
277 2615084 
278 2615086 
279 2615087 
280 2615087 
281 2615087 
282 2615087 
283 2615090 
284 2615091 
285 2615095 
286 2615098 
287 2615100 
288 2615101 
289 2615101 
290 2615101 
291 2615102 
292 2615102 
293 2615102 
294 2615102 
295 2615103 
296 2615103 
297 2615104 
298 2615104 
299 2615104 
300 2615105 
301 2615105 
302 2615105 
303 2615106 
304 2615106 
305 2615106 
306 2615107 
307 2615107 
308 2615107 
309 2615108 
310 2615108 
311 2615108 
312 2615108 
313 2615109 
314 2615109 
315 2615110 
316 2615111 
317 2615115 
318 2615117 
319 2615117 
320 2615117 
321 2615118 
322 2615119 
323 2615119 
324 2615145 
325 2615156 
326 2615158 
327 2615160 
328 2615168 
329 2615178 
330 2615178 
331 2615178 
332 2615181 
333 2615188 
334 2615188 
335 2615191 
336 2615192 
337 2615193 
338 2615198 
339 2615200 
340 2615205 
341 2615207 
342 2615207 
343 2615219 
344 2615233 
345 2615234 
346 2615234 
347 2615236 
348 2615237 
349 2615237 
350 2615238 
351 2615239 
352 2615239 
353 2615240 
354 2615240 
355 2615242 
356 2615243 
357 2615247 
358 2615248 
359 2615266 
360 2615270 
361 2615272 
362 2615272 
363 2615272 
364 2615273 
365 2615273 
366 2615273 
367 2615274 
368 2615274 
369 2615274 
370 2615281 
371 2615287 
372 2615289 
373 2615292 
374 2615295 
375 2615312 
376 2615312 
377 2615312 
378 2615313 
379 2615313 
380 2615314 
381 2615324 
382 2615325 
383 2615325 
384 2615334 
385 2615365 
386 2615369 
387 2615385 
388 2615387 
389 2615387 
390 2615387 
391 2615388 
392 2615388 
393 2615389 
394 2615440 
395 2615480 
396 2615485 
397 2615485 
398 2615488 
399 2615488 
400 2615489 
401 2615489 
402 2615501 
403 2615506 
404 2615507 
405 2615507 
406 2615507 
407 2615508 
408 2615508 
409 2615508 
410 2615508 
411 2615509 
412 2615510 
413 2615510 
414 2615510 
415 2615511 
416 2615511 
417 2615511 
418 2615512 
419 2615512 
420 2615513 
421 2615521 
422 2615521 
423 2615521 
424 2615522 
425 2615522 
426 2615522 
427 2615528 
428 2615529 
429 2615529 
430 2615529 
431 2615530 
432 2615530 
433 2615530 
434 2615531 
435 2615531 
436 2615531 
437 2615532 
438 2615532 
439 2615532 
440 2615533 
441 2615551 
442 2615551 
443 2615554 
444 2615557 
445 2615557 
446 2615558 
447 2615558 
448 2615558 
449 2615559 
450 2615559 
451 2615559 
452 2615560 
453 2615561 
454 2615561 
455 2615564 
456 2615564 
457 2615565 
458 2615565 
459 2615573 
460 2615575 
461 2615575 
462 2615580 
463 2615583 
464 2615583 
465 2615584 
466 2615585 
467 2615585 
468 2615585 
469 2615599 
470 2615601 
471 2615602 
472 2615602 
473 2615603 
474 2615603 
475 2615603 
476 2615603 
477 2615604 
478 2615610 
479 2615627 
480 2615627 
481 2615631 
482 2615643 
483 2615643 
484 2615646 
485 2615646 
486 2615694 
487 2615716 
488 2615722 
489 2615722 
490 2615724 
491 2615725 
492 2615726 
493 2615730 
494 2615734 
495 2615735 
496 2615739 
497 2615744 
498 2615746 
499 2615746 
500 2615747 
501 2615747 
502 2615747 
503 2615749 
504 2615752 
505 2615804 
506 2615831 
507 2615836 
508 2615842 
509 2615846 
510 2615847 
511 2615848 
512 2615851 
513 2615855 
514 2615858 
515 2615860 
516 2615860 
517 2615862 
518 2615866 
519 2615866 
520 2615866 
521 2615868 
522 2615872 
523 2615873 
524 2615875 
525 2615875 
526 2615875 
527 2615885 
528 2615886 
529 2615892 
530 2615895 
531 2615908 
532 2615927 
533 2615927 
534 2615927 
535 2615928 
536 2615938 
537 2615962 
538 2615962 
539 2615983 
540 2615983 
541 2615991 
542 2615996 
543 2615997 
544 2615997 
545 2615997 
546 2616000 
547 2616000 
548 2616000 
549 2616004 
550 2616011 
551 2616011 
552 2616014 
553 2616014 
554 2616038 
555 2616038 
556 2616070 
557 2616227 
558 2616229 
559 2616230 
560 2616231 
561 2616232 
562 2616232 
563 2616233 
564 2616234 
565 2616237 
566 2616237 
567 2616237 
568 2616238 
569 2616238 
570 2616240 
571 2616240 
572 2616253 
573 2616253 
574 2616254 
575 2616282 
576 2616358 
577 2616367 
578 2616446 
579 2616458 
580 2616463 
581 2616468 
582 2616469 
583 2616470 
584 2616716 
585 2616720 
586 2616726 
587 2616822 
588 2616850 
589 2616855 
590 2616862 
591 2616942 
592 2617074 
593 2617084 
