1029 0 0 902 0 580 0 33 950 0 1001 0 0 2 1001 969 1001 154 1001 0 1001 1001 1001 19 0 1001 0 1001 940 1001 1001 799 694 1001 1001 0 1001 0 0 2 0 1001 0 1001 201 1001 0 1001 27 0 1001 1001 1001 1001 1001 1001 1001 0 1001
0 1029 0 0 1029 0 1029 0 0 1029 0 1029 1029 0 0 0 0 439 0 1029 0 0 0 0 1029 0 1029 0 0 0 0 0 0 0 0 1029 0 1029 1029 0 1029 0 1029 0 521 0 1029 0 0 1029 0 0 0 0 0 0 0 1029 0
0 0 1029 9 0 0 0 0 0 0 0 0 0 0 0 0 0 0 0 0 0 0 0 0 0 0 0 0 0 0 0 0 0 0 0 0 0 0 0 0 0 0 0 0 0 0 0 0 0 0 0 0 0 0 0 0 0 0 0
902 0 9 1029 0 509 0 33 879 0 930 0 0 1 930 955 930 151 930 0 930 930 930 1 0 930 0 930 977 930 930 853 623 930 930 0 930 0 0 6 0 930 0 930 102 930 0 930 7 0 930 930 930 930 930 930 930 0 930
0 1029 0 0 1029 0 1029 0 0 1029 0 1029 1029 0 0 0 0 439 0 1029 0 0 0 0 1029 0 1029 0 0 0 0 0 0 0 0 1029 0 1029 1029 0 1029 0 1029 0 521 0 1029 0 0 1029 0 0 0 0 0 0 0 1029 0
580 0 0 509 0 1029 0 3 608 0 608 0 0 1 608 576 608 7 608 0 608 608 608 12 0 608 0 608 547 608 608 406 440 608 608 0 608 0 0 1 0 608 0 608 201 608 0 608 21 0 608 608 608 608 608 608 608 0 608
0 1029 0 0 1029 0 1029 0 0 1029 0 1029 1029 0 0 0 0 439 0 1029 0 0 0 0 1029 0 1029 0 0 0 0 0 0 0 0 1029 0 1029 1029 0 1029 0 1029 0 521 0 1029 0 0 1029 0 0 0 0 0 0 0 1029 0
33 0 0 33 0 3 0 1029 31 0 31 0 0 0 31 33 31 34 31 0 31 31 31 3 0 31 0 31 34 31 31 42 66 31 31 0 31 0 0 0 0 31 0 31 10 31 0 31 4 0 31 31 31 31 31 31 31 0 31
950 0 0 879 0 608 0 31 1029 0 978 0 0 10 978 946 978 100 978 0 978 978 978 20 0 978 0 978 917 978 978 776 696 978 978 0 978 0 0 21 0 978 0 978 201 978 0 978 19 0 978 978 978 978 978 978 978 0 978
0 1029 0 0 1029 0 1029 0 0 1029 0 1029 1029 0 0 0 0 439 0 1029 0 0 0 0 1029 0 1029 0 0 0 0 0 0 0 0 1029 0 1029 1029 0 1029 0 1029 0 521 0 1029 0 0 1029 0 0 0 0 0 0 0 1029 0
1001 0 0 930 0 608 0 31 978 0 1029 0 0 0 1029 997 1029 151 1029 0 1029 1029 1029 0 0 1029 0 1029 968 1029 1029 827 722 1029 1029 0 1029 0 0 0 0 1029 0 1029 201 1029 0 1029 25 0 1029 1029 1029 1029 1029 1029 1029 0 1029
0 1029 0 0 1029 0 1029 0 0 1029 0 1029 1029 0 0 0 0 439 0 1029 0 0 0 0 1029 0 1029 0 0 0 0 0 0 0 0 1029 0 1029 1029 0 1029 0 1029 0 521 0 1029 0 0 1029 0 0 0 0 0 0 0 1029 0
0 1029 0 0 1029 0 1029 0 0 1029 0 1029 1029 0 0 0 0 439 0 1029 0 0 0 0 1029 0 1029 0 0 0 0 0 0 0 0 1029 0 1029 1029 0 1029 0 1029 0 521 0 1029 0 0 1029 0 0 0 0 0 0 0 1029 0
2 0 0 1 0 1 0 0 10 0 0 0 0 1029 0 2 0 2 0 0 0 0 0 4 0 0 0 0 6 0 0 5 33 0 0 0 0 0 0 0 0 0 0 0 3 0 0 0 184 0 0 0 0 0 0 0 0 0 0
1001 0 0 930 0 608 0 31 978 0 1029 0 0 0 1029 997 1029 151 1029 0 1029 1029 1029 0 0 1029 0 1029 968 1029 1029 827 722 1029 1029 0 1029 0 0 0 0 1029 0 1029 201 1029 0 1029 25 0 1029 1029 1029 1029 1029 1029 1029 0 1029
969 0 0 955 0 576 0 33 946 0 997 0 0 2 997 1029 997 151 997 0 997 997 997 1 0 997 0 997 993 997 997 822 690 997 997 0 997 0 0 0 0 997 0 997 169 997 0 997 27 0 997 997 997 997 997 997 997 0 997
1001 0 0 930 0 608 0 31 978 0 1029 0 0 0 1029 997 1029 151 1029 0 1029 1029 1029 0 0 1029 0 1029 968 1029 1029 827 722 1029 1029 0 1029 0 0 0 0 1029 0 1029 201 1029 0 1029 25 0 1029 1029 1029 1029 1029 1029 1029 0 1029
154 439 0 151 439 7 439 34 100 439 151 439 439 2 151 151 151 1029 151 439 151 151 151 261 439 151 439 151 151 151 151 151 61 151 151 439 151 439 439 9 439 151 439 151 3 151 439 151 250 439 151 151 151 151 151 151 151 439 151
1001 0 0 930 0 608 0 31 978 0 1029 0 0 0 1029 997 1029 151 1029 0 1029 1029 1029 0 0 1029 0 1029 968 1029 1029 827 722 1029 1029 0 1029 0 0 0 0 1029 0 1029 201 1029 0 1029 25 0 1029 1029 1029 1029 1029 1029 1029 0 1029
0 1029 0 0 1029 0 1029 0 0 1029 0 1029 1029 0 0 0 0 439 0 1029 0 0 0 0 1029 0 1029 0 0 0 0 0 0 0 0 1029 0 1029 1029 0 1029 0 1029 0 521 0 1029 0 0 1029 0 0 0 0 0 0 0 1029 0
1001 0 0 930 0 608 0 31 978 0 1029 0 0 0 1029 997 1029 151 1029 0 1029 1029 1029 0 0 1029 0 1029 968 1029 1029 827 722 1029 1029 0 1029 0 0 0 0 1029 0 1029 201 1029 0 1029 25 0 1029 1029 1029 1029 1029 1029 1029 0 1029
1001 0 0 930 0 608 0 31 978 0 1029 0 0 0 1029 997 1029 151 1029 0 1029 1029 1029 0 0 1029 0 1029 968 1029 1029 827 722 1029 1029 0 1029 0 0 0 0 1029 0 1029 201 1029 0 1029 25 0 1029 1029 1029 1029 1029 1029 1029 0 1029
1001 0 0 930 0 608 0 31 978 0 1029 0 0 0 1029 997 1029 151 1029 0 1029 1029 1029 0 0 1029 0 1029 968 1029 1029 827 722 1029 1029 0 1029 0 0 0 0 1029 0 1029 201 1029 0 1029 25 0 1029 1029 1029 1029 1029 1029 1029 0 1029
19 0 0 1 0 12 0 3 20 0 0 0 0 4 0 1 0 261 0 0 0 0 0 1029 0 0 0 0 1 0 0 17 91 0 0 0 0 0 0 0 0 0 0 0 187 0 0 0 289 0 0 0 0 0 0 0 0 0 0
0 1029 0 0 1029 0 1029 0 0 1029 0 1029 1029 0 0 0 0 439 0 1029 0 0 0 0 1029 0 1029 0 0 0 0 0 0 0 0 1029 0 1029 1029 0 1029 0 1029 0 521 0 1029 0 0 1029 0 0 0 0 0 0 0 1029 0
1001 0 0 930 0 608 0 31 978 0 1029 0 0 0 1029 997 1029 151 1029 0 1029 1029 1029 0 0 1029 0 1029 968 1029 1029 827 722 1029 1029 0 1029 0 0 0 0 1029 0 1029 201 1029 0 1029 25 0 1029 1029 1029 1029 1029 1029 1029 0 1029
0 1029 0 0 1029 0 1029 0 0 1029 0 1029 1029 0 0 0 0 439 0 1029 0 0 0 0 1029 0 1029 0 0 0 0 0 0 0 0 1029 0 1029 1029 0 1029 0 1029 0 521 0 1029 0 0 1029 0 0 0 0 0 0 0 1029 0
1001 0 0 930 0 608 0 31 978 0 1029 0 0 0 1029 997 1029 151 1029 0 1029 1029 1029 0 0 1029 0 1029 968 1029 1029 827 722 1029 1029 0 1029 0 0 0 0 1029 0 1029 201 1029 0 1029 25 0 1029 1029 1029 1029 1029 1029 1029 0 1029
940 0 0 977 0 547 0 34 917 0 968 0 0 6 968 993 968 151 968 0 968 968 968 1 0 968 0 968 1029 968 968 822 661 968 968 0 968 0 0 4 0 968 0 968 140 968 0 968 10 0 968 968 968 968 968 968 968 0 968
1001 0 0 930 0 608 0 31 978 0 1029 0 0 0 1029 997 1029 151 1029 0 1029 1029 1029 0 0 1029 0 1029 968 1029 1029 827 722 1029 1029 0 1029 0 0 0 0 1029 0 1029 201 1029 0 1029 25 0 1029 1029 1029 1029 1029 1029 1029 0 1029
1001 0 0 930 0 608 0 31 978 0 1029 0 0 0 1029 997 1029 151 1029 0 1029 1029 1029 0 0 1029 0 1029 968 1029 1029 827 722 1029 1029 0 1029 0 0 0 0 1029 0 1029 201 1029 0 1029 25 0 1029 1029 1029 1029 1029 1029 1029 0 1029
799 0 0 853 0 406 0 42 776 0 827 0 0 5 827 822 827 151 827 0 827 827 827 17 0 827 0 827 822 827 827 1029 520 827 827 0 827 0 0 10 0 827 0 827 13 827 0 827 12 0 827 827 827 827 827 827 827 0 827
694 0 0 623 0 440 0 66 696 0 722 0 0 33 722 690 722 61 722 0 722 722 722 91 0 722 0 722 661 722 722 520 1029 722 722 0 722 0 0 0 0 722 0 722 229 722 0 722 37 0 722 722 722 722 722 722 722 0 722
1001 0 0 930 0 608 0 31 978 0 1029 0 0 0 1029 997 1029 151 1029 0 1029 1029 1029 0 0 1029 0 1029 968 1029 1029 827 722 1029 1029 0 1029 0 0 0 0 1029 0 1029 201 1029 0 1029 25 0 1029 1029 1029 1029 1029 1029 1029 0 1029
1001 0 0 930 0 608 0 31 978 0 1029 0 0 0 1029 997 1029 151 1029 0 1029 1029 1029 0 0 1029 0 1029 968 1029 1029 827 722 1029 1029 0 1029 0 0 0 0 1029 0 1029 201 1029 0 1029 25 0 1029 1029 1029 1029 1029 1029 1029 0 1029
0 1029 0 0 1029 0 1029 0 0 1029 0 1029 1029 0 0 0 0 439 0 1029 0 0 0 0 1029 0 1029 0 0 0 0 0 0 0 0 1029 0 1029 1029 0 1029 0 1029 0 521 0 1029 0 0 1029 0 0 0 0 0 0 0 1029 0
1001 0 0 930 0 608 0 31 978 0 1029 0 0 0 1029 997 1029 151 1029 0 1029 1029 1029 0 0 1029 0 1029 968 1029 1029 827 722 1029 1029 0 1029 0 0 0 0 1029 0 1029 201 1029 0 1029 25 0 1029 1029 1029 1029 1029 1029 1029 0 1029
0 1029 0 0 1029 0 1029 0 0 1029 0 1029 1029 0 0 0 0 439 0 1029 0 0 0 0 1029 0 1029 0 0 0 0 0 0 0 0 1029 0 1029 1029 0 1029 0 1029 0 521 0 1029 0 0 1029 0 0 0 0 0 0 0 1029 0
0 1029 0 0 1029 0 1029 0 0 1029 0 1029 1029 0 0 0 0 439 0 1029 0 0 0 0 1029 0 1029 0 0 0 0 0 0 0 0 1029 0 1029 1029 0 1029 0 1029 0 521 0 1029 0 0 1029 0 0 0 0 0 0 0 1029 0
2 0 0 6 0 1 0 0 21 0 0 0 0 0 0 0 0 9 0 0 0 0 0 0 0 0 0 0 4 0 0 10 0 0 0 0 0 0 0 1029 0 0 0 0 15 0 0 0 157 0 0 0 0 0 0 0 0 0 0
0 1029 0 0 1029 0 1029 0 0 1029 0 1029 1029 0 0 0 0 439 0 1029 0 0 0 0 1029 0 1029 0 0 0 0 0 0 0 0 1029 0 1029 1029 0 1029 0 1029 0 521 0 1029 0 0 1029 0 0 0 0 0 0 0 1029 0
1001 0 0 930 0 608 0 31 978 0 1029 0 0 0 1029 997 1029 151 1029 0 1029 1029 1029 0 0 1029 0 1029 968 1029 1029 827 722 1029 1029 0 1029 0 0 0 0 1029 0 1029 201 1029 0 1029 25 0 1029 1029 1029 1029 1029 1029 1029 0 1029
0 1029 0 0 1029 0 1029 0 0 1029 0 1029 1029 0 0 0 0 439 0 1029 0 0 0 0 1029 0 1029 0 0 0 0 0 0 0 0 1029 0 1029 1029 0 1029 0 1029 0 521 0 1029 0 0 1029 0 0 0 0 0 0 0 1029 0
1001 0 0 930 0 608 0 31 978 0 1029 0 0 0 1029 997 1029 151 1029 0 1029 1029 1029 0 0 1029 0 1029 968 1029 1029 827 722 1029 1029 0 1029 0 0 0 0 1029 0 1029 201 1029 0 1029 25 0 1029 1029 1029 1029 1029 1029 1029 0 1029
201 521 0 102 521 201 521 10 201 521 201 521 521 3 201 169 201 3 201 521 201 201 201 187 521 201 521 201 140 201 201 13 229 201 201 521 201 521 521 15 521 201 521 201 1029 201 521 201 27 521 201 201 201 201 201 201 201 521 201
1001 0 0 930 0 608 0 31 978 0 1029 0 0 0 1029 997 1029 151 1029 0 1029 1029 1029 0 0 1029 0 1029 968 1029 1029 827 722 1029 1029 0 1029 0 0 0 0 1029 0 1029 201 1029 0 1029 25 0 1029 1029 1029 1029 1029 1029 1029 0 1029
0 1029 0 0 1029 0 1029 0 0 1029 0 1029 1029 0 0 0 0 439 0 1029 0 0 0 0 1029 0 1029 0 0 0 0 0 0 0 0 1029 0 1029 1029 0 1029 0 1029 0 521 0 1029 0 0 1029 0 0 0 0 0 0 0 1029 0
1001 0 0 930 0 608 0 31 978 0 1029 0 0 0 1029 997 1029 151 1029 0 1029 1029 1029 0 0 1029 0 1029 968 1029 1029 827 722 1029 1029 0 1029 0 0 0 0 1029 0 1029 201 1029 0 1029 25 0 1029 1029 1029 1029 1029 1029 1029 0 1029
27 0 0 7 0 21 0 4 19 0 25 0 0 184 25 27 25 250 25 0 25 25 25 289 0 25 0 25 10 25 25 12 37 25 25 0 25 0 0 157 0 25 0 25 27 25 0 25 1029 0 25 25 25 25 25 25 25 0 25
0 1029 0 0 1029 0 1029 0 0 1029 0 1029 1029 0 0 0 0 439 0 1029 0 0 0 0 1029 0 1029 0 0 0 0 0 0 0 0 1029 0 1029 1029 0 1029 0 1029 0 521 0 1029 0 0 1029 0 0 0 0 0 0 0 1029 0
1001 0 0 930 0 608 0 31 978 0 1029 0 0 0 1029 997 1029 151 1029 0 1029 1029 1029 0 0 1029 0 1029 968 1029 1029 827 722 1029 1029 0 1029 0 0 0 0 1029 0 1029 201 1029 0 1029 25 0 1029 1029 1029 1029 1029 1029 1029 0 1029
1001 0 0 930 0 608 0 31 978 0 1029 0 0 0 1029 997 1029 151 1029 0 1029 1029 1029 0 0 1029 0 1029 968 1029 1029 827 722 1029 1029 0 1029 0 0 0 0 1029 0 1029 201 1029 0 1029 25 0 1029 1029 1029 1029 1029 1029 1029 0 1029
1001 0 0 930 0 608 0 31 978 0 1029 0 0 0 1029 997 1029 151 1029 0 1029 1029 1029 0 0 1029 0 1029 968 1029 1029 827 722 1029 1029 0 1029 0 0 0 0 1029 0 1029 201 1029 0 1029 25 0 1029 1029 1029 1029 1029 1029 1029 0 1029
1001 0 0 930 0 608 0 31 978 0 1029 0 0 0 1029 997 1029 151 1029 0 1029 1029 1029 0 0 1029 0 1029 968 1029 1029 827 722 1029 1029 0 1029 0 0 0 0 1029 0 1029 201 1029 0 1029 25 0 1029 1029 1029 1029 1029 1029 1029 0 1029
1001 0 0 930 0 608 0 31 978 0 1029 0 0 0 1029 997 1029 151 1029 0 1029 1029 1029 0 0 1029 0 1029 968 1029 1029 827 722 1029 1029 0 1029 0 0 0 0 1029 0 1029 201 1029 0 1029 25 0 1029 1029 1029 1029 1029 1029 1029 0 1029
1001 0 0 930 0 608 0 31 978 0 1029 0 0 0 1029 997 1029 151 1029 0 1029 1029 1029 0 0 1029 0 1029 968 1029 1029 827 722 1029 1029 0 1029 0 0 0 0 1029 0 1029 201 1029 0 1029 25 0 1029 1029 1029 1029 1029 1029 1029 0 1029
1001 0 0 930 0 608 0 31 978 0 1029 0 0 0 1029 997 1029 151 1029 0 1029 1029 1029 0 0 1029 0 1029 968 1029 1029 827 722 1029 1029 0 1029 0 0 0 0 1029 0 1029 201 1029 0 1029 25 0 1029 1029 1029 1029 1029 1029 1029 0 1029
0 1029 0 0 1029 0 1029 0 0 1029 0 1029 1029 0 0 0 0 439 0 1029 0 0 0 0 1029 0 1029 0 0 0 0 0 0 0 0 1029 0 1029 1029 0 1029 0 1029 0 521 0 1029 0 0 1029 0 0 0 0 0 0 0 1029 0
1001 0 0 930 0 608 0 31 978 0 1029 0 0 0 1029 997 1029 151 1029 0 1029 1029 1029 0 0 1029 0 1029 968 1029 1029 827 722 1029 1029 0 1029 0 0 0 0 1029 0 1029 201 1029 0 1029 25 0 1029 1029 1029 1029 1029 1029 1029 0 1029
