1 2782802 
2 2782802 
3 2782802 
4 2782803 
5 2782803 
6 2782804 
7 2782805 
8 2782806 
9 2782806 
10 2782806 
11 2782807 
12 2782807 
13 2782807 
14 2782807 
15 2782810 
16 2782810 
17 2782810 
18 2782810 
19 2782811 
20 2782816 
21 2782816 
22 2782816 
23 2782817 
24 2782818 
25 2782818 
26 2782821 
27 2782821 
28 2782822 
29 2782822 
30 2782822 
31 2782823 
32 2782823 
33 2782823 
34 2782824 
35 2782824 
36 2782827 
37 2782827 
38 2782827 
39 2782828 
40 2782828 
41 2782829 
42 2782830 
43 2782832 
44 2782840 
45 2782841 
46 2782841 
47 2782842 
48 2782842 
49 2782858 
50 2782858 
51 2782868 
52 2782869 
53 2782870 
54 2782870 
55 2782871 
56 2782871 
57 2782871 
58 2782872 
59 2782873 
60 2782874 
61 2782874 
62 2782875 
63 2782875 
64 2782877 
65 2782877 
66 2782877 
67 2782878 
68 2782878 
69 2782879 
70 2782879 
71 2782884 
72 2782885 
73 2782886 
74 2782886 
75 2782886 
76 2782887 
77 2782889 
78 2782889 
79 2782890 
80 2782891 
81 2782892 
82 2782892 
83 2782893 
84 2782895 
85 2782895 
86 2782896 
87 2782897 
88 2782897 
89 2782900 
90 2782901 
91 2782911 
92 2782912 
93 2782912 
94 2782913 
95 2782921 
96 2782922 
97 2782922 
98 2782923 
99 2782923 
100 2782924 
101 2782924 
102 2782924 
103 2782925 
104 2782925 
105 2782925 
106 2782926 
107 2782926 
108 2782929 
109 2782929 
110 2782930 
111 2782930 
112 2782931 
113 2782942 
114 2782943 
115 2782943 
116 2782953 
117 2782954 
118 2782955 
119 2782956 
120 2782956 
121 2782958 
122 2782958 
123 2782959 
124 2782959 
125 2782989 
126 2782989 
127 2782989 
128 2782990 
129 2783004 
130 2783005 
131 2783005 
132 2783033 
133 2783034 
134 2783034 
135 2783041 
136 2783042 
137 2783045 
138 2783049 
139 2783050 
140 2783050 
141 2783051 
142 2783051 
143 2783052 
144 2783052 
145 2783057 
146 2783058 
147 2783058 
148 2783058 
149 2783059 
150 2783059 
151 2783065 
152 2783066 
153 2783066 
154 2783066 
155 2783067 
156 2783067 
157 2783067 
158 2783068 
159 2783068 
160 2783068 
161 2783069 
162 2783069 
163 2783071 
164 2783071 
165 2783072 
166 2783072 
167 2783075 
168 2783078 
169 2783078 
170 2783079 
171 2783080 
172 2783082 
173 2783091 
174 2783103 
175 2783110 
176 2783112 
177 2783112 
178 2783115 
179 2783121 
180 2783123 
181 2783124 
182 2783124 
183 2783127 
184 2783127 
185 2783128 
186 2783128 
187 2783128 
188 2783129 
189 2783129 
190 2783129 
191 2783130 
192 2783130 
193 2783130 
194 2783131 
195 2783135 
196 2783135 
197 2783135 
198 2783136 
199 2783136 
200 2783136 
201 2783137 
202 2783137 
203 2783137 
204 2783138 
205 2783138 
206 2783139 
207 2783142 
208 2783143 
209 2783144 
210 2783144 
211 2783145 
212 2783145 
213 2783145 
214 2783146 
215 2783146 
216 2783146 
217 2783147 
218 2783150 
219 2783159 
220 2783160 
221 2783178 
222 2783181 
223 2783186 
224 2783186 
225 2783188 
226 2783192 
227 2783192 
228 2783199 
229 2783201 
230 2783202 
231 2783202 
232 2783202 
233 2783202 
234 2783203 
235 2783203 
236 2783203 
237 2783204 
238 2783204 
239 2783205 
240 2783205 
241 2783205 
242 2783206 
243 2783206 
244 2783206 
245 2783207 
246 2783214 
247 2783214 
248 2783215 
249 2783215 
250 2783215 
251 2783216 
252 2783216 
253 2783216 
254 2783217 
255 2783217 
256 2783217 
257 2783218 
258 2783219 
259 2783248 
260 2783255 
261 2783261 
262 2783262 
263 2783262 
264 2783262 
265 2783263 
266 2783263 
267 2783264 
268 2783264 
269 2783264 
270 2783265 
271 2783265 
272 2783265 
273 2783266 
274 2783266 
275 2783266 
276 2783267 
277 2783267 
278 2783267 
279 2783267 
280 2783268 
281 2783268 
282 2783269 
283 2783269 
284 2783269 
285 2783269 
286 2783270 
287 2783270 
288 2783271 
289 2783271 
290 2783271 
291 2783271 
292 2783272 
293 2783272 
294 2783273 
295 2783276 
296 2783277 
297 2783277 
298 2783278 
299 2783278 
300 2783278 
301 2783279 
302 2783279 
303 2783281 
304 2783285 
305 2783286 
306 2783286 
307 2783286 
308 2783291 
309 2783291 
310 2783291 
311 2783292 
312 2783292 
313 2783292 
314 2783293 
315 2783293 
316 2783293 
317 2783293 
318 2783294 
319 2783294 
320 2783294 
321 2783294 
322 2783295 
323 2783295 
324 2783295 
325 2783295 
326 2783296 
327 2783296 
328 2783296 
329 2783296 
330 2783296 
331 2783297 
332 2783297 
333 2783297 
334 2783297 
335 2783298 
336 2783298 
337 2783298 
338 2783298 
339 2783299 
340 2783299 
341 2783300 
342 2783300 
343 2783300 
344 2783310 
345 2783311 
346 2783312 
347 2783312 
348 2783316 
349 2783316 
350 2783317 
351 2783317 
352 2783317 
353 2783317 
354 2783319 
355 2783319 
356 2783320 
357 2783320 
358 2783320 
359 2783321 
360 2783321 
361 2783321 
362 2783322 
363 2783322 
364 2783322 
365 2783333 
366 2783333 
367 2783338 
368 2783341 
369 2783343 
370 2783343 
371 2783344 
372 2783345 
373 2783345 
374 2783345 
375 2783346 
376 2783355 
377 2783355 
378 2783355 
379 2783356 
380 2783356 
381 2783357 
382 2783370 
383 2783372 
384 2783374 
385 2783378 
386 2783383 
387 2783383 
388 2783383 
389 2783384 
390 2783384 
391 2783385 
392 2783410 
393 2783410 
394 2783411 
395 2783411 
396 2783411 
397 2783412 
398 2783412 
399 2783412 
400 2783413 
401 2783413 
402 2783413 
403 2783414 
404 2783414 
405 2783425 
406 2783426 
407 2783428 
408 2783429 
409 2783429 
410 2783430 
411 2783430 
412 2783430 
413 2783431 
414 2783431 
415 2783431 
416 2783432 
417 2783432 
418 2783432 
419 2783433 
420 2783433 
421 2783433 
422 2783434 
423 2783435 
424 2783435 
425 2783439 
426 2783449 
427 2783463 
428 2783463 
429 2783463 
430 2783464 
431 2783465 
432 2783465 
433 2783465 
434 2783466 
435 2783466 
436 2783466 
437 2783467 
438 2783467 
439 2783478 
440 2783481 
441 2783484 
442 2783484 
443 2783484 
444 2783485 
445 2783485 
446 2783486 
447 2783486 
448 2783486 
449 2783487 
450 2783487 
451 2783487 
452 2783487 
453 2783488 
454 2783488 
455 2783488 
456 2783524 
457 2783531 
458 2783535 
459 2783537 
460 2783541 
461 2783547 
462 2783547 
463 2783551 
464 2783552 
465 2783557 
466 2783561 
467 2783564 
468 2783564 
469 2783571 
470 2783573 
471 2783575 
472 2783578 
473 2783578 
474 2783578 
475 2783579 
476 2783579 
477 2783582 
478 2783582 
479 2783583 
480 2783583 
481 2783583 
482 2783585 
483 2783586 
484 2783589 
485 2783591 
486 2783592 
487 2783592 
488 2783595 
489 2783598 
490 2783598 
491 2783599 
492 2783599 
493 2783600 
494 2783605 
495 2783605 
496 2783606 
497 2783606 
498 2783606 
499 2783607 
500 2783607 
501 2783608 
502 2783608 
503 2783608 
504 2783609 
505 2783609 
506 2783610 
507 2783613 
508 2783613 
509 2783614 
510 2783614 
511 2783614 
512 2783615 
513 2783615 
514 2783615 
515 2783616 
516 2783617 
517 2783619 
518 2783622 
519 2783622 
520 2783622 
521 2783626 
522 2783626 
523 2783628 
524 2783630 
525 2783630 
526 2783631 
527 2783631 
528 2783633 
529 2783636 
530 2783637 
531 2783637 
532 2783638 
533 2783638 
534 2783638 
535 2783639 
536 2783639 
537 2783639 
538 2783640 
539 2783640 
540 2783640 
541 2783641 
542 2783641 
543 2783641 
544 2783642 
545 2783642 
546 2783642 
547 2783643 
548 2783643 
549 2783643 
550 2783644 
551 2783644 
552 2783644 
553 2783645 
554 2783645 
555 2783646 
556 2783647 
557 2783647 
558 2783648 
559 2783648 
560 2783648 
561 2783649 
562 2783649 
563 2783651 
564 2783652 
565 2783652 
566 2783652 
567 2783653 
568 2783653 
569 2783653 
570 2783654 
571 2783654 
572 2783654 
573 2783655 
574 2783655 
575 2783655 
576 2783655 
577 2783656 
578 2783656 
579 2783656 
580 2783656 
581 2783657 
582 2783657 
583 2783657 
584 2783658 
585 2783660 
586 2783660 
587 2783664 
588 2783665 
589 2783665 
590 2783672 
591 2783678 
592 2783678 
593 2783679 
594 2783679 
595 2783679 
596 2783682 
597 2783682 
598 2783683 
599 2783683 
600 2783684 
601 2783684 
602 2783693 
603 2783694 
604 2783694 
605 2783694 
606 2783695 
607 2783695 
608 2783700 
609 2783700 
610 2783700 
611 2783701 
612 2783701 
613 2783701 
614 2783716 
615 2783722 
616 2783723 
617 2783723 
618 2783723 
619 2783723 
620 2783724 
621 2783724 
622 2783724 
623 2783725 
624 2783725 
625 2783725 
626 2783726 
627 2783726 
628 2783726 
629 2783727 
630 2783727 
631 2783727 
632 2783728 
633 2783728 
634 2783728 
635 2783728 
636 2783729 
637 2783729 
638 2783729 
639 2783730 
640 2783731 
641 2783732 
642 2783732 
643 2783732 
644 2783733 
645 2783733 
646 2783740 
647 2783740 
648 2783741 
649 2783746 
650 2783746 
651 2783747 
652 2783747 
653 2783747 
654 2783748 
655 2783748 
656 2783748 
657 2783749 
658 2783750 
659 2783750 
660 2783750 
661 2783751 
662 2783751 
663 2783752 
664 2783752 
665 2783752 
666 2783753 
667 2783753 
668 2783753 
669 2783753 
670 2783753 
671 2783754 
672 2783754 
673 2783754 
674 2783755 
675 2783755 
676 2783756 
677 2783756 
678 2783756 
679 2783756 
680 2783757 
681 2783757 
682 2783757 
683 2783758 
684 2783813 
685 2783813 
686 2783819 
687 2783823 
688 2783824 
689 2783866 
690 2783870 
691 2783873 
692 2783873 
693 2783874 
694 2783874 
695 2783900 
696 2783900 
697 2783925 
698 2783935 
699 2783938 
700 2783938 
701 2783938 
702 2784028 
703 2784045 
704 2784047 
705 2784058 
706 2784071 
707 2784074 
708 2784074 
709 2784089 
710 2784093 
711 2784096 
712 2784117 
713 2784118 
714 2784118 
715 2784150 
716 2784151 
717 2784181 
718 2784182 
719 2784182 
720 2784182 
721 2784183 
722 2784183 
723 2784183 
724 2784184 
725 2784184 
726 2784184 
727 2784185 
728 2784186 
729 2784186 
730 2784186 
731 2784187 
732 2784187 
733 2784188 
734 2784188 
735 2784191 
736 2784192 
737 2784192 
738 2784192 
739 2784193 
740 2784193 
741 2784194 
742 2784195 
743 2784196 
744 2784196 
745 2784196 
746 2784197 
747 2784197 
748 2784197 
749 2784198 
750 2784198 
751 2784198 
752 2784199 
753 2784199 
754 2784199 
755 2784200 
756 2784200 
757 2784200 
758 2784201 
759 2784201 
760 2784201 
761 2784202 
762 2784202 
763 2784202 
764 2784222 
765 2784222 
766 2784224 
767 2784238 
768 2784239 
769 2784240 
770 2784240 
771 2784241 
772 2784241 
773 2784241 
774 2784241 
775 2784243 
776 2784244 
777 2784251 
778 2784251 
779 2784252 
780 2784252 
781 2784252 
782 2784253 
783 2784254 
784 2784254 
785 2784254 
786 2784255 
787 2784259 
788 2784259 
789 2784260 
790 2784260 
791 2784260 
792 2784308 
793 2784309 
794 2784310 
795 2784311 
796 2784312 
797 2784321 
798 2784323 
799 2784328 
800 2784340 
801 2784340 
802 2784340 
803 2784341 
804 2784341 
805 2784341 
806 2784342 
807 2784342 
808 2784343 
809 2784343 
810 2784343 
811 2784344 
812 2784344 
813 2784344 
814 2784345 
815 2784345 
816 2784346 
817 2784346 
818 2784347 
819 2784347 
820 2784347 
821 2784348 
822 2784348 
823 2784353 
824 2784354 
825 2784373 
826 2784373 
827 2784373 
828 2784374 
829 2784374 
830 2784374 
831 2784374 
832 2784375 
833 2784375 
834 2784377 
835 2784379 
836 2784379 
837 2784383 
838 2784384 
839 2784384 
840 2784384 
841 2784385 
842 2784385 
843 2784385 
844 2784386 
845 2784386 
846 2784386 
847 2784386 
848 2784387 
849 2784387 
850 2784388 
851 2784389 
852 2784389 
853 2784389 
854 2784390 
855 2784392 
856 2784393 
857 2784393 
858 2784393 
859 2784394 
860 2784394 
861 2784394 
862 2784395 
863 2784395 
864 2784395 
865 2784396 
866 2784396 
867 2784397 
868 2784403 
869 2784405 
870 2784406 
871 2784406 
872 2784407 
873 2784408 
874 2784408 
875 2784408 
876 2784409 
877 2784409 
878 2784409 
879 2784410 
880 2784410 
881 2784410 
882 2784411 
883 2784413 
884 2784415 
885 2784416 
886 2784447 
887 2784447 
888 2784483 
889 2784484 
890 2784484 
891 2784484 
892 2784485 
893 2784485 
894 2784485 
895 2784486 
896 2784487 
897 2784487 
898 2784487 
899 2784488 
900 2784488 
901 2784489 
902 2784489 
903 2784499 
904 2784506 
905 2784506 
906 2784506 
907 2784507 
908 2784507 
909 2784507 
910 2784654 
911 2784705 
912 2784708 
913 2784709 
914 2784819 
915 2784819 
916 2784819 
917 2784820 
918 2784820 
919 2784820 
920 2784821 
921 2784821 
922 2784822 
923 2784822 
924 2784822 
925 2784823 
926 2784823 
927 2784823 
928 2784824 
929 2784824 
930 2784824 
931 2784825 
932 2784825 
933 2784826 
934 2784827 
935 2784830 
936 2784831 
937 2784831 
938 2784832 
939 2784832 
940 2784832 
941 2784833 
942 2784833 
943 2784836 
944 2784837 
945 2784847 
946 2784852 
947 2784877 
948 2784882 
949 2784882 
950 2784895 
951 2784896 
952 2784896 
953 2784896 
954 2784897 
955 2784897 
956 2784897 
957 2784898 
958 2784898 
959 2784898 
960 2784899 
961 2784899 
962 2784900 
963 2784908 
964 2784908 
965 2784908 
966 2784909 
967 2784909 
968 2784910 
969 2784910 
970 2784910 
971 2784911 
972 2784912 
973 2784914 
974 2784914 
975 2784920 
976 2784921 
977 2784930 
978 2784930 
979 2784935 
980 2784935 
981 2784936 
982 2784949 
983 2784965 
984 2784965 
985 2784972 
986 2784974 
987 2784976 
988 2784976 
989 2784976 
990 2784977 
991 2784977 
992 2784977 
993 2784978 
994 2784978 
995 2784978 
996 2784979 
997 2784979 
998 2784979 
999 2784980 
1000 2784980 
1001 2784980 
1002 2784981 
1003 2784981 
1004 2784981 
1005 2784982 
1006 2784982 
1007 2784982 
1008 2784983 
1009 2784987 
1010 2784987 
1011 2784987 
1012 2784988 
1013 2784988 
1014 2784988 
1015 2784988 
1016 2784989 
1017 2784989 
1018 2784989 
1019 2784990 
1020 2784990 
1021 2784990 
1022 2784991 
1023 2784991 
1024 2784991 
1025 2784992 
1026 2784992 
1027 2784992 
1028 2784993 
1029 2784993 
1030 2784994 
1031 2784994 
1032 2784994 
1033 2784995 
1034 2785000 
1035 2785000 
1036 2785006 
1037 2785008 
1038 2785008 
1039 2785008 
1040 2785022 
1041 2785023 
1042 2785023 
1043 2785023 
1044 2785024 
1045 2785026 
1046 2785027 
1047 2785046 
1048 2785061 
1049 2785061 
1050 2785067 
1051 2785067 
1052 2785074 
1053 2785089 
1054 2785106 
1055 2785107 
1056 2785107 
1057 2785108 
1058 2785108 
1059 2785108 
1060 2785109 
1061 2785109 
1062 2785109 
1063 2785110 
1064 2785110 
1065 2785110 
1066 2785110 
1067 2785111 
1068 2785111 
1069 2785111 
1070 2785112 
1071 2785112 
1072 2785114 
1073 2785117 
1074 2785122 
1075 2785124 
1076 2785124 
1077 2785124 
1078 2785125 
1079 2785125 
1080 2785125 
1081 2785126 
1082 2785128 
1083 2785128 
1084 2785129 
1085 2785129 
1086 2785129 
1087 2785143 
1088 2785149 
1089 2785149 
1090 2785150 
1091 2785157 
1092 2785162 
1093 2785163 
1094 2785163 
1095 2785164 
1096 2785164 
1097 2785164 
1098 2785182 
1099 2785192 
1100 2785230 
1101 2785230 
1102 2785230 
1103 2785231 
1104 2785231 
1105 2785232 
1106 2785232 
1107 2785234 
1108 2785235 
1109 2785235 
1110 2785236 
1111 2785236 
1112 2785236 
1113 2785237 
1114 2785237 
1115 2785237 
1116 2785238 
1117 2785238 
1118 2785238 
1119 2785239 
1120 2785239 
1121 2785239 
1122 2785240 
1123 2785240 
1124 2785240 
1125 2785240 
1126 2785241 
1127 2785241 
1128 2785241 
1129 2785241 
1130 2785242 
1131 2785242 
1132 2785242 
1133 2785245 
1134 2785246 
1135 2785246 
1136 2785246 
1137 2785253 
1138 2785261 
1139 2785276 
1140 2785286 
1141 2785293 
1142 2785294 
1143 2785297 
1144 2785302 
1145 2785302 
1146 2785307 
1147 2785308 
1148 2785309 
1149 2785313 
1150 2785330 
1151 2785330 
1152 2785331 
1153 2785331 
1154 2785331 
1155 2785332 
1156 2785332 
1157 2785332 
1158 2785333 
1159 2785351 
1160 2785351 
1161 2785352 
1162 2785352 
1163 2785352 
1164 2785353 
1165 2785353 
1166 2785356 
1167 2785356 
1168 2785357 
1169 2785357 
1170 2785357 
1171 2785358 
1172 2785368 
1173 2785394 
1174 2785394 
1175 2785398 
1176 2785399 
1177 2785400 
1178 2785401 
1179 2785401 
1180 2785404 
1181 2785405 
1182 2785405 
1183 2785406 
1184 2785406 
1185 2785407 
1186 2785407 
1187 2785407 
1188 2785407 
1189 2785423 
1190 2785424 
1191 2785424 
1192 2785425 
1193 2785425 
1194 2785425 
1195 2785426 
1196 2785426 
1197 2785426 
1198 2785427 
1199 2785427 
1200 2785428 
1201 2785428 
1202 2785428 
1203 2785429 
1204 2785429 
1205 2785429 
1206 2785430 
1207 2785430 
1208 2785432 
1209 2785432 
1210 2785433 
1211 2785433 
1212 2785433 
1213 2785434 
1214 2785434 
1215 2785434 
1216 2785440 
1217 2785442 
1218 2785443 
1219 2785445 
1220 2785480 
1221 2785480 
1222 2785481 
1223 2785481 
1224 2785481 
1225 2785482 
1226 2785482 
1227 2785482 
1228 2785483 
1229 2785483 
1230 2785484 
1231 2785484 
1232 2785484 
1233 2785485 
1234 2785490 
1235 2785490 
1236 2785505 
1237 2785506 
1238 2785506 
1239 2785511 
1240 2785512 
1241 2785512 
1242 2785512 
1243 2785513 
1244 2785513 
1245 2785513 
1246 2785517 
1247 2785517 
1248 2785636 
1249 2785758 
1250 2785763 
1251 2785763 
1252 2785875 
1253 2785891 
1254 2785892 
1255 2785892 
1256 2785892 
1257 2785930 
1258 2785945 
1259 2786006 
1260 2786006 
1261 2786013 
1262 2786014 
1263 2786014 
1264 2786014 
1265 2786015 
1266 2786015 
1267 2786015 
1268 2786018 
1269 2786019 
1270 2786031 
1271 2786032 
1272 2786032 
1273 2786038 
1274 2786060 
1275 2786060 
1276 2786072 
1277 2786072 
1278 2786076 
1279 2786078 
1280 2786078 
1281 2786079 
1282 2786090 
1283 2786091 
1284 2786092 
1285 2786132 
1286 2786133 
1287 2786148 
1288 2786150 
1289 2786152 
1290 2786154 
1291 2786160 
1292 2786176 
1293 2786177 
1294 2786177 
1295 2786178 
1296 2786178 
1297 2786178 
1298 2786179 
1299 2786179 
1300 2786179 
1301 2786179 
1302 2786180 
1303 2786180 
1304 2786181 
1305 2786181 
1306 2786182 
1307 2786183 
1308 2786183 
1309 2786184 
1310 2786184 
1311 2786184 
1312 2786185 
1313 2786185 
1314 2786185 
1315 2786186 
1316 2786186 
1317 2786186 
1318 2786187 
1319 2786187 
1320 2786187 
1321 2786190 
1322 2786191 
1323 2786193 
1324 2786194 
1325 2786197 
1326 2786198 
1327 2786200 
1328 2786204 
1329 2786206 
1330 2786207 
1331 2786208 
1332 2786208 
1333 2786209 
1334 2786212 
1335 2786213 
1336 2786216 
1337 2786217 
1338 2786225 
1339 2786227 
1340 2786228 
1341 2786228 
1342 2786229 
1343 2786230 
1344 2786232 
1345 2786234 
1346 2786235 
1347 2786235 
1348 2786236 
1349 2786236 
1350 2786236 
1351 2786238 
1352 2786238 
1353 2786239 
1354 2786241 
1355 2786243 
1356 2786243 
1357 2786243 
1358 2786244 
1359 2786247 
1360 2786250 
1361 2786253 
1362 2786253 
1363 2786254 
1364 2786254 
1365 2786254 
1366 2786255 
1367 2786255 
1368 2786255 
1369 2786256 
1370 2786256 
1371 2786256 
1372 2786256 
1373 2786257 
1374 2786257 
1375 2786258 
1376 2786258 
1377 2786266 
1378 2786268 
1379 2786270 
1380 2786270 
1381 2786270 
1382 2786270 
1383 2786271 
1384 2786271 
1385 2786274 
1386 2786293 
1387 2786296 
1388 2786300 
1389 2786301 
1390 2786304 
1391 2786304 
1392 2786309 
1393 2786312 
1394 2786313 
1395 2786314 
1396 2786315 
1397 2786317 
1398 2786327 
1399 2786332 
1400 2786332 
1401 2786338 
1402 2786342 
1403 2786345 
1404 2786347 
1405 2786347 
1406 2786348 
1407 2786349 
1408 2786352 
1409 2786352 
1410 2786352 
1411 2786356 
1412 2786357 
1413 2786358 
1414 2786360 
1415 2786360 
1416 2786361 
1417 2786370 
1418 2786379 
1419 2786385 
1420 2786386 
1421 2786387 
1422 2786390 
1423 2786398 
