1 2588402 
2 2588402 
3 2588403 
4 2588403 
5 2588407 
6 2588412 
7 2588415 
8 2588415 
9 2588416 
10 2588416 
11 2588417 
12 2588419 
13 2588419 
14 2588419 
15 2588421 
16 2588426 
17 2588427 
18 2588427 
19 2588427 
20 2588428 
21 2588429 
22 2588429 
23 2588429 
24 2588441 
25 2588442 
26 2588442 
27 2588442 
28 2588443 
29 2588443 
30 2588443 
31 2588444 
32 2588445 
33 2588445 
34 2588445 
35 2588449 
36 2588461 
37 2588463 
38 2588466 
39 2588467 
40 2588467 
41 2588469 
42 2588474 
43 2588482 
44 2588485 
45 2588500 
46 2588508 
47 2588513 
48 2588517 
49 2588521 
50 2588522 
51 2588526 
52 2588526 
53 2588527 
54 2588533 
55 2588537 
56 2588538 
57 2588538 
58 2588539 
59 2588539 
60 2588540 
61 2588540 
62 2588540 
63 2588542 
64 2588543 
65 2588543 
66 2588543 
67 2588543 
68 2588544 
69 2588544 
70 2588544 
71 2588545 
72 2588545 
73 2588545 
74 2588546 
75 2588550 
76 2588550 
77 2588550 
78 2588551 
79 2588551 
80 2588551 
81 2588552 
82 2588552 
83 2588554 
84 2588554 
85 2588554 
86 2588555 
87 2588557 
88 2588557 
89 2588557 
90 2588558 
91 2588558 
92 2588558 
93 2588559 
94 2588560 
95 2588560 
96 2588561 
97 2588562 
98 2588562 
99 2588562 
100 2588563 
101 2588563 
102 2588563 
103 2588564 
104 2588564 
105 2588564 
106 2588564 
107 2588565 
108 2588565 
109 2588565 
110 2588566 
111 2588566 
112 2588566 
113 2588567 
114 2588567 
115 2588568 
116 2588568 
117 2588568 
118 2588568 
119 2588569 
120 2588569 
121 2588569 
122 2588570 
123 2588570 
124 2588570 
125 2588572 
126 2588573 
127 2588573 
128 2588573 
129 2588574 
130 2588574 
131 2588574 
132 2588575 
133 2588575 
134 2588579 
135 2588581 
136 2588582 
137 2588584 
138 2588590 
139 2588590 
140 2588591 
141 2588598 
142 2588599 
143 2588600 
144 2588602 
145 2588602 
146 2588605 
147 2588606 
148 2588606 
149 2588609 
150 2588609 
151 2588612 
152 2588614 
153 2588627 
154 2588635 
155 2588636 
156 2588637 
157 2588646 
158 2588652 
159 2588657 
160 2588658 
161 2588658 
162 2588661 
163 2588661 
164 2588661 
165 2588662 
166 2588662 
167 2588662 
168 2588663 
169 2588664 
170 2588667 
171 2588668 
172 2588668 
173 2588681 
174 2588682 
175 2588682 
176 2588682 
177 2588683 
178 2588683 
179 2588683 
180 2588683 
181 2588684 
182 2588684 
183 2588685 
184 2588686 
185 2588693 
186 2588713 
187 2588714 
188 2588720 
189 2588721 
190 2588723 
191 2588727 
192 2588732 
193 2588733 
194 2588737 
195 2588742 
196 2588743 
197 2588745 
198 2588746 
199 2588748 
200 2588750 
201 2588750 
202 2588752 
203 2588752 
204 2588753 
205 2588753 
206 2588756 
207 2588756 
208 2588759 
209 2588759 
210 2588759 
211 2588760 
212 2588760 
213 2588761 
214 2588762 
215 2588762 
216 2588762 
217 2588763 
218 2588764 
219 2588764 
220 2588765 
221 2588765 
222 2588765 
223 2588766 
224 2588766 
225 2588766 
226 2588767 
227 2588767 
228 2588767 
229 2588768 
230 2588768 
231 2588768 
232 2588769 
233 2588769 
234 2588769 
235 2588770 
236 2588775 
237 2588776 
238 2588776 
239 2588776 
240 2588776 
241 2588779 
242 2588783 
243 2588783 
244 2588784 
245 2588787 
246 2588788 
247 2588790 
248 2588790 
249 2588797 
250 2588799 
251 2588802 
252 2588802 
253 2588803 
254 2588803 
255 2588804 
256 2588806 
257 2588806 
258 2588806 
259 2588807 
260 2588807 
261 2588808 
262 2588808 
263 2588808 
264 2588808 
265 2588811 
266 2588811 
267 2588815 
268 2588815 
269 2588815 
270 2588816 
271 2588816 
272 2588816 
273 2588819 
274 2588820 
275 2588820 
276 2588820 
277 2588824 
278 2588824 
279 2588825 
280 2588826 
281 2588828 
282 2588829 
283 2588832 
284 2588832 
285 2588832 
286 2588835 
287 2588835 
288 2588836 
289 2588837 
290 2588837 
291 2588839 
292 2588840 
293 2588840 
294 2588840 
295 2588841 
296 2588842 
297 2588845 
298 2588846 
299 2588846 
300 2588846 
301 2588846 
302 2588848 
303 2588850 
304 2588854 
305 2588856 
306 2588859 
307 2588861 
308 2588862 
309 2588864 
310 2588867 
311 2588868 
312 2588869 
313 2588871 
314 2588871 
315 2588871 
316 2588872 
317 2588874 
318 2588876 
319 2588877 
320 2588878 
321 2588881 
322 2588883 
323 2588886 
324 2588886 
325 2588886 
326 2588887 
327 2588887 
328 2588887 
329 2588888 
330 2588888 
331 2588888 
332 2588892 
333 2588892 
334 2588893 
335 2588893 
336 2588898 
337 2588898 
338 2588899 
339 2588899 
340 2588899 
341 2588900 
342 2588900 
343 2588900 
344 2588901 
345 2588901 
346 2588902 
347 2588902 
348 2588902 
349 2588902 
350 2588905 
351 2588907 
352 2588909 
353 2588909 
354 2588912 
355 2588916 
356 2588921 
357 2588922 
358 2588922 
359 2588922 
360 2588922 
361 2588923 
362 2588923 
363 2588924 
364 2588926 
365 2588927 
366 2588931 
367 2588938 
368 2588940 
369 2588950 
370 2588950 
371 2588951 
372 2588951 
373 2588952 
374 2588952 
375 2588955 
376 2588955 
377 2588956 
378 2588956 
379 2588956 
380 2588956 
381 2588957 
382 2588957 
383 2588957 
384 2588958 
385 2588958 
386 2588958 
387 2588958 
388 2588959 
389 2588959 
390 2588962 
391 2588971 
392 2588971 
393 2588971 
394 2588972 
395 2588972 
396 2588972 
397 2588972 
398 2588975 
399 2588976 
400 2588977 
401 2588977 
402 2588977 
403 2588977 
404 2588978 
405 2588978 
406 2588979 
407 2588979 
408 2588979 
409 2588980 
410 2588980 
411 2588980 
412 2588981 
413 2588981 
414 2588981 
415 2588981 
416 2588982 
417 2588982 
418 2588983 
419 2588983 
420 2588998 
421 2589006 
422 2589006 
423 2589007 
424 2589008 
425 2589015 
426 2589015 
427 2589016 
428 2589018 
429 2589019 
430 2589021 
431 2589021 
432 2589023 
433 2589026 
434 2589026 
435 2589026 
436 2589027 
437 2589027 
438 2589028 
439 2589028 
440 2589028 
441 2589029 
442 2589029 
443 2589030 
444 2589030 
445 2589030 
446 2589031 
447 2589031 
448 2589031 
449 2589031 
450 2589032 
451 2589032 
452 2589032 
453 2589033 
454 2589033 
455 2589034 
456 2589034 
457 2589035 
458 2589035 
459 2589036 
460 2589036 
461 2589036 
462 2589037 
463 2589037 
464 2589042 
465 2589046 
466 2589046 
467 2589046 
468 2589046 
469 2589051 
470 2589054 
471 2589062 
472 2589062 
473 2589063 
474 2589063 
475 2589064 
476 2589064 
477 2589064 
478 2589065 
479 2589065 
480 2589075 
481 2589078 
482 2589078 
483 2589078 
484 2589078 
485 2589079 
486 2589079 
487 2589079 
488 2589083 
489 2589084 
490 2589084 
491 2589086 
492 2589089 
493 2589090 
494 2589092 
495 2589096 
496 2589099 
497 2589101 
498 2589103 
499 2589103 
500 2589104 
501 2589105 
502 2589111 
503 2589112 
504 2589114 
505 2589115 
506 2589115 
507 2589115 
508 2589116 
509 2589116 
510 2589117 
511 2589117 
512 2589117 
513 2589118 
514 2589125 
515 2589127 
516 2589128 
517 2589128 
518 2589134 
519 2589137 
520 2589137 
521 2589138 
522 2589138 
523 2589138 
524 2589139 
525 2589139 
526 2589139 
527 2589140 
528 2589140 
529 2589140 
530 2589141 
531 2589141 
532 2589141 
533 2589141 
534 2589143 
535 2589143 
536 2589143 
537 2589144 
538 2589145 
539 2589146 
540 2589146 
541 2589148 
542 2589156 
543 2589156 
544 2589156 
545 2589159 
546 2589164 
547 2589166 
548 2589167 
549 2589169 
550 2589172 
551 2589174 
552 2589177 
553 2589177 
554 2589179 
555 2589179 
556 2589179 
557 2589180 
558 2589180 
559 2589180 
560 2589180 
561 2589181 
562 2589181 
563 2589181 
564 2589181 
565 2589182 
566 2589182 
567 2589182 
568 2589183 
569 2589183 
570 2589185 
571 2589186 
572 2589187 
573 2589187 
574 2589188 
575 2589188 
576 2589190 
577 2589190 
578 2589194 
579 2589194 
580 2589194 
581 2589195 
582 2589195 
583 2589195 
584 2589195 
585 2589196 
586 2589196 
587 2589196 
588 2589196 
589 2589197 
590 2589197 
591 2589199 
592 2589201 
593 2589202 
594 2589203 
595 2589203 
596 2589203 
597 2589204 
598 2589204 
599 2589204 
600 2589205 
601 2589205 
602 2589205 
603 2589206 
604 2589206 
605 2589206 
606 2589207 
607 2589207 
608 2589207 
609 2589207 
610 2589208 
611 2589214 
612 2589214 
613 2589215 
614 2589215 
615 2589217 
616 2589220 
617 2589220 
618 2589221 
619 2589221 
620 2589221 
621 2589221 
622 2589222 
623 2589222 
624 2589222 
625 2589222 
626 2589223 
627 2589225 
628 2589226 
629 2589226 
630 2589228 
631 2589229 
632 2589229 
633 2589229 
634 2589230 
635 2589234 
636 2589234 
637 2589234 
638 2589235 
639 2589235 
640 2589235 
641 2589236 
642 2589237 
643 2589237 
644 2589237 
645 2589238 
646 2589238 
647 2589239 
648 2589239 
649 2589240 
650 2589240 
651 2589243 
652 2589248 
653 2589248 
654 2589248 
655 2589249 
656 2589255 
657 2589255 
658 2589256 
659 2589256 
660 2589257 
661 2589258 
662 2589258 
663 2589260 
664 2589261 
665 2589261 
666 2589262 
667 2589263 
668 2589263 
669 2589266 
670 2589268 
671 2589270 
672 2589277 
673 2589277 
674 2589279 
675 2589279 
676 2589282 
677 2589284 
678 2589287 
679 2589293 
680 2589295 
681 2589295 
682 2589296 
683 2589296 
684 2589296 
685 2589296 
686 2589299 
687 2589300 
688 2589300 
689 2589302 
690 2589307 
691 2589307 
692 2589308 
693 2589308 
694 2589308 
695 2589309 
696 2589309 
697 2589309 
698 2589310 
699 2589310 
700 2589310 
701 2589311 
702 2589312 
703 2589312 
704 2589312 
705 2589313 
706 2589313 
707 2589314 
708 2589314 
709 2589315 
710 2589315 
711 2589316 
712 2589318 
713 2589318 
714 2589318 
715 2589319 
716 2589319 
717 2589324 
718 2589324 
719 2589324 
720 2589325 
721 2589327 
722 2589329 
723 2589329 
724 2589332 
725 2589332 
726 2589333 
727 2589333 
728 2589333 
729 2589334 
730 2589334 
731 2589334 
732 2589336 
733 2589337 
734 2589337 
735 2589338 
736 2589339 
737 2589339 
738 2589339 
739 2589340 
740 2589340 
741 2589340 
742 2589340 
743 2589341 
744 2589341 
745 2589341 
746 2589342 
747 2589342 
748 2589343 
749 2589343 
750 2589343 
751 2589344 
752 2589344 
753 2589345 
754 2589348 
755 2589351 
756 2589351 
757 2589351 
758 2589353 
759 2589353 
760 2589353 
761 2589354 
762 2589354 
763 2589355 
764 2589355 
765 2589355 
766 2589356 
767 2589356 
768 2589357 
769 2589357 
770 2589358 
771 2589358 
772 2589358 
773 2589360 
774 2589361 
775 2589363 
776 2589364 
777 2589365 
778 2589365 
779 2589368 
780 2589369 
781 2589371 
782 2589372 
783 2589373 
784 2589376 
785 2589377 
786 2589377 
787 2589378 
788 2589378 
789 2589378 
790 2589379 
791 2589379 
792 2589379 
793 2589383 
794 2589384 
795 2589384 
796 2589385 
797 2589386 
798 2589386 
799 2589386 
800 2589386 
801 2589387 
802 2589387 
803 2589387 
804 2589388 
805 2589388 
806 2589389 
807 2589389 
808 2589390 
809 2589392 
810 2589392 
811 2589396 
812 2589402 
813 2589402 
814 2589403 
815 2589404 
816 2589406 
817 2589409 
818 2589410 
819 2589411 
820 2589411 
821 2589411 
822 2589412 
823 2589412 
824 2589412 
825 2589412 
826 2589413 
827 2589413 
828 2589413 
829 2589414 
830 2589414 
831 2589415 
832 2589415 
833 2589416 
834 2589416 
835 2589416 
836 2589417 
837 2589417 
838 2589418 
839 2589419 
840 2589421 
841 2589422 
842 2589422 
843 2589425 
844 2589426 
845 2589427 
846 2589428 
847 2589428 
848 2589431 
849 2589432 
850 2589434 
851 2589434 
852 2589435 
853 2589438 
854 2589439 
855 2589439 
856 2589439 
857 2589439 
858 2589440 
859 2589440 
860 2589448 
861 2589449 
862 2589452 
863 2589453 
864 2589454 
865 2589457 
866 2589459 
867 2589463 
868 2589465 
869 2589467 
870 2589468 
871 2589470 
872 2589475 
873 2589477 
874 2589477 
875 2589478 
876 2589478 
877 2589478 
878 2589479 
879 2589484 
880 2589486 
881 2589488 
882 2589490 
883 2589490 
884 2589492 
885 2589495 
886 2589496 
887 2589496 
888 2589497 
889 2589497 
890 2589497 
891 2589498 
892 2589498 
893 2589498 
894 2589499 
895 2589499 
896 2589499 
897 2589500 
898 2589501 
899 2589501 
900 2589501 
901 2589502 
902 2589502 
903 2589503 
904 2589503 
905 2589503 
906 2589504 
907 2589504 
908 2589504 
909 2589508 
910 2589509 
911 2589515 
912 2589522 
913 2589522 
914 2589523 
915 2589527 
916 2589529 
917 2589529 
918 2589530 
919 2589530 
920 2589531 
921 2589531 
922 2589531 
923 2589533 
924 2589534 
925 2589534 
926 2589534 
927 2589535 
928 2589535 
929 2589536 
930 2589536 
931 2589537 
932 2589537 
933 2589538 
934 2589540 
935 2589541 
936 2589543 
937 2589543 
938 2589551 
939 2589554 
940 2589555 
941 2589558 
942 2589563 
943 2589563 
944 2589565 
945 2589567 
946 2589568 
947 2589569 
948 2589572 
949 2589573 
950 2589575 
951 2589575 
952 2589576 
953 2589577 
954 2589579 
955 2589579 
956 2589579 
957 2589580 
958 2589582 
959 2589583 
960 2589584 
961 2589586 
962 2589587 
963 2589588 
964 2589588 
965 2589588 
966 2589588 
967 2589589 
968 2589591 
969 2589591 
970 2589591 
971 2589592 
972 2589594 
973 2589595 
974 2589595 
975 2589596 
976 2589596 
977 2589597 
978 2589597 
979 2589597 
980 2589597 
981 2589597 
982 2589598 
983 2589598 
984 2589599 
985 2589599 
986 2589600 
987 2589602 
988 2589602 
989 2589607 
990 2589610 
991 2589610 
992 2589611 
993 2589611 
994 2589611 
995 2589611 
996 2589612 
997 2589612 
998 2589612 
999 2589613 
1000 2589613 
1001 2589613 
1002 2589615 
1003 2589615 
1004 2589616 
1005 2589616 
1006 2589616 
1007 2589618 
1008 2589619 
1009 2589619 
1010 2589619 
1011 2589619 
1012 2589622 
1013 2589623 
1014 2589623 
1015 2589623 
1016 2589625 
1017 2589625 
1018 2589626 
1019 2589626 
1020 2589627 
1021 2589627 
1022 2589627 
1023 2589634 
1024 2589634 
1025 2589635 
1026 2589635 
1027 2589635 
1028 2589636 
1029 2589636 
1030 2589637 
1031 2589638 
1032 2589638 
1033 2589638 
1034 2589638 
1035 2589644 
1036 2589646 
1037 2589647 
1038 2589647 
1039 2589648 
1040 2589648 
1041 2589652 
1042 2589652 
1043 2589654 
1044 2589658 
1045 2589662 
1046 2589667 
1047 2589670 
1048 2589670 
1049 2589670 
1050 2589671 
1051 2589676 
1052 2589680 
1053 2589681 
1054 2589681 
1055 2589681 
1056 2589682 
1057 2589683 
1058 2589683 
1059 2589683 
1060 2589683 
1061 2589684 
1062 2589684 
1063 2589684 
1064 2589685 
1065 2589685 
1066 2589687 
1067 2589690 
1068 2589692 
1069 2589692 
1070 2589694 
1071 2589695 
1072 2589695 
1073 2589698 
1074 2589700 
1075 2589703 
1076 2589706 
1077 2589708 
1078 2589708 
1079 2589709 
1080 2589710 
1081 2589710 
1082 2589716 
1083 2589718 
1084 2589720 
1085 2589720 
1086 2589724 
1087 2589726 
1088 2589732 
1089 2589734 
1090 2589736 
1091 2589742 
1092 2589744 
1093 2589744 
1094 2589748 
1095 2589749 
1096 2589750 
1097 2589750 
1098 2589751 
1099 2589751 
1100 2589754 
1101 2589754 
1102 2589754 
1103 2589755 
1104 2589755 
1105 2589755 
1106 2589756 
1107 2589756 
1108 2589757 
1109 2589758 
1110 2589760 
1111 2589763 
1112 2589763 
1113 2589764 
1114 2589764 
1115 2589764 
1116 2589767 
1117 2589767 
1118 2589767 
1119 2589767 
1120 2589768 
1121 2589768 
1122 2589769 
1123 2589778 
1124 2589780 
1125 2589784 
1126 2589785 
1127 2589789 
1128 2589790 
1129 2589791 
1130 2589792 
1131 2589792 
1132 2589792 
1133 2589793 
1134 2589794 
1135 2589794 
1136 2589795 
1137 2589795 
1138 2589795 
1139 2589796 
1140 2589796 
1141 2589796 
1142 2589798 
1143 2589799 
1144 2589807 
1145 2589809 
1146 2589810 
1147 2589810 
1148 2589811 
1149 2589814 
1150 2589815 
1151 2589817 
1152 2589818 
1153 2589820 
1154 2589822 
1155 2589822 
1156 2589823 
1157 2589823 
1158 2589823 
1159 2589824 
1160 2589824 
1161 2589824 
1162 2589825 
1163 2589825 
1164 2589826 
1165 2589827 
1166 2589828 
1167 2589829 
1168 2589833 
1169 2589835 
1170 2589835 
1171 2589835 
1172 2589835 
1173 2589836 
1174 2589836 
1175 2589836 
1176 2589838 
1177 2589840 
1178 2589840 
1179 2589843 
1180 2589845 
1181 2589846 
1182 2589847 
1183 2589849 
1184 2589851 
1185 2589854 
1186 2589863 
1187 2589863 
1188 2589866 
1189 2589866 
1190 2589867 
1191 2589868 
1192 2589869 
1193 2589871 
1194 2589872 
1195 2589873 
1196 2589874 
1197 2589875 
1198 2589875 
1199 2589877 
1200 2589892 
1201 2589894 
1202 2589894 
1203 2589897 
1204 2589898 
1205 2589900 
1206 2589901 
1207 2589903 
1208 2589903 
1209 2589907 
1210 2589916 
1211 2589919 
1212 2589921 
1213 2589921 
1214 2589921 
1215 2589923 
1216 2589925 
1217 2589927 
1218 2589929 
1219 2589931 
1220 2589932 
1221 2589933 
1222 2589938 
1223 2589938 
1224 2589939 
1225 2589941 
1226 2589942 
1227 2589943 
1228 2589944 
1229 2589944 
1230 2589944 
1231 2589945 
1232 2589945 
1233 2589945 
1234 2589946 
1235 2589947 
1236 2589947 
1237 2589948 
1238 2589948 
1239 2589949 
1240 2589951 
1241 2589952 
1242 2589953 
1243 2589953 
1244 2589955 
1245 2589956 
1246 2589956 
1247 2589958 
1248 2589958 
1249 2589958 
1250 2589959 
1251 2589961 
1252 2589962 
1253 2589965 
1254 2589965 
1255 2589965 
1256 2589966 
1257 2589966 
1258 2589970 
1259 2589974 
1260 2589975 
1261 2589975 
1262 2589979 
1263 2589979 
1264 2589980 
1265 2589980 
1266 2589981 
1267 2589983 
1268 2589983 
1269 2589988 
1270 2589988 
1271 2589988 
1272 2589989 
1273 2589989 
1274 2589989 
1275 2589990 
1276 2589991 
1277 2589994 
1278 2589998 
1279 2590001 
1280 2590001 
1281 2590002 
1282 2590002 
1283 2590002 
1284 2590002 
1285 2590003 
1286 2590003 
1287 2590003 
1288 2590003 
1289 2590003 
1290 2590004 
1291 2590004 
1292 2590005 
1293 2590006 
1294 2590006 
1295 2590007 
1296 2590008 
1297 2590010 
1298 2590013 
1299 2590013 
1300 2590013 
1301 2590014 
1302 2590015 
1303 2590018 
1304 2590018 
1305 2590023 
1306 2590025 
1307 2590027 
1308 2590031 
1309 2590032 
1310 2590033 
1311 2590033 
1312 2590033 
1313 2590035 
1314 2590039 
1315 2590046 
1316 2590046 
1317 2590047 
1318 2590048 
1319 2590049 
1320 2590054 
1321 2590054 
1322 2590057 
1323 2590059 
1324 2590059 
1325 2590060 
1326 2590063 
1327 2590063 
1328 2590065 
1329 2590068 
1330 2590068 
1331 2590068 
1332 2590068 
1333 2590068 
1334 2590069 
1335 2590069 
1336 2590070 
1337 2590070 
1338 2590070 
1339 2590071 
1340 2590071 
1341 2590075 
1342 2590076 
1343 2590078 
1344 2590078 
1345 2590079 
1346 2590079 
1347 2590079 
1348 2590080 
1349 2590080 
1350 2590080 
1351 2590081 
1352 2590081 
1353 2590081 
1354 2590081 
1355 2590082 
1356 2590083 
1357 2590083 
1358 2590083 
1359 2590083 
1360 2590084 
1361 2590085 
1362 2590085 
1363 2590086 
1364 2590087 
1365 2590087 
1366 2590088 
1367 2590089 
1368 2590090 
1369 2590091 
1370 2590091 
1371 2590092 
1372 2590092 
1373 2590092 
1374 2590099 
1375 2590099 
1376 2590100 
1377 2590101 
1378 2590103 
1379 2590104 
1380 2590104 
1381 2590104 
1382 2590109 
1383 2590109 
1384 2590109 
1385 2590110 
1386 2590111 
1387 2590112 
1388 2590114 
1389 2590116 
1390 2590117 
1391 2590125 
1392 2590128 
1393 2590128 
1394 2590134 
1395 2590136 
1396 2590141 
1397 2590146 
1398 2590148 
1399 2590148 
1400 2590151 
1401 2590155 
1402 2590156 
1403 2590156 
1404 2590156 
1405 2590157 
1406 2590159 
1407 2590160 
1408 2590160 
1409 2590160 
1410 2590161 
1411 2590161 
1412 2590162 
1413 2590163 
1414 2590167 
1415 2590169 
1416 2590169 
1417 2590169 
1418 2590171 
1419 2590172 
1420 2590175 
1421 2590175 
1422 2590175 
1423 2590178 
1424 2590179 
1425 2590179 
1426 2590179 
1427 2590180 
1428 2590180 
1429 2590182 
1430 2590183 
1431 2590184 
1432 2590185 
1433 2590186 
1434 2590191 
1435 2590191 
1436 2590192 
1437 2590192 
1438 2590192 
1439 2590193 
1440 2590193 
1441 2590193 
1442 2590194 
1443 2590194 
1444 2590194 
1445 2590195 
1446 2590195 
1447 2590195 
1448 2590196 
1449 2590196 
1450 2590196 
1451 2590197 
1452 2590197 
1453 2590197 
1454 2590198 
1455 2590198 
1456 2590198 
1457 2590208 
1458 2590209 
1459 2590209 
1460 2590209 
1461 2590213 
1462 2590213 
1463 2590217 
1464 2590218 
1465 2590218 
1466 2590219 
1467 2590219 
1468 2590232 
1469 2590233 
1470 2590239 
1471 2590240 
1472 2590245 
1473 2590245 
1474 2590247 
1475 2590248 
1476 2590251 
1477 2590265 
1478 2590265 
1479 2590265 
1480 2590266 
1481 2590266 
1482 2590266 
1483 2590267 
1484 2590268 
1485 2590268 
1486 2590268 
1487 2590271 
1488 2590272 
1489 2590272 
1490 2590273 
1491 2590273 
1492 2590275 
1493 2590275 
1494 2590276 
1495 2590278 
1496 2590279 
1497 2590279 
1498 2590281 
1499 2590282 
1500 2590282 
1501 2590284 
1502 2590289 
1503 2590289 
1504 2590290 
1505 2590291 
1506 2590292 
1507 2590292 
1508 2590301 
1509 2590301 
1510 2590301 
1511 2590302 
1512 2590304 
1513 2590306 
1514 2590306 
1515 2590315 
1516 2590316 
1517 2590316 
1518 2590316 
1519 2590317 
1520 2590321 
1521 2590327 
1522 2590328 
1523 2590331 
1524 2590332 
1525 2590334 
1526 2590335 
1527 2590336 
1528 2590336 
1529 2590339 
1530 2590343 
1531 2590346 
1532 2590347 
1533 2590347 
1534 2590348 
1535 2590349 
1536 2590349 
1537 2590350 
1538 2590351 
1539 2590351 
1540 2590353 
1541 2590355 
1542 2590365 
1543 2590365 
1544 2590370 
1545 2590370 
1546 2590371 
1547 2590376 
1548 2590379 
1549 2590380 
1550 2590380 
1551 2590380 
1552 2590381 
1553 2590383 
1554 2590383 
1555 2590385 
1556 2590385 
1557 2590386 
1558 2590387 
1559 2590388 
1560 2590389 
1561 2590393 
1562 2590393 
1563 2590397 
1564 2590398 
1565 2590399 
1566 2590401 
1567 2590402 
1568 2590402 
1569 2590404 
1570 2590406 
1571 2590410 
1572 2590413 
1573 2590415 
1574 2590416 
1575 2590417 
1576 2590418 
1577 2590418 
1578 2590419 
1579 2590419 
1580 2590420 
1581 2590420 
1582 2590420 
1583 2590421 
1584 2590421 
1585 2590422 
1586 2590422 
1587 2590423 
1588 2590423 
1589 2590423 
1590 2590426 
1591 2590428 
1592 2590429 
1593 2590429 
1594 2590432 
1595 2590432 
1596 2590434 
1597 2590440 
1598 2590441 
1599 2590443 
1600 2590445 
1601 2590446 
1602 2590446 
1603 2590450 
1604 2590450 
1605 2590459 
1606 2590461 
1607 2590462 
1608 2590462 
1609 2590462 
1610 2590463 
1611 2590463 
1612 2590463 
1613 2590463 
1614 2590464 
1615 2590464 
1616 2590465 
1617 2590465 
1618 2590465 
1619 2590465 
1620 2590466 
1621 2590466 
1622 2590467 
1623 2590467 
1624 2590467 
1625 2590467 
1626 2590468 
1627 2590468 
1628 2590468 
1629 2590469 
1630 2590469 
1631 2590469 
1632 2590469 
1633 2590470 
1634 2590470 
1635 2590470 
1636 2590471 
1637 2590471 
1638 2590471 
1639 2590472 
1640 2590472 
1641 2590472 
1642 2590473 
1643 2590473 
1644 2590474 
1645 2590475 
1646 2590475 
1647 2590476 
1648 2590476 
1649 2590476 
1650 2590477 
1651 2590477 
1652 2590477 
1653 2590478 
1654 2590478 
1655 2590478 
1656 2590479 
1657 2590479 
1658 2590479 
1659 2590480 
1660 2590480 
1661 2590480 
1662 2590481 
1663 2590481 
1664 2590485 
1665 2590489 
1666 2590491 
1667 2590492 
1668 2590494 
1669 2590494 
1670 2590494 
1671 2590495 
1672 2590497 
1673 2590499 
1674 2590499 
1675 2590501 
1676 2590508 
1677 2590510 
1678 2590514 
1679 2590518 
1680 2590519 
1681 2590520 
1682 2590522 
1683 2590524 
1684 2590529 
1685 2590531 
1686 2590535 
1687 2590535 
1688 2590536 
1689 2590536 
1690 2590536 
1691 2590537 
1692 2590539 
1693 2590540 
1694 2590545 
1695 2590547 
1696 2590554 
1697 2590554 
1698 2590555 
1699 2590556 
1700 2590557 
1701 2590557 
1702 2590559 
1703 2590561 
1704 2590562 
1705 2590563 
1706 2590564 
1707 2590565 
1708 2590566 
1709 2590568 
1710 2590569 
1711 2590571 
1712 2590571 
1713 2590572 
1714 2590574 
1715 2590574 
1716 2590574 
1717 2590574 
1718 2590575 
1719 2590575 
1720 2590576 
1721 2590577 
1722 2590577 
1723 2590580 
1724 2590582 
1725 2590582 
1726 2590583 
1727 2590584 
1728 2590585 
1729 2590590 
1730 2590591 
1731 2590594 
1732 2590599 
1733 2590600 
1734 2590606 
1735 2590608 
1736 2590608 
1737 2590609 
1738 2590609 
1739 2590610 
1740 2590610 
1741 2590610 
1742 2590611 
1743 2590611 
1744 2590612 
1745 2590613 
1746 2590617 
1747 2590622 
1748 2590625 
1749 2590625 
1750 2590625 
1751 2590627 
1752 2590629 
1753 2590629 
1754 2590629 
1755 2590630 
1756 2590630 
1757 2590630 
1758 2590631 
1759 2590631 
1760 2590631 
1761 2590634 
1762 2590635 
1763 2590635 
1764 2590635 
1765 2590636 
1766 2590636 
1767 2590636 
1768 2590636 
1769 2590637 
1770 2590637 
1771 2590637 
1772 2590638 
1773 2590639 
1774 2590640 
1775 2590642 
1776 2590642 
1777 2590642 
1778 2590642 
1779 2590643 
1780 2590643 
1781 2590643 
1782 2590644 
1783 2590649 
1784 2590650 
1785 2590655 
1786 2590658 
1787 2590658 
1788 2590660 
1789 2590661 
1790 2590664 
1791 2590664 
1792 2590674 
1793 2590674 
1794 2590674 
1795 2590677 
1796 2590679 
1797 2590679 
1798 2590679 
1799 2590679 
1800 2590683 
1801 2590683 
1802 2590684 
1803 2590686 
1804 2590689 
1805 2590693 
1806 2590694 
1807 2590694 
1808 2590694 
1809 2590701 
1810 2590705 
1811 2590708 
1812 2590709 
1813 2590709 
1814 2590710 
1815 2590710 
1816 2590714 
1817 2590714 
1818 2590714 
1819 2590717 
1820 2590717 
1821 2590717 
1822 2590717 
1823 2590718 
1824 2590718 
1825 2590718 
1826 2590719 
1827 2590719 
1828 2590720 
1829 2590720 
1830 2590720 
1831 2590720 
1832 2590721 
1833 2590721 
1834 2590721 
1835 2590723 
1836 2590727 
1837 2590727 
1838 2590728 
1839 2590728 
1840 2590729 
1841 2590729 
1842 2590729 
1843 2590731 
1844 2590732 
1845 2590732 
1846 2590732 
1847 2590733 
1848 2590733 
1849 2590734 
1850 2590735 
1851 2590735 
1852 2590735 
1853 2590736 
1854 2590737 
1855 2590737 
1856 2590739 
1857 2590739 
1858 2590740 
1859 2590741 
1860 2590741 
1861 2590743 
1862 2590753 
1863 2590754 
1864 2590756 
1865 2590766 
1866 2590766 
1867 2590767 
1868 2590767 
1869 2590768 
1870 2590769 
1871 2590769 
1872 2590769 
1873 2590770 
1874 2590770 
1875 2590770 
1876 2590771 
1877 2590771 
1878 2590772 
1879 2590772 
1880 2590773 
1881 2590773 
1882 2590773 
1883 2590776 
1884 2590776 
1885 2590777 
1886 2590779 
1887 2590780 
1888 2590780 
1889 2590785 
1890 2590785 
1891 2590785 
1892 2590786 
1893 2590786 
1894 2590787 
1895 2590787 
1896 2590787 
1897 2590787 
1898 2590787 
1899 2590788 
1900 2590788 
1901 2590788 
1902 2590788 
1903 2590789 
1904 2590789 
1905 2590789 
1906 2590792 
1907 2590792 
1908 2590793 
1909 2590793 
1910 2590795 
1911 2590795 
1912 2590795 
1913 2590796 
1914 2590796 
1915 2590796 
1916 2590797 
1917 2590797 
1918 2590797 
1919 2590801 
1920 2590804 
1921 2590806 
1922 2590807 
1923 2590808 
1924 2590809 
1925 2590811 
1926 2590812 
1927 2590814 
1928 2590815 
1929 2590818 
1930 2590818 
1931 2590820 
1932 2590820 
1933 2590823 
1934 2590831 
1935 2590831 
1936 2590833 
1937 2590839 
1938 2590840 
1939 2590840 
1940 2590840 
1941 2590841 
1942 2590841 
1943 2590841 
1944 2590842 
1945 2590842 
1946 2590842 
1947 2590843 
1948 2590843 
1949 2590843 
1950 2590851 
1951 2590851 
1952 2590851 
1953 2590852 
1954 2590855 
1955 2590863 
1956 2590865 
1957 2590865 
1958 2590866 
1959 2590866 
1960 2590867 
1961 2590869 
1962 2590870 
1963 2590870 
1964 2590870 
1965 2590871 
1966 2590871 
1967 2590871 
1968 2590871 
1969 2590872 
1970 2590872 
1971 2590872 
1972 2590874 
1973 2590883 
1974 2590891 
1975 2590900 
1976 2590900 
1977 2590901 
1978 2590901 
1979 2590902 
1980 2590902 
1981 2590904 
1982 2590905 
1983 2590905 
1984 2590906 
1985 2590907 
1986 2590908 
1987 2590911 
1988 2590911 
1989 2590921 
1990 2590924 
1991 2590926 
1992 2590928 
1993 2590928 
1994 2590930 
1995 2590930 
1996 2590933 
1997 2590936 
1998 2590939 
1999 2590942 
2000 2590945 
2001 2590945 
2002 2590947 
2003 2590949 
2004 2590950 
2005 2590951 
2006 2590955 
2007 2590959 
2008 2590967 
2009 2590968 
2010 2590970 
2011 2590970 
2012 2590972 
2013 2590972 
2014 2590972 
2015 2590975 
2016 2590977 
2017 2590977 
2018 2590977 
2019 2590979 
2020 2590979 
2021 2590980 
2022 2590980 
2023 2590981 
2024 2590981 
2025 2590985 
2026 2590990 
2027 2590990 
2028 2590991 
2029 2590993 
2030 2590995 
2031 2590995 
2032 2590996 
2033 2590996 
2034 2591007 
2035 2591009 
2036 2591011 
2037 2591012 
2038 2591014 
2039 2591020 
2040 2591023 
2041 2591027 
2042 2591028 
2043 2591028 
2044 2591028 
2045 2591031 
2046 2591033 
2047 2591034 
2048 2591036 
2049 2591038 
2050 2591041 
2051 2591051 
2052 2591054 
2053 2591057 
2054 2591057 
2055 2591059 
2056 2591059 
2057 2591060 
2058 2591061 
2059 2591064 
2060 2591064 
2061 2591067 
2062 2591071 
2063 2591074 
2064 2591079 
2065 2591082 
2066 2591093 
2067 2591096 
2068 2591097 
2069 2591100 
2070 2591100 
2071 2591101 
2072 2591101 
2073 2591102 
2074 2591102 
2075 2591102 
2076 2591103 
2077 2591105 
2078 2591105 
2079 2591108 
2080 2591109 
2081 2591110 
2082 2591111 
2083 2591112 
2084 2591112 
2085 2591113 
2086 2591115 
2087 2591115 
2088 2591117 
2089 2591122 
2090 2591125 
2091 2591129 
2092 2591130 
2093 2591136 
2094 2591137 
2095 2591147 
2096 2591150 
2097 2591154 
2098 2591159 
2099 2591159 
2100 2591161 
2101 2591162 
2102 2591162 
2103 2591165 
2104 2591179 
2105 2591179 
2106 2591191 
2107 2591195 
2108 2591195 
2109 2591200 
2110 2591206 
2111 2591208 
2112 2591209 
2113 2591210 
2114 2591210 
2115 2591212 
2116 2591215 
2117 2591215 
2118 2591216 
2119 2591216 
2120 2591216 
2121 2591218 
2122 2591221 
2123 2591221 
2124 2591222 
2125 2591226 
2126 2591226 
2127 2591226 
2128 2591228 
2129 2591231 
2130 2591238 
2131 2591239 
2132 2591239 
2133 2591240 
2134 2591261 
2135 2591262 
2136 2591264 
2137 2591268 
2138 2591268 
2139 2591271 
2140 2591272 
2141 2591281 
2142 2591281 
2143 2591282 
2144 2591282 
2145 2591283 
2146 2591286 
2147 2591292 
2148 2591302 
2149 2591302 
2150 2591302 
2151 2591303 
2152 2591303 
2153 2591303 
2154 2591306 
2155 2591307 
2156 2591307 
2157 2591307 
2158 2591308 
2159 2591308 
2160 2591308 
2161 2591309 
2162 2591318 
2163 2591326 
2164 2591329 
2165 2591331 
2166 2591331 
2167 2591332 
2168 2591332 
2169 2591333 
2170 2591333 
2171 2591333 
2172 2591334 
2173 2591335 
2174 2591336 
2175 2591340 
2176 2591342 
2177 2591343 
2178 2591344 
2179 2591345 
2180 2591347 
2181 2591348 
2182 2591349 
2183 2591350 
2184 2591352 
2185 2591352 
2186 2591355 
2187 2591365 
2188 2591369 
2189 2591372 
2190 2591374 
2191 2591375 
2192 2591376 
2193 2591378 
2194 2591380 
2195 2591385 
2196 2591388 
2197 2591389 
2198 2591389 
2199 2591390 
2200 2591392 
2201 2591393 
2202 2591393 
2203 2591394 
2204 2591394 
2205 2591395 
2206 2591395 
2207 2591395 
2208 2591396 
2209 2591396 
2210 2591396 
2211 2591397 
2212 2591399 
2213 2591400 
2214 2591401 
2215 2591402 
2216 2591406 
2217 2591412 
2218 2591412 
2219 2591413 
2220 2591415 
2221 2591416 
2222 2591418 
2223 2591418 
2224 2591420 
2225 2591421 
2226 2591422 
2227 2591424 
2228 2591424 
2229 2591425 
2230 2591428 
2231 2591428 
2232 2591428 
2233 2591428 
2234 2591429 
2235 2591429 
2236 2591429 
2237 2591437 
2238 2591437 
2239 2591437 
2240 2591438 
2241 2591438 
2242 2591438 
2243 2591440 
2244 2591444 
2245 2591446 
2246 2591446 
2247 2591446 
2248 2591447 
2249 2591449 
2250 2591450 
2251 2591453 
2252 2591454 
2253 2591454 
2254 2591455 
2255 2591460 
2256 2591460 
2257 2591461 
2258 2591463 
2259 2591464 
2260 2591464 
2261 2591465 
2262 2591466 
2263 2591466 
2264 2591469 
2265 2591471 
2266 2591479 
2267 2591483 
2268 2591484 
2269 2591486 
2270 2591489 
2271 2591490 
2272 2591493 
2273 2591501 
2274 2591502 
2275 2591508 
2276 2591508 
2277 2591512 
2278 2591513 
2279 2591513 
2280 2591514 
2281 2591514 
2282 2591514 
2283 2591521 
2284 2591522 
2285 2591522 
2286 2591522 
2287 2591523 
2288 2591523 
2289 2591523 
2290 2591524 
2291 2591524 
2292 2591524 
2293 2591524 
2294 2591525 
2295 2591525 
2296 2591525 
2297 2591526 
2298 2591526 
2299 2591526 
2300 2591528 
2301 2591528 
2302 2591530 
2303 2591530 
2304 2591531 
2305 2591531 
2306 2591531 
2307 2591532 
2308 2591533 
2309 2591534 
2310 2591536 
2311 2591536 
2312 2591537 
2313 2591537 
2314 2591537 
2315 2591538 
2316 2591538 
2317 2591538 
2318 2591538 
2319 2591539 
2320 2591539 
2321 2591539 
2322 2591539 
2323 2591540 
2324 2591540 
2325 2591540 
2326 2591541 
2327 2591541 
2328 2591542 
2329 2591543 
2330 2591543 
2331 2591544 
2332 2591545 
2333 2591549 
2334 2591550 
2335 2591552 
2336 2591554 
2337 2591555 
2338 2591556 
2339 2591557 
2340 2591559 
2341 2591561 
2342 2591593 
2343 2591598 
2344 2591600 
2345 2591602 
2346 2591603 
2347 2591604 
2348 2591605 
2349 2591605 
2350 2591607 
2351 2591607 
2352 2591609 
2353 2591611 
2354 2591611 
2355 2591613 
2356 2591613 
2357 2591616 
2358 2591616 
2359 2591616 
2360 2591617 
2361 2591618 
2362 2591621 
2363 2591623 
2364 2591623 
2365 2591624 
2366 2591626 
2367 2591629 
2368 2591629 
2369 2591632 
2370 2591632 
2371 2591635 
2372 2591635 
2373 2591636 
2374 2591636 
2375 2591639 
2376 2591642 
2377 2591648 
2378 2591648 
2379 2591648 
2380 2591650 
2381 2591652 
2382 2591658 
2383 2591659 
2384 2591659 
2385 2591660 
2386 2591662 
2387 2591665 
2388 2591665 
2389 2591666 
2390 2591669 
2391 2591671 
2392 2591671 
2393 2591672 
2394 2591674 
2395 2591675 
2396 2591676 
2397 2591680 
2398 2591688 
2399 2591688 
2400 2591692 
2401 2591692 
2402 2591693 
2403 2591696 
2404 2591704 
2405 2591711 
2406 2591712 
2407 2591714 
2408 2591714 
2409 2591714 
2410 2591714 
2411 2591715 
2412 2591715 
2413 2591715 
2414 2591716 
2415 2591716 
2416 2591717 
2417 2591717 
2418 2591717 
2419 2591717 
2420 2591718 
2421 2591718 
2422 2591718 
2423 2591719 
2424 2591719 
2425 2591719 
2426 2591720 
2427 2591720 
2428 2591720 
2429 2591721 
2430 2591721 
2431 2591721 
2432 2591721 
2433 2591722 
2434 2591722 
2435 2591722 
2436 2591723 
2437 2591723 
2438 2591723 
2439 2591724 
2440 2591724 
2441 2591724 
2442 2591725 
2443 2591725 
2444 2591725 
2445 2591726 
2446 2591726 
2447 2591726 
2448 2591726 
2449 2591727 
2450 2591727 
2451 2591727 
2452 2591728 
2453 2591728 
2454 2591728 
2455 2591728 
2456 2591729 
2457 2591729 
2458 2591729 
2459 2591730 
2460 2591730 
2461 2591730 
2462 2591731 
2463 2591731 
2464 2591733 
2465 2591734 
2466 2591735 
2467 2591735 
2468 2591735 
2469 2591736 
2470 2591736 
2471 2591736 
2472 2591737 
2473 2591737 
2474 2591737 
2475 2591737 
2476 2591738 
2477 2591738 
2478 2591738 
2479 2591739 
2480 2591739 
2481 2591739 
2482 2591740 
2483 2591740 
2484 2591740 
2485 2591741 
2486 2591741 
2487 2591741 
2488 2591742 
2489 2591742 
2490 2591742 
2491 2591743 
2492 2591743 
2493 2591744 
2494 2591744 
2495 2591745 
2496 2591745 
2497 2591745 
2498 2591746 
2499 2591746 
2500 2591746 
2501 2591747 
2502 2591747 
2503 2591747 
2504 2591748 
2505 2591748 
2506 2591749 
2507 2591749 
2508 2591749 
2509 2591750 
2510 2591750 
2511 2591751 
2512 2591751 
2513 2591751 
2514 2591752 
2515 2591752 
2516 2591752 
2517 2591752 
2518 2591753 
2519 2591753 
2520 2591753 
2521 2591754 
2522 2591754 
2523 2591754 
2524 2591755 
2525 2591755 
2526 2591755 
2527 2591756 
2528 2591756 
2529 2591756 
2530 2591757 
2531 2591757 
2532 2591757 
2533 2591758 
2534 2591758 
2535 2591758 
2536 2591758 
2537 2591759 
2538 2591759 
2539 2591759 
2540 2591760 
2541 2591760 
2542 2591760 
2543 2591761 
2544 2591761 
2545 2591761 
2546 2591762 
2547 2591762 
2548 2591762 
2549 2591763 
2550 2591763 
2551 2591764 
2552 2591764 
2553 2591764 
2554 2591765 
2555 2591765 
2556 2591765 
2557 2591766 
2558 2591766 
2559 2591767 
2560 2591767 
2561 2591767 
2562 2591768 
2563 2591768 
2564 2591768 
2565 2591769 
2566 2591769 
2567 2591769 
2568 2591770 
2569 2591770 
2570 2591770 
2571 2591771 
2572 2591771 
2573 2591771 
2574 2591773 
2575 2591777 
2576 2591777 
2577 2591778 
2578 2591778 
2579 2591778 
2580 2591779 
2581 2591779 
2582 2591779 
2583 2591780 
2584 2591780 
2585 2591780 
2586 2591780 
2587 2591781 
2588 2591781 
2589 2591781 
2590 2591782 
2591 2591782 
2592 2591782 
2593 2591782 
2594 2591783 
2595 2591783 
2596 2591783 
2597 2591784 
2598 2591784 
2599 2591784 
2600 2591785 
2601 2591786 
2602 2591786 
2603 2591788 
2604 2591790 
2605 2591790 
2606 2591791 
2607 2591794 
2608 2591795 
2609 2591795 
2610 2591801 
2611 2591802 
2612 2591802 
2613 2591802 
2614 2591803 
2615 2591803 
2616 2591805 
2617 2591805 
2618 2591805 
2619 2591807 
2620 2591807 
2621 2591807 
2622 2591808 
2623 2591808 
2624 2591809 
2625 2591809 
2626 2591809 
2627 2591810 
2628 2591810 
2629 2591810 
2630 2591811 
2631 2591811 
2632 2591811 
2633 2591812 
2634 2591812 
2635 2591812 
2636 2591813 
2637 2591813 
2638 2591813 
2639 2591814 
2640 2591814 
2641 2591814 
2642 2591814 
2643 2591815 
2644 2591815 
2645 2591815 
2646 2591816 
2647 2591816 
2648 2591816 
2649 2591816 
2650 2591817 
2651 2591817 
2652 2591817 
2653 2591818 
2654 2591818 
2655 2591818 
2656 2591821 
2657 2591839 
2658 2591843 
2659 2591843 
2660 2591843 
2661 2591847 
2662 2591850 
2663 2591850 
2664 2591851 
2665 2591860 
2666 2591864 
2667 2591865 
2668 2591865 
2669 2591865 
2670 2591866 
2671 2591866 
2672 2591866 
2673 2591867 
2674 2591870 
2675 2591884 
2676 2591887 
2677 2591890 
2678 2591890 
2679 2591891 
2680 2591891 
2681 2591892 
2682 2591892 
2683 2591892 
2684 2591893 
2685 2591893 
2686 2591893 
2687 2591894 
2688 2591894 
2689 2591894 
2690 2591895 
2691 2591895 
2692 2591901 
2693 2591917 
2694 2591917 
2695 2591918 
2696 2591918 
2697 2591919 
2698 2591920 
2699 2591920 
2700 2591932 
2701 2591932 
2702 2591933 
2703 2591933 
2704 2591933 
2705 2591934 
2706 2591934 
2707 2591934 
2708 2591936 
2709 2591942 
2710 2591942 
2711 2591944 
2712 2591944 
2713 2591945 
2714 2591945 
2715 2591945 
2716 2591946 
2717 2591946 
2718 2591946 
2719 2591947 
2720 2591948 
2721 2591950 
2722 2591950 
2723 2591951 
2724 2591951 
2725 2591952 
2726 2591952 
2727 2591952 
2728 2591953 
2729 2591953 
2730 2591955 
2731 2591955 
2732 2591955 
2733 2591960 
2734 2591962 
2735 2591977 
2736 2591977 
2737 2591978 
2738 2591978 
2739 2591980 
2740 2591981 
2741 2591985 
2742 2591985 
2743 2591990 
2744 2591998 
2745 2591998 
2746 2591999 
2747 2591999 
