1034 166 80 1034 1 361 0 0 0 0 848 818 0 0 1 0 1034 0 627 0 0 457 19 1034 0 718 1 1004 0 785 1034 1034 1034 5 1034 512 0 0 0 0 0 127 549 0 0 361 1013 1034 451 0 0 0 1034 0 913 0 1034 0 0
166 1034 25 166 0 839 868 0 0 868 20 0 868 868 254 868 166 0 166 868 868 309 883 166 868 79 27 166 868 166 166 166 166 34 166 198 868 868 868 0 868 313 166 868 868 138 166 166 55 868 868 868 166 868 228 868 166 868 868
80 25 1034 80 3 25 25 3 0 25 80 82 25 25 24 25 80 3 124 25 25 40 25 80 25 85 3 80 25 80 80 80 80 38 80 80 25 25 25 18 25 0 81 25 25 23 80 80 12 25 25 25 80 25 80 25 80 25 25
1034 166 80 1034 1 361 0 0 0 0 848 818 0 0 1 0 1034 0 627 0 0 457 19 1034 0 718 1 1004 0 785 1034 1034 1034 5 1034 512 0 0 0 0 0 127 549 0 0 361 1013 1034 451 0 0 0 1034 0 913 0 1034 0 0
1 0 3 1 1034 1 1 989 1 0 0 7 0 0 408 0 1 989 32 0 0 4 2 1 0 12 450 10 0 1 1 1 1 3 1 12 0 0 0 6 0 8 11 0 0 16 3 1 12 0 0 0 1 0 12 0 1 0 0
361 839 25 361 1 1034 673 0 0 673 175 169 673 673 59 673 361 0 361 673 673 114 692 361 673 71 27 361 673 361 361 361 361 5 361 225 673 673 673 0 673 313 361 673 673 333 340 361 0 673 673 673 361 673 423 673 361 673 673
0 868 25 0 1 673 1034 1 1 1023 175 0 1023 1023 409 1023 0 1 0 1023 1023 464 994 0 1023 234 28 0 1023 0 0 0 0 189 0 233 1023 1023 1023 1 1023 306 0 1023 1023 58 0 0 210 1023 1023 1023 0 1023 62 1023 0 1023 1023
0 0 3 0 989 0 1 1034 0 0 0 7 0 0 408 0 0 1034 31 0 0 4 2 0 0 13 495 9 0 0 0 0 0 4 0 12 0 0 0 0 0 8 10 0 0 15 2 0 13 0 0 0 0 0 11 0 0 0 0
0 0 0 0 1 0 1 0 1034 0 0 3 0 0 3 0 0 0 24 0 0 7 2 0 0 4 384 3 0 0 0 0 0 52 0 17 0 0 0 0 0 12 4 0 0 484 2 0 6 0 0 0 0 0 9 0 0 0 0
0 868 25 0 0 673 1023 0 0 1034 186 0 1034 1034 420 1034 0 0 0 1034 1034 475 1005 0 1034 245 27 0 1034 0 0 0 0 200 0 244 1034 1034 1034 0 1034 306 0 1034 1034 69 0 0 221 1034 1034 1034 0 1034 62 1034 0 1034 1034
848 20 80 848 0 175 175 0 0 186 1034 816 186 186 187 186 848 0 441 186 186 643 157 848 186 904 1 818 186 599 848 848 848 191 848 558 186 186 186 0 186 120 363 186 186 272 827 848 637 186 186 186 848 186 727 186 848 186 186
818 0 82 818 7 169 0 7 3 0 816 1034 0 0 1 0 818 7 411 0 0 457 2 818 0 719 8 788 0 569 818 818 818 5 818 499 0 0 0 0 0 120 333 0 0 229 807 818 451 0 0 0 818 0 697 0 818 0 0
0 868 25 0 0 673 1023 0 0 1034 186 0 1034 1034 420 1034 0 0 0 1034 1034 475 1005 0 1034 245 27 0 1034 0 0 0 0 200 0 244 1034 1034 1034 0 1034 306 0 1034 1034 69 0 0 221 1034 1034 1034 0 1034 62 1034 0 1034 1034
0 868 25 0 0 673 1023 0 0 1034 186 0 1034 1034 420 1034 0 0 0 1034 1034 475 1005 0 1034 245 27 0 1034 0 0 0 0 200 0 244 1034 1034 1034 0 1034 306 0 1034 1034 69 0 0 221 1034 1034 1034 0 1034 62 1034 0 1034 1034
1 254 24 1 408 59 409 408 3 420 187 1 420 420 1034 420 1 408 29 420 420 502 391 1 420 246 3 1 420 1 1 1 1 331 1 52 420 420 420 2 420 9 122 420 420 16 1 1 229 420 420 420 1 420 12 420 1 420 420
0 868 25 0 0 673 1023 0 0 1034 186 0 1034 1034 420 1034 0 0 0 1034 1034 475 1005 0 1034 245 27 0 1034 0 0 0 0 200 0 244 1034 1034 1034 0 1034 306 0 1034 1034 69 0 0 221 1034 1034 1034 0 1034 62 1034 0 1034 1034
1034 166 80 1034 1 361 0 0 0 0 848 818 0 0 1 0 1034 0 627 0 0 457 19 1034 0 718 1 1004 0 785 1034 1034 1034 5 1034 512 0 0 0 0 0 127 549 0 0 361 1013 1034 451 0 0 0 1034 0 913 0 1034 0 0
0 0 3 0 989 0 1 1034 0 0 0 7 0 0 408 0 0 1034 31 0 0 4 2 0 0 13 495 9 0 0 0 0 0 4 0 12 0 0 0 0 0 8 10 0 0 15 2 0 13 0 0 0 0 0 11 0 0 0 0
627 166 124 627 32 361 0 31 24 0 441 411 0 0 29 0 627 31 1034 0 0 50 19 627 0 311 27 597 0 621 627 627 627 87 627 287 0 0 0 25 0 16 516 0 0 385 606 627 62 0 0 0 627 0 627 0 627 0 0
0 868 25 0 0 673 1023 0 0 1034 186 0 1034 1034 420 1034 0 0 0 1034 1034 475 1005 0 1034 245 27 0 1034 0 0 0 0 200 0 244 1034 1034 1034 0 1034 306 0 1034 1034 69 0 0 221 1034 1034 1034 0 1034 62 1034 0 1034 1034
0 868 25 0 0 673 1023 0 0 1034 186 0 1034 1034 420 1034 0 0 0 1034 1034 475 1005 0 1034 245 27 0 1034 0 0 0 0 200 0 244 1034 1034 1034 0 1034 306 0 1034 1034 69 0 0 221 1034 1034 1034 0 1034 62 1034 0 1034 1034
457 309 40 457 4 114 464 4 7 475 643 457 475 475 502 475 457 4 50 475 475 1034 446 457 475 702 4 457 475 208 457 457 457 253 457 315 475 475 475 1 475 120 122 475 475 46 457 457 651 475 475 475 457 475 336 475 457 475 475
19 883 25 19 2 692 994 2 2 1005 157 2 1005 1005 391 1005 19 2 19 1005 1005 446 1034 19 1005 216 29 19 1005 19 19 19 19 171 19 246 1005 1005 1005 2 1005 306 19 1005 1005 88 19 19 192 1005 1005 1005 19 1005 81 1005 19 1005 1005
1034 166 80 1034 1 361 0 0 0 0 848 818 0 0 1 0 1034 0 627 0 0 457 19 1034 0 718 1 1004 0 785 1034 1034 1034 5 1034 512 0 0 0 0 0 127 549 0 0 361 1013 1034 451 0 0 0 1034 0 913 0 1034 0 0
0 868 25 0 0 673 1023 0 0 1034 186 0 1034 1034 420 1034 0 0 0 1034 1034 475 1005 0 1034 245 27 0 1034 0 0 0 0 200 0 244 1034 1034 1034 0 1034 306 0 1034 1034 69 0 0 221 1034 1034 1034 0 1034 62 1034 0 1034 1034
718 79 85 718 12 71 234 13 4 245 904 719 245 245 246 245 718 13 311 245 245 702 216 718 245 1034 14 688 245 469 718 718 718 201 718 513 245 245 245 7 245 120 233 245 245 142 718 718 651 245 245 245 718 245 597 245 718 245 245
1 27 3 1 450 27 28 495 384 27 1 8 27 27 3 27 1 495 27 27 27 4 29 1 27 14 1034 1 27 1 1 1 1 48 1 13 27 27 27 0 27 7 1 27 27 365 3 1 9 27 27 27 1 27 10 27 1 27 27
1004 166 80 1004 10 361 0 9 3 0 818 788 0 0 1 0 1004 9 597 0 0 457 19 1004 0 688 1 1034 0 755 1004 1004 1004 5 1004 482 0 0 0 6 0 127 549 0 0 373 983 1004 447 0 0 0 1004 0 883 0 1004 0 0
0 868 25 0 0 673 1023 0 0 1034 186 0 1034 1034 420 1034 0 0 0 1034 1034 475 1005 0 1034 245 27 0 1034 0 0 0 0 200 0 244 1034 1034 1034 0 1034 306 0 1034 1034 69 0 0 221 1034 1034 1034 0 1034 62 1034 0 1034 1034
785 166 80 785 1 361 0 0 0 0 599 569 0 0 1 0 785 0 621 0 0 208 19 785 0 469 1 755 0 1034 785 785 785 21 785 444 0 0 0 0 0 97 546 0 0 361 764 785 202 0 0 0 785 0 759 0 785 0 0
1034 166 80 1034 1 361 0 0 0 0 848 818 0 0 1 0 1034 0 627 0 0 457 19 1034 0 718 1 1004 0 785 1034 1034 1034 5 1034 512 0 0 0 0 0 127 549 0 0 361 1013 1034 451 0 0 0 1034 0 913 0 1034 0 0
1034 166 80 1034 1 361 0 0 0 0 848 818 0 0 1 0 1034 0 627 0 0 457 19 1034 0 718 1 1004 0 785 1034 1034 1034 5 1034 512 0 0 0 0 0 127 549 0 0 361 1013 1034 451 0 0 0 1034 0 913 0 1034 0 0
1034 166 80 1034 1 361 0 0 0 0 848 818 0 0 1 0 1034 0 627 0 0 457 19 1034 0 718 1 1004 0 785 1034 1034 1034 5 1034 512 0 0 0 0 0 127 549 0 0 361 1013 1034 451 0 0 0 1034 0 913 0 1034 0 0
5 34 38 5 3 5 189 4 52 200 191 5 200 200 331 200 5 4 87 200 200 253 171 5 200 201 48 5 200 21 5 5 5 1034 5 51 200 200 200 4 200 27 79 200 200 65 5 5 270 200 200 200 5 200 5 200 5 200 200
1034 166 80 1034 1 361 0 0 0 0 848 818 0 0 1 0 1034 0 627 0 0 457 19 1034 0 718 1 1004 0 785 1034 1034 1034 5 1034 512 0 0 0 0 0 127 549 0 0 361 1013 1034 451 0 0 0 1034 0 913 0 1034 0 0
512 198 80 512 12 225 233 12 17 244 558 499 244 244 52 244 512 12 287 244 244 315 246 512 244 513 13 482 244 444 512 512 512 51 512 1034 244 244 244 15 244 252 176 244 244 125 491 512 383 244 244 244 512 244 427 244 512 244 244
0 868 25 0 0 673 1023 0 0 1034 186 0 1034 1034 420 1034 0 0 0 1034 1034 475 1005 0 1034 245 27 0 1034 0 0 0 0 200 0 244 1034 1034 1034 0 1034 306 0 1034 1034 69 0 0 221 1034 1034 1034 0 1034 62 1034 0 1034 1034
0 868 25 0 0 673 1023 0 0 1034 186 0 1034 1034 420 1034 0 0 0 1034 1034 475 1005 0 1034 245 27 0 1034 0 0 0 0 200 0 244 1034 1034 1034 0 1034 306 0 1034 1034 69 0 0 221 1034 1034 1034 0 1034 62 1034 0 1034 1034
0 868 25 0 0 673 1023 0 0 1034 186 0 1034 1034 420 1034 0 0 0 1034 1034 475 1005 0 1034 245 27 0 1034 0 0 0 0 200 0 244 1034 1034 1034 0 1034 306 0 1034 1034 69 0 0 221 1034 1034 1034 0 1034 62 1034 0 1034 1034
0 0 18 0 6 0 1 0 0 0 0 0 0 0 2 0 0 0 25 0 0 1 2 0 0 7 0 6 0 0 0 0 0 4 0 15 0 0 0 1034 0 6 3 0 0 7 7 0 10 0 0 0 0 0 5 0 0 0 0
0 868 25 0 0 673 1023 0 0 1034 186 0 1034 1034 420 1034 0 0 0 1034 1034 475 1005 0 1034 245 27 0 1034 0 0 0 0 200 0 244 1034 1034 1034 0 1034 306 0 1034 1034 69 0 0 221 1034 1034 1034 0 1034 62 1034 0 1034 1034
127 313 0 127 8 313 306 8 12 306 120 120 306 306 9 306 127 8 16 306 306 120 306 127 306 120 7 127 306 97 127 127 127 27 127 252 306 306 306 6 306 1034 45 306 306 7 127 127 121 306 306 306 127 306 189 306 127 306 306
549 166 81 549 11 361 0 10 4 0 363 333 0 0 122 0 549 10 516 0 0 122 19 549 0 233 1 549 0 546 549 549 549 79 549 176 0 0 0 3 0 45 1034 0 0 364 528 549 53 0 0 0 549 0 549 0 549 0 0
0 868 25 0 0 673 1023 0 0 1034 186 0 1034 1034 420 1034 0 0 0 1034 1034 475 1005 0 1034 245 27 0 1034 0 0 0 0 200 0 244 1034 1034 1034 0 1034 306 0 1034 1034 69 0 0 221 1034 1034 1034 0 1034 62 1034 0 1034 1034
0 868 25 0 0 673 1023 0 0 1034 186 0 1034 1034 420 1034 0 0 0 1034 1034 475 1005 0 1034 245 27 0 1034 0 0 0 0 200 0 244 1034 1034 1034 0 1034 306 0 1034 1034 69 0 0 221 1034 1034 1034 0 1034 62 1034 0 1034 1034
361 138 23 361 16 333 58 15 484 69 272 229 69 69 16 69 361 15 385 69 69 46 88 361 69 142 365 373 69 361 361 361 361 65 361 125 69 69 69 7 69 7 364 69 69 1034 340 361 17 69 69 69 361 69 370 69 361 69 69
1013 166 80 1013 3 340 0 2 2 0 827 807 0 0 1 0 1013 2 606 0 0 457 19 1013 0 718 3 983 0 764 1013 1013 1013 5 1013 491 0 0 0 7 0 127 528 0 0 340 1034 1013 451 0 0 0 1013 0 892 0 1013 0 0
1034 166 80 1034 1 361 0 0 0 0 848 818 0 0 1 0 1034 0 627 0 0 457 19 1034 0 718 1 1004 0 785 1034 1034 1034 5 1034 512 0 0 0 0 0 127 549 0 0 361 1013 1034 451 0 0 0 1034 0 913 0 1034 0 0
451 55 12 451 12 0 210 13 6 221 637 451 221 221 229 221 451 13 62 221 221 651 192 451 221 651 9 447 221 202 451 451 451 270 451 383 221 221 221 10 221 121 53 221 221 17 451 451 1034 221 221 221 451 221 330 221 451 221 221
0 868 25 0 0 673 1023 0 0 1034 186 0 1034 1034 420 1034 0 0 0 1034 1034 475 1005 0 1034 245 27 0 1034 0 0 0 0 200 0 244 1034 1034 1034 0 1034 306 0 1034 1034 69 0 0 221 1034 1034 1034 0 1034 62 1034 0 1034 1034
0 868 25 0 0 673 1023 0 0 1034 186 0 1034 1034 420 1034 0 0 0 1034 1034 475 1005 0 1034 245 27 0 1034 0 0 0 0 200 0 244 1034 1034 1034 0 1034 306 0 1034 1034 69 0 0 221 1034 1034 1034 0 1034 62 1034 0 1034 1034
0 868 25 0 0 673 1023 0 0 1034 186 0 1034 1034 420 1034 0 0 0 1034 1034 475 1005 0 1034 245 27 0 1034 0 0 0 0 200 0 244 1034 1034 1034 0 1034 306 0 1034 1034 69 0 0 221 1034 1034 1034 0 1034 62 1034 0 1034 1034
1034 166 80 1034 1 361 0 0 0 0 848 818 0 0 1 0 1034 0 627 0 0 457 19 1034 0 718 1 1004 0 785 1034 1034 1034 5 1034 512 0 0 0 0 0 127 549 0 0 361 1013 1034 451 0 0 0 1034 0 913 0 1034 0 0
0 868 25 0 0 673 1023 0 0 1034 186 0 1034 1034 420 1034 0 0 0 1034 1034 475 1005 0 1034 245 27 0 1034 0 0 0 0 200 0 244 1034 1034 1034 0 1034 306 0 1034 1034 69 0 0 221 1034 1034 1034 0 1034 62 1034 0 1034 1034
913 228 80 913 12 423 62 11 9 62 727 697 62 62 12 62 913 11 627 62 62 336 81 913 62 597 10 883 62 759 913 913 913 5 913 427 62 62 62 5 62 189 549 62 62 370 892 913 330 62 62 62 913 62 1034 62 913 62 62
0 868 25 0 0 673 1023 0 0 1034 186 0 1034 1034 420 1034 0 0 0 1034 1034 475 1005 0 1034 245 27 0 1034 0 0 0 0 200 0 244 1034 1034 1034 0 1034 306 0 1034 1034 69 0 0 221 1034 1034 1034 0 1034 62 1034 0 1034 1034
1034 166 80 1034 1 361 0 0 0 0 848 818 0 0 1 0 1034 0 627 0 0 457 19 1034 0 718 1 1004 0 785 1034 1034 1034 5 1034 512 0 0 0 0 0 127 549 0 0 361 1013 1034 451 0 0 0 1034 0 913 0 1034 0 0
0 868 25 0 0 673 1023 0 0 1034 186 0 1034 1034 420 1034 0 0 0 1034 1034 475 1005 0 1034 245 27 0 1034 0 0 0 0 200 0 244 1034 1034 1034 0 1034 306 0 1034 1034 69 0 0 221 1034 1034 1034 0 1034 62 1034 0 1034 1034
0 868 25 0 0 673 1023 0 0 1034 186 0 1034 1034 420 1034 0 0 0 1034 1034 475 1005 0 1034 245 27 0 1034 0 0 0 0 200 0 244 1034 1034 1034 0 1034 306 0 1034 1034 69 0 0 221 1034 1034 1034 0 1034 62 1034 0 1034 1034
