1 2448009 
2 2448015 
3 2448015 
4 2448016 
5 2448016 
6 2448019 
7 2448019 
8 2448019 
9 2448019 
10 2448020 
11 2448020 
12 2448022 
13 2448023 
14 2448024 
15 2448025 
16 2448025 
17 2448025 
18 2448026 
19 2448026 
20 2448026 
21 2448027 
22 2448037 
23 2448037 
24 2448038 
25 2448038 
26 2448038 
27 2448039 
28 2448039 
29 2448040 
30 2448040 
31 2448040 
32 2448041 
33 2448044 
34 2448045 
35 2448045 
36 2448045 
37 2448045 
38 2448046 
39 2448046 
40 2448046 
41 2448047 
42 2448047 
43 2448047 
44 2448048 
45 2448050 
46 2448060 
47 2448061 
48 2448061 
49 2448061 
50 2448062 
51 2448062 
52 2448062 
53 2448063 
54 2448063 
55 2448063 
56 2448064 
57 2448064 
58 2448064 
59 2448067 
60 2448067 
61 2448068 
62 2448068 
63 2448068 
64 2448070 
65 2448070 
66 2448070 
67 2448070 
68 2448071 
69 2448071 
70 2448071 
71 2448072 
72 2448072 
73 2448072 
74 2448072 
75 2448073 
76 2448073 
77 2448073 
78 2448074 
79 2448074 
80 2448074 
81 2448075 
82 2448090 
83 2448090 
84 2448091 
85 2448091 
86 2448092 
87 2448092 
88 2448092 
89 2448093 
90 2448093 
91 2448093 
92 2448094 
93 2448094 
94 2448094 
95 2448095 
96 2448095 
97 2448096 
98 2448096 
99 2448096 
100 2448097 
101 2448097 
102 2448097 
103 2448098 
104 2448098 
105 2448099 
106 2448099 
107 2448099 
108 2448100 
109 2448100 
110 2448100 
111 2448101 
112 2448103 
113 2448104 
114 2448105 
115 2448105 
116 2448105 
117 2448105 
118 2448106 
119 2448106 
120 2448106 
121 2448108 
122 2448112 
123 2448120 
124 2448123 
125 2448129 
126 2448131 
127 2448131 
128 2448132 
129 2448134 
130 2448140 
131 2448143 
132 2448162 
133 2448163 
134 2448166 
135 2448168 
136 2448168 
137 2448171 
138 2448176 
139 2448179 
140 2448193 
141 2448197 
142 2448205 
143 2448206 
144 2448216 
145 2448217 
146 2448217 
147 2448217 
148 2448218 
149 2448218 
150 2448218 
151 2448219 
152 2448219 
153 2448219 
154 2448220 
155 2448220 
156 2448220 
157 2448221 
158 2448225 
159 2448233 
160 2448234 
161 2448234 
162 2448238 
163 2448247 
164 2448252 
165 2448253 
166 2448253 
167 2448253 
168 2448254 
169 2448254 
170 2448254 
171 2448255 
172 2448255 
173 2448256 
174 2448256 
175 2448257 
176 2448258 
177 2448258 
178 2448259 
179 2448259 
180 2448259 
181 2448259 
182 2448266 
183 2448266 
184 2448271 
185 2448285 
186 2448286 
187 2448286 
188 2448287 
189 2448287 
190 2448288 
191 2448291 
192 2448291 
193 2448292 
194 2448292 
195 2448292 
196 2448292 
197 2448293 
198 2448293 
199 2448293 
200 2448294 
201 2448300 
202 2448300 
203 2448305 
204 2448305 
205 2448309 
206 2448310 
207 2448316 
208 2448316 
209 2448316 
210 2448317 
211 2448318 
212 2448318 
213 2448318 
214 2448324 
215 2448328 
216 2448328 
217 2448332 
218 2448336 
219 2448340 
220 2448340 
221 2448340 
222 2448344 
223 2448365 
224 2448366 
225 2448366 
226 2448366 
227 2448367 
228 2448367 
229 2448375 
230 2448400 
231 2448402 
232 2448403 
233 2448403 
234 2448403 
235 2448404 
236 2448404 
237 2448404 
238 2448405 
239 2448406 
240 2448406 
241 2448406 
242 2448407 
243 2448407 
244 2448409 
245 2448409 
246 2448409 
247 2448410 
248 2448410 
249 2448410 
250 2448412 
251 2448413 
252 2448415 
253 2448416 
254 2448416 
255 2448419 
256 2448425 
257 2448446 
258 2448446 
259 2448447 
260 2448447 
261 2448448 
262 2448451 
263 2448452 
264 2448453 
265 2448457 
266 2448458 
267 2448462 
268 2448463 
269 2448463 
270 2448464 
271 2448464 
272 2448465 
273 2448467 
274 2448468 
275 2448468 
276 2448469 
277 2448469 
278 2448469 
279 2448470 
280 2448470 
281 2448472 
282 2448474 
283 2448474 
284 2448491 
285 2448505 
286 2448505 
287 2448506 
288 2448506 
289 2448508 
290 2448508 
291 2448509 
292 2448509 
293 2448509 
294 2448510 
295 2448510 
296 2448510 
297 2448510 
298 2448511 
299 2448511 
300 2448512 
301 2448512 
302 2448512 
303 2448513 
304 2448513 
305 2448514 
306 2448518 
307 2448518 
308 2448519 
309 2448519 
310 2448519 
311 2448520 
312 2448520 
313 2448521 
314 2448521 
315 2448521 
316 2448522 
317 2448535 
318 2448535 
319 2448542 
320 2448543 
321 2448544 
322 2448545 
323 2448549 
324 2448549 
325 2448550 
326 2448550 
327 2448550 
328 2448554 
329 2448564 
330 2448597 
331 2448599 
332 2448599 
333 2448599 
334 2448606 
335 2448614 
336 2448614 
337 2448617 
338 2448624 
339 2448629 
340 2448629 
341 2448646 
342 2448646 
343 2448647 
344 2448647 
345 2448647 
346 2448648 
347 2448649 
348 2448650 
349 2448650 
350 2448651 
351 2448651 
352 2448651 
353 2448652 
354 2448652 
355 2448652 
356 2448653 
357 2448653 
358 2448653 
359 2448654 
360 2448654 
361 2448654 
362 2448654 
363 2448655 
364 2448655 
365 2448655 
366 2448656 
367 2448656 
368 2448656 
369 2448657 
370 2448657 
371 2448657 
372 2448657 
373 2448658 
374 2448658 
375 2448659 
376 2448659 
377 2448659 
378 2448660 
379 2448660 
380 2448660 
381 2448661 
382 2448661 
383 2448661 
384 2448661 
385 2448662 
386 2448662 
387 2448662 
388 2448662 
389 2448663 
390 2448663 
391 2448667 
392 2448672 
393 2448673 
394 2448674 
395 2448674 
396 2448680 
397 2448682 
398 2448685 
399 2448685 
400 2448686 
401 2448690 
402 2448691 
403 2448692 
404 2448692 
405 2448692 
406 2448693 
407 2448693 
408 2448699 
409 2448699 
410 2448700 
411 2448700 
412 2448700 
413 2448701 
414 2448701 
415 2448705 
416 2448705 
417 2448708 
418 2448708 
419 2448708 
420 2448709 
421 2448709 
422 2448709 
423 2448710 
424 2448710 
425 2448710 
426 2448711 
427 2448714 
428 2448714 
429 2448715 
430 2448715 
431 2448716 
432 2448716 
433 2448717 
434 2448719 
435 2448720 
436 2448720 
437 2448720 
438 2448721 
439 2448721 
440 2448741 
441 2448741 
442 2448741 
443 2448746 
444 2448751 
445 2448757 
446 2448758 
447 2448758 
448 2448758 
449 2448760 
450 2448760 
451 2448760 
452 2448761 
453 2448761 
454 2448761 
455 2448762 
456 2448762 
457 2448762 
458 2448763 
459 2448763 
460 2448763 
461 2448763 
462 2448764 
463 2448764 
464 2448764 
465 2448781 
466 2448789 
467 2448810 
468 2448811 
469 2448811 
470 2448821 
471 2448825 
472 2448833 
473 2448834 
474 2448840 
475 2448840 
476 2448841 
477 2448841 
478 2448842 
479 2448842 
480 2448843 
481 2448845 
482 2448845 
483 2448845 
484 2448846 
485 2448846 
486 2448846 
487 2448847 
488 2448848 
489 2448848 
490 2448848 
491 2448848 
492 2448857 
493 2448858 
494 2448864 
495 2448867 
496 2448867 
497 2448868 
498 2448868 
499 2448868 
500 2448869 
501 2448869 
502 2448869 
503 2448870 
504 2448870 
505 2448871 
506 2448872 
507 2448876 
508 2448877 
509 2448879 
510 2448880 
511 2448880 
512 2448881 
513 2448881 
514 2448881 
515 2448883 
516 2448883 
517 2448883 
518 2448883 
519 2448884 
520 2448884 
521 2448884 
522 2448885 
523 2448886 
524 2448887 
525 2448887 
526 2448893 
527 2448898 
528 2448901 
529 2448901 
530 2448901 
531 2448902 
532 2448902 
533 2448902 
534 2448921 
535 2448922 
536 2448922 
537 2448922 
538 2448938 
539 2448938 
540 2448939 
541 2448939 
542 2448953 
543 2448963 
544 2448963 
545 2448964 
546 2448964 
547 2448974 
548 2448981 
549 2448985 
550 2448985 
551 2448997 
552 2449003 
553 2449003 
554 2449004 
555 2449004 
556 2449018 
557 2449019 
558 2449019 
559 2449019 
560 2449020 
561 2449020 
562 2449021 
563 2449021 
564 2449021 
565 2449022 
566 2449022 
567 2449022 
568 2449023 
569 2449023 
570 2449024 
571 2449025 
572 2449025 
573 2449026 
574 2449026 
575 2449027 
576 2449027 
577 2449027 
578 2449028 
579 2449028 
580 2449028 
581 2449029 
582 2449029 
583 2449029 
584 2449029 
585 2449030 
586 2449030 
587 2449030 
588 2449031 
589 2449031 
590 2449032 
591 2449032 
592 2449041 
593 2449042 
594 2449062 
595 2449062 
596 2449062 
597 2449063 
598 2449064 
599 2449079 
600 2449079 
601 2449079 
602 2449080 
603 2449080 
604 2449089 
605 2449089 
606 2449091 
607 2449095 
608 2449095 
609 2449100 
610 2449112 
611 2449124 
612 2449127 
613 2449127 
614 2449136 
615 2449140 
616 2449141 
617 2449141 
618 2449141 
619 2449142 
620 2449146 
621 2449149 
622 2449149 
623 2449149 
624 2449150 
625 2449153 
626 2449154 
627 2449154 
628 2449156 
629 2449157 
630 2449160 
631 2449160 
632 2449162 
633 2449164 
634 2449165 
635 2449165 
636 2449165 
637 2449165 
638 2449166 
639 2449166 
640 2449173 
641 2449173 
642 2449173 
643 2449173 
644 2449174 
645 2449174 
646 2449174 
647 2449174 
648 2449174 
649 2449175 
650 2449175 
651 2449175 
652 2449175 
653 2449176 
654 2449176 
655 2449176 
656 2449176 
657 2449177 
658 2449177 
659 2449177 
660 2449177 
661 2449177 
662 2449178 
663 2449178 
664 2449179 
665 2449179 
666 2449179 
667 2449180 
668 2449181 
669 2449182 
670 2449183 
671 2449183 
672 2449189 
673 2449190 
674 2449190 
675 2449190 
676 2449191 
677 2449191 
678 2449191 
679 2449192 
680 2449192 
681 2449192 
682 2449193 
683 2449193 
684 2449193 
685 2449194 
686 2449194 
687 2449194 
688 2449197 
689 2449197 
690 2449197 
691 2449200 
692 2449201 
693 2449201 
694 2449201 
695 2449202 
696 2449202 
697 2449203 
698 2449203 
699 2449203 
700 2449204 
701 2449204 
702 2449204 
703 2449205 
704 2449205 
705 2449205 
706 2449206 
707 2449206 
708 2449206 
709 2449207 
710 2449207 
711 2449208 
712 2449208 
713 2449209 
714 2449214 
715 2449215 
716 2449215 
717 2449216 
718 2449216 
719 2449216 
720 2449217 
721 2449217 
722 2449217 
723 2449218 
724 2449218 
725 2449218 
726 2449219 
727 2449219 
728 2449219 
729 2449220 
730 2449220 
731 2449228 
732 2449228 
733 2449229 
734 2449229 
735 2449230 
736 2449230 
737 2449230 
738 2449231 
739 2449232 
740 2449232 
741 2449232 
742 2449233 
743 2449233 
744 2449234 
745 2449234 
746 2449235 
747 2449235 
748 2449235 
749 2449237 
750 2449237 
751 2449238 
752 2449238 
753 2449250 
754 2449250 
755 2449251 
756 2449251 
757 2449252 
758 2449252 
759 2449252 
760 2449253 
761 2449253 
762 2449253 
763 2449254 
764 2449254 
765 2449254 
766 2449254 
767 2449255 
768 2449255 
769 2449256 
770 2449256 
771 2449263 
772 2449264 
773 2449264 
774 2449265 
775 2449265 
776 2449266 
777 2449266 
778 2449266 
779 2449266 
780 2449267 
781 2449267 
782 2449267 
783 2449268 
784 2449268 
785 2449268 
786 2449269 
787 2449269 
788 2449270 
789 2449270 
790 2449270 
791 2449270 
792 2449271 
793 2449271 
794 2449271 
795 2449271 
796 2449272 
797 2449272 
798 2449272 
799 2449273 
800 2449273 
801 2449273 
802 2449274 
803 2449274 
804 2449275 
805 2449275 
806 2449275 
807 2449276 
808 2449276 
809 2449276 
810 2449277 
811 2449277 
812 2449277 
813 2449278 
814 2449284 
815 2449284 
816 2449284 
817 2449286 
818 2449286 
819 2449286 
820 2449291 
821 2449291 
822 2449294 
823 2449294 
824 2449295 
825 2449295 
826 2449296 
827 2449296 
828 2449296 
829 2449297 
830 2449297 
831 2449298 
832 2449298 
833 2449299 
834 2449299 
835 2449299 
836 2449300 
837 2449300 
838 2449300 
839 2449301 
840 2449301 
841 2449302 
842 2449302 
843 2449302 
844 2449303 
845 2449303 
846 2449303 
847 2449303 
848 2449304 
849 2449304 
850 2449304 
851 2449305 
852 2449305 
853 2449305 
854 2449306 
855 2449306 
856 2449307 
857 2449307 
858 2449307 
859 2449308 
860 2449308 
861 2449308 
862 2449309 
863 2449309 
864 2449309 
865 2449311 
866 2449311 
867 2449315 
868 2449315 
869 2449316 
870 2449317 
871 2449317 
872 2449320 
873 2449320 
874 2449331 
875 2449331 
876 2449332 
877 2449332 
878 2449333 
879 2449333 
880 2449333 
881 2449334 
882 2449334 
883 2449335 
884 2449335 
885 2449335 
886 2449336 
887 2449336 
888 2449337 
889 2449337 
890 2449337 
891 2449338 
892 2449338 
893 2449339 
894 2449339 
895 2449343 
896 2449343 
897 2449344 
898 2449344 
899 2449346 
900 2449347 
901 2449347 
902 2449348 
903 2449348 
904 2449349 
905 2449350 
906 2449359 
907 2449360 
908 2449360 
909 2449360 
910 2449360 
911 2449361 
912 2449361 
913 2449361 
914 2449361 
915 2449362 
916 2449362 
917 2449362 
918 2449363 
919 2449363 
920 2449363 
921 2449364 
922 2449364 
923 2449364 
924 2449365 
925 2449365 
926 2449365 
927 2449366 
928 2449366 
929 2449366 
930 2449367 
931 2449367 
932 2449367 
933 2449367 
934 2449368 
935 2449369 
936 2449369 
937 2449370 
938 2449371 
939 2449371 
940 2449371 
941 2449371 
942 2449372 
943 2449372 
944 2449372 
945 2449373 
946 2449385 
947 2449388 
948 2449389 
949 2449389 
950 2449389 
951 2449390 
952 2449390 
953 2449390 
954 2449390 
955 2449391 
956 2449391 
957 2449391 
958 2449392 
959 2449392 
960 2449392 
961 2449392 
962 2449393 
963 2449394 
964 2449396 
965 2449399 
966 2449402 
967 2449402 
968 2449403 
969 2449403 
970 2449404 
971 2449404 
972 2449404 
973 2449405 
974 2449407 
975 2449407 
976 2449409 
977 2449409 
978 2449409 
979 2449410 
980 2449411 
981 2449414 
982 2449415 
983 2449423 
984 2449426 
985 2449427 
986 2449441 
987 2449461 
988 2449461 
989 2449461 
990 2449462 
991 2449462 
992 2449464 
993 2449464 
994 2449465 
995 2449465 
996 2449469 
997 2449469 
998 2449470 
999 2449470 
1000 2449470 
1001 2449471 
1002 2449471 
1003 2449471 
1004 2449472 
1005 2449472 
1006 2449472 
1007 2449473 
1008 2449473 
1009 2449478 
1010 2449479 
1011 2449480 
1012 2449480 
1013 2449481 
1014 2449481 
1015 2449481 
1016 2449482 
1017 2449483 
1018 2449483 
1019 2449483 
1020 2449484 
1021 2449484 
1022 2449485 
1023 2449485 
1024 2449485 
1025 2449485 
1026 2449486 
1027 2449486 
1028 2449486 
1029 2449487 
1030 2449487 
1031 2449487 
1032 2449488 
1033 2449488 
1034 2449500 
1035 2449508 
1036 2449509 
1037 2449509 
1038 2449509 
1039 2449510 
1040 2449510 
1041 2449510 
1042 2449511 
1043 2449511 
1044 2449511 
1045 2449511 
1046 2449512 
1047 2449512 
1048 2449512 
1049 2449513 
1050 2449513 
1051 2449513 
1052 2449514 
1053 2449514 
1054 2449514 
1055 2449515 
1056 2449515 
1057 2449515 
1058 2449516 
1059 2449516 
1060 2449517 
1061 2449517 
1062 2449522 
1063 2449522 
1064 2449522 
1065 2449522 
1066 2449523 
1067 2449524 
1068 2449525 
1069 2449525 
1070 2449525 
1071 2449526 
1072 2449527 
1073 2449528 
1074 2449528 
1075 2449528 
1076 2449529 
1077 2449529 
1078 2449529 
1079 2449530 
1080 2449530 
1081 2449530 
1082 2449531 
1083 2449531 
1084 2449531 
1085 2449539 
1086 2449540 
1087 2449540 
1088 2449542 
1089 2449544 
1090 2449556 
1091 2449557 
1092 2449557 
1093 2449558 
1094 2449558 
1095 2449559 
1096 2449559 
1097 2449559 
1098 2449560 
1099 2449560 
1100 2449560 
1101 2449561 
1102 2449562 
1103 2449563 
1104 2449564 
1105 2449564 
1106 2449567 
1107 2449570 
1108 2449571 
1109 2449577 
1110 2449577 
1111 2449577 
1112 2449577 
1113 2449578 
1114 2449578 
1115 2449578 
1116 2449579 
1117 2449579 
1118 2449581 
1119 2449582 
1120 2449582 
1121 2449584 
1122 2449584 
1123 2449584 
1124 2449585 
1125 2449587 
1126 2449601 
1127 2449601 
1128 2449608 
1129 2449611 
1130 2449613 
1131 2449616 
1132 2449619 
1133 2449620 
1134 2449620 
1135 2449621 
1136 2449621 
1137 2449621 
1138 2449622 
1139 2449623 
1140 2449623 
1141 2449623 
1142 2449624 
1143 2449624 
1144 2449625 
1145 2449626 
1146 2449629 
1147 2449629 
1148 2449637 
1149 2449637 
1150 2449640 
1151 2449640 
1152 2449641 
1153 2449648 
1154 2449649 
1155 2449649 
1156 2449649 
1157 2449650 
1158 2449650 
1159 2449651 
1160 2449652 
1161 2449653 
1162 2449654 
1163 2449660 
1164 2449661 
1165 2449661 
1166 2449662 
1167 2449662 
1168 2449662 
1169 2449662 
1170 2449662 
1171 2449663 
1172 2449668 
1173 2449668 
1174 2449668 
1175 2449669 
1176 2449669 
1177 2449669 
1178 2449670 
1179 2449670 
1180 2449670 
1181 2449671 
1182 2449671 
1183 2449672 
1184 2449672 
1185 2449672 
1186 2449673 
1187 2449673 
1188 2449673 
1189 2449687 
1190 2449687 
1191 2449687 
1192 2449688 
1193 2449688 
1194 2449688 
1195 2449689 
1196 2449689 
1197 2449689 
1198 2449689 
1199 2449690 
1200 2449690 
1201 2449690 
1202 2449691 
1203 2449691 
1204 2449697 
1205 2449697 
1206 2449697 
1207 2449700 
1208 2449714 
1209 2449714 
1210 2449715 
1211 2449715 
1212 2449716 
1213 2449716 
1214 2449717 
1215 2449717 
1216 2449718 
1217 2449718 
1218 2449718 
1219 2449719 
1220 2449719 
1221 2449719 
1222 2449720 
1223 2449720 
1224 2449721 
1225 2449721 
1226 2449721 
1227 2449722 
1228 2449722 
1229 2449722 
1230 2449723 
1231 2449723 
1232 2449723 
1233 2449724 
1234 2449724 
1235 2449724 
1236 2449724 
1237 2449725 
1238 2449725 
1239 2449725 
1240 2449726 
1241 2449726 
1242 2449726 
1243 2449726 
1244 2449727 
1245 2449727 
1246 2449727 
1247 2449734 
1248 2449734 
1249 2449735 
1250 2449736 
1251 2449737 
1252 2449738 
1253 2449739 
1254 2449739 
1255 2449739 
1256 2449739 
1257 2449739 
1258 2449740 
1259 2449740 
1260 2449741 
1261 2449741 
1262 2449741 
1263 2449741 
1264 2449742 
1265 2449742 
1266 2449742 
1267 2449742 
1268 2449749 
1269 2449749 
1270 2449750 
1271 2449750 
1272 2449751 
1273 2449752 
1274 2449752 
1275 2449752 
1276 2449753 
1277 2449753 
1278 2449754 
1279 2449760 
1280 2449760 
1281 2449760 
1282 2449765 
1283 2449767 
1284 2449768 
1285 2449769 
1286 2449769 
1287 2449769 
1288 2449769 
1289 2449770 
1290 2449770 
1291 2449770 
1292 2449770 
1293 2449770 
1294 2449771 
1295 2449771 
1296 2449771 
1297 2449772 
1298 2449772 
1299 2449772 
1300 2449773 
1301 2449774 
1302 2449777 
1303 2449778 
1304 2449779 
1305 2449779 
1306 2449779 
1307 2449780 
1308 2449780 
1309 2449780 
1310 2449781 
1311 2449781 
1312 2449781 
1313 2449781 
1314 2449782 
1315 2449782 
1316 2449782 
1317 2449783 
1318 2449783 
1319 2449783 
1320 2449784 
1321 2449784 
1322 2449784 
1323 2449784 
1324 2449785 
1325 2449785 
1326 2449785 
1327 2449786 
1328 2449786 
1329 2449786 
1330 2449786 
1331 2449787 
1332 2449787 
1333 2449787 
1334 2449788 
1335 2449788 
1336 2449788 
1337 2449789 
1338 2449790 
1339 2449794 
1340 2449799 
1341 2449805 
1342 2449805 
1343 2449807 
1344 2449808 
1345 2449810 
1346 2449812 
1347 2449813 
1348 2449815 
1349 2449817 
1350 2449820 
1351 2449822 
1352 2449824 
1353 2449825 
1354 2449825 
1355 2449826 
1356 2449826 
1357 2449827 
1358 2449827 
1359 2449827 
1360 2449828 
1361 2449828 
1362 2449828 
1363 2449829 
1364 2449829 
1365 2449834 
1366 2449840 
1367 2449841 
1368 2449842 
1369 2449842 
1370 2449842 
1371 2449843 
1372 2449843 
1373 2449843 
1374 2449844 
1375 2449844 
1376 2449845 
1377 2449845 
1378 2449845 
1379 2449846 
1380 2449846 
1381 2449846 
1382 2449846 
1383 2449847 
1384 2449847 
1385 2449847 
1386 2449847 
1387 2449847 
1388 2449848 
1389 2449848 
1390 2449848 
1391 2449848 
1392 2449849 
1393 2449849 
1394 2449849 
1395 2449849 
1396 2449849 
1397 2449850 
1398 2449850 
1399 2449850 
1400 2449851 
1401 2449851 
1402 2449851 
1403 2449852 
1404 2449852 
1405 2449852 
1406 2449852 
1407 2449853 
1408 2449854 
1409 2449854 
1410 2449854 
1411 2449855 
1412 2449855 
1413 2449855 
1414 2449856 
1415 2449856 
1416 2449856 
1417 2449856 
1418 2449857 
1419 2449857 
1420 2449857 
1421 2449858 
1422 2449858 
1423 2449858 
1424 2449859 
1425 2449859 
1426 2449859 
1427 2449859 
1428 2449860 
1429 2449860 
1430 2449860 
1431 2449861 
1432 2449861 
1433 2449861 
1434 2449861 
1435 2449862 
1436 2449862 
1437 2449862 
1438 2449863 
1439 2449863 
1440 2449863 
1441 2449863 
1442 2449869 
1443 2449869 
1444 2449870 
1445 2449870 
1446 2449870 
1447 2449872 
1448 2449872 
1449 2449873 
1450 2449873 
1451 2449874 
1452 2449876 
1453 2449890 
1454 2449893 
1455 2449893 
1456 2449893 
1457 2449894 
1458 2449894 
1459 2449894 
1460 2449894 
1461 2449895 
1462 2449895 
1463 2449895 
1464 2449896 
1465 2449896 
1466 2449896 
1467 2449897 
1468 2449897 
1469 2449897 
1470 2449898 
1471 2449898 
1472 2449898 
1473 2449899 
1474 2449899 
1475 2449899 
1476 2449900 
1477 2449900 
1478 2449900 
1479 2449900 
1480 2449901 
1481 2449901 
1482 2449901 
1483 2449902 
1484 2449902 
1485 2449902 
1486 2449903 
1487 2449903 
1488 2449904 
1489 2449904 
1490 2449905 
1491 2449905 
1492 2449905 
1493 2449906 
1494 2449906 
1495 2449906 
1496 2449906 
1497 2449911 
1498 2449912 
1499 2449912 
1500 2449915 
1501 2449919 
1502 2449922 
1503 2449923 
1504 2449930 
1505 2449934 
1506 2449935 
1507 2449936 
1508 2449936 
1509 2449938 
1510 2449961 
1511 2449963 
1512 2449963 
1513 2449963 
1514 2449984 
1515 2449985 
1516 2449985 
1517 2450014 
1518 2450015 
1519 2450017 
1520 2450017 
1521 2450027 
1522 2450027 
1523 2450036 
1524 2450036 
1525 2450036 
1526 2450037 
1527 2450037 
1528 2450037 
1529 2450038 
1530 2450038 
1531 2450039 
1532 2450039 
1533 2450039 
1534 2450039 
1535 2450040 
1536 2450040 
1537 2450040 
1538 2450041 
1539 2450041 
1540 2450043 
1541 2450044 
1542 2450044 
1543 2450044 
1544 2450044 
1545 2450045 
1546 2450056 
1547 2450056 
1548 2450057 
1549 2450059 
1550 2450061 
1551 2450062 
1552 2450070 
1553 2450071 
1554 2450077 
1555 2450087 
1556 2450088 
1557 2450088 
1558 2450088 
1559 2450089 
1560 2450089 
1561 2450091 
1562 2450091 
1563 2450092 
1564 2450092 
1565 2450092 
1566 2450093 
1567 2450093 
1568 2450094 
1569 2450094 
1570 2450094 
1571 2450095 
1572 2450095 
1573 2450095 
1574 2450096 
1575 2450096 
1576 2450096 
1577 2450097 
1578 2450097 
1579 2450097 
1580 2450098 
1581 2450098 
1582 2450098 
1583 2450099 
1584 2450099 
1585 2450099 
1586 2450100 
1587 2450100 
1588 2450100 
1589 2450100 
1590 2450101 
1591 2450101 
1592 2450102 
1593 2450102 
1594 2450102 
1595 2450103 
1596 2450103 
1597 2450103 
1598 2450104 
1599 2450104 
1600 2450104 
1601 2450104 
1602 2450105 
1603 2450105 
1604 2450105 
1605 2450106 
1606 2450106 
1607 2450106 
1608 2450106 
1609 2450107 
1610 2450107 
1611 2450107 
1612 2450108 
1613 2450108 
1614 2450108 
1615 2450109 
1616 2450109 
1617 2450109 
1618 2450110 
1619 2450110 
1620 2450110 
1621 2450111 
1622 2450111 
1623 2450112 
1624 2450112 
1625 2450112 
1626 2450112 
1627 2450113 
1628 2450113 
1629 2450114 
1630 2450115 
1631 2450116 
1632 2450116 
1633 2450117 
1634 2450117 
1635 2450118 
1636 2450118 
1637 2450118 
1638 2450119 
1639 2450120 
1640 2450121 
1641 2450122 
1642 2450132 
1643 2450134 
1644 2450135 
1645 2450135 
1646 2450135 
1647 2450136 
1648 2450136 
1649 2450136 
1650 2450137 
1651 2450137 
1652 2450137 
1653 2450138 
1654 2450138 
1655 2450138 
1656 2450139 
1657 2450139 
1658 2450139 
1659 2450141 
1660 2450143 
1661 2450145 
1662 2450146 
1663 2450147 
1664 2450147 
1665 2450148 
1666 2450148 
1667 2450148 
1668 2450148 
1669 2450149 
1670 2450149 
1671 2450149 
1672 2450150 
1673 2450151 
1674 2450151 
1675 2450156 
1676 2450157 
1677 2450157 
1678 2450158 
1679 2450158 
1680 2450170 
1681 2450182 
1682 2450187 
1683 2450188 
1684 2450188 
1685 2450188 
1686 2450189 
1687 2450192 
1688 2450202 
1689 2450202 
1690 2450202 
1691 2450203 
1692 2450203 
1693 2450203 
1694 2450204 
1695 2450204 
1696 2450205 
1697 2450205 
1698 2450205 
1699 2450206 
1700 2450206 
1701 2450206 
1702 2450207 
1703 2450207 
1704 2450207 
1705 2450208 
1706 2450208 
1707 2450208 
1708 2450209 
1709 2450209 
1710 2450209 
1711 2450210 
1712 2450210 
1713 2450210 
1714 2450217 
1715 2450217 
1716 2450219 
1717 2450220 
1718 2450220 
1719 2450222 
1720 2450222 
1721 2450223 
1722 2450223 
1723 2450224 
1724 2450231 
1725 2450231 
1726 2450231 
1727 2450232 
1728 2450232 
1729 2450232 
1730 2450233 
1731 2450233 
1732 2450233 
1733 2450234 
1734 2450234 
1735 2450234 
1736 2450235 
1737 2450235 
1738 2450235 
1739 2450236 
1740 2450236 
1741 2450236 
1742 2450236 
1743 2450237 
1744 2450237 
1745 2450238 
1746 2450238 
1747 2450239 
1748 2450239 
1749 2450239 
1750 2450240 
1751 2450255 
1752 2450256 
1753 2450256 
1754 2450258 
1755 2450258 
1756 2450259 
1757 2450259 
1758 2450271 
1759 2450271 
1760 2450274 
1761 2450274 
1762 2450274 
1763 2450275 
1764 2450276 
1765 2450281 
1766 2450282 
1767 2450284 
1768 2450284 
1769 2450284 
1770 2450284 
1771 2450285 
1772 2450285 
1773 2450285 
1774 2450286 
1775 2450286 
1776 2450286 
1777 2450287 
1778 2450287 
1779 2450287 
1780 2450287 
1781 2450287 
1782 2450288 
1783 2450288 
1784 2450288 
1785 2450288 
1786 2450289 
1787 2450289 
1788 2450293 
1789 2450293 
1790 2450294 
1791 2450297 
1792 2450297 
1793 2450297 
1794 2450298 
1795 2450298 
1796 2450298 
1797 2450299 
1798 2450299 
1799 2450300 
1800 2450301 
1801 2450301 
1802 2450301 
1803 2450302 
1804 2450302 
1805 2450302 
1806 2450303 
1807 2450303 
1808 2450303 
1809 2450304 
1810 2450304 
1811 2450304 
1812 2450304 
1813 2450305 
1814 2450305 
1815 2450305 
1816 2450306 
1817 2450306 
1818 2450306 
1819 2450307 
1820 2450307 
1821 2450307 
1822 2450308 
1823 2450308 
1824 2450308 
1825 2450309 
1826 2450309 
1827 2450309 
1828 2450310 
1829 2450310 
1830 2450311 
1831 2450311 
1832 2450311 
1833 2450312 
1834 2450312 
1835 2450313 
1836 2450313 
1837 2450314 
1838 2450314 
1839 2450315 
1840 2450315 
1841 2450317 
1842 2450317 
1843 2450317 
1844 2450318 
1845 2450319 
1846 2450319 
1847 2450319 
1848 2450320 
1849 2450320 
1850 2450322 
1851 2450329 
1852 2450329 
1853 2450330 
1854 2450330 
1855 2450331 
1856 2450331 
1857 2450332 
1858 2450332 
1859 2450332 
1860 2450333 
1861 2450334 
1862 2450335 
1863 2450336 
1864 2450336 
1865 2450336 
1866 2450337 
1867 2450337 
1868 2450337 
1869 2450339 
1870 2450339 
1871 2450339 
1872 2450340 
1873 2450341 
1874 2450341 
1875 2450342 
1876 2450344 
1877 2450345 
1878 2450345 
1879 2450346 
1880 2450358 
1881 2450359 
1882 2450372 
1883 2450375 
1884 2450381 
1885 2450382 
1886 2450382 
1887 2450382 
1888 2450383 
1889 2450384 
1890 2450385 
1891 2450386 
1892 2450386 
1893 2450386 
1894 2450387 
1895 2450387 
1896 2450388 
1897 2450388 
1898 2450389 
1899 2450389 
1900 2450391 
1901 2450392 
1902 2450393 
1903 2450393 
1904 2450394 
1905 2450395 
1906 2450395 
1907 2450395 
1908 2450396 
1909 2450396 
1910 2450396 
1911 2450396 
1912 2450397 
1913 2450397 
1914 2450397 
1915 2450398 
1916 2450398 
1917 2450398 
1918 2450399 
1919 2450399 
1920 2450399 
1921 2450400 
1922 2450400 
1923 2450401 
1924 2450401 
1925 2450401 
1926 2450402 
1927 2450403 
1928 2450403 
1929 2450404 
1930 2450404 
1931 2450404 
1932 2450405 
1933 2450405 
1934 2450405 
1935 2450422 
1936 2450423 
1937 2450423 
1938 2450423 
1939 2450429 
1940 2450429 
1941 2450430 
1942 2450430 
1943 2450430 
1944 2450431 
1945 2450431 
1946 2450432 
1947 2450432 
1948 2450433 
1949 2450433 
1950 2450434 
1951 2450434 
1952 2450434 
1953 2450435 
1954 2450435 
1955 2450439 
1956 2450439 
1957 2450440 
1958 2450440 
1959 2450440 
1960 2450441 
1961 2450441 
1962 2450445 
1963 2450451 
1964 2450490 
1965 2450491 
1966 2450491 
1967 2450491 
1968 2450492 
1969 2450492 
1970 2450494 
1971 2450494 
1972 2450495 
1973 2450495 
1974 2450495 
1975 2450503 
1976 2450518 
1977 2450519 
1978 2450519 
1979 2450520 
1980 2450520 
1981 2450520 
1982 2450521 
1983 2450521 
1984 2450522 
1985 2450522 
1986 2450522 
1987 2450523 
1988 2450523 
1989 2450523 
1990 2450542 
1991 2450542 
1992 2450542 
1993 2450543 
1994 2450544 
1995 2450546 
1996 2450548 
1997 2450548 
1998 2450549 
1999 2450552 
2000 2450552 
2001 2450558 
2002 2450569 
2003 2450569 
2004 2450570 
2005 2450575 
2006 2450575 
2007 2450585 
2008 2450586 
2009 2450586 
2010 2450586 
2011 2450586 
2012 2450586 
2013 2450587 
2014 2450587 
2015 2450588 
2016 2450588 
2017 2450588 
2018 2450589 
2019 2450589 
2020 2450589 
2021 2450590 
2022 2450590 
2023 2450590 
2024 2450591 
2025 2450591 
2026 2450591 
2027 2450592 
2028 2450592 
2029 2450612 
2030 2450612 
2031 2450613 
2032 2450626 
2033 2450632 
2034 2450657 
2035 2450657 
2036 2450658 
2037 2450658 
2038 2450659 
2039 2450662 
2040 2450662 
2041 2450665 
2042 2450675 
2043 2450675 
2044 2450706 
2045 2450707 
2046 2450712 
2047 2450744 
2048 2450749 
2049 2450750 
2050 2450756 
2051 2450759 
2052 2450772 
2053 2450772 
2054 2450777 
2055 2450777 
2056 2450781 
2057 2450822 
2058 2450822 
2059 2450833 
2060 2450855 
2061 2450862 
2062 2450862 
2063 2450870 
2064 2450886 
2065 2450886 
2066 2450890 
2067 2450891 
2068 2450905 
2069 2450906 
2070 2450906 
2071 2450906 
2072 2450906 
2073 2450907 
2074 2450907 
2075 2450922 
2076 2450927 
2077 2450936 
2078 2450952 
2079 2450953 
2080 2450998 
2081 2450998 
2082 2451015 
2083 2451048 
2084 2451055 
2085 2451055 
2086 2451062 
2087 2451062 
2088 2451072 
2089 2451073 
2090 2451080 
2091 2451080 
2092 2451128 
2093 2451162 
2094 2451168 
2095 2451168 
2096 2451168 
2097 2451183 
2098 2451184 
2099 2451184 
2100 2451194 
2101 2451195 
2102 2451195 
2103 2451199 
2104 2451202 
2105 2451214 
2106 2451217 
2107 2451236 
2108 2451236 
2109 2451251 
2110 2451251 
2111 2451252 
2112 2451252 
2113 2451252 
2114 2451253 
2115 2451268 
2116 2451271 
2117 2451274 
2118 2451274 
2119 2451274 
2120 2451275 
2121 2451275 
2122 2451275 
2123 2451276 
2124 2451276 
2125 2451276 
2126 2451282 
2127 2451282 
2128 2451289 
2129 2451290 
2130 2451291 
2131 2451291 
2132 2451291 
2133 2451292 
2134 2451292 
2135 2451292 
2136 2451293 
2137 2451293 
2138 2451293 
2139 2451294 
2140 2451294 
2141 2451294 
2142 2451295 
2143 2451295 
2144 2451295 
2145 2451296 
2146 2451299 
2147 2451299 
2148 2451301 
2149 2451309 
2150 2451309 
2151 2451330 
2152 2451331 
2153 2451340 
2154 2451340 
2155 2451341 
2156 2451346 
2157 2451346 
2158 2451350 
2159 2451351 
2160 2451356 
2161 2451359 
2162 2451360 
2163 2451360 
2164 2451360 
2165 2451360 
2166 2451362 
2167 2451368 
2168 2451371 
2169 2451371 
2170 2451371 
2171 2451375 
2172 2451391 
2173 2451391 
2174 2451393 
2175 2451393 
2176 2451396 
2177 2451396 
2178 2451396 
2179 2451401 
2180 2451407 
2181 2451414 
2182 2451415 
2183 2451415 
2184 2451418 
2185 2451419 
2186 2451421 
2187 2451422 
2188 2451422 
2189 2451422 
2190 2451423 
2191 2451434 
2192 2451443 
2193 2451448 
2194 2451450 
2195 2451454 
2196 2451456 
2197 2451457 
2198 2451457 
2199 2451457 
2200 2451460 
2201 2451462 
2202 2451465 
2203 2451466 
2204 2451466 
2205 2451466 
2206 2451467 
2207 2451467 
2208 2451467 
2209 2451468 
2210 2451468 
2211 2451468 
2212 2451474 
2213 2451478 
2214 2451481 
2215 2451485 
2216 2451485 
2217 2451486 
2218 2451486 
2219 2451486 
2220 2451487 
2221 2451488 
2222 2451488 
2223 2451490 
2224 2451490 
2225 2451491 
2226 2451491 
2227 2451491 
2228 2451492 
2229 2451501 
2230 2451522 
2231 2451522 
2232 2451523 
2233 2451523 
2234 2451523 
2235 2451524 
2236 2451556 
2237 2451562 
2238 2451597 
