1 2818807 
2 2818812 
3 2818815 
4 2818822 
5 2818826 
6 2818828 
7 2818829 
8 2818834 
9 2818834 
10 2818835 
11 2818837 
12 2818841 
13 2818842 
14 2818843 
15 2818844 
16 2818844 
17 2818844 
18 2818845 
19 2818845 
20 2818845 
21 2818846 
22 2818846 
23 2818846 
24 2818847 
25 2818848 
26 2818849 
27 2818849 
28 2818850 
29 2818850 
30 2818851 
31 2818851 
32 2818851 
33 2818852 
34 2818853 
35 2818855 
36 2818857 
37 2818858 
38 2818858 
39 2818858 
40 2818859 
41 2818859 
42 2818859 
43 2818859 
44 2818860 
45 2818860 
46 2818860 
47 2818860 
48 2818861 
49 2818863 
50 2818864 
51 2818865 
52 2818865 
53 2818865 
54 2818865 
55 2818866 
56 2818866 
57 2818866 
58 2818867 
59 2818867 
60 2818867 
61 2818867 
62 2818868 
63 2818868 
64 2818868 
65 2818869 
66 2818869 
67 2818869 
68 2818870 
69 2818873 
70 2818882 
71 2818883 
72 2818887 
73 2818887 
74 2818887 
75 2818888 
76 2818914 
77 2818915 
78 2818915 
79 2818916 
80 2818916 
81 2818916 
82 2818917 
83 2818918 
84 2818918 
85 2818918 
86 2818919 
87 2818919 
88 2818919 
89 2818920 
90 2818920 
91 2818920 
92 2818921 
93 2818921 
94 2818924 
95 2818928 
96 2818928 
97 2818935 
98 2818937 
99 2818943 
100 2818946 
101 2818950 
102 2818951 
103 2818951 
104 2818951 
105 2818952 
106 2818952 
107 2818952 
108 2818961 
109 2818962 
110 2818962 
111 2818962 
112 2818963 
113 2818963 
114 2818963 
115 2818964 
116 2818964 
117 2818964 
118 2818964 
119 2818964 
120 2818965 
121 2818965 
122 2818965 
123 2818966 
124 2818966 
125 2818966 
126 2818967 
127 2818967 
128 2818968 
129 2818971 
130 2818971 
131 2818971 
132 2818972 
133 2818972 
134 2818974 
135 2818975 
136 2818975 
137 2818975 
138 2818976 
139 2818977 
140 2818977 
141 2818977 
142 2818978 
143 2818978 
144 2818978 
145 2818979 
146 2818979 
147 2818979 
148 2818980 
149 2818980 
150 2818982 
151 2818983 
152 2818983 
153 2818983 
154 2818983 
155 2818986 
156 2818986 
157 2818986 
158 2818986 
159 2818987 
160 2818987 
161 2818987 
162 2818987 
163 2818988 
164 2818988 
165 2818989 
166 2818989 
167 2818989 
168 2818989 
169 2818990 
170 2818991 
171 2818992 
172 2818992 
173 2818992 
174 2818993 
175 2818993 
176 2818993 
177 2818994 
178 2818994 
179 2818994 
180 2818995 
181 2818995 
182 2818996 
183 2818996 
184 2818996 
185 2818998 
186 2818998 
187 2819005 
188 2819006 
189 2819006 
190 2819006 
191 2819007 
192 2819007 
193 2819008 
194 2819008 
195 2819008 
196 2819009 
197 2819010 
198 2819010 
199 2819010 
200 2819011 
201 2819011 
202 2819013 
203 2819013 
204 2819015 
205 2819020 
206 2819029 
207 2819042 
208 2819052 
209 2819060 
210 2819086 
211 2819104 
212 2819104 
213 2819109 
214 2819110 
215 2819117 
216 2819120 
217 2819123 
218 2819123 
219 2819126 
220 2819140 
221 2819143 
222 2819145 
223 2819147 
224 2819152 
225 2819162 
226 2819167 
227 2819167 
228 2819170 
229 2819174 
230 2819174 
231 2819176 
232 2819177 
233 2819180 
234 2819181 
235 2819183 
236 2819183 
237 2819184 
238 2819186 
239 2819188 
240 2819192 
241 2819192 
242 2819192 
243 2819197 
244 2819203 
245 2819204 
246 2819215 
247 2819216 
248 2819219 
249 2819221 
250 2819221 
251 2819221 
252 2819225 
253 2819226 
254 2819227 
255 2819230 
256 2819233 
257 2819235 
258 2819235 
259 2819237 
260 2819241 
261 2819241 
262 2819254 
263 2819272 
264 2819297 
265 2819298 
266 2819301 
267 2819306 
268 2819307 
269 2819307 
270 2819314 
271 2819318 
272 2819320 
273 2819320 
274 2819333 
275 2819333 
276 2819335 
277 2819337 
278 2819345 
279 2819349 
280 2819353 
281 2819357 
282 2819358 
283 2819358 
284 2819358 
285 2819359 
286 2819359 
287 2819384 
288 2819386 
289 2819388 
290 2819390 
291 2819393 
292 2819393 
293 2819396 
294 2819397 
295 2819401 
296 2819402 
297 2819422 
298 2819434 
299 2819434 
300 2819434 
301 2819435 
302 2819435 
303 2819436 
304 2819437 
305 2819437 
306 2819438 
307 2819438 
308 2819440 
309 2819448 
310 2819450 
311 2819459 
312 2819459 
313 2819465 
314 2819471 
315 2819474 
316 2819475 
317 2819476 
318 2819488 
319 2819488 
320 2819489 
321 2819489 
322 2819489 
323 2819490 
324 2819490 
325 2819500 
326 2819501 
327 2819501 
328 2819501 
329 2819501 
330 2819502 
331 2819502 
332 2819502 
333 2819508 
334 2819509 
335 2819509 
336 2819510 
337 2819515 
338 2819520 
339 2819523 
340 2819523 
341 2819536 
342 2819536 
343 2819539 
344 2819539 
345 2819540 
346 2819540 
347 2819543 
348 2819543 
349 2819547 
350 2819548 
351 2819566 
352 2819568 
353 2819569 
354 2819569 
355 2819570 
356 2819570 
357 2819571 
358 2819574 
359 2819575 
360 2819580 
361 2819580 
362 2819581 
363 2819581 
364 2819582 
365 2819583 
366 2819588 
367 2819589 
368 2819592 
369 2819617 
370 2819617 
371 2819625 
372 2819627 
373 2819627 
374 2819627 
375 2819631 
376 2819637 
377 2819641 
378 2819646 
379 2819653 
380 2819656 
381 2819664 
382 2819666 
383 2819673 
384 2819683 
385 2819695 
386 2819695 
387 2819697 
388 2819698 
389 2819698 
390 2819700 
391 2819710 
392 2819710 
393 2819712 
394 2819734 
395 2819742 
396 2819744 
397 2819746 
398 2819746 
399 2819768 
400 2819768 
401 2819774 
402 2819775 
403 2819775 
404 2819775 
405 2819778 
406 2819783 
407 2819784 
408 2819784 
409 2819795 
410 2819795 
411 2819798 
412 2819799 
413 2819799 
414 2819799 
415 2819800 
416 2819847 
417 2819847 
418 2819847 
419 2819855 
420 2819858 
421 2819859 
422 2819859 
423 2819860 
424 2819860 
425 2819860 
426 2819861 
427 2819861 
428 2819861 
429 2819871 
430 2819872 
431 2819872 
432 2819872 
433 2819877 
434 2819878 
435 2819878 
436 2819878 
437 2819879 
438 2819879 
439 2819880 
440 2819880 
441 2819880 
442 2819881 
443 2819882 
444 2819883 
445 2819883 
446 2819890 
447 2819890 
448 2819891 
449 2819891 
450 2819891 
451 2819891 
452 2819893 
453 2819902 
454 2819911 
455 2819911 
456 2819914 
457 2819915 
458 2819932 
459 2819932 
460 2819933 
461 2819933 
462 2819935 
463 2819944 
464 2819945 
465 2819958 
466 2819974 
467 2820013 
468 2820014 
469 2820014 
470 2820014 
471 2820015 
472 2820015 
473 2820023 
474 2820027 
475 2820027 
476 2820032 
477 2820033 
478 2820033 
479 2820039 
480 2820040 
481 2820040 
482 2820043 
483 2820046 
484 2820047 
485 2820053 
486 2820053 
487 2820056 
488 2820059 
489 2820059 
490 2820066 
491 2820069 
492 2820071 
493 2820077 
494 2820116 
495 2820139 
496 2820151 
497 2820154 
498 2820154 
499 2820155 
500 2820156 
501 2820156 
502 2820157 
503 2820157 
504 2820157 
505 2820158 
506 2820158 
507 2820158 
508 2820159 
509 2820159 
510 2820160 
511 2820160 
512 2820191 
513 2820198 
514 2820205 
515 2820206 
516 2820211 
517 2820225 
518 2820229 
519 2820229 
520 2820230 
521 2820233 
522 2820234 
523 2820234 
524 2820234 
525 2820234 
526 2820241 
527 2820242 
528 2820275 
529 2820281 
530 2820290 
531 2820290 
532 2820291 
533 2820291 
534 2820292 
535 2820292 
536 2820292 
537 2820293 
538 2820293 
539 2820293 
540 2820297 
541 2820297 
542 2820304 
543 2820304 
544 2820308 
545 2820310 
546 2820311 
547 2820311 
548 2820311 
549 2820312 
550 2820317 
551 2820323 
552 2820339 
553 2820339 
554 2820340 
555 2820341 
556 2820341 
557 2820341 
558 2820342 
559 2820343 
560 2820343 
561 2820345 
562 2820345 
563 2820347 
564 2820348 
565 2820348 
566 2820348 
567 2820349 
568 2820351 
569 2820361 
570 2820404 
571 2820418 
572 2820419 
573 2820419 
574 2820419 
575 2820420 
576 2820420 
577 2820421 
578 2820421 
579 2820429 
580 2820431 
581 2820450 
582 2820451 
583 2820452 
584 2820456 
585 2820460 
586 2820461 
587 2820462 
588 2820482 
589 2820483 
590 2820483 
591 2820484 
592 2820484 
593 2820487 
594 2820530 
595 2820533 
596 2820552 
597 2820561 
598 2820562 
599 2820573 
600 2820573 
601 2820573 
602 2820576 
603 2820610 
604 2820616 
605 2820618 
606 2820618 
607 2820620 
608 2820621 
609 2820621 
610 2820621 
611 2820621 
612 2820621 
613 2820622 
614 2820622 
615 2820622 
616 2820622 
617 2820623 
618 2820623 
619 2820624 
620 2820624 
621 2820624 
622 2820625 
623 2820625 
624 2820625 
625 2820626 
626 2820626 
627 2820627 
628 2820627 
629 2820629 
630 2820630 
631 2820632 
632 2820632 
633 2820632 
634 2820633 
635 2820633 
636 2820633 
637 2820634 
638 2820634 
639 2820634 
640 2820635 
641 2820635 
642 2820635 
643 2820636 
644 2820636 
645 2820636 
646 2820637 
647 2820637 
648 2820637 
649 2820638 
650 2820638 
651 2820638 
652 2820643 
653 2820643 
654 2820644 
655 2820650 
656 2820654 
657 2820654 
658 2820655 
659 2820655 
660 2820655 
661 2820657 
662 2820660 
663 2820660 
664 2820660 
665 2820660 
666 2820661 
667 2820661 
668 2820665 
669 2820665 
670 2820665 
671 2820665 
672 2820666 
673 2820666 
674 2820668 
675 2820668 
676 2820677 
677 2820684 
678 2820688 
679 2820693 
680 2820707 
681 2820713 
682 2820714 
683 2820716 
684 2820721 
685 2820722 
686 2820722 
687 2820722 
688 2820723 
689 2820736 
690 2820737 
691 2820741 
692 2820742 
693 2820746 
694 2820747 
695 2820748 
696 2820748 
697 2820748 
698 2820749 
699 2820750 
700 2820751 
701 2820753 
702 2820754 
703 2820756 
704 2820757 
705 2820757 
706 2820757 
707 2820758 
708 2820758 
709 2820759 
710 2820759 
711 2820759 
712 2820760 
713 2820763 
714 2820764 
715 2820764 
716 2820764 
717 2820765 
718 2820765 
719 2820765 
720 2820766 
721 2820767 
722 2820769 
723 2820770 
724 2820770 
725 2820771 
726 2820771 
727 2820772 
728 2820772 
729 2820772 
730 2820772 
731 2820773 
732 2820773 
733 2820774 
734 2820774 
735 2820775 
736 2820775 
737 2820781 
738 2820782 
739 2820782 
740 2820782 
741 2820783 
742 2820784 
743 2820784 
744 2820784 
745 2820785 
746 2820786 
747 2820786 
748 2820786 
749 2820787 
750 2820788 
751 2820788 
752 2820796 
753 2820798 
754 2820804 
755 2820805 
756 2820805 
757 2820806 
758 2820806 
759 2820807 
760 2820808 
761 2820808 
762 2820809 
763 2820809 
764 2820809 
765 2820809 
766 2820810 
767 2820819 
768 2820819 
769 2820820 
770 2820820 
771 2820820 
772 2820821 
773 2820821 
774 2820827 
775 2820827 
776 2820828 
777 2820828 
778 2820829 
779 2820834 
780 2820834 
781 2820835 
782 2820835 
783 2820835 
784 2820865 
785 2820869 
786 2820869 
787 2820869 
788 2820872 
789 2820872 
790 2820872 
791 2820873 
792 2820874 
793 2820874 
794 2820874 
795 2820888 
796 2820888 
797 2820888 
798 2820888 
799 2820889 
800 2820890 
801 2820890 
802 2820891 
803 2820891 
804 2820891 
805 2820891 
806 2820892 
807 2820892 
808 2820897 
809 2820898 
810 2820898 
811 2820898 
812 2820899 
813 2820899 
814 2820900 
815 2820900 
816 2820901 
817 2820901 
818 2820902 
819 2820902 
820 2820902 
821 2820903 
822 2820903 
823 2820903 
824 2820904 
825 2820904 
826 2820904 
827 2820905 
828 2820905 
829 2820905 
830 2820906 
831 2820906 
832 2820907 
833 2820911 
834 2820911 
835 2820912 
836 2820912 
837 2820912 
838 2820913 
839 2820913 
840 2820914 
841 2820914 
842 2820917 
843 2820917 
844 2820917 
845 2820918 
846 2820919 
847 2820919 
848 2820919 
849 2820920 
850 2820920 
851 2820921 
852 2820925 
853 2820925 
854 2820925 
855 2820926 
856 2820926 
857 2820926 
858 2820927 
859 2820927 
860 2820933 
861 2820933 
862 2820937 
863 2820937 
864 2820938 
865 2820938 
866 2820938 
867 2820939 
868 2820939 
869 2820940 
870 2820940 
871 2820940 
872 2820941 
873 2820941 
874 2820942 
875 2820942 
876 2820942 
877 2820953 
878 2820956 
879 2820963 
880 2820963 
881 2820964 
882 2820964 
883 2820964 
884 2820964 
885 2820965 
886 2820965 
887 2820966 
888 2820966 
889 2820966 
890 2820966 
891 2820967 
892 2820967 
893 2820967 
894 2820967 
895 2820968 
896 2820968 
897 2820968 
898 2820968 
899 2820969 
900 2820969 
901 2820969 
902 2820970 
903 2820970 
904 2820970 
905 2820970 
906 2820970 
907 2820971 
908 2820972 
909 2820973 
910 2820973 
911 2820974 
912 2820974 
913 2820974 
914 2820975 
915 2820979 
916 2820987 
917 2820988 
918 2820988 
919 2820989 
920 2820989 
921 2820989 
922 2820990 
923 2820990 
924 2820991 
925 2820991 
926 2820991 
927 2820992 
928 2820992 
929 2820992 
930 2820993 
931 2820993 
932 2820993 
933 2820994 
934 2820994 
935 2820994 
936 2820995 
937 2820995 
938 2820996 
939 2820996 
940 2820996 
941 2820997 
942 2820997 
943 2820997 
944 2820998 
945 2820998 
946 2820999 
947 2820999 
948 2821000 
949 2821007 
950 2821007 
951 2821008 
952 2821012 
953 2821013 
954 2821013 
955 2821013 
956 2821014 
957 2821014 
958 2821014 
959 2821015 
960 2821015 
961 2821015 
962 2821018 
963 2821018 
964 2821018 
965 2821019 
966 2821020 
967 2821020 
968 2821020 
969 2821022 
970 2821028 
971 2821029 
972 2821030 
973 2821031 
974 2821035 
975 2821035 
976 2821035 
977 2821037 
978 2821039 
979 2821040 
980 2821041 
981 2821046 
982 2821073 
983 2821078 
984 2821085 
985 2821086 
986 2821087 
987 2821098 
988 2821103 
989 2821109 
990 2821117 
991 2821117 
992 2821121 
993 2821147 
994 2821148 
995 2821149 
996 2821186 
997 2821188 
998 2821188 
999 2821203 
1000 2821203 
1001 2821207 
1002 2821208 
1003 2821208 
1004 2821208 
1005 2821209 
1006 2821209 
1007 2821210 
1008 2821211 
1009 2821211 
1010 2821211 
1011 2821212 
1012 2821218 
1013 2821219 
1014 2821219 
1015 2821219 
1016 2821220 
1017 2821228 
1018 2821228 
1019 2821228 
1020 2821229 
1021 2821229 
1022 2821229 
1023 2821230 
1024 2821230 
1025 2821232 
1026 2821232 
1027 2821251 
1028 2821254 
1029 2821254 
1030 2821255 
1031 2821255 
1032 2821255 
1033 2821256 
1034 2821256 
1035 2821260 
1036 2821261 
1037 2821282 
1038 2821282 
1039 2821306 
1040 2821309 
1041 2821309 
1042 2821310 
1043 2821313 
1044 2821316 
1045 2821316 
1046 2821321 
1047 2821321 
1048 2821330 
1049 2821333 
1050 2821333 
1051 2821333 
1052 2821334 
1053 2821334 
1054 2821334 
1055 2821335 
1056 2821335 
1057 2821335 
1058 2821336 
1059 2821336 
1060 2821337 
1061 2821337 
1062 2821337 
1063 2821338 
1064 2821338 
1065 2821338 
1066 2821339 
1067 2821339 
1068 2821339 
1069 2821340 
1070 2821340 
1071 2821341 
1072 2821341 
1073 2821341 
1074 2821341 
1075 2821342 
1076 2821342 
1077 2821343 
1078 2821361 
1079 2821366 
1080 2821366 
1081 2821366 
1082 2821367 
1083 2821367 
1084 2821368 
1085 2821368 
1086 2821371 
1087 2821371 
1088 2821372 
1089 2821372 
1090 2821372 
1091 2821373 
1092 2821373 
1093 2821373 
1094 2821394 
1095 2821396 
1096 2821397 
1097 2821397 
1098 2821397 
1099 2821397 
1100 2821398 
1101 2821398 
1102 2821398 
1103 2821399 
1104 2821399 
1105 2821399 
1106 2821400 
1107 2821400 
1108 2821400 
1109 2821401 
1110 2821401 
1111 2821401 
1112 2821402 
1113 2821402 
1114 2821404 
1115 2821404 
1116 2821404 
1117 2821405 
1118 2821406 
1119 2821408 
1120 2821408 
1121 2821409 
1122 2821409 
1123 2821410 
1124 2821410 
1125 2821410 
1126 2821411 
1127 2821411 
1128 2821411 
1129 2821412 
1130 2821412 
1131 2821413 
1132 2821413 
1133 2821413 
1134 2821414 
1135 2821414 
1136 2821416 
1137 2821425 
1138 2821433 
1139 2821433 
1140 2821433 
1141 2821438 
1142 2821439 
1143 2821446 
1144 2821455 
1145 2821462 
1146 2821466 
1147 2821467 
1148 2821467 
1149 2821467 
1150 2821469 
1151 2821469 
1152 2821469 
1153 2821470 
1154 2821470 
1155 2821471 
1156 2821471 
1157 2821472 
1158 2821477 
1159 2821488 
1160 2821491 
1161 2821491 
1162 2821492 
1163 2821497 
1164 2821499 
1165 2821502 
1166 2821502 
1167 2821503 
1168 2821503 
1169 2821504 
1170 2821511 
1171 2821511 
1172 2821511 
1173 2821512 
1174 2821513 
1175 2821519 
1176 2821519 
1177 2821520 
1178 2821520 
1179 2821521 
1180 2821521 
1181 2821521 
1182 2821524 
1183 2821530 
1184 2821531 
1185 2821535 
1186 2821539 
1187 2821548 
1188 2821550 
1189 2821551 
1190 2821555 
1191 2821561 
1192 2821561 
1193 2821561 
1194 2821561 
1195 2821562 
1196 2821562 
1197 2821562 
1198 2821562 
1199 2821563 
1200 2821563 
1201 2821563 
1202 2821564 
1203 2821564 
1204 2821564 
1205 2821565 
1206 2821565 
1207 2821565 
1208 2821566 
1209 2821566 
1210 2821566 
1211 2821566 
1212 2821567 
1213 2821567 
1214 2821571 
1215 2821574 
1216 2821576 
1217 2821577 
1218 2821579 
1219 2821583 
1220 2821583 
1221 2821583 
1222 2821584 
1223 2821584 
1224 2821589 
1225 2821589 
1226 2821590 
1227 2821591 
1228 2821591 
1229 2821591 
1230 2821591 
1231 2821592 
1232 2821592 
1233 2821593 
1234 2821593 
1235 2821593 
1236 2821594 
1237 2821594 
1238 2821594 
1239 2821595 
1240 2821595 
1241 2821595 
1242 2821596 
1243 2821596 
1244 2821596 
1245 2821605 
1246 2821605 
1247 2821606 
1248 2821606 
1249 2821606 
1250 2821609 
1251 2821609 
1252 2821609 
1253 2821612 
1254 2821613 
1255 2821614 
1256 2821625 
1257 2821626 
1258 2821627 
1259 2821628 
1260 2821628 
1261 2821651 
1262 2821653 
1263 2821655 
1264 2821656 
1265 2821657 
1266 2821661 
1267 2821665 
1268 2821666 
1269 2821666 
1270 2821674 
1271 2821677 
1272 2821679 
1273 2821682 
1274 2821684 
1275 2821685 
1276 2821685 
1277 2821686 
1278 2821686 
1279 2821686 
1280 2821687 
1281 2821687 
1282 2821687 
1283 2821688 
1284 2821691 
1285 2821692 
1286 2821692 
1287 2821692 
1288 2821692 
1289 2821703 
1290 2821704 
1291 2821740 
1292 2821763 
1293 2821781 
1294 2821781 
1295 2821782 
1296 2821783 
1297 2821790 
1298 2821793 
1299 2821794 
1300 2821794 
1301 2821795 
1302 2821797 
1303 2821797 
1304 2821798 
1305 2821799 
1306 2821801 
1307 2821801 
1308 2821801 
1309 2821802 
1310 2821802 
1311 2821803 
1312 2821803 
1313 2821803 
1314 2821804 
1315 2821804 
1316 2821804 
1317 2821807 
1318 2821810 
1319 2821812 
1320 2821816 
1321 2821816 
1322 2821822 
1323 2821822 
1324 2821826 
1325 2821826 
1326 2821827 
1327 2821827 
1328 2821833 
1329 2821836 
1330 2821837 
1331 2821837 
1332 2821837 
1333 2821838 
1334 2821838 
1335 2821838 
1336 2821839 
1337 2821839 
1338 2821839 
1339 2821839 
1340 2821840 
1341 2821840 
1342 2821841 
1343 2821841 
1344 2821841 
1345 2821841 
1346 2821842 
1347 2821845 
1348 2821845 
1349 2821845 
1350 2821846 
1351 2821846 
1352 2821846 
1353 2821847 
1354 2821847 
1355 2821847 
1356 2821848 
1357 2821848 
1358 2821848 
1359 2821849 
1360 2821849 
1361 2821849 
1362 2821850 
1363 2821850 
1364 2821850 
1365 2821851 
1366 2821851 
1367 2821851 
1368 2821851 
1369 2821851 
1370 2821852 
1371 2821852 
1372 2821852 
1373 2821852 
1374 2821853 
1375 2821857 
1376 2821860 
1377 2821862 
1378 2821862 
1379 2821867 
1380 2821867 
1381 2821874 
1382 2821875 
1383 2821875 
1384 2821876 
1385 2821876 
1386 2821876 
1387 2821877 
1388 2821879 
1389 2821879 
1390 2821879 
1391 2821880 
1392 2821880 
1393 2821881 
1394 2821881 
1395 2821881 
1396 2821882 
1397 2821882 
1398 2821882 
1399 2821883 
1400 2821883 
1401 2821902 
1402 2821903 
1403 2821903 
1404 2821903 
1405 2821904 
1406 2821922 
1407 2821926 
1408 2821927 
1409 2821927 
1410 2821927 
1411 2821928 
1412 2821928 
1413 2821928 
1414 2821929 
1415 2821929 
1416 2821934 
1417 2821934 
1418 2821939 
1419 2821940 
1420 2821945 
1421 2821945 
1422 2821945 
1423 2821956 
1424 2821957 
1425 2821957 
1426 2821958 
1427 2821968 
1428 2821968 
1429 2821969 
1430 2821969 
1431 2821969 
1432 2821972 
1433 2821990 
1434 2822029 
1435 2822029 
1436 2822030 
1437 2822030 
1438 2822030 
1439 2822062 
1440 2822066 
1441 2822066 
1442 2822067 
1443 2822067 
1444 2822074 
1445 2822075 
1446 2822075 
1447 2822079 
1448 2822089 
1449 2822089 
1450 2822089 
1451 2822094 
1452 2822096 
1453 2822100 
1454 2822103 
1455 2822104 
1456 2822108 
1457 2822112 
1458 2822125 
1459 2822136 
1460 2822146 
1461 2822147 
1462 2822154 
1463 2822157 
1464 2822157 
1465 2822158 
1466 2822158 
1467 2822158 
1468 2822159 
1469 2822166 
1470 2822166 
1471 2822168 
1472 2822173 
1473 2822173 
1474 2822174 
1475 2822174 
1476 2822174 
1477 2822183 
1478 2822191 
1479 2822196 
1480 2822196 
1481 2822199 
1482 2822200 
1483 2822200 
1484 2822200 
1485 2822206 
1486 2822206 
1487 2822206 
1488 2822217 
1489 2822217 
1490 2822217 
1491 2822230 
1492 2822230 
1493 2822245 
1494 2822246 
1495 2822247 
1496 2822248 
1497 2822248 
1498 2822249 
1499 2822258 
1500 2822259 
1501 2822271 
1502 2822272 
1503 2822275 
1504 2822275 
1505 2822276 
1506 2822309 
1507 2822314 
1508 2822314 
1509 2822315 
1510 2822315 
1511 2822318 
1512 2822319 
1513 2822320 
1514 2822324 
1515 2822330 
1516 2822331 
1517 2822331 
1518 2822331 
1519 2822332 
1520 2822333 
1521 2822333 
1522 2822333 
1523 2822334 
1524 2822334 
1525 2822347 
1526 2822348 
1527 2822348 
1528 2822349 
1529 2822349 
1530 2822349 
1531 2822350 
1532 2822356 
1533 2822356 
1534 2822357 
1535 2822357 
1536 2822361 
1537 2822364 
1538 2822364 
1539 2822364 
1540 2822365 
1541 2822365 
1542 2822367 
1543 2822368 
1544 2822368 
1545 2822369 
1546 2822369 
1547 2822370 
1548 2822372 
1549 2822372 
1550 2822373 
1551 2822373 
1552 2822374 
1553 2822374 
1554 2822374 
1555 2822374 
1556 2822375 
1557 2822375 
1558 2822376 
1559 2822376 
1560 2822377 
1561 2822378 
1562 2822379 
1563 2822380 
1564 2822380 
1565 2822381 
1566 2822381 
1567 2822384 
1568 2822384 
1569 2822385 
1570 2822385 
1571 2822385 
1572 2822386 
1573 2822386 
1574 2822393 
1575 2822393 
