1 2426424 
2 2426433 
3 2426433 
4 2426453 
5 2426458 
6 2426458 
7 2426464 
8 2426464 
9 2426482 
10 2426484 
11 2426484 
12 2426497 
13 2426497 
14 2426505 
15 2426517 
16 2426540 
17 2426571 
18 2426581 
19 2426581 
20 2426581 
21 2426585 
22 2426590 
23 2426613 
24 2426613 
25 2426613 
26 2426614 
27 2426614 
28 2426614 
29 2426615 
30 2426615 
31 2426615 
32 2426621 
33 2426640 
34 2426640 
35 2426640 
36 2426641 
37 2426684 
38 2426693 
39 2426693 
40 2426698 
41 2426700 
42 2426701 
43 2426721 
44 2426721 
45 2426721 
46 2426722 
47 2426722 
48 2426722 
49 2426723 
50 2426723 
51 2426723 
52 2426736 
53 2426736 
54 2426736 
55 2426744 
56 2426745 
57 2426755 
58 2426766 
59 2426766 
60 2426766 
61 2426775 
62 2426776 
63 2426776 
64 2426776 
65 2426777 
66 2426784 
67 2426837 
68 2426838 
69 2426838 
70 2426842 
71 2426844 
72 2426879 
73 2426879 
74 2426885 
75 2426921 
76 2426933 
77 2426933 
78 2426984 
79 2426984 
80 2426986 
81 2426986 
82 2426987 
83 2426987 
84 2426987 
85 2426988 
86 2427001 
87 2427002 
88 2427013 
89 2427047 
90 2427048 
91 2427062 
92 2427063 
93 2427063 
94 2427067 
95 2427067 
96 2427067 
97 2427068 
98 2427068 
99 2427068 
100 2427075 
101 2427075 
102 2427077 
103 2427078 
104 2427097 
105 2427097 
106 2427097 
107 2427098 
108 2427098 
109 2427099 
110 2427099 
111 2427101 
112 2427110 
113 2427110 
114 2427112 
115 2427114 
116 2427114 
117 2427114 
118 2427118 
119 2427130 
120 2427137 
121 2427137 
122 2427148 
123 2427148 
124 2427160 
125 2427160 
126 2427180 
127 2427180 
128 2427210 
129 2427237 
130 2427271 
131 2427307 
132 2427307 
133 2427307 
134 2427343 
135 2427344 
136 2427348 
137 2427375 
138 2427375 
139 2427375 
140 2427376 
141 2427377 
142 2427380 
143 2427391 
144 2427392 
145 2427414 
146 2427415 
147 2427446 
148 2427451 
149 2427451 
150 2427452 
151 2427452 
152 2427452 
153 2427453 
154 2427453 
155 2427505 
156 2427557 
157 2427582 
158 2427592 
159 2427611 
160 2427614 
161 2427614 
162 2427618 
163 2427618 
164 2427619 
165 2427619 
166 2427619 
167 2427621 
168 2427626 
169 2427627 
170 2427627 
171 2427627 
172 2427633 
173 2427633 
174 2427634 
175 2427649 
176 2427649 
177 2427649 
178 2427650 
179 2427650 
180 2427650 
181 2427651 
182 2427651 
183 2427651 
184 2427652 
185 2427652 
186 2427652 
187 2427653 
188 2427653 
189 2427653 
190 2427654 
191 2427659 
192 2427660 
193 2427660 
194 2427660 
195 2427671 
196 2427681 
197 2427681 
198 2427684 
199 2427685 
200 2427691 
201 2427692 
202 2427720 
203 2427720 
204 2427720 
205 2427720 
206 2427721 
207 2427726 
208 2427727 
209 2427727 
210 2427728 
211 2427729 
212 2427759 
213 2427762 
214 2427763 
215 2427763 
216 2427766 
217 2427766 
218 2427767 
219 2427767 
220 2427767 
221 2427768 
222 2427768 
223 2427768 
224 2427769 
225 2427769 
226 2427770 
227 2427770 
228 2427770 
229 2427771 
230 2427775 
231 2427776 
232 2427776 
233 2427776 
234 2427777 
235 2427777 
236 2427781 
237 2427781 
238 2427782 
239 2427782 
240 2427783 
241 2427783 
242 2427783 
243 2427787 
244 2427787 
245 2427788 
246 2427790 
247 2427790 
248 2427790 
249 2427791 
250 2427791 
251 2427791 
252 2427792 
253 2427792 
254 2427793 
255 2427793 
256 2427793 
257 2427794 
258 2427794 
259 2427794 
260 2427795 
261 2427795 
262 2427796 
263 2427796 
264 2427796 
265 2427797 
266 2427798 
267 2427799 
268 2427799 
269 2427800 
270 2427800 
271 2427800 
272 2427803 
273 2427803 
274 2427803 
275 2427804 
276 2427804 
277 2427804 
278 2427805 
279 2427807 
280 2427807 
281 2427809 
282 2427809 
283 2427810 
284 2427810 
285 2427811 
286 2427811 
287 2427812 
288 2427812 
289 2427812 
290 2427812 
291 2427812 
292 2427813 
293 2427813 
294 2427814 
295 2427814 
296 2427814 
297 2427815 
298 2427815 
299 2427820 
300 2427820 
301 2427821 
302 2427821 
303 2427821 
304 2427822 
305 2427823 
306 2427826 
307 2427826 
308 2427830 
309 2427830 
310 2427830 
311 2427831 
312 2427831 
313 2427831 
314 2427832 
315 2427832 
316 2427840 
317 2427840 
318 2427847 
319 2427848 
320 2427849 
321 2427849 
322 2427849 
323 2427850 
324 2427850 
325 2427850 
326 2427851 
327 2427851 
328 2427851 
329 2427853 
330 2427854 
331 2427854 
332 2427854 
333 2427855 
334 2427855 
335 2427855 
336 2427856 
337 2427856 
338 2427857 
339 2427857 
340 2427857 
341 2427858 
342 2427859 
343 2427859 
344 2427860 
345 2427860 
346 2427860 
347 2427861 
348 2427861 
349 2427861 
350 2427862 
351 2427862 
352 2427864 
353 2427864 
354 2427887 
355 2427887 
356 2427888 
357 2427890 
358 2427890 
359 2427891 
360 2427891 
361 2427893 
362 2427893 
363 2427893 
364 2427894 
365 2427894 
366 2427894 
367 2427895 
368 2427895 
369 2427895 
370 2427896 
371 2427896 
372 2427896 
373 2427910 
374 2427910 
375 2427911 
376 2427911 
377 2427913 
378 2427939 
379 2427939 
380 2427949 
381 2427950 
382 2427950 
383 2427963 
384 2427964 
385 2427964 
386 2427966 
387 2427966 
388 2427967 
389 2427969 
390 2427970 
391 2427970 
392 2427970 
393 2427971 
394 2427971 
395 2427973 
396 2427973 
397 2427974 
398 2427974 
399 2427974 
400 2427986 
401 2427987 
402 2427987 
403 2427988 
404 2427988 
405 2427994 
406 2428003 
407 2428003 
408 2428010 
409 2428011 
410 2428011 
411 2428011 
412 2428012 
413 2428012 
414 2428013 
415 2428013 
416 2428039 
417 2428039 
418 2428039 
419 2428081 
420 2428081 
421 2428081 
422 2428082 
423 2428092 
424 2428092 
425 2428095 
426 2428099 
427 2428108 
428 2428110 
429 2428110 
430 2428110 
431 2428111 
432 2428117 
433 2428117 
434 2428117 
435 2428121 
436 2428122 
437 2428122 
438 2428122 
439 2428123 
440 2428123 
441 2428123 
442 2428123 
443 2428124 
444 2428128 
445 2428128 
446 2428129 
447 2428146 
448 2428147 
449 2428180 
450 2428180 
451 2428181 
452 2428182 
453 2428182 
454 2428182 
455 2428183 
456 2428235 
457 2428235 
458 2428238 
459 2428238 
460 2428239 
461 2428239 
462 2428239 
463 2428240 
464 2428240 
465 2428240 
466 2428241 
467 2428241 
468 2428242 
469 2428242 
470 2428242 
471 2428243 
472 2428243 
473 2428243 
474 2428244 
475 2428244 
476 2428244 
477 2428245 
478 2428245 
479 2428245 
480 2428245 
481 2428246 
482 2428246 
483 2428254 
484 2428255 
485 2428255 
486 2428256 
487 2428256 
488 2428328 
489 2428336 
490 2428336 
491 2428339 
492 2428339 
493 2428339 
494 2428340 
495 2428340 
496 2428341 
497 2428341 
498 2428342 
499 2428342 
500 2428351 
501 2428351 
502 2428364 
503 2428379 
504 2428398 
505 2428402 
506 2428402 
507 2428402 
508 2428488 
509 2428488 
510 2428512 
511 2428577 
512 2428577 
513 2428673 
514 2428674 
515 2428684 
516 2428736 
517 2428740 
518 2428742 
519 2428743 
520 2428743 
521 2428746 
522 2428785 
523 2428786 
524 2428808 
525 2428809 
526 2428809 
527 2428809 
528 2428810 
529 2428810 
530 2428811 
531 2428811 
532 2428811 
533 2428812 
534 2428812 
535 2428812 
536 2428813 
537 2428813 
538 2428814 
539 2428814 
540 2428815 
541 2428815 
542 2428815 
543 2428816 
544 2428816 
545 2428817 
546 2428817 
547 2428817 
548 2428818 
549 2428818 
550 2428833 
551 2428837 
552 2428854 
553 2428854 
554 2428855 
555 2428855 
556 2428861 
557 2428875 
558 2428883 
559 2428883 
560 2428892 
561 2428899 
562 2428899 
563 2428903 
564 2428921 
565 2428921 
566 2428934 
567 2428934 
568 2428934 
569 2428940 
570 2428940 
571 2428942 
572 2428961 
573 2428979 
574 2428991 
575 2428991 
576 2428992 
577 2429009 
578 2429019 
579 2429020 
580 2429020 
581 2429021 
582 2429031 
583 2429031 
584 2429057 
585 2429061 
586 2429062 
587 2429062 
588 2429064 
589 2429066 
590 2429075 
591 2429081 
592 2429091 
593 2429091 
594 2429092 
595 2429095 
596 2429095 
597 2429095 
598 2429118 
599 2429130 
600 2429130 
601 2429134 
602 2429156 
603 2429157 
604 2429157 
605 2429158 
606 2429158 
607 2429159 
608 2429160 
609 2429164 
610 2429164 
611 2429165 
612 2429178 
613 2429179 
614 2429211 
615 2429211 
616 2429268 
617 2429272 
618 2429292 
619 2429292 
620 2429292 
621 2429297 
622 2429327 
623 2429369 
624 2429381 
625 2429382 
626 2429383 
627 2429383 
628 2429384 
629 2429384 
630 2429385 
631 2429385 
632 2429386 
633 2429386 
634 2429387 
635 2429387 
636 2429387 
637 2429388 
638 2429388 
639 2429389 
640 2429389 
641 2429389 
642 2429390 
643 2429391 
644 2429393 
645 2429393 
646 2429393 
647 2429401 
648 2429410 
649 2429410 
650 2429411 
651 2429417 
652 2429422 
653 2429429 
654 2429431 
655 2429441 
656 2429445 
657 2429445 
658 2429445 
659 2429445 
660 2429446 
661 2429446 
662 2429446 
663 2429450 
664 2429462 
665 2429468 
666 2429476 
667 2429480 
668 2429480 
669 2429483 
670 2429483 
671 2429488 
672 2429493 
673 2429495 
674 2429497 
675 2429497 
676 2429497 
677 2429497 
678 2429498 
679 2429500 
680 2429501 
681 2429509 
682 2429509 
683 2429510 
684 2429511 
685 2429514 
686 2429514 
687 2429515 
688 2429521 
689 2429529 
690 2429531 
691 2429532 
692 2429532 
693 2429532 
694 2429533 
695 2429533 
696 2429533 
697 2429534 
698 2429539 
699 2429539 
700 2429539 
701 2429540 
702 2429540 
703 2429540 
704 2429541 
705 2429541 
706 2429542 
707 2429542 
708 2429543 
709 2429543 
710 2429544 
711 2429544 
712 2429544 
713 2429545 
714 2429573 
715 2429579 
716 2429579 
717 2429588 
718 2429608 
719 2429608 
720 2429611 
721 2429612 
722 2429669 
723 2429681 
724 2429693 
725 2429693 
726 2429702 
727 2429713 
728 2429720 
729 2429720 
730 2429721 
731 2429721 
732 2429722 
733 2429728 
734 2429728 
735 2429729 
736 2429729 
737 2429729 
738 2429730 
739 2429739 
740 2429751 
741 2429751 
742 2429756 
743 2429756 
744 2429763 
745 2429763 
746 2429764 
747 2429764 
748 2429768 
749 2429769 
750 2429769 
751 2429769 
752 2429776 
753 2429784 
754 2429790 
755 2429790 
756 2429793 
757 2429808 
758 2429818 
759 2429851 
760 2429887 
761 2429887 
762 2429887 
763 2429913 
764 2429914 
765 2429915 
766 2429915 
767 2429915 
768 2429916 
769 2429916 
770 2429919 
771 2429928 
772 2429929 
773 2429929 
774 2429929 
775 2429939 
776 2429940 
777 2429940 
778 2429941 
779 2429941 
780 2429941 
781 2429942 
782 2429942 
783 2429942 
784 2429942 
785 2429943 
786 2429943 
787 2429943 
788 2429944 
789 2429944 
790 2429945 
791 2429951 
792 2429952 
793 2429952 
794 2429956 
795 2429956 
796 2429956 
797 2429956 
798 2429957 
799 2429957 
800 2429957 
801 2429958 
802 2429958 
803 2429959 
804 2429959 
805 2429960 
806 2429960 
807 2429960 
808 2429961 
809 2429962 
810 2429962 
811 2429962 
812 2429963 
813 2429964 
814 2429970 
815 2429970 
816 2429979 
817 2429983 
