1 2581204 
2 2581205 
3 2581205 
4 2581208 
5 2581211 
6 2581214 
7 2581216 
8 2581216 
9 2581218 
10 2581221 
11 2581222 
12 2581223 
13 2581227 
14 2581227 
15 2581228 
16 2581228 
17 2581228 
18 2581234 
19 2581235 
20 2581235 
21 2581238 
22 2581239 
23 2581241 
24 2581244 
25 2581245 
26 2581247 
27 2581251 
28 2581251 
29 2581252 
30 2581253 
31 2581253 
32 2581253 
33 2581254 
34 2581254 
35 2581255 
36 2581256 
37 2581256 
38 2581258 
39 2581260 
40 2581260 
41 2581261 
42 2581261 
43 2581263 
44 2581264 
45 2581265 
46 2581265 
47 2581268 
48 2581268 
49 2581268 
50 2581269 
51 2581269 
52 2581273 
53 2581275 
54 2581277 
55 2581277 
56 2581277 
57 2581279 
58 2581281 
59 2581281 
60 2581281 
61 2581282 
62 2581284 
63 2581285 
64 2581296 
65 2581299 
66 2581305 
67 2581311 
68 2581314 
69 2581317 
70 2581318 
71 2581319 
72 2581320 
73 2581323 
74 2581327 
75 2581328 
76 2581330 
77 2581331 
78 2581331 
79 2581331 
80 2581332 
81 2581334 
82 2581334 
83 2581335 
84 2581336 
85 2581336 
86 2581337 
87 2581337 
88 2581337 
89 2581339 
90 2581339 
91 2581339 
92 2581340 
93 2581340 
94 2581341 
95 2581341 
96 2581346 
97 2581348 
98 2581349 
99 2581351 
100 2581351 
101 2581352 
102 2581352 
103 2581352 
104 2581354 
105 2581354 
106 2581355 
107 2581355 
108 2581355 
109 2581355 
110 2581356 
111 2581356 
112 2581356 
113 2581357 
114 2581357 
115 2581357 
116 2581358 
117 2581358 
118 2581358 
119 2581359 
120 2581359 
121 2581359 
122 2581360 
123 2581360 
124 2581360 
125 2581360 
126 2581361 
127 2581361 
128 2581361 
129 2581362 
130 2581362 
131 2581362 
132 2581362 
133 2581363 
134 2581363 
135 2581363 
136 2581363 
137 2581364 
138 2581364 
139 2581364 
140 2581365 
141 2581365 
142 2581365 
143 2581366 
144 2581366 
145 2581366 
146 2581366 
147 2581367 
148 2581367 
149 2581367 
150 2581368 
151 2581368 
152 2581368 
153 2581369 
154 2581369 
155 2581369 
156 2581370 
157 2581370 
158 2581370 
159 2581371 
160 2581371 
161 2581371 
162 2581371 
163 2581372 
164 2581372 
165 2581372 
166 2581373 
167 2581373 
168 2581373 
169 2581373 
170 2581374 
171 2581374 
172 2581374 
173 2581375 
174 2581375 
175 2581375 
176 2581375 
177 2581376 
178 2581376 
179 2581376 
180 2581377 
181 2581377 
182 2581377 
183 2581377 
184 2581378 
185 2581378 
186 2581378 
187 2581379 
188 2581379 
189 2581379 
190 2581379 
191 2581380 
192 2581380 
193 2581380 
194 2581381 
195 2581381 
196 2581381 
197 2581382 
198 2581382 
199 2581382 
200 2581383 
201 2581383 
202 2581383 
203 2581384 
204 2581384 
205 2581384 
206 2581385 
207 2581385 
208 2581385 
209 2581385 
210 2581386 
211 2581386 
212 2581386 
213 2581387 
214 2581387 
215 2581387 
216 2581388 
217 2581388 
218 2581388 
219 2581389 
220 2581389 
221 2581389 
222 2581391 
223 2581391 
224 2581394 
225 2581398 
226 2581399 
227 2581401 
228 2581402 
229 2581402 
230 2581404 
231 2581404 
232 2581407 
233 2581407 
234 2581408 
235 2581408 
236 2581414 
237 2581414 
238 2581416 
239 2581417 
240 2581417 
241 2581417 
242 2581417 
243 2581419 
244 2581420 
245 2581420 
246 2581420 
247 2581420 
248 2581421 
249 2581422 
250 2581424 
251 2581425 
252 2581427 
253 2581427 
254 2581431 
255 2581432 
256 2581437 
257 2581440 
258 2581440 
259 2581443 
260 2581453 
261 2581455 
262 2581456 
263 2581457 
264 2581460 
265 2581460 
266 2581460 
267 2581460 
268 2581461 
269 2581461 
270 2581462 
271 2581463 
272 2581465 
273 2581473 
274 2581474 
275 2581474 
276 2581476 
277 2581477 
278 2581478 
279 2581482 
280 2581488 
281 2581488 
282 2581491 
283 2581493 
284 2581494 
285 2581494 
286 2581494 
287 2581495 
288 2581519 
289 2581536 
290 2581541 
291 2581547 
292 2581549 
293 2581549 
294 2581549 
295 2581551 
296 2581552 
297 2581555 
298 2581560 
299 2581562 
300 2581563 
301 2581567 
302 2581567 
303 2581573 
304 2581573 
305 2581573 
306 2581576 
307 2581576 
308 2581577 
309 2581577 
310 2581577 
311 2581578 
312 2581578 
313 2581579 
314 2581581 
315 2581581 
316 2581592 
317 2581597 
318 2581610 
319 2581621 
320 2581650 
321 2581651 
322 2581669 
323 2581672 
324 2581674 
325 2581674 
326 2581674 
327 2581675 
328 2581677 
329 2581677 
330 2581677 
331 2581678 
332 2581679 
333 2581681 
334 2581682 
335 2581687 
336 2581691 
337 2581691 
338 2581691 
339 2581705 
340 2581705 
341 2581710 
342 2581712 
343 2581715 
344 2581718 
345 2581720 
346 2581721 
347 2581722 
348 2581728 
349 2581729 
350 2581729 
351 2581730 
352 2581730 
353 2581730 
354 2581731 
355 2581732 
356 2581732 
357 2581732 
358 2581733 
359 2581733 
360 2581733 
361 2581734 
362 2581734 
363 2581734 
364 2581735 
365 2581738 
366 2581738 
367 2581739 
368 2581740 
369 2581741 
370 2581741 
371 2581744 
372 2581748 
373 2581748 
374 2581748 
375 2581749 
376 2581749 
377 2581749 
378 2581749 
379 2581750 
380 2581752 
381 2581752 
382 2581752 
383 2581753 
384 2581753 
385 2581753 
386 2581753 
387 2581754 
388 2581754 
389 2581755 
390 2581755 
391 2581755 
392 2581755 
393 2581756 
394 2581756 
395 2581756 
396 2581757 
397 2581757 
398 2581758 
399 2581758 
400 2581761 
401 2581773 
402 2581774 
403 2581774 
404 2581775 
405 2581777 
406 2581778 
407 2581779 
408 2581780 
409 2581784 
410 2581785 
411 2581785 
412 2581785 
413 2581786 
414 2581786 
415 2581786 
416 2581787 
417 2581787 
418 2581787 
419 2581788 
420 2581790 
421 2581792 
422 2581795 
423 2581796 
424 2581798 
425 2581800 
426 2581801 
427 2581801 
428 2581801 
429 2581802 
430 2581804 
431 2581804 
432 2581805 
433 2581806 
434 2581806 
435 2581807 
436 2581807 
437 2581808 
438 2581808 
439 2581809 
440 2581810 
441 2581810 
442 2581811 
443 2581811 
444 2581812 
445 2581812 
446 2581813 
447 2581813 
448 2581816 
449 2581817 
450 2581817 
451 2581817 
452 2581821 
453 2581821 
454 2581822 
455 2581822 
456 2581824 
457 2581830 
458 2581835 
459 2581836 
460 2581837 
461 2581837 
462 2581839 
463 2581840 
464 2581841 
465 2581841 
466 2581841 
467 2581842 
468 2581852 
469 2581853 
470 2581854 
471 2581854 
472 2581856 
473 2581858 
474 2581859 
475 2581862 
476 2581863 
477 2581863 
478 2581864 
479 2581864 
480 2581886 
481 2581888 
482 2581894 
483 2581898 
484 2581903 
485 2581903 
486 2581904 
487 2581907 
488 2581910 
489 2581916 
490 2581918 
491 2581918 
492 2581918 
493 2581918 
494 2581919 
495 2581919 
496 2581919 
497 2581920 
498 2581920 
499 2581920 
500 2581922 
501 2581923 
502 2581925 
503 2581925 
504 2581927 
505 2581930 
506 2581932 
507 2581933 
508 2581933 
509 2581934 
510 2581934 
511 2581934 
512 2581935 
513 2581935 
514 2581942 
515 2581942 
516 2581943 
517 2581943 
518 2581944 
519 2581944 
520 2581947 
521 2581958 
522 2581958 
523 2581961 
524 2581964 
525 2581965 
526 2581965 
527 2581971 
528 2581971 
529 2581973 
530 2581973 
531 2581978 
532 2581982 
533 2581994 
534 2581996 
535 2581998 
536 2582001 
537 2582003 
538 2582007 
539 2582007 
540 2582010 
541 2582012 
542 2582012 
543 2582014 
544 2582018 
545 2582019 
546 2582019 
547 2582022 
548 2582023 
549 2582024 
550 2582028 
551 2582030 
552 2582032 
553 2582034 
554 2582034 
555 2582035 
556 2582040 
557 2582049 
558 2582049 
559 2582053 
560 2582056 
561 2582057 
562 2582057 
563 2582058 
564 2582060 
565 2582060 
566 2582062 
567 2582063 
568 2582063 
569 2582063 
570 2582064 
571 2582065 
572 2582065 
573 2582066 
574 2582066 
575 2582069 
576 2582069 
577 2582072 
578 2582072 
579 2582073 
580 2582077 
581 2582077 
582 2582080 
583 2582084 
584 2582088 
585 2582090 
586 2582090 
587 2582091 
588 2582091 
589 2582091 
590 2582092 
591 2582092 
592 2582092 
593 2582093 
594 2582093 
595 2582093 
596 2582094 
597 2582094 
598 2582094 
599 2582095 
600 2582095 
601 2582096 
602 2582098 
603 2582098 
604 2582099 
605 2582102 
606 2582103 
607 2582104 
608 2582104 
609 2582104 
610 2582104 
611 2582106 
612 2582110 
613 2582111 
614 2582116 
615 2582116 
616 2582116 
617 2582117 
618 2582119 
619 2582121 
620 2582121 
621 2582122 
622 2582128 
623 2582135 
624 2582141 
625 2582143 
626 2582143 
627 2582143 
628 2582144 
629 2582144 
630 2582145 
631 2582146 
632 2582147 
633 2582147 
634 2582149 
635 2582150 
636 2582151 
637 2582151 
638 2582153 
639 2582154 
640 2582156 
641 2582157 
642 2582157 
643 2582162 
644 2582163 
645 2582163 
646 2582163 
647 2582164 
648 2582164 
649 2582165 
650 2582165 
651 2582168 
652 2582169 
653 2582169 
654 2582169 
655 2582170 
656 2582170 
657 2582170 
658 2582171 
659 2582171 
660 2582171 
661 2582172 
662 2582172 
663 2582172 
664 2582174 
665 2582174 
666 2582174 
667 2582175 
668 2582175 
669 2582175 
670 2582176 
671 2582176 
672 2582177 
673 2582177 
674 2582178 
675 2582178 
676 2582178 
677 2582179 
678 2582187 
679 2582191 
680 2582195 
681 2582198 
682 2582200 
683 2582203 
684 2582204 
685 2582220 
686 2582220 
687 2582221 
688 2582221 
689 2582221 
690 2582222 
691 2582222 
692 2582223 
693 2582227 
694 2582231 
695 2582237 
696 2582237 
697 2582239 
698 2582241 
699 2582243 
700 2582244 
701 2582245 
702 2582246 
703 2582247 
704 2582253 
705 2582259 
706 2582261 
707 2582271 
708 2582272 
709 2582274 
710 2582276 
711 2582276 
712 2582277 
713 2582277 
714 2582277 
715 2582278 
716 2582279 
717 2582279 
718 2582279 
719 2582288 
720 2582290 
721 2582295 
722 2582296 
723 2582296 
724 2582297 
725 2582297 
726 2582297 
727 2582298 
728 2582298 
729 2582298 
730 2582299 
731 2582299 
732 2582299 
733 2582299 
734 2582300 
735 2582300 
736 2582300 
737 2582301 
738 2582301 
739 2582304 
740 2582307 
741 2582311 
742 2582311 
743 2582311 
744 2582317 
745 2582317 
746 2582319 
747 2582321 
748 2582322 
749 2582322 
750 2582322 
751 2582325 
752 2582325 
753 2582325 
754 2582325 
755 2582326 
756 2582326 
757 2582327 
758 2582327 
759 2582327 
760 2582328 
761 2582329 
762 2582330 
763 2582330 
764 2582331 
765 2582331 
766 2582332 
767 2582332 
768 2582333 
769 2582337 
770 2582341 
771 2582342 
772 2582343 
773 2582343 
774 2582347 
775 2582348 
776 2582348 
777 2582348 
778 2582349 
779 2582349 
780 2582349 
781 2582349 
782 2582350 
783 2582350 
784 2582350 
785 2582351 
786 2582353 
787 2582354 
788 2582354 
789 2582355 
790 2582355 
791 2582356 
792 2582356 
793 2582356 
794 2582357 
795 2582359 
796 2582367 
797 2582370 
798 2582370 
799 2582375 
800 2582377 
801 2582381 
802 2582384 
803 2582384 
804 2582385 
805 2582385 
806 2582385 
807 2582386 
808 2582387 
809 2582387 
810 2582393 
811 2582394 
812 2582401 
813 2582408 
814 2582409 
815 2582409 
816 2582412 
817 2582412 
818 2582413 
819 2582415 
820 2582415 
821 2582416 
822 2582416 
823 2582416 
824 2582416 
825 2582417 
826 2582417 
827 2582417 
828 2582417 
829 2582418 
830 2582418 
831 2582418 
832 2582418 
833 2582418 
834 2582418 
835 2582419 
836 2582419 
837 2582419 
838 2582419 
839 2582420 
840 2582420 
841 2582420 
842 2582421 
843 2582421 
844 2582421 
845 2582421 
846 2582422 
847 2582422 
848 2582422 
849 2582422 
850 2582423 
851 2582423 
852 2582424 
853 2582424 
854 2582424 
855 2582425 
856 2582425 
857 2582425 
858 2582426 
859 2582426 
860 2582426 
861 2582430 
862 2582430 
863 2582430 
864 2582434 
865 2582441 
866 2582441 
867 2582443 
868 2582443 
869 2582444 
870 2582444 
871 2582444 
872 2582444 
873 2582445 
874 2582445 
875 2582445 
876 2582445 
877 2582446 
878 2582446 
879 2582446 
880 2582446 
881 2582446 
882 2582447 
883 2582447 
884 2582447 
885 2582447 
886 2582448 
887 2582448 
888 2582448 
889 2582449 
890 2582449 
891 2582450 
892 2582451 
893 2582454 
894 2582454 
895 2582454 
896 2582456 
897 2582459 
898 2582460 
899 2582460 
900 2582462 
901 2582462 
902 2582463 
903 2582468 
904 2582471 
905 2582474 
906 2582476 
907 2582479 
908 2582481 
909 2582483 
910 2582484 
911 2582484 
912 2582485 
913 2582486 
914 2582488 
915 2582490 
916 2582490 
917 2582491 
918 2582492 
919 2582492 
920 2582492 
921 2582493 
922 2582495 
923 2582497 
924 2582501 
925 2582501 
926 2582502 
927 2582502 
928 2582503 
929 2582508 
930 2582508 
931 2582511 
932 2582511 
933 2582511 
934 2582512 
935 2582513 
936 2582514 
937 2582514 
938 2582515 
939 2582515 
940 2582515 
941 2582516 
942 2582516 
943 2582516 
944 2582517 
945 2582517 
946 2582517 
947 2582518 
948 2582518 
949 2582518 
950 2582518 
951 2582519 
952 2582519 
953 2582519 
954 2582519 
955 2582519 
956 2582520 
957 2582520 
958 2582520 
959 2582521 
960 2582521 
961 2582522 
962 2582522 
963 2582522 
964 2582523 
965 2582523 
966 2582523 
967 2582523 
968 2582524 
969 2582524 
970 2582525 
971 2582525 
972 2582525 
973 2582526 
974 2582527 
975 2582528 
976 2582528 
977 2582534 
978 2582537 
979 2582541 
980 2582542 
981 2582543 
982 2582544 
983 2582544 
984 2582544 
985 2582544 
986 2582545 
987 2582545 
988 2582545 
989 2582545 
990 2582546 
991 2582546 
992 2582546 
993 2582546 
994 2582547 
995 2582547 
996 2582547 
997 2582548 
998 2582548 
999 2582561 
1000 2582563 
1001 2582564 
1002 2582571 
1003 2582573 
1004 2582573 
1005 2582578 
1006 2582579 
1007 2582582 
1008 2582583 
1009 2582586 
1010 2582587 
1011 2582588 
1012 2582596 
1013 2582598 
1014 2582601 
1015 2582602 
1016 2582605 
1017 2582607 
1018 2582609 
1019 2582609 
1020 2582609 
1021 2582611 
1022 2582611 
1023 2582612 
1024 2582613 
1025 2582614 
1026 2582617 
1027 2582619 
1028 2582620 
1029 2582626 
1030 2582627 
1031 2582630 
1032 2582635 
1033 2582637 
1034 2582638 
1035 2582638 
1036 2582640 
1037 2582640 
1038 2582644 
1039 2582648 
1040 2582648 
1041 2582649 
1042 2582649 
1043 2582650 
1044 2582650 
1045 2582650 
1046 2582650 
1047 2582651 
1048 2582657 
1049 2582658 
1050 2582658 
1051 2582659 
1052 2582660 
1053 2582660 
1054 2582661 
1055 2582661 
1056 2582661 
1057 2582665 
1058 2582665 
1059 2582665 
1060 2582665 
1061 2582666 
1062 2582666 
1063 2582668 
1064 2582668 
1065 2582669 
1066 2582669 
1067 2582673 
1068 2582674 
1069 2582675 
1070 2582676 
1071 2582676 
1072 2582677 
1073 2582682 
1074 2582684 
1075 2582684 
1076 2582684 
1077 2582685 
1078 2582685 
1079 2582685 
1080 2582685 
1081 2582686 
1082 2582686 
1083 2582686 
1084 2582698 
1085 2582698 
1086 2582699 
1087 2582699 
1088 2582703 
1089 2582704 
1090 2582704 
1091 2582704 
1092 2582704 
1093 2582705 
1094 2582705 
1095 2582705 
1096 2582705 
1097 2582706 
1098 2582706 
1099 2582706 
1100 2582706 
1101 2582707 
1102 2582707 
1103 2582708 
1104 2582708 
1105 2582708 
1106 2582708 
1107 2582708 
1108 2582708 
1109 2582709 
1110 2582709 
1111 2582709 
1112 2582714 
1113 2582716 
1114 2582716 
1115 2582717 
1116 2582717 
1117 2582717 
1118 2582718 
1119 2582718 
1120 2582718 
1121 2582726 
1122 2582728 
1123 2582739 
1124 2582740 
1125 2582740 
1126 2582740 
1127 2582741 
1128 2582741 
1129 2582741 
1130 2582742 
1131 2582742 
1132 2582742 
1133 2582743 
1134 2582748 
1135 2582749 
1136 2582749 
1137 2582749 
1138 2582750 
1139 2582750 
1140 2582751 
1141 2582751 
1142 2582751 
1143 2582751 
1144 2582752 
1145 2582752 
1146 2582752 
1147 2582752 
1148 2582753 
1149 2582753 
1150 2582754 
1151 2582754 
1152 2582755 
1153 2582761 
1154 2582761 
1155 2582764 
1156 2582764 
1157 2582765 
1158 2582765 
1159 2582765 
1160 2582766 
1161 2582769 
1162 2582769 
1163 2582770 
1164 2582796 
1165 2582805 
1166 2582807 
1167 2582810 
1168 2582812 
1169 2582815 
1170 2582817 
1171 2582817 
1172 2582821 
1173 2582822 
1174 2582822 
1175 2582824 
1176 2582825 
1177 2582825 
1178 2582826 
1179 2582826 
1180 2582826 
1181 2582826 
1182 2582827 
1183 2582827 
1184 2582827 
1185 2582827 
1186 2582828 
1187 2582828 
1188 2582828 
1189 2582828 
1190 2582829 
1191 2582829 
1192 2582837 
1193 2582838 
1194 2582843 
1195 2582850 
1196 2582854 
1197 2582870 
1198 2582870 
1199 2582871 
1200 2582875 
1201 2582875 
1202 2582879 
1203 2582882 
1204 2582883 
1205 2582893 
1206 2582894 
1207 2582894 
1208 2582900 
1209 2582903 
1210 2582904 
1211 2582908 
1212 2582911 
1213 2582925 
1214 2582927 
1215 2582946 
1216 2582952 
1217 2582954 
1218 2582958 
1219 2582960 
1220 2582965 
1221 2582965 
1222 2582969 
1223 2582971 
1224 2582972 
1225 2582979 
1226 2582989 
1227 2582989 
1228 2582990 
1229 2582990 
1230 2582996 
1231 2582999 
1232 2583000 
1233 2583000 
1234 2583002 
1235 2583005 
1236 2583008 
1237 2583008 
1238 2583008 
1239 2583009 
1240 2583012 
1241 2583014 
1242 2583015 
1243 2583028 
1244 2583028 
1245 2583032 
1246 2583034 
1247 2583037 
1248 2583038 
1249 2583040 
1250 2583040 
1251 2583041 
1252 2583043 
1253 2583047 
1254 2583047 
1255 2583048 
1256 2583049 
1257 2583050 
1258 2583051 
1259 2583062 
1260 2583063 
1261 2583070 
1262 2583071 
1263 2583085 
1264 2583089 
1265 2583091 
1266 2583092 
1267 2583093 
1268 2583093 
1269 2583093 
1270 2583095 
1271 2583097 
1272 2583097 
1273 2583098 
1274 2583102 
1275 2583102 
1276 2583103 
1277 2583104 
1278 2583105 
1279 2583105 
1280 2583115 
1281 2583115 
1282 2583115 
1283 2583116 
1284 2583122 
1285 2583122 
1286 2583124 
1287 2583124 
1288 2583125 
1289 2583125 
1290 2583125 
1291 2583126 
1292 2583126 
1293 2583126 
1294 2583126 
1295 2583127 
1296 2583127 
1297 2583129 
1298 2583131 
1299 2583131 
1300 2583132 
1301 2583138 
1302 2583138 
1303 2583145 
1304 2583163 
1305 2583163 
1306 2583169 
1307 2583173 
1308 2583173 
1309 2583174 
1310 2583180 
1311 2583182 
1312 2583183 
1313 2583183 
1314 2583183 
1315 2583184 
1316 2583184 
1317 2583184 
1318 2583184 
1319 2583185 
1320 2583186 
1321 2583187 
1322 2583187 
1323 2583187 
1324 2583188 
1325 2583189 
1326 2583189 
1327 2583203 
1328 2583203 
1329 2583210 
1330 2583210 
1331 2583211 
1332 2583211 
1333 2583214 
1334 2583215 
1335 2583216 
1336 2583216 
1337 2583217 
1338 2583220 
1339 2583222 
1340 2583222 
1341 2583223 
1342 2583223 
1343 2583223 
1344 2583226 
1345 2583229 
1346 2583231 
1347 2583232 
1348 2583232 
1349 2583232 
1350 2583233 
1351 2583233 
1352 2583233 
1353 2583234 
1354 2583234 
1355 2583234 
1356 2583235 
1357 2583235 
1358 2583236 
1359 2583236 
1360 2583240 
1361 2583241 
1362 2583241 
1363 2583246 
1364 2583248 
1365 2583251 
1366 2583252 
1367 2583254 
1368 2583256 
1369 2583257 
1370 2583261 
1371 2583263 
1372 2583264 
1373 2583266 
1374 2583269 
1375 2583272 
1376 2583272 
1377 2583273 
1378 2583273 
1379 2583273 
1380 2583275 
1381 2583275 
1382 2583280 
1383 2583281 
1384 2583281 
1385 2583282 
1386 2583292 
1387 2583297 
1388 2583297 
1389 2583298 
1390 2583298 
1391 2583298 
1392 2583299 
1393 2583299 
1394 2583300 
1395 2583300 
1396 2583301 
1397 2583303 
1398 2583303 
1399 2583303 
1400 2583304 
1401 2583304 
1402 2583305 
1403 2583306 
1404 2583307 
1405 2583310 
1406 2583310 
1407 2583311 
1408 2583313 
1409 2583320 
1410 2583322 
1411 2583324 
1412 2583324 
1413 2583325 
1414 2583325 
1415 2583326 
1416 2583327 
1417 2583327 
1418 2583327 
1419 2583328 
1420 2583328 
1421 2583328 
1422 2583329 
1423 2583329 
1424 2583330 
1425 2583330 
1426 2583330 
1427 2583331 
1428 2583331 
1429 2583331 
1430 2583332 
1431 2583333 
1432 2583333 
1433 2583335 
1434 2583336 
1435 2583337 
1436 2583337 
1437 2583337 
1438 2583338 
1439 2583338 
1440 2583340 
1441 2583342 
1442 2583342 
1443 2583345 
1444 2583346 
1445 2583347 
1446 2583347 
1447 2583350 
1448 2583352 
1449 2583352 
1450 2583354 
1451 2583354 
1452 2583355 
1453 2583355 
1454 2583355 
1455 2583356 
1456 2583356 
1457 2583356 
1458 2583357 
1459 2583357 
1460 2583358 
1461 2583358 
1462 2583361 
1463 2583361 
1464 2583361 
1465 2583362 
1466 2583362 
1467 2583362 
1468 2583364 
1469 2583369 
1470 2583369 
1471 2583369 
1472 2583370 
1473 2583370 
1474 2583370 
1475 2583371 
1476 2583371 
1477 2583372 
1478 2583376 
1479 2583377 
1480 2583378 
1481 2583378 
1482 2583379 
1483 2583380 
1484 2583380 
1485 2583380 
1486 2583381 
1487 2583381 
1488 2583382 
1489 2583384 
1490 2583387 
1491 2583388 
1492 2583388 
1493 2583390 
1494 2583390 
1495 2583391 
1496 2583392 
1497 2583393 
1498 2583394 
1499 2583395 
1500 2583395 
1501 2583398 
1502 2583402 
1503 2583402 
1504 2583404 
1505 2583409 
1506 2583411 
1507 2583411 
1508 2583412 
1509 2583412 
1510 2583416 
1511 2583417 
1512 2583425 
1513 2583426 
1514 2583428 
1515 2583429 
1516 2583430 
1517 2583432 
1518 2583432 
1519 2583432 
1520 2583436 
1521 2583438 
1522 2583442 
1523 2583443 
1524 2583445 
1525 2583445 
1526 2583449 
1527 2583450 
1528 2583451 
1529 2583452 
1530 2583452 
1531 2583457 
1532 2583459 
1533 2583459 
1534 2583466 
1535 2583466 
1536 2583467 
1537 2583467 
1538 2583467 
1539 2583468 
1540 2583468 
1541 2583469 
1542 2583472 
1543 2583475 
1544 2583481 
1545 2583485 
1546 2583485 
1547 2583486 
1548 2583489 
1549 2583491 
1550 2583498 
1551 2583500 
1552 2583509 
1553 2583512 
1554 2583514 
1555 2583514 
1556 2583522 
1557 2583523 
1558 2583523 
1559 2583523 
1560 2583524 
1561 2583524 
1562 2583525 
1563 2583525 
1564 2583525 
1565 2583525 
1566 2583526 
1567 2583526 
1568 2583527 
1569 2583527 
1570 2583527 
1571 2583527 
1572 2583528 
1573 2583528 
1574 2583529 
1575 2583529 
1576 2583529 
1577 2583530 
1578 2583530 
1579 2583537 
1580 2583541 
1581 2583541 
1582 2583541 
1583 2583542 
1584 2583542 
1585 2583543 
1586 2583556 
1587 2583556 
1588 2583557 
1589 2583558 
1590 2583558 
1591 2583559 
1592 2583559 
1593 2583560 
1594 2583562 
1595 2583562 
1596 2583564 
1597 2583564 
1598 2583564 
1599 2583565 
1600 2583565 
1601 2583565 
1602 2583565 
1603 2583571 
1604 2583579 
1605 2583580 
1606 2583580 
1607 2583580 
1608 2583581 
1609 2583582 
1610 2583582 
1611 2583583 
1612 2583584 
1613 2583587 
1614 2583588 
1615 2583588 
1616 2583588 
1617 2583589 
1618 2583589 
1619 2583589 
1620 2583590 
1621 2583590 
1622 2583591 
1623 2583591 
1624 2583591 
1625 2583593 
1626 2583594 
1627 2583594 
1628 2583595 
1629 2583596 
1630 2583596 
1631 2583600 
1632 2583600 
1633 2583601 
1634 2583601 
1635 2583601 
1636 2583602 
1637 2583602 
1638 2583603 
1639 2583603 
1640 2583604 
1641 2583604 
1642 2583605 
1643 2583606 
1644 2583607 
1645 2583607 
1646 2583608 
1647 2583611 
1648 2583611 
1649 2583612 
1650 2583612 
1651 2583612 
1652 2583613 
1653 2583613 
1654 2583613 
1655 2583614 
1656 2583614 
1657 2583614 
1658 2583614 
1659 2583616 
1660 2583617 
1661 2583617 
1662 2583617 
1663 2583618 
1664 2583618 
1665 2583620 
1666 2583620 
1667 2583623 
1668 2583624 
1669 2583624 
1670 2583624 
1671 2583624 
1672 2583625 
1673 2583625 
1674 2583625 
1675 2583625 
1676 2583625 
1677 2583626 
1678 2583626 
1679 2583626 
1680 2583626 
1681 2583627 
1682 2583627 
1683 2583627 
1684 2583627 
1685 2583628 
1686 2583632 
1687 2583633 
1688 2583633 
1689 2583634 
1690 2583634 
1691 2583634 
1692 2583640 
1693 2583642 
1694 2583643 
1695 2583645 
1696 2583649 
1697 2583655 
1698 2583658 
1699 2583659 
1700 2583660 
1701 2583660 
1702 2583661 
1703 2583661 
1704 2583662 
1705 2583664 
1706 2583664 
1707 2583665 
1708 2583676 
1709 2583676 
1710 2583684 
1711 2583684 
1712 2583684 
1713 2583685 
1714 2583685 
1715 2583685 
1716 2583686 
1717 2583686 
1718 2583686 
1719 2583686 
1720 2583687 
1721 2583687 
1722 2583687 
1723 2583687 
1724 2583688 
1725 2583688 
1726 2583688 
1727 2583688 
1728 2583688 
1729 2583689 
1730 2583689 
1731 2583689 
1732 2583690 
1733 2583690 
1734 2583690 
1735 2583691 
1736 2583691 
1737 2583694 
1738 2583694 
1739 2583694 
1740 2583696 
1741 2583696 
1742 2583700 
1743 2583701 
1744 2583702 
1745 2583702 
1746 2583703 
1747 2583704 
1748 2583706 
1749 2583706 
1750 2583706 
1751 2583707 
1752 2583707 
1753 2583707 
1754 2583707 
1755 2583708 
1756 2583708 
1757 2583708 
1758 2583709 
1759 2583709 
1760 2583709 
1761 2583709 
1762 2583710 
1763 2583710 
1764 2583711 
1765 2583711 
1766 2583711 
1767 2583712 
1768 2583712 
1769 2583712 
1770 2583713 
1771 2583713 
1772 2583714 
1773 2583717 
1774 2583718 
1775 2583720 
1776 2583720 
1777 2583720 
1778 2583721 
1779 2583722 
1780 2583722 
1781 2583722 
1782 2583723 
1783 2583723 
1784 2583724 
1785 2583726 
1786 2583728 
1787 2583729 
1788 2583732 
1789 2583732 
1790 2583732 
1791 2583733 
1792 2583733 
1793 2583733 
1794 2583733 
1795 2583734 
1796 2583734 
1797 2583734 
1798 2583735 
1799 2583735 
1800 2583735 
1801 2583735 
1802 2583736 
1803 2583736 
1804 2583736 
1805 2583737 
1806 2583737 
1807 2583738 
1808 2583738 
1809 2583739 
1810 2583739 
1811 2583739 
1812 2583740 
1813 2583740 
1814 2583740 
1815 2583742 
1816 2583743 
1817 2583743 
1818 2583744 
1819 2583746 
1820 2583746 
1821 2583748 
1822 2583748 
1823 2583749 
1824 2583749 
1825 2583749 
1826 2583750 
1827 2583750 
1828 2583750 
1829 2583750 
1830 2583750 
1831 2583751 
1832 2583751 
1833 2583752 
1834 2583752 
1835 2583752 
1836 2583752 
1837 2583753 
1838 2583753 
1839 2583753 
1840 2583754 
1841 2583754 
1842 2583754 
1843 2583755 
1844 2583755 
1845 2583756 
1846 2583756 
1847 2583756 
1848 2583758 
1849 2583758 
1850 2583759 
1851 2583759 
1852 2583760 
1853 2583760 
1854 2583760 
1855 2583765 
1856 2583765 
1857 2583772 
1858 2583775 
1859 2583775 
1860 2583782 
1861 2583784 
1862 2583785 
1863 2583785 
1864 2583785 
1865 2583787 
1866 2583790 
1867 2583790 
1868 2583791 
1869 2583794 
1870 2583796 
1871 2583797 
1872 2583797 
1873 2583798 
1874 2583799 
1875 2583799 
1876 2583801 
1877 2583803 
1878 2583805 
1879 2583805 
1880 2583807 
1881 2583807 
1882 2583807 
1883 2583808 
1884 2583808 
1885 2583810 
1886 2583810 
1887 2583810 
1888 2583810 
1889 2583810 
1890 2583812 
1891 2583815 
1892 2583815 
1893 2583816 
1894 2583816 
1895 2583817 
1896 2583818 
1897 2583818 
1898 2583819 
1899 2583820 
1900 2583820 
1901 2583821 
1902 2583822 
1903 2583824 
1904 2583824 
1905 2583824 
1906 2583825 
1907 2583825 
1908 2583825 
1909 2583826 
1910 2583836 
1911 2583837 
1912 2583837 
1913 2583837 
1914 2583838 
1915 2583838 
1916 2583838 
1917 2583839 
1918 2583839 
1919 2583839 
1920 2583840 
1921 2583841 
1922 2583842 
1923 2583842 
1924 2583842 
1925 2583843 
1926 2583844 
1927 2583844 
1928 2583845 
1929 2583845 
1930 2583845 
1931 2583845 
1932 2583848 
1933 2583851 
1934 2583852 
1935 2583852 
1936 2583852 
1937 2583853 
1938 2583853 
1939 2583853 
1940 2583854 
1941 2583862 
1942 2583864 
1943 2583864 
1944 2583864 
1945 2583865 
1946 2583865 
1947 2583865 
1948 2583866 
1949 2583866 
1950 2583866 
1951 2583867 
1952 2583867 
1953 2583867 
1954 2583868 
1955 2583868 
1956 2583868 
1957 2583869 
1958 2583869 
1959 2583869 
1960 2583870 
1961 2583870 
1962 2583870 
1963 2583870 
1964 2583871 
1965 2583871 
1966 2583871 
1967 2583871 
1968 2583872 
1969 2583872 
1970 2583873 
1971 2583873 
1972 2583873 
1973 2583873 
1974 2583874 
1975 2583877 
1976 2583877 
1977 2583877 
1978 2583878 
1979 2583878 
1980 2583878 
1981 2583879 
1982 2583880 
1983 2583880 
1984 2583884 
1985 2583884 
1986 2583884 
1987 2583885 
1988 2583887 
1989 2583887 
1990 2583887 
1991 2583888 
1992 2583888 
1993 2583888 
1994 2583889 
1995 2583889 
1996 2583890 
1997 2583891 
1998 2583891 
1999 2583892 
2000 2583892 
2001 2583892 
2002 2583893 
2003 2583894 
2004 2583894 
2005 2583896 
2006 2583897 
2007 2583897 
2008 2583897 
2009 2583898 
2010 2583898 
2011 2583899 
2012 2583899 
2013 2583899 
2014 2583900 
2015 2583900 
2016 2583903 
2017 2583903 
2018 2583903 
2019 2583904 
2020 2583904 
2021 2583904 
2022 2583907 
2023 2583908 
2024 2583909 
2025 2583909 
2026 2583909 
2027 2583909 
2028 2583910 
2029 2583911 
2030 2583911 
2031 2583911 
2032 2583912 
2033 2583912 
2034 2583913 
2035 2583913 
2036 2583913 
2037 2583914 
2038 2583916 
2039 2583916 
2040 2583916 
2041 2583917 
2042 2583917 
2043 2583917 
2044 2583917 
2045 2583917 
2046 2583918 
2047 2583918 
2048 2583918 
2049 2583918 
2050 2583919 
2051 2583919 
2052 2583919 
2053 2583919 
2054 2583919 
2055 2583920 
2056 2583920 
2057 2583923 
2058 2583924 
2059 2583924 
2060 2583924 
2061 2583925 
2062 2583925 
2063 2583925 
2064 2583925 
2065 2583925 
2066 2583926 
2067 2583926 
2068 2583926 
2069 2583928 
2070 2583928 
2071 2583928 
2072 2583929 
2073 2583929 
2074 2583930 
2075 2583930 
2076 2583930 
2077 2583931 
2078 2583931 
2079 2583932 
2080 2583932 
2081 2583932 
2082 2583940 
2083 2583940 
2084 2583940 
2085 2583940 
2086 2583941 
2087 2583941 
2088 2583941 
2089 2583941 
2090 2583941 
2091 2583941 
2092 2583942 
2093 2583942 
2094 2583942 
2095 2583942 
2096 2583943 
2097 2583943 
2098 2583943 
2099 2583943 
2100 2583943 
2101 2583944 
2102 2583944 
2103 2583944 
2104 2583944 
2105 2583944 
2106 2583945 
2107 2583945 
2108 2583947 
2109 2583947 
2110 2583948 
2111 2583948 
2112 2583949 
2113 2583949 
2114 2583949 
2115 2583950 
2116 2583950 
2117 2583951 
2118 2583951 
2119 2583951 
2120 2583951 
2121 2583952 
2122 2583952 
2123 2583952 
2124 2583952 
2125 2583953 
2126 2583953 
2127 2583953 
2128 2583954 
2129 2583955 
2130 2583955 
2131 2583956 
2132 2583957 
2133 2583957 
2134 2583957 
2135 2583958 
2136 2583958 
2137 2583958 
2138 2583959 
2139 2583959 
2140 2583959 
2141 2583959 
2142 2583960 
2143 2583960 
2144 2583960 
2145 2583961 
2146 2583961 
2147 2583961 
2148 2583962 
2149 2583962 
2150 2583962 
2151 2583963 
2152 2583964 
2153 2583964 
2154 2583964 
2155 2583965 
2156 2583965 
2157 2583966 
2158 2583966 
2159 2583966 
2160 2583967 
2161 2583967 
2162 2583967 
2163 2583967 
2164 2583969 
2165 2583969 
2166 2583969 
2167 2583969 
2168 2583970 
2169 2583970 
2170 2583970 
2171 2583970 
2172 2583971 
2173 2583971 
2174 2583971 
2175 2583971 
2176 2583971 
2177 2583972 
2178 2583972 
2179 2583972 
2180 2583972 
2181 2583972 
2182 2583972 
2183 2583973 
2184 2583973 
2185 2583973 
2186 2583974 
2187 2583974 
2188 2583974 
2189 2583974 
2190 2583975 
2191 2583975 
2192 2583975 
2193 2583975 
2194 2583975 
2195 2583976 
2196 2583976 
2197 2583977 
2198 2583978 
2199 2583978 
2200 2583978 
2201 2583979 
2202 2583979 
2203 2583979 
2204 2583979 
2205 2583980 
2206 2583980 
2207 2583984 
2208 2583985 
2209 2583985 
2210 2583985 
2211 2583988 
2212 2583990 
2213 2583990 
2214 2583990 
2215 2583992 
2216 2583994 
2217 2583994 
2218 2583994 
2219 2583995 
2220 2583995 
2221 2583996 
2222 2583998 
2223 2584001 
2224 2584001 
2225 2584001 
2226 2584002 
2227 2584002 
2228 2584002 
2229 2584002 
2230 2584003 
2231 2584003 
2232 2584003 
2233 2584003 
2234 2584004 
2235 2584004 
2236 2584004 
2237 2584004 
2238 2584004 
2239 2584005 
2240 2584005 
2241 2584005 
2242 2584006 
2243 2584006 
2244 2584007 
2245 2584007 
2246 2584007 
2247 2584008 
2248 2584008 
2249 2584008 
2250 2584008 
2251 2584009 
2252 2584009 
2253 2584010 
2254 2584010 
2255 2584011 
2256 2584011 
2257 2584012 
2258 2584012 
2259 2584013 
2260 2584013 
2261 2584013 
2262 2584013 
2263 2584013 
2264 2584014 
2265 2584014 
2266 2584015 
2267 2584015 
2268 2584015 
2269 2584015 
2270 2584015 
2271 2584016 
2272 2584016 
2273 2584016 
2274 2584016 
2275 2584017 
2276 2584018 
2277 2584018 
2278 2584020 
2279 2584020 
2280 2584020 
2281 2584020 
2282 2584020 
2283 2584024 
2284 2584029 
2285 2584029 
2286 2584032 
2287 2584033 
2288 2584034 
2289 2584035 
2290 2584035 
2291 2584036 
2292 2584036 
2293 2584036 
2294 2584036 
2295 2584037 
2296 2584038 
2297 2584038 
2298 2584038 
2299 2584038 
2300 2584039 
2301 2584039 
2302 2584039 
2303 2584040 
2304 2584040 
2305 2584040 
2306 2584040 
2307 2584041 
2308 2584041 
2309 2584041 
2310 2584041 
2311 2584041 
2312 2584042 
2313 2584042 
2314 2584042 
2315 2584042 
2316 2584042 
2317 2584043 
2318 2584043 
2319 2584043 
2320 2584043 
2321 2584044 
2322 2584044 
2323 2584044 
2324 2584045 
2325 2584045 
2326 2584045 
2327 2584047 
2328 2584048 
2329 2584049 
2330 2584049 
2331 2584051 
2332 2584052 
2333 2584052 
2334 2584052 
2335 2584052 
2336 2584053 
2337 2584053 
2338 2584053 
2339 2584054 
2340 2584055 
2341 2584055 
2342 2584055 
2343 2584056 
2344 2584056 
2345 2584056 
2346 2584058 
2347 2584058 
2348 2584058 
2349 2584059 
2350 2584059 
2351 2584060 
2352 2584060 
2353 2584060 
2354 2584061 
2355 2584061 
2356 2584062 
2357 2584062 
2358 2584063 
2359 2584063 
2360 2584063 
2361 2584064 
2362 2584064 
2363 2584064 
2364 2584064 
2365 2584065 
2366 2584066 
2367 2584067 
2368 2584067 
2369 2584067 
2370 2584067 
2371 2584068 
2372 2584068 
2373 2584068 
2374 2584068 
2375 2584069 
2376 2584069 
2377 2584069 
2378 2584069 
2379 2584070 
2380 2584070 
2381 2584071 
2382 2584071 
2383 2584071 
2384 2584072 
2385 2584077 
2386 2584077 
2387 2584077 
2388 2584077 
2389 2584078 
2390 2584080 
2391 2584081 
2392 2584081 
2393 2584081 
2394 2584081 
2395 2584082 
2396 2584082 
2397 2584082 
2398 2584083 
2399 2584083 
2400 2584083 
2401 2584083 
2402 2584084 
2403 2584084 
2404 2584085 
2405 2584085 
2406 2584085 
2407 2584086 
2408 2584086 
2409 2584086 
2410 2584086 
2411 2584087 
2412 2584087 
2413 2584087 
2414 2584088 
2415 2584088 
2416 2584088 
2417 2584088 
2418 2584088 
2419 2584089 
2420 2584089 
2421 2584090 
2422 2584090 
2423 2584090 
2424 2584090 
2425 2584091 
2426 2584091 
2427 2584091 
2428 2584091 
2429 2584092 
2430 2584092 
2431 2584093 
2432 2584093 
2433 2584096 
2434 2584096 
2435 2584096 
2436 2584097 
2437 2584098 
2438 2584098 
2439 2584098 
2440 2584099 
2441 2584099 
2442 2584100 
2443 2584100 
2444 2584100 
2445 2584100 
2446 2584101 
2447 2584101 
2448 2584101 
2449 2584102 
2450 2584102 
2451 2584102 
2452 2584105 
2453 2584105 
2454 2584105 
2455 2584106 
2456 2584106 
2457 2584110 
2458 2584111 
2459 2584111 
2460 2584111 
2461 2584112 
2462 2584112 
2463 2584112 
2464 2584113 
2465 2584113 
2466 2584113 
2467 2584116 
2468 2584117 
2469 2584117 
2470 2584117 
2471 2584117 
2472 2584118 
2473 2584118 
2474 2584118 
2475 2584118 
2476 2584119 
2477 2584119 
2478 2584119 
2479 2584119 
2480 2584120 
2481 2584120 
2482 2584120 
2483 2584120 
2484 2584120 
2485 2584121 
2486 2584121 
2487 2584121 
2488 2584122 
2489 2584122 
2490 2584123 
2491 2584123 
2492 2584123 
2493 2584123 
2494 2584124 
2495 2584124 
2496 2584124 
2497 2584125 
2498 2584125 
2499 2584125 
2500 2584127 
2501 2584128 
2502 2584130 
2503 2584130 
2504 2584130 
2505 2584130 
2506 2584131 
2507 2584131 
2508 2584131 
2509 2584132 
2510 2584132 
2511 2584132 
2512 2584132 
2513 2584136 
2514 2584136 
2515 2584137 
2516 2584137 
2517 2584138 
2518 2584139 
2519 2584139 
2520 2584139 
2521 2584143 
2522 2584143 
2523 2584143 
2524 2584144 
2525 2584144 
2526 2584144 
2527 2584145 
2528 2584145 
2529 2584145 
2530 2584146 
2531 2584146 
2532 2584146 
2533 2584147 
2534 2584151 
2535 2584152 
2536 2584153 
2537 2584153 
2538 2584154 
2539 2584154 
2540 2584154 
2541 2584154 
2542 2584155 
2543 2584155 
2544 2584156 
2545 2584156 
2546 2584156 
2547 2584156 
2548 2584157 
2549 2584157 
2550 2584158 
2551 2584158 
2552 2584158 
2553 2584158 
2554 2584159 
2555 2584159 
2556 2584159 
2557 2584160 
2558 2584160 
2559 2584161 
2560 2584163 
2561 2584163 
2562 2584164 
2563 2584164 
2564 2584165 
2565 2584165 
2566 2584166 
2567 2584166 
2568 2584167 
2569 2584170 
2570 2584172 
2571 2584176 
2572 2584176 
2573 2584183 
2574 2584184 
2575 2584184 
2576 2584187 
2577 2584187 
2578 2584187 
2579 2584188 
2580 2584189 
2581 2584189 
2582 2584189 
2583 2584190 
2584 2584190 
2585 2584190 
2586 2584190 
2587 2584191 
2588 2584191 
2589 2584191 
2590 2584192 
2591 2584192 
2592 2584192 
2593 2584193 
2594 2584193 
2595 2584193 
2596 2584193 
2597 2584194 
2598 2584194 
2599 2584194 
2600 2584194 
2601 2584195 
2602 2584195 
2603 2584195 
2604 2584196 
2605 2584196 
2606 2584197 
2607 2584197 
2608 2584197 
2609 2584198 
2610 2584198 
2611 2584199 
2612 2584199 
2613 2584199 
2614 2584201 
2615 2584203 
2616 2584203 
2617 2584203 
2618 2584204 
2619 2584204 
2620 2584204 
2621 2584204 
2622 2584206 
2623 2584207 
2624 2584207 
2625 2584207 
2626 2584208 
2627 2584209 
2628 2584209 
2629 2584210 
2630 2584211 
2631 2584211 
2632 2584214 
2633 2584215 
2634 2584215 
2635 2584217 
2636 2584217 
2637 2584218 
2638 2584223 
2639 2584226 
2640 2584226 
2641 2584227 
2642 2584227 
2643 2584227 
2644 2584227 
2645 2584228 
2646 2584228 
2647 2584232 
2648 2584232 
2649 2584232 
2650 2584233 
2651 2584233 
2652 2584233 
2653 2584234 
2654 2584234 
2655 2584241 
2656 2584244 
2657 2584244 
2658 2584244 
2659 2584244 
2660 2584245 
2661 2584245 
2662 2584245 
2663 2584246 
2664 2584246 
2665 2584246 
2666 2584247 
2667 2584247 
2668 2584248 
2669 2584251 
2670 2584251 
2671 2584252 
2672 2584252 
2673 2584252 
2674 2584253 
2675 2584253 
2676 2584253 
2677 2584254 
2678 2584254 
2679 2584254 
2680 2584254 
2681 2584255 
2682 2584255 
2683 2584256 
2684 2584263 
2685 2584263 
2686 2584263 
2687 2584264 
2688 2584264 
2689 2584264 
2690 2584265 
2691 2584265 
2692 2584265 
2693 2584266 
2694 2584266 
2695 2584266 
2696 2584266 
2697 2584267 
2698 2584267 
2699 2584267 
2700 2584268 
2701 2584268 
2702 2584268 
2703 2584269 
2704 2584269 
2705 2584269 
2706 2584270 
2707 2584270 
2708 2584270 
2709 2584271 
2710 2584271 
2711 2584271 
2712 2584272 
2713 2584274 
2714 2584275 
2715 2584277 
2716 2584278 
2717 2584278 
2718 2584279 
2719 2584279 
2720 2584279 
2721 2584279 
2722 2584280 
2723 2584280 
2724 2584281 
2725 2584281 
2726 2584282 
2727 2584285 
2728 2584288 
2729 2584292 
2730 2584294 
2731 2584295 
2732 2584297 
2733 2584298 
2734 2584298 
2735 2584298 
2736 2584299 
2737 2584299 
2738 2584300 
2739 2584300 
2740 2584300 
2741 2584301 
2742 2584301 
2743 2584302 
2744 2584302 
2745 2584302 
2746 2584302 
2747 2584303 
2748 2584306 
2749 2584306 
2750 2584307 
2751 2584307 
2752 2584309 
2753 2584310 
2754 2584311 
2755 2584311 
2756 2584313 
2757 2584314 
2758 2584315 
2759 2584315 
2760 2584316 
2761 2584318 
2762 2584318 
2763 2584318 
2764 2584319 
2765 2584319 
2766 2584319 
2767 2584319 
2768 2584320 
2769 2584320 
2770 2584321 
2771 2584321 
2772 2584322 
2773 2584322 
2774 2584322 
2775 2584323 
2776 2584323 
2777 2584323 
2778 2584324 
2779 2584324 
2780 2584325 
2781 2584325 
2782 2584325 
2783 2584326 
2784 2584326 
2785 2584332 
2786 2584333 
2787 2584333 
2788 2584334 
2789 2584334 
2790 2584334 
2791 2584335 
2792 2584335 
2793 2584335 
2794 2584336 
2795 2584336 
2796 2584336 
2797 2584337 
2798 2584337 
2799 2584337 
2800 2584338 
2801 2584338 
2802 2584338 
2803 2584339 
2804 2584340 
2805 2584341 
2806 2584342 
2807 2584344 
2808 2584344 
2809 2584345 
2810 2584345 
2811 2584345 
2812 2584345 
2813 2584346 
2814 2584346 
2815 2584347 
2816 2584347 
2817 2584348 
2818 2584349 
2819 2584350 
2820 2584350 
2821 2584350 
2822 2584351 
2823 2584351 
2824 2584352 
2825 2584352 
2826 2584352 
2827 2584353 
2828 2584353 
2829 2584353 
2830 2584354 
2831 2584354 
2832 2584356 
2833 2584356 
2834 2584357 
2835 2584357 
2836 2584357 
2837 2584358 
2838 2584358 
2839 2584358 
2840 2584358 
2841 2584359 
2842 2584359 
2843 2584360 
2844 2584360 
2845 2584360 
2846 2584360 
2847 2584362 
2848 2584364 
2849 2584364 
2850 2584364 
2851 2584365 
2852 2584365 
2853 2584365 
2854 2584366 
2855 2584366 
2856 2584366 
2857 2584367 
2858 2584367 
2859 2584367 
2860 2584368 
2861 2584368 
2862 2584370 
2863 2584371 
2864 2584371 
2865 2584372 
2866 2584372 
2867 2584373 
2868 2584373 
2869 2584375 
2870 2584376 
2871 2584376 
2872 2584377 
2873 2584378 
2874 2584378 
2875 2584380 
2876 2584380 
2877 2584381 
2878 2584381 
2879 2584383 
2880 2584384 
2881 2584384 
2882 2584384 
2883 2584386 
2884 2584387 
2885 2584387 
2886 2584388 
2887 2584388 
2888 2584388 
2889 2584389 
2890 2584389 
2891 2584390 
2892 2584391 
2893 2584391 
2894 2584391 
2895 2584392 
2896 2584392 
2897 2584392 
2898 2584394 
2899 2584394 
2900 2584395 
2901 2584395 
2902 2584395 
2903 2584395 
2904 2584396 
2905 2584396 
2906 2584396 
2907 2584396 
2908 2584397 
2909 2584397 
2910 2584397 
2911 2584397 
2912 2584397 
2913 2584398 
2914 2584398 
2915 2584398 
2916 2584399 
2917 2584399 
2918 2584400 
2919 2584401 
2920 2584401 
2921 2584402 
2922 2584402 
2923 2584402 
2924 2584403 
2925 2584403 
2926 2584403 
2927 2584404 
2928 2584404 
2929 2584404 
2930 2584405 
2931 2584405 
2932 2584405 
2933 2584406 
2934 2584406 
2935 2584406 
2936 2584407 
2937 2584409 
2938 2584409 
2939 2584412 
2940 2584412 
2941 2584412 
2942 2584414 
2943 2584415 
2944 2584420 
2945 2584422 
2946 2584422 
2947 2584423 
2948 2584425 
2949 2584426 
2950 2584427 
2951 2584428 
2952 2584429 
2953 2584434 
2954 2584434 
2955 2584434 
2956 2584435 
2957 2584435 
2958 2584435 
2959 2584435 
2960 2584435 
2961 2584436 
2962 2584437 
2963 2584438 
2964 2584439 
2965 2584439 
2966 2584440 
2967 2584441 
2968 2584441 
2969 2584441 
2970 2584442 
2971 2584442 
2972 2584443 
2973 2584443 
2974 2584443 
2975 2584444 
2976 2584446 
2977 2584446 
2978 2584447 
2979 2584447 
2980 2584447 
2981 2584448 
2982 2584448 
2983 2584448 
2984 2584448 
2985 2584449 
2986 2584449 
2987 2584450 
2988 2584451 
2989 2584453 
2990 2584456 
2991 2584457 
2992 2584458 
2993 2584458 
2994 2584458 
2995 2584459 
2996 2584459 
2997 2584459 
2998 2584460 
2999 2584460 
3000 2584461 
3001 2584466 
3002 2584467 
3003 2584472 
3004 2584473 
3005 2584474 
3006 2584474 
3007 2584474 
3008 2584475 
3009 2584475 
3010 2584475 
3011 2584475 
3012 2584475 
3013 2584476 
3014 2584478 
3015 2584478 
3016 2584479 
3017 2584479 
3018 2584479 
3019 2584480 
3020 2584482 
3021 2584487 
3022 2584490 
3023 2584490 
3024 2584492 
3025 2584494 
3026 2584494 
3027 2584495 
3028 2584495 
3029 2584495 
3030 2584495 
3031 2584496 
3032 2584496 
3033 2584496 
3034 2584496 
3035 2584496 
3036 2584504 
3037 2584507 
3038 2584509 
3039 2584512 
3040 2584514 
3041 2584514 
3042 2584516 
3043 2584516 
3044 2584517 
3045 2584517 
3046 2584518 
3047 2584518 
3048 2584519 
3049 2584519 
3050 2584519 
3051 2584520 
3052 2584520 
3053 2584520 
3054 2584522 
3055 2584522 
3056 2584523 
3057 2584523 
3058 2584523 
3059 2584525 
3060 2584530 
3061 2584531 
3062 2584531 
3063 2584532 
3064 2584532 
3065 2584533 
3066 2584533 
3067 2584534 
3068 2584534 
3069 2584535 
3070 2584537 
3071 2584539 
3072 2584544 
3073 2584544 
3074 2584545 
3075 2584546 
3076 2584546 
3077 2584546 
3078 2584547 
3079 2584547 
3080 2584547 
3081 2584548 
3082 2584548 
3083 2584549 
3084 2584549 
3085 2584549 
3086 2584549 
3087 2584550 
3088 2584550 
3089 2584550 
3090 2584551 
3091 2584551 
3092 2584551 
3093 2584551 
3094 2584552 
3095 2584552 
3096 2584552 
3097 2584552 
3098 2584553 
3099 2584553 
3100 2584553 
3101 2584553 
3102 2584554 
3103 2584554 
3104 2584554 
3105 2584554 
3106 2584554 
3107 2584555 
3108 2584555 
3109 2584555 
3110 2584555 
3111 2584555 
3112 2584556 
3113 2584556 
3114 2584556 
3115 2584556 
3116 2584556 
3117 2584557 
3118 2584557 
3119 2584557 
3120 2584557 
3121 2584557 
3122 2584557 
3123 2584558 
3124 2584558 
3125 2584558 
3126 2584558 
3127 2584559 
3128 2584559 
3129 2584559 
3130 2584559 
3131 2584559 
3132 2584559 
3133 2584560 
3134 2584560 
3135 2584560 
3136 2584560 
3137 2584561 
3138 2584561 
3139 2584561 
3140 2584561 
3141 2584561 
3142 2584562 
3143 2584562 
3144 2584562 
3145 2584562 
3146 2584562 
3147 2584563 
3148 2584563 
3149 2584563 
3150 2584563 
3151 2584564 
3152 2584564 
3153 2584564 
3154 2584564 
3155 2584564 
3156 2584565 
3157 2584565 
3158 2584565 
3159 2584565 
3160 2584566 
3161 2584566 
3162 2584566 
3163 2584566 
3164 2584566 
3165 2584567 
3166 2584567 
3167 2584567 
3168 2584567 
3169 2584568 
3170 2584568 
3171 2584568 
3172 2584569 
3173 2584569 
3174 2584569 
3175 2584569 
3176 2584570 
3177 2584570 
3178 2584570 
3179 2584570 
3180 2584571 
3181 2584571 
3182 2584571 
3183 2584571 
3184 2584571 
3185 2584572 
3186 2584572 
3187 2584572 
3188 2584572 
3189 2584573 
3190 2584573 
3191 2584573 
3192 2584573 
3193 2584573 
3194 2584574 
3195 2584574 
3196 2584575 
3197 2584575 
3198 2584575 
3199 2584576 
3200 2584576 
3201 2584576 
3202 2584577 
3203 2584577 
3204 2584577 
3205 2584578 
3206 2584578 
3207 2584579 
3208 2584579 
3209 2584579 
3210 2584580 
3211 2584580 
3212 2584580 
3213 2584580 
3214 2584581 
3215 2584581 
3216 2584581 
3217 2584581 
3218 2584582 
3219 2584582 
3220 2584582 
3221 2584582 
3222 2584583 
3223 2584583 
3224 2584583 
3225 2584583 
3226 2584584 
3227 2584584 
3228 2584584 
3229 2584584 
3230 2584585 
3231 2584585 
3232 2584586 
3233 2584587 
3234 2584589 
3235 2584590 
3236 2584590 
3237 2584590 
3238 2584591 
3239 2584592 
3240 2584592 
3241 2584604 
3242 2584605 
3243 2584605 
3244 2584605 
3245 2584606 
3246 2584606 
3247 2584607 
3248 2584607 
3249 2584608 
3250 2584608 
3251 2584608 
3252 2584608 
3253 2584609 
3254 2584609 
3255 2584610 
3256 2584610 
3257 2584610 
3258 2584611 
3259 2584611 
3260 2584611 
3261 2584612 
3262 2584612 
3263 2584612 
3264 2584613 
3265 2584613 
3266 2584614 
3267 2584614 
3268 2584615 
3269 2584615 
3270 2584616 
3271 2584616 
3272 2584617 
3273 2584617 
3274 2584617 
3275 2584618 
3276 2584618 
3277 2584618 
3278 2584619 
3279 2584619 
3280 2584619 
3281 2584620 
3282 2584620 
3283 2584620 
3284 2584620 
3285 2584620 
3286 2584621 
3287 2584621 
3288 2584621 
3289 2584622 
3290 2584622 
3291 2584623 
3292 2584623 
3293 2584623 
3294 2584624 
3295 2584624 
3296 2584624 
3297 2584624 
3298 2584624 
3299 2584625 
3300 2584625 
3301 2584625 
3302 2584626 
3303 2584626 
3304 2584626 
3305 2584626 
3306 2584627 
3307 2584627 
3308 2584627 
3309 2584628 
3310 2584628 
3311 2584629 
3312 2584629 
3313 2584629 
3314 2584629 
3315 2584629 
3316 2584630 
3317 2584630 
3318 2584630 
3319 2584631 
3320 2584631 
3321 2584631 
3322 2584632 
3323 2584632 
3324 2584632 
3325 2584632 
3326 2584633 
3327 2584633 
3328 2584633 
3329 2584633 
3330 2584634 
3331 2584634 
3332 2584634 
3333 2584635 
3334 2584635 
3335 2584636 
3336 2584636 
3337 2584639 
3338 2584640 
3339 2584640 
3340 2584640 
3341 2584641 
3342 2584641 
3343 2584642 
3344 2584642 
3345 2584643 
3346 2584643 
3347 2584644 
3348 2584644 
3349 2584644 
3350 2584645 
3351 2584645 
3352 2584646 
3353 2584646 
3354 2584646 
3355 2584651 
3356 2584651 
3357 2584652 
3358 2584654 
3359 2584683 
3360 2584684 
3361 2584684 
3362 2584684 
3363 2584685 
3364 2584685 
3365 2584686 
3366 2584686 
3367 2584686 
3368 2584687 
3369 2584687 
3370 2584687 
3371 2584688 
3372 2584688 
3373 2584689 
3374 2584689 
3375 2584690 
3376 2584690 
3377 2584690 
3378 2584691 
3379 2584691 
3380 2584691 
3381 2584691 
3382 2584692 
3383 2584692 
3384 2584693 
3385 2584693 
3386 2584693 
3387 2584694 
3388 2584694 
3389 2584698 
3390 2584700 
3391 2584707 
3392 2584708 
3393 2584709 
3394 2584709 
3395 2584709 
3396 2584710 
3397 2584710 
3398 2584710 
3399 2584710 
3400 2584711 
3401 2584711 
3402 2584711 
3403 2584711 
3404 2584712 
3405 2584712 
3406 2584712 
3407 2584713 
3408 2584714 
3409 2584716 
3410 2584717 
3411 2584717 
3412 2584717 
3413 2584718 
3414 2584718 
3415 2584718 
3416 2584719 
3417 2584719 
3418 2584720 
3419 2584720 
3420 2584720 
3421 2584721 
3422 2584721 
3423 2584721 
3424 2584722 
3425 2584722 
3426 2584722 
3427 2584722 
3428 2584723 
3429 2584723 
3430 2584723 
3431 2584723 
3432 2584724 
3433 2584724 
3434 2584724 
3435 2584724 
3436 2584724 
3437 2584725 
3438 2584725 
3439 2584725 
3440 2584725 
3441 2584725 
3442 2584726 
3443 2584726 
3444 2584726 
3445 2584727 
3446 2584727 
3447 2584727 
3448 2584727 
3449 2584727 
3450 2584728 
3451 2584728 
3452 2584728 
3453 2584728 
3454 2584728 
3455 2584729 
3456 2584729 
3457 2584729 
3458 2584730 
3459 2584730 
3460 2584730 
3461 2584731 
3462 2584731 
3463 2584731 
3464 2584731 
3465 2584732 
3466 2584733 
3467 2584734 
3468 2584735 
3469 2584736 
3470 2584736 
3471 2584737 
3472 2584737 
3473 2584738 
3474 2584738 
3475 2584740 
3476 2584741 
3477 2584742 
3478 2584745 
3479 2584745 
3480 2584745 
3481 2584746 
3482 2584747 
3483 2584747 
3484 2584748 
3485 2584750 
3486 2584750 
3487 2584751 
3488 2584751 
3489 2584751 
3490 2584752 
3491 2584752 
3492 2584752 
3493 2584753 
3494 2584753 
3495 2584753 
3496 2584754 
3497 2584754 
3498 2584754 
3499 2584754 
3500 2584755 
3501 2584755 
3502 2584755 
3503 2584755 
3504 2584756 
3505 2584756 
3506 2584757 
3507 2584757 
3508 2584757 
3509 2584758 
3510 2584758 
3511 2584758 
3512 2584759 
3513 2584759 
3514 2584760 
3515 2584760 
3516 2584760 
3517 2584761 
3518 2584761 
3519 2584762 
3520 2584762 
3521 2584762 
3522 2584763 
3523 2584763 
3524 2584763 
3525 2584764 
3526 2584764 
3527 2584764 
3528 2584765 
3529 2584765 
3530 2584766 
3531 2584766 
3532 2584767 
3533 2584767 
3534 2584767 
3535 2584768 
3536 2584768 
3537 2584768 
3538 2584769 
3539 2584769 
3540 2584769 
3541 2584770 
3542 2584771 
3543 2584771 
3544 2584772 
3545 2584772 
3546 2584772 
3547 2584773 
3548 2584773 
3549 2584774 
3550 2584774 
3551 2584774 
3552 2584775 
3553 2584776 
3554 2584777 
3555 2584782 
3556 2584783 
3557 2584783 
3558 2584787 
3559 2584787 
3560 2584787 
3561 2584788 
3562 2584788 
3563 2584788 
3564 2584788 
3565 2584789 
3566 2584789 
3567 2584789 
3568 2584789 
3569 2584789 
3570 2584790 
3571 2584790 
3572 2584790 
3573 2584790 
3574 2584791 
3575 2584791 
3576 2584791 
3577 2584791 
3578 2584792 
3579 2584792 
3580 2584793 
3581 2584794 
3582 2584794 
3583 2584795 
3584 2584795 
3585 2584796 
3586 2584796 
3587 2584797 
3588 2584798 
3589 2584798 
3590 2584799 
3591 2584799 
3592 2584799 
3593 2584800 
