1 2890800 
2 2890805 
3 2890811 
4 2890811 
5 2890817 
6 2890826 
7 2890833 
8 2890838 
9 2890839 
10 2890845 
11 2890846 
12 2890846 
13 2890846 
14 2890849 
15 2890857 
16 2890863 
17 2890869 
18 2890869 
19 2890870 
20 2890870 
21 2890874 
22 2890875 
23 2890878 
24 2890885 
25 2890895 
26 2890896 
27 2890907 
28 2890908 
29 2890908 
30 2890909 
31 2890909 
32 2890909 
33 2890910 
34 2890910 
35 2890910 
36 2890910 
37 2890911 
38 2890911 
39 2890911 
40 2890912 
41 2890912 
42 2890912 
43 2890916 
44 2890920 
45 2890931 
46 2890936 
47 2890937 
48 2890937 
49 2890937 
50 2890938 
51 2890938 
52 2890940 
53 2890945 
54 2890945 
55 2890945 
56 2890946 
57 2890947 
58 2890948 
59 2890953 
60 2890957 
61 2890959 
62 2890963 
63 2890963 
64 2890963 
65 2890964 
66 2890965 
67 2890976 
68 2890977 
69 2890977 
70 2890977 
71 2890980 
72 2890990 
73 2890996 
74 2891007 
75 2891007 
76 2891011 
77 2891023 
78 2891025 
79 2891026 
80 2891027 
81 2891027 
82 2891028 
83 2891028 
84 2891028 
85 2891029 
86 2891032 
87 2891032 
88 2891033 
89 2891035 
90 2891036 
91 2891039 
92 2891045 
93 2891045 
94 2891046 
95 2891048 
96 2891050 
97 2891053 
98 2891057 
99 2891067 
100 2891071 
101 2891089 
102 2891092 
103 2891092 
104 2891093 
105 2891096 
106 2891096 
107 2891096 
108 2891110 
109 2891111 
110 2891128 
111 2891135 
112 2891136 
113 2891136 
114 2891140 
115 2891140 
116 2891141 
117 2891141 
118 2891198 
119 2891231 
120 2891237 
121 2891237 
122 2891242 
123 2891247 
124 2891247 
125 2891247 
126 2891248 
127 2891248 
128 2891249 
129 2891250 
130 2891251 
131 2891251 
132 2891254 
133 2891256 
134 2891256 
135 2891256 
136 2891257 
137 2891257 
138 2891257 
139 2891258 
140 2891258 
141 2891258 
142 2891259 
143 2891259 
144 2891259 
145 2891259 
146 2891260 
147 2891260 
148 2891260 
149 2891261 
150 2891262 
151 2891262 
152 2891262 
153 2891263 
154 2891264 
155 2891270 
156 2891275 
157 2891278 
158 2891279 
159 2891279 
160 2891279 
161 2891280 
162 2891280 
163 2891280 
164 2891281 
165 2891281 
166 2891282 
167 2891282 
168 2891283 
169 2891289 
170 2891291 
171 2891291 
172 2891291 
173 2891293 
174 2891294 
175 2891301 
176 2891302 
177 2891302 
178 2891303 
179 2891303 
180 2891303 
181 2891304 
182 2891304 
183 2891305 
184 2891315 
185 2891316 
186 2891316 
187 2891316 
188 2891317 
189 2891317 
190 2891320 
191 2891322 
192 2891322 
193 2891324 
194 2891324 
195 2891324 
196 2891329 
197 2891332 
198 2891332 
199 2891333 
200 2891334 
201 2891334 
202 2891334 
203 2891335 
204 2891335 
205 2891336 
206 2891336 
207 2891336 
208 2891340 
209 2891341 
210 2891341 
211 2891341 
212 2891342 
213 2891347 
214 2891348 
215 2891351 
216 2891352 
217 2891352 
218 2891353 
219 2891353 
220 2891354 
221 2891355 
222 2891356 
223 2891356 
224 2891357 
225 2891358 
226 2891361 
227 2891362 
228 2891362 
229 2891363 
230 2891365 
231 2891367 
232 2891370 
233 2891373 
234 2891373 
235 2891376 
236 2891378 
237 2891379 
238 2891379 
239 2891384 
240 2891386 
241 2891386 
242 2891391 
243 2891394 
244 2891394 
245 2891397 
246 2891397 
247 2891398 
248 2891398 
249 2891399 
250 2891399 
251 2891400 
252 2891400 
253 2891401 
254 2891403 
255 2891403 
256 2891406 
257 2891412 
258 2891416 
259 2891416 
260 2891417 
261 2891417 
262 2891420 
263 2891420 
264 2891423 
265 2891430 
266 2891431 
267 2891449 
268 2891451 
269 2891452 
270 2891455 
271 2891457 
272 2891458 
273 2891467 
274 2891467 
275 2891472 
276 2891479 
277 2891479 
278 2891482 
279 2891482 
280 2891483 
281 2891483 
282 2891483 
283 2891484 
284 2891484 
285 2891484 
286 2891485 
287 2891485 
288 2891485 
289 2891486 
290 2891486 
291 2891486 
292 2891487 
293 2891487 
294 2891487 
295 2891488 
296 2891488 
297 2891488 
298 2891489 
299 2891489 
300 2891490 
301 2891490 
302 2891490 
303 2891491 
304 2891491 
305 2891491 
306 2891492 
307 2891492 
308 2891492 
309 2891493 
310 2891493 
311 2891494 
312 2891494 
313 2891494 
314 2891500 
315 2891500 
316 2891501 
317 2891502 
318 2891502 
319 2891518 
320 2891519 
321 2891519 
322 2891521 
323 2891524 
324 2891524 
325 2891524 
326 2891525 
327 2891525 
328 2891525 
329 2891526 
330 2891526 
331 2891529 
332 2891532 
333 2891541 
334 2891542 
335 2891542 
336 2891544 
337 2891545 
338 2891545 
339 2891545 
340 2891546 
341 2891546 
342 2891546 
343 2891546 
344 2891547 
345 2891547 
346 2891548 
347 2891550 
348 2891552 
349 2891553 
350 2891553 
351 2891553 
352 2891554 
353 2891554 
354 2891554 
355 2891555 
356 2891555 
357 2891555 
358 2891556 
359 2891556 
360 2891556 
361 2891556 
362 2891556 
363 2891557 
364 2891558 
365 2891558 
366 2891558 
367 2891559 
368 2891559 
369 2891559 
370 2891560 
371 2891560 
372 2891560 
373 2891561 
374 2891561 
375 2891561 
376 2891561 
377 2891561 
378 2891562 
379 2891564 
380 2891564 
381 2891565 
382 2891565 
383 2891567 
384 2891568 
385 2891568 
386 2891568 
387 2891573 
388 2891573 
389 2891575 
390 2891579 
391 2891580 
392 2891580 
393 2891580 
394 2891582 
395 2891586 
396 2891586 
397 2891587 
398 2891587 
399 2891587 
400 2891588 
401 2891588 
402 2891589 
403 2891589 
404 2891589 
405 2891610 
406 2891614 
407 2891617 
408 2891617 
409 2891617 
410 2891618 
411 2891624 
412 2891624 
413 2891625 
414 2891625 
415 2891625 
416 2891626 
417 2891627 
418 2891627 
419 2891627 
420 2891628 
421 2891636 
422 2891636 
423 2891637 
424 2891637 
425 2891637 
426 2891643 
427 2891643 
428 2891643 
429 2891643 
430 2891644 
431 2891644 
432 2891644 
433 2891645 
434 2891645 
435 2891645 
436 2891646 
437 2891646 
438 2891646 
439 2891646 
440 2891647 
441 2891647 
442 2891651 
443 2891656 
444 2891657 
445 2891657 
446 2891658 
447 2891658 
448 2891658 
449 2891662 
450 2891663 
451 2891663 
452 2891663 
453 2891664 
454 2891664 
455 2891669 
456 2891670 
457 2891673 
458 2891674 
459 2891678 
460 2891679 
461 2891679 
462 2891694 
463 2891695 
464 2891696 
465 2891696 
466 2891707 
467 2891708 
468 2891709 
469 2891709 
470 2891710 
471 2891711 
472 2891711 
473 2891712 
474 2891718 
475 2891719 
476 2891728 
477 2891734 
478 2891734 
479 2891735 
480 2891735 
481 2891736 
482 2891736 
483 2891736 
484 2891736 
485 2891737 
486 2891737 
487 2891738 
488 2891738 
489 2891738 
490 2891739 
491 2891740 
492 2891741 
493 2891741 
494 2891743 
495 2891744 
496 2891744 
497 2891746 
498 2891759 
499 2891768 
500 2891771 
501 2891771 
502 2891772 
503 2891780 
504 2891784 
505 2891792 
506 2891794 
507 2891798 
508 2891798 
509 2891798 
510 2891801 
511 2891801 
512 2891801 
513 2891801 
514 2891802 
515 2891802 
516 2891802 
517 2891803 
518 2891803 
519 2891804 
520 2891804 
521 2891805 
522 2891805 
523 2891805 
524 2891805 
525 2891806 
526 2891807 
527 2891813 
528 2891813 
529 2891817 
530 2891818 
531 2891828 
532 2891829 
533 2891829 
534 2891829 
535 2891830 
536 2891830 
537 2891832 
538 2891833 
539 2891836 
540 2891841 
541 2891842 
542 2891844 
543 2891845 
544 2891845 
545 2891849 
546 2891869 
547 2891872 
548 2891872 
549 2891873 
550 2891876 
551 2891877 
552 2891883 
553 2891884 
554 2891884 
555 2891884 
556 2891884 
557 2891885 
558 2891885 
559 2891890 
560 2891896 
561 2891896 
562 2891899 
563 2891900 
564 2891900 
565 2891900 
566 2891901 
567 2891902 
568 2891902 
569 2891903 
570 2891904 
571 2891904 
572 2891904 
573 2891904 
574 2891905 
575 2891905 
576 2891905 
577 2891905 
578 2891906 
579 2891906 
580 2891906 
581 2891907 
582 2891907 
583 2891907 
584 2891907 
585 2891908 
586 2891908 
587 2891908 
588 2891909 
589 2891910 
590 2891911 
591 2891911 
592 2891916 
593 2891918 
594 2891920 
595 2891921 
596 2891923 
597 2891926 
598 2891929 
599 2891932 
600 2891933 
601 2891933 
602 2891933 
603 2891934 
604 2891935 
605 2891937 
606 2891937 
607 2891938 
608 2891938 
609 2891940 
610 2891940 
611 2891941 
612 2891941 
613 2891943 
614 2891952 
615 2891956 
616 2891956 
617 2891958 
618 2891959 
619 2891967 
620 2891970 
621 2891973 
622 2891976 
623 2891993 
624 2891995 
625 2891998 
626 2892000 
627 2892000 
628 2892006 
629 2892007 
630 2892007 
631 2892017 
632 2892017 
633 2892018 
634 2892022 
635 2892022 
636 2892023 
637 2892023 
638 2892023 
639 2892024 
640 2892024 
641 2892024 
642 2892025 
643 2892025 
644 2892025 
645 2892026 
646 2892026 
647 2892026 
648 2892027 
649 2892027 
650 2892027 
651 2892027 
652 2892028 
653 2892028 
654 2892028 
655 2892028 
656 2892029 
657 2892031 
658 2892031 
659 2892031 
660 2892032 
661 2892032 
662 2892042 
663 2892042 
664 2892043 
665 2892044 
666 2892048 
667 2892049 
668 2892053 
669 2892054 
670 2892054 
671 2892055 
672 2892055 
673 2892055 
674 2892055 
675 2892056 
676 2892061 
677 2892067 
678 2892072 
679 2892072 
680 2892075 
681 2892075 
682 2892076 
683 2892086 
684 2892086 
685 2892087 
686 2892088 
687 2892092 
688 2892093 
689 2892097 
690 2892097 
691 2892100 
692 2892100 
693 2892101 
694 2892101 
695 2892103 
696 2892103 
697 2892103 
698 2892104 
699 2892104 
700 2892104 
701 2892104 
702 2892105 
703 2892105 
704 2892105 
705 2892106 
706 2892106 
707 2892107 
708 2892114 
709 2892117 
710 2892119 
711 2892121 
712 2892122 
713 2892122 
714 2892123 
715 2892125 
716 2892125 
717 2892126 
718 2892127 
719 2892127 
720 2892129 
721 2892132 
722 2892132 
723 2892139 
724 2892140 
725 2892145 
726 2892146 
727 2892149 
728 2892155 
729 2892156 
730 2892156 
731 2892164 
732 2892167 
733 2892169 
734 2892170 
735 2892170 
736 2892172 
737 2892172 
738 2892172 
739 2892172 
740 2892173 
741 2892173 
742 2892173 
743 2892185 
744 2892186 
745 2892192 
746 2892200 
747 2892215 
748 2892215 
749 2892227 
750 2892240 
751 2892241 
752 2892241 
753 2892253 
754 2892254 
755 2892264 
756 2892271 
757 2892282 
758 2892282 
759 2892283 
760 2892283 
761 2892283 
762 2892284 
763 2892287 
764 2892288 
765 2892288 
766 2892288 
767 2892289 
768 2892289 
769 2892289 
770 2892290 
771 2892290 
772 2892291 
773 2892291 
774 2892291 
775 2892295 
776 2892295 
777 2892295 
778 2892295 
779 2892296 
780 2892296 
781 2892296 
782 2892297 
783 2892297 
784 2892297 
785 2892298 
786 2892298 
787 2892298 
788 2892298 
789 2892299 
790 2892299 
791 2892299 
792 2892300 
793 2892300 
794 2892300 
795 2892300 
796 2892301 
797 2892301 
798 2892301 
799 2892302 
800 2892302 
801 2892302 
802 2892303 
803 2892303 
804 2892303 
805 2892304 
806 2892304 
807 2892304 
808 2892305 
809 2892305 
810 2892305 
811 2892306 
812 2892306 
813 2892306 
814 2892307 
815 2892307 
816 2892307 
817 2892307 
818 2892308 
819 2892308 
820 2892308 
821 2892309 
822 2892309 
823 2892309 
824 2892310 
825 2892310 
826 2892310 
827 2892311 
828 2892311 
829 2892311 
830 2892312 
831 2892312 
832 2892312 
833 2892312 
834 2892313 
835 2892313 
836 2892313 
837 2892313 
838 2892313 
839 2892314 
840 2892314 
841 2892314 
842 2892314 
843 2892315 
844 2892315 
845 2892315 
846 2892315 
847 2892315 
848 2892316 
849 2892316 
850 2892316 
851 2892316 
852 2892316 
853 2892317 
854 2892317 
855 2892317 
856 2892317 
857 2892318 
858 2892318 
859 2892318 
860 2892319 
861 2892319 
862 2892319 
863 2892320 
864 2892320 
865 2892320 
866 2892322 
867 2892322 
868 2892322 
869 2892323 
870 2892323 
871 2892323 
872 2892324 
873 2892324 
874 2892327 
875 2892328 
876 2892328 
877 2892328 
878 2892329 
879 2892329 
880 2892329 
881 2892329 
882 2892330 
883 2892330 
884 2892330 
885 2892331 
886 2892331 
887 2892332 
888 2892332 
889 2892332 
890 2892333 
891 2892333 
892 2892333 
893 2892333 
894 2892334 
895 2892334 
896 2892334 
897 2892335 
898 2892335 
899 2892335 
900 2892336 
901 2892336 
902 2892336 
903 2892336 
904 2892337 
905 2892337 
906 2892337 
907 2892338 
908 2892338 
909 2892339 
910 2892339 
911 2892339 
912 2892340 
913 2892340 
914 2892340 
915 2892341 
916 2892341 
917 2892341 
918 2892341 
919 2892342 
920 2892342 
921 2892342 
922 2892343 
923 2892343 
924 2892343 
925 2892344 
926 2892344 
927 2892344 
928 2892345 
929 2892345 
930 2892345 
931 2892345 
932 2892346 
933 2892346 
934 2892346 
935 2892347 
936 2892347 
937 2892348 
938 2892348 
939 2892348 
940 2892349 
941 2892351 
942 2892351 
943 2892352 
944 2892352 
945 2892352 
946 2892353 
947 2892353 
948 2892354 
949 2892354 
950 2892354 
951 2892355 
952 2892355 
953 2892355 
954 2892356 
955 2892356 
956 2892356 
957 2892357 
958 2892357 
959 2892357 
960 2892358 
961 2892358 
962 2892358 
963 2892359 
964 2892359 
965 2892360 
966 2892360 
967 2892361 
968 2892361 
969 2892361 
970 2892362 
971 2892364 
972 2892364 
973 2892364 
974 2892365 
975 2892365 
976 2892365 
977 2892366 
978 2892366 
979 2892366 
980 2892367 
981 2892367 
982 2892367 
983 2892367 
984 2892368 
985 2892368 
986 2892368 
987 2892369 
988 2892369 
989 2892369 
990 2892370 
991 2892370 
992 2892370 
993 2892371 
994 2892371 
995 2892371 
996 2892372 
997 2892372 
998 2892372 
999 2892373 
1000 2892390 
1001 2892394 
1002 2892395 
1003 2892397 
1004 2892397 
1005 2892403 
1006 2892403 
1007 2892404 
1008 2892404 
1009 2892404 
1010 2892404 
1011 2892405 
1012 2892409 
1013 2892409 
1014 2892410 
1015 2892410 
1016 2892411 
1017 2892420 
1018 2892421 
1019 2892421 
1020 2892434 
1021 2892434 
1022 2892435 
1023 2892436 
1024 2892436 
1025 2892436 
1026 2892437 
1027 2892437 
1028 2892437 
1029 2892438 
1030 2892438 
1031 2892444 
1032 2892445 
1033 2892454 
1034 2892455 
1035 2892456 
1036 2892456 
1037 2892460 
1038 2892466 
1039 2892466 
1040 2892466 
1041 2892468 
1042 2892478 
1043 2892478 
1044 2892479 
1045 2892479 
1046 2892479 
1047 2892481 
1048 2892481 
1049 2892483 
1050 2892483 
1051 2892483 
1052 2892484 
1053 2892487 
1054 2892494 
1055 2892498 
1056 2892499 
1057 2892499 
1058 2892499 
1059 2892500 
1060 2892500 
1061 2892516 
1062 2892516 
1063 2892521 
1064 2892521 
1065 2892524 
1066 2892525 
1067 2892525 
1068 2892526 
1069 2892530 
1070 2892530 
1071 2892531 
1072 2892533 
1073 2892533 
1074 2892555 
1075 2892557 
1076 2892559 
1077 2892560 
1078 2892560 
1079 2892560 
1080 2892561 
1081 2892561 
1082 2892567 
1083 2892568 
1084 2892568 
1085 2892570 
1086 2892573 
1087 2892573 
1088 2892574 
1089 2892581 
1090 2892581 
1091 2892581 
1092 2892582 
1093 2892582 
1094 2892588 
1095 2892590 
1096 2892593 
1097 2892593 
1098 2892594 
1099 2892600 
1100 2892600 
1101 2892601 
1102 2892601 
1103 2892605 
1104 2892605 
1105 2892613 
1106 2892614 
1107 2892614 
1108 2892634 
1109 2892639 
1110 2892640 
1111 2892640 
1112 2892640 
1113 2892647 
1114 2892647 
1115 2892648 
1116 2892648 
1117 2892649 
1118 2892649 
1119 2892649 
1120 2892650 
1121 2892650 
1122 2892653 
1123 2892658 
1124 2892659 
1125 2892678 
1126 2892678 
1127 2892680 
1128 2892685 
1129 2892685 
1130 2892686 
1131 2892699 
1132 2892700 
1133 2892700 
1134 2892701 
1135 2892703 
1136 2892705 
1137 2892705 
1138 2892706 
1139 2892706 
1140 2892712 
1141 2892712 
1142 2892713 
1143 2892714 
1144 2892714 
1145 2892715 
1146 2892715 
1147 2892719 
1148 2892728 
1149 2892728 
1150 2892730 
1151 2892735 
1152 2892738 
1153 2892753 
1154 2892759 
1155 2892764 
1156 2892767 
1157 2892770 
1158 2892772 
1159 2892780 
1160 2892781 
1161 2892783 
1162 2892783 
1163 2892783 
1164 2892784 
1165 2892784 
1166 2892787 
1167 2892787 
1168 2892787 
1169 2892788 
1170 2892788 
1171 2892788 
1172 2892789 
1173 2892799 
1174 2892813 
1175 2892814 
1176 2892815 
1177 2892816 
1178 2892818 
1179 2892821 
1180 2892821 
1181 2892821 
1182 2892822 
1183 2892822 
1184 2892822 
1185 2892822 
1186 2892824 
1187 2892824 
1188 2892824 
1189 2892826 
1190 2892831 
1191 2892831 
1192 2892834 
1193 2892834 
1194 2892840 
1195 2892843 
1196 2892845 
1197 2892849 
1198 2892854 
1199 2892854 
1200 2892862 
1201 2892862 
1202 2892862 
1203 2892863 
1204 2892866 
1205 2892870 
1206 2892873 
1207 2892873 
1208 2892874 
1209 2892875 
1210 2892875 
1211 2892876 
1212 2892876 
1213 2892876 
1214 2892877 
1215 2892877 
1216 2892877 
1217 2892878 
1218 2892880 
1219 2892881 
1220 2892881 
1221 2892881 
1222 2892884 
1223 2892885 
1224 2892887 
1225 2892888 
1226 2892888 
1227 2892888 
1228 2892889 
1229 2892889 
1230 2892889 
1231 2892889 
1232 2892890 
1233 2892890 
1234 2892890 
1235 2892891 
1236 2892891 
1237 2892892 
1238 2892896 
1239 2892898 
1240 2892898 
1241 2892899 
1242 2892899 
1243 2892899 
1244 2892899 
1245 2892900 
1246 2892900 
1247 2892901 
1248 2892901 
1249 2892905 
1250 2892905 
1251 2892906 
1252 2892910 
1253 2892912 
1254 2892916 
1255 2892921 
1256 2892923 
1257 2892923 
1258 2892924 
1259 2892924 
1260 2892924 
1261 2892925 
1262 2892925 
1263 2892925 
1264 2892926 
1265 2892926 
1266 2892926 
1267 2892936 
1268 2892936 
1269 2892941 
1270 2892941 
1271 2892947 
1272 2892947 
1273 2892964 
1274 2892965 
1275 2892981 
1276 2892982 
1277 2892999 
1278 2893007 
1279 2893027 
1280 2893027 
1281 2893027 
1282 2893028 
1283 2893041 
1284 2893053 
1285 2893053 
1286 2893053 
1287 2893054 
1288 2893054 
1289 2893054 
1290 2893055 
1291 2893055 
1292 2893056 
1293 2893056 
1294 2893056 
1295 2893057 
1296 2893057 
1297 2893057 
1298 2893058 
1299 2893058 
1300 2893066 
1301 2893066 
1302 2893069 
1303 2893074 
1304 2893075 
1305 2893075 
1306 2893079 
1307 2893092 
1308 2893099 
1309 2893105 
1310 2893108 
1311 2893109 
1312 2893113 
1313 2893115 
1314 2893115 
1315 2893115 
1316 2893115 
1317 2893128 
1318 2893129 
1319 2893136 
1320 2893137 
1321 2893138 
1322 2893138 
1323 2893138 
1324 2893139 
1325 2893139 
1326 2893140 
1327 2893155 
1328 2893157 
1329 2893158 
1330 2893159 
1331 2893164 
1332 2893165 
1333 2893171 
1334 2893171 
1335 2893173 
1336 2893173 
1337 2893175 
1338 2893180 
1339 2893198 
1340 2893211 
1341 2893211 
1342 2893214 
1343 2893214 
1344 2893218 
1345 2893221 
1346 2893225 
1347 2893227 
1348 2893229 
1349 2893233 
1350 2893234 
1351 2893234 
1352 2893236 
1353 2893236 
1354 2893237 
1355 2893238 
1356 2893238 
1357 2893240 
1358 2893240 
1359 2893240 
1360 2893241 
1361 2893241 
1362 2893242 
1363 2893242 
1364 2893242 
1365 2893242 
1366 2893243 
1367 2893243 
1368 2893243 
1369 2893243 
1370 2893244 
1371 2893244 
1372 2893244 
1373 2893244 
1374 2893244 
1375 2893245 
1376 2893245 
1377 2893245 
1378 2893246 
1379 2893246 
1380 2893246 
1381 2893246 
1382 2893249 
1383 2893250 
1384 2893251 
1385 2893251 
1386 2893252 
1387 2893252 
1388 2893252 
1389 2893254 
1390 2893254 
1391 2893257 
1392 2893257 
1393 2893264 
1394 2893266 
1395 2893268 
1396 2893268 
1397 2893274 
1398 2893275 
1399 2893275 
1400 2893278 
1401 2893281 
1402 2893287 
1403 2893290 
1404 2893290 
1405 2893291 
1406 2893297 
1407 2893299 
1408 2893299 
1409 2893302 
1410 2893302 
1411 2893302 
1412 2893310 
1413 2893313 
1414 2893313 
1415 2893313 
1416 2893314 
1417 2893317 
1418 2893318 
1419 2893336 
1420 2893338 
1421 2893343 
1422 2893343 
1423 2893343 
1424 2893344 
1425 2893344 
1426 2893345 
1427 2893345 
1428 2893350 
1429 2893351 
1430 2893353 
1431 2893354 
1432 2893354 
1433 2893354 
1434 2893355 
1435 2893355 
1436 2893356 
1437 2893367 
1438 2893368 
1439 2893368 
1440 2893369 
1441 2893369 
1442 2893370 
1443 2893370 
1444 2893370 
1445 2893371 
1446 2893371 
1447 2893371 
1448 2893372 
1449 2893372 
1450 2893373 
1451 2893373 
1452 2893373 
1453 2893376 
1454 2893382 
1455 2893383 
1456 2893384 
1457 2893384 
1458 2893384 
1459 2893385 
1460 2893385 
1461 2893385 
1462 2893398 
1463 2893398 
1464 2893406 
1465 2893406 
1466 2893409 
1467 2893409 
1468 2893415 
1469 2893415 
1470 2893415 
1471 2893421 
1472 2893421 
1473 2893424 
1474 2893427 
1475 2893428 
1476 2893428 
1477 2893428 
1478 2893430 
1479 2893430 
1480 2893432 
1481 2893433 
1482 2893433 
1483 2893434 
1484 2893434 
1485 2893434 
1486 2893436 
1487 2893436 
1488 2893438 
1489 2893439 
1490 2893441 
1491 2893441 
1492 2893442 
1493 2893442 
1494 2893442 
1495 2893450 
1496 2893450 
1497 2893451 
1498 2893451 
1499 2893452 
1500 2893452 
1501 2893454 
1502 2893455 
1503 2893458 
1504 2893458 
1505 2893461 
1506 2893461 
1507 2893461 
1508 2893462 
1509 2893462 
1510 2893462 
1511 2893463 
1512 2893463 
1513 2893464 
1514 2893464 
1515 2893464 
1516 2893465 
1517 2893467 
1518 2893468 
1519 2893479 
1520 2893490 
1521 2893490 
1522 2893490 
1523 2893491 
1524 2893491 
1525 2893493 
1526 2893494 
1527 2893494 
1528 2893495 
1529 2893495 
1530 2893497 
1531 2893497 
1532 2893498 
1533 2893499 
1534 2893499 
1535 2893500 
1536 2893500 
1537 2893501 
1538 2893501 
1539 2893501 
1540 2893504 
1541 2893504 
1542 2893506 
1543 2893506 
1544 2893507 
1545 2893507 
1546 2893507 
1547 2893508 
1548 2893508 
1549 2893509 
1550 2893513 
1551 2893518 
1552 2893518 
1553 2893518 
1554 2893520 
1555 2893520 
1556 2893520 
1557 2893523 
1558 2893529 
1559 2893538 
1560 2893544 
1561 2893544 
1562 2893547 
1563 2893547 
1564 2893547 
1565 2893547 
1566 2893548 
1567 2893548 
1568 2893548 
1569 2893549 
1570 2893549 
1571 2893549 
1572 2893552 
1573 2893552 
1574 2893553 
1575 2893553 
1576 2893553 
1577 2893554 
1578 2893555 
1579 2893557 
1580 2893557 
1581 2893558 
1582 2893560 
1583 2893561 
1584 2893561 
1585 2893567 
1586 2893568 
1587 2893570 
1588 2893570 
1589 2893573 
1590 2893573 
1591 2893574 
1592 2893574 
1593 2893577 
1594 2893577 
1595 2893577 
1596 2893578 
1597 2893578 
1598 2893579 
1599 2893579 
1600 2893580 
1601 2893581 
1602 2893585 
1603 2893586 
1604 2893586 
1605 2893586 
1606 2893586 
1607 2893587 
1608 2893600 
1609 2893601 
1610 2893605 
1611 2893609 
1612 2893609 
1613 2893610 
1614 2893611 
1615 2893611 
1616 2893612 
1617 2893617 
1618 2893619 
1619 2893620 
1620 2893621 
1621 2893624 
1622 2893624 
1623 2893632 
1624 2893634 
1625 2893634 
1626 2893634 
1627 2893640 
1628 2893641 
1629 2893641 
1630 2893642 
1631 2893642 
1632 2893642 
1633 2893643 
1634 2893643 
1635 2893643 
1636 2893649 
1637 2893653 
1638 2893661 
1639 2893669 
1640 2893670 
1641 2893685 
1642 2893685 
1643 2893687 
1644 2893691 
1645 2893691 
1646 2893697 
1647 2893697 
1648 2893699 
1649 2893700 
1650 2893700 
1651 2893701 
1652 2893701 
1653 2893702 
1654 2893702 
1655 2893702 
1656 2893703 
1657 2893703 
1658 2893705 
1659 2893705 
1660 2893708 
1661 2893709 
1662 2893709 
1663 2893710 
1664 2893711 
1665 2893716 
1666 2893717 
1667 2893718 
1668 2893718 
1669 2893718 
1670 2893721 
1671 2893723 
1672 2893723 
1673 2893723 
1674 2893723 
1675 2893723 
1676 2893724 
1677 2893724 
1678 2893724 
1679 2893724 
1680 2893725 
1681 2893725 
1682 2893725 
1683 2893725 
1684 2893726 
1685 2893729 
1686 2893729 
1687 2893730 
1688 2893730 
1689 2893731 
1690 2893734 
1691 2893737 
1692 2893738 
1693 2893738 
1694 2893738 
1695 2893739 
1696 2893741 
1697 2893741 
1698 2893742 
1699 2893742 
1700 2893742 
1701 2893742 
1702 2893742 
1703 2893743 
1704 2893743 
1705 2893743 
1706 2893743 
1707 2893743 
1708 2893744 
1709 2893744 
1710 2893744 
1711 2893744 
1712 2893745 
1713 2893745 
1714 2893745 
1715 2893745 
1716 2893746 
1717 2893748 
1718 2893750 
1719 2893760 
1720 2893761 
1721 2893761 
1722 2893761 
1723 2893762 
1724 2893762 
1725 2893762 
1726 2893763 
1727 2893763 
1728 2893763 
1729 2893764 
1730 2893764 
1731 2893767 
1732 2893776 
1733 2893778 
1734 2893796 
1735 2893796 
1736 2893796 
1737 2893797 
1738 2893797 
1739 2893798 
1740 2893799 
1741 2893799 
1742 2893813 
1743 2893825 
1744 2893825 
1745 2893825 
1746 2893826 
1747 2893829 
1748 2893830 
1749 2893830 
1750 2893840 
1751 2893847 
1752 2893847 
1753 2893852 
1754 2893853 
1755 2893859 
1756 2893864 
1757 2893864 
1758 2893867 
1759 2893867 
1760 2893868 
1761 2893872 
1762 2893883 
1763 2893884 
1764 2893909 
1765 2893909 
1766 2893910 
1767 2893910 
1768 2893915 
1769 2893915 
1770 2893915 
1771 2893917 
1772 2893918 
1773 2893918 
1774 2893919 
1775 2893921 
1776 2893922 
1777 2893930 
1778 2893930 
1779 2893941 
1780 2893948 
1781 2893954 
1782 2893956 
1783 2893957 
1784 2893972 
1785 2893973 
1786 2893974 
1787 2893978 
1788 2893978 
1789 2893978 
1790 2893979 
1791 2893980 
1792 2893981 
1793 2893981 
1794 2893985 
1795 2893988 
1796 2893989 
1797 2893990 
1798 2893990 
1799 2893990 
1800 2893990 
1801 2893994 
1802 2893997 
1803 2894002 
1804 2894003 
1805 2894003 
1806 2894004 
1807 2894006 
1808 2894009 
1809 2894010 
1810 2894015 
1811 2894019 
1812 2894024 
1813 2894025 
1814 2894025 
1815 2894034 
1816 2894035 
1817 2894037 
1818 2894037 
1819 2894037 
1820 2894038 
1821 2894038 
1822 2894038 
1823 2894039 
1824 2894039 
1825 2894040 
1826 2894041 
1827 2894045 
1828 2894045 
1829 2894047 
1830 2894048 
1831 2894049 
1832 2894068 
1833 2894068 
1834 2894070 
1835 2894073 
1836 2894073 
1837 2894073 
1838 2894078 
1839 2894083 
1840 2894092 
1841 2894097 
1842 2894097 
1843 2894098 
1844 2894099 
1845 2894100 
1846 2894101 
1847 2894101 
1848 2894101 
1849 2894102 
1850 2894102 
1851 2894102 
1852 2894103 
1853 2894103 
1854 2894104 
1855 2894104 
1856 2894105 
1857 2894105 
1858 2894106 
1859 2894108 
1860 2894108 
1861 2894108 
1862 2894109 
1863 2894111 
1864 2894111 
1865 2894112 
1866 2894113 
1867 2894115 
1868 2894117 
1869 2894117 
1870 2894118 
1871 2894118 
1872 2894124 
1873 2894125 
1874 2894126 
1875 2894126 
1876 2894129 
1877 2894129 
1878 2894132 
1879 2894133 
1880 2894135 
1881 2894136 
1882 2894137 
1883 2894138 
1884 2894138 
1885 2894140 
1886 2894142 
1887 2894142 
1888 2894142 
1889 2894143 
1890 2894145 
1891 2894145 
1892 2894148 
1893 2894148 
1894 2894158 
1895 2894158 
1896 2894159 
1897 2894159 
1898 2894160 
1899 2894166 
1900 2894166 
1901 2894166 
1902 2894167 
1903 2894167 
1904 2894168 
1905 2894168 
1906 2894168 
1907 2894168 
1908 2894168 
1909 2894169 
1910 2894169 
1911 2894169 
1912 2894169 
1913 2894170 
1914 2894170 
1915 2894175 
1916 2894175 
1917 2894177 
1918 2894181 
1919 2894182 
1920 2894182 
1921 2894183 
1922 2894185 
1923 2894185 
1924 2894185 
1925 2894186 
1926 2894189 
1927 2894189 
1928 2894193 
1929 2894193 
1930 2894193 
1931 2894194 
1932 2894194 
1933 2894194 
1934 2894195 
1935 2894196 
1936 2894198 
1937 2894198 
1938 2894199 
1939 2894199 
1940 2894199 
1941 2894199 
1942 2894199 
1943 2894200 
1944 2894200 
1945 2894201 
1946 2894201 
1947 2894204 
1948 2894211 
1949 2894211 
1950 2894215 
1951 2894215 
1952 2894215 
1953 2894215 
1954 2894218 
1955 2894224 
1956 2894230 
1957 2894235 
1958 2894238 
1959 2894239 
1960 2894240 
1961 2894242 
1962 2894248 
1963 2894248 
1964 2894249 
1965 2894250 
1966 2894255 
1967 2894257 
1968 2894260 
1969 2894261 
1970 2894262 
1971 2894263 
1972 2894263 
1973 2894264 
1974 2894264 
1975 2894265 
1976 2894265 
1977 2894265 
1978 2894266 
1979 2894266 
1980 2894266 
1981 2894267 
1982 2894267 
1983 2894267 
1984 2894268 
1985 2894268 
1986 2894268 
1987 2894272 
1988 2894276 
1989 2894277 
1990 2894277 
1991 2894281 
1992 2894281 
1993 2894281 
1994 2894282 
1995 2894282 
1996 2894282 
1997 2894283 
1998 2894283 
1999 2894283 
2000 2894284 
2001 2894284 
2002 2894284 
2003 2894285 
2004 2894285 
2005 2894285 
2006 2894285 
2007 2894286 
2008 2894286 
2009 2894287 
2010 2894287 
2011 2894287 
2012 2894288 
2013 2894288 
2014 2894288 
2015 2894289 
2016 2894289 
2017 2894291 
2018 2894291 
2019 2894292 
2020 2894295 
2021 2894295 
2022 2894299 
2023 2894303 
2024 2894304 
2025 2894305 
2026 2894305 
2027 2894306 
2028 2894306 
2029 2894307 
2030 2894307 
2031 2894308 
2032 2894308 
2033 2894308 
2034 2894309 
2035 2894309 
2036 2894309 
2037 2894309 
2038 2894311 
2039 2894311 
2040 2894312 
2041 2894313 
2042 2894313 
2043 2894313 
2044 2894313 
2045 2894314 
2046 2894314 
2047 2894314 
2048 2894314 
2049 2894315 
2050 2894315 
2051 2894315 
2052 2894316 
2053 2894318 
2054 2894318 
2055 2894318 
2056 2894318 
2057 2894320 
2058 2894321 
2059 2894321 
2060 2894324 
2061 2894324 
2062 2894325 
2063 2894325 
2064 2894328 
2065 2894332 
2066 2894334 
2067 2894336 
2068 2894336 
2069 2894336 
2070 2894336 
2071 2894337 
2072 2894337 
2073 2894337 
2074 2894339 
2075 2894339 
2076 2894343 
2077 2894346 
2078 2894349 
2079 2894350 
2080 2894358 
2081 2894358 
2082 2894358 
2083 2894359 
2084 2894359 
2085 2894363 
2086 2894365 
2087 2894365 
2088 2894366 
2089 2894367 
2090 2894367 
2091 2894368 
2092 2894368 
2093 2894368 
2094 2894368 
2095 2894369 
2096 2894370 
2097 2894372 
2098 2894374 
2099 2894375 
2100 2894378 
2101 2894378 
2102 2894379 
2103 2894379 
2104 2894379 
2105 2894381 
2106 2894382 
2107 2894383 
2108 2894383 
2109 2894384 
2110 2894385 
2111 2894388 
2112 2894389 
2113 2894389 
2114 2894390 
2115 2894390 
2116 2894391 
2117 2894392 
2118 2894394 
2119 2894398 
2120 2894398 
2121 2894398 
2122 2894399 
2123 2894400 
