1 2822410 
2 2822410 
3 2822411 
4 2822419 
5 2822423 
6 2822426 
7 2822430 
8 2822430 
9 2822431 
10 2822436 
11 2822436 
12 2822438 
13 2822439 
14 2822443 
15 2822443 
16 2822443 
17 2822443 
18 2822444 
19 2822449 
20 2822449 
21 2822450 
22 2822450 
23 2822451 
24 2822451 
25 2822453 
26 2822453 
27 2822461 
28 2822464 
29 2822473 
30 2822473 
31 2822474 
32 2822475 
33 2822482 
34 2822488 
35 2822490 
36 2822492 
37 2822493 
38 2822504 
39 2822512 
40 2822512 
41 2822513 
42 2822513 
43 2822539 
44 2822540 
45 2822541 
46 2822547 
47 2822547 
48 2822548 
49 2822555 
50 2822558 
51 2822558 
52 2822559 
53 2822565 
54 2822574 
55 2822586 
56 2822598 
57 2822599 
58 2822601 
59 2822604 
60 2822608 
61 2822608 
62 2822617 
63 2822622 
64 2822622 
65 2822622 
66 2822623 
67 2822626 
68 2822627 
69 2822637 
70 2822638 
71 2822638 
72 2822638 
73 2822639 
74 2822639 
75 2822653 
76 2822653 
77 2822653 
78 2822654 
79 2822665 
80 2822666 
81 2822669 
82 2822670 
83 2822674 
84 2822684 
85 2822686 
86 2822687 
87 2822690 
88 2822737 
89 2822739 
90 2822739 
91 2822739 
92 2822740 
93 2822740 
94 2822741 
95 2822741 
96 2822741 
97 2822741 
98 2822742 
99 2822744 
100 2822744 
101 2822744 
102 2822745 
103 2822745 
104 2822746 
105 2822746 
106 2822746 
107 2822747 
108 2822750 
109 2822750 
110 2822751 
111 2822757 
112 2822758 
113 2822758 
114 2822758 
115 2822790 
116 2822791 
117 2822791 
118 2822791 
119 2822792 
120 2822792 
121 2822792 
122 2822793 
123 2822793 
124 2822793 
125 2822794 
126 2822794 
127 2822794 
128 2822795 
129 2822795 
130 2822806 
131 2822807 
132 2822816 
133 2822816 
134 2822816 
135 2822817 
136 2822817 
137 2822817 
138 2822830 
139 2822831 
140 2822831 
141 2822831 
142 2822831 
143 2822832 
144 2822832 
145 2822832 
146 2822833 
147 2822833 
148 2822833 
149 2822834 
150 2822849 
151 2822850 
152 2822850 
153 2822851 
154 2822851 
155 2822851 
156 2822852 
157 2822852 
158 2822852 
159 2822853 
160 2822853 
161 2822853 
162 2822854 
163 2822854 
164 2822854 
165 2822855 
166 2822855 
167 2822855 
168 2822856 
169 2822856 
170 2822856 
171 2822856 
172 2822857 
173 2822857 
174 2822857 
175 2822858 
176 2822858 
177 2822858 
178 2822859 
179 2822859 
180 2822859 
181 2822860 
182 2822860 
183 2822860 
184 2822865 
185 2822866 
186 2822866 
187 2822867 
188 2822876 
189 2822876 
190 2822878 
191 2822878 
192 2822879 
193 2822879 
194 2822879 
195 2822886 
196 2822888 
197 2822888 
198 2822891 
199 2822902 
200 2822905 
201 2822905 
202 2822906 
203 2822907 
204 2822908 
205 2822908 
206 2822915 
207 2822915 
208 2822916 
209 2822917 
210 2822917 
211 2822917 
212 2822918 
213 2822918 
214 2822918 
215 2822919 
216 2822919 
217 2822919 
218 2822920 
219 2822920 
220 2822920 
221 2822921 
222 2822921 
223 2822921 
224 2822921 
225 2822922 
226 2822922 
227 2822922 
228 2822923 
229 2822923 
230 2822923 
231 2822924 
232 2822924 
233 2822926 
234 2822927 
235 2822927 
236 2822928 
237 2822928 
238 2822928 
239 2822928 
240 2822929 
241 2822929 
242 2822929 
243 2822930 
244 2822930 
245 2822931 
246 2822931 
247 2822931 
248 2822932 
249 2822932 
250 2822932 
251 2822932 
252 2822933 
253 2822933 
254 2822933 
255 2822934 
256 2822938 
257 2822949 
258 2822965 
259 2822968 
260 2822969 
261 2822969 
262 2822969 
263 2822970 
264 2822970 
265 2822970 
266 2822971 
267 2822971 
268 2822974 
269 2822980 
270 2823015 
271 2823044 
272 2823044 
273 2823044 
274 2823046 
275 2823047 
276 2823055 
277 2823058 
278 2823058 
279 2823064 
280 2823065 
281 2823065 
282 2823065 
283 2823066 
284 2823066 
285 2823066 
286 2823067 
287 2823067 
288 2823067 
289 2823068 
290 2823068 
291 2823068 
292 2823068 
293 2823069 
294 2823069 
295 2823069 
296 2823071 
297 2823072 
298 2823072 
299 2823072 
300 2823073 
301 2823073 
302 2823076 
303 2823077 
304 2823077 
305 2823078 
306 2823078 
307 2823079 
308 2823080 
309 2823080 
310 2823080 
311 2823080 
312 2823081 
313 2823081 
314 2823081 
315 2823081 
316 2823082 
317 2823084 
318 2823095 
319 2823100 
320 2823104 
321 2823104 
322 2823105 
323 2823105 
324 2823110 
325 2823110 
326 2823112 
327 2823113 
328 2823114 
329 2823115 
330 2823132 
331 2823133 
332 2823135 
333 2823137 
334 2823137 
335 2823142 
336 2823153 
337 2823159 
338 2823160 
339 2823160 
340 2823161 
341 2823161 
342 2823165 
343 2823165 
344 2823195 
345 2823196 
346 2823200 
347 2823204 
348 2823204 
349 2823210 
350 2823217 
351 2823223 
352 2823223 
353 2823224 
354 2823226 
355 2823226 
356 2823227 
357 2823227 
358 2823233 
359 2823243 
360 2823243 
361 2823244 
362 2823244 
363 2823245 
364 2823246 
365 2823246 
366 2823246 
367 2823247 
368 2823247 
369 2823247 
370 2823252 
371 2823252 
372 2823255 
373 2823258 
374 2823261 
375 2823262 
376 2823273 
377 2823279 
378 2823279 
379 2823284 
380 2823285 
381 2823285 
382 2823285 
383 2823286 
384 2823291 
385 2823297 
386 2823298 
387 2823299 
388 2823315 
389 2823319 
390 2823320 
391 2823320 
392 2823320 
393 2823324 
394 2823324 
395 2823325 
396 2823325 
397 2823325 
398 2823328 
399 2823335 
400 2823335 
401 2823349 
402 2823359 
403 2823359 
404 2823386 
405 2823386 
406 2823403 
407 2823405 
408 2823411 
409 2823411 
410 2823436 
411 2823443 
412 2823443 
413 2823444 
414 2823444 
415 2823445 
416 2823448 
417 2823470 
418 2823472 
419 2823472 
420 2823472 
421 2823473 
422 2823486 
423 2823491 
424 2823494 
425 2823495 
426 2823495 
427 2823496 
428 2823496 
429 2823496 
430 2823497 
431 2823497 
432 2823497 
433 2823498 
434 2823498 
435 2823498 
436 2823499 
437 2823499 
438 2823499 
439 2823501 
440 2823508 
441 2823511 
442 2823512 
443 2823514 
444 2823515 
445 2823515 
446 2823516 
447 2823516 
448 2823517 
449 2823517 
450 2823517 
451 2823518 
452 2823518 
453 2823518 
454 2823518 
455 2823519 
456 2823519 
457 2823519 
458 2823519 
459 2823520 
460 2823520 
461 2823520 
462 2823521 
463 2823522 
464 2823522 
465 2823523 
466 2823523 
467 2823523 
468 2823524 
469 2823526 
470 2823531 
471 2823545 
472 2823546 
473 2823548 
474 2823548 
475 2823552 
476 2823552 
477 2823553 
478 2823553 
479 2823554 
480 2823554 
481 2823555 
482 2823555 
483 2823558 
484 2823570 
485 2823572 
486 2823580 
487 2823581 
488 2823583 
489 2823583 
490 2823583 
491 2823584 
492 2823588 
493 2823588 
494 2823589 
495 2823589 
496 2823591 
497 2823591 
498 2823592 
499 2823594 
500 2823596 
501 2823599 
502 2823599 
503 2823601 
504 2823602 
505 2823602 
506 2823605 
507 2823607 
508 2823608 
509 2823610 
510 2823619 
511 2823620 
512 2823625 
513 2823625 
514 2823626 
515 2823626 
516 2823627 
517 2823636 
518 2823636 
519 2823640 
520 2823640 
521 2823655 
522 2823658 
523 2823659 
524 2823665 
525 2823673 
526 2823673 
527 2823674 
528 2823674 
529 2823674 
530 2823675 
531 2823675 
532 2823675 
533 2823676 
534 2823676 
535 2823676 
536 2823676 
537 2823677 
538 2823677 
539 2823677 
540 2823678 
541 2823678 
542 2823678 
543 2823679 
544 2823679 
545 2823679 
546 2823680 
547 2823680 
548 2823682 
549 2823682 
550 2823683 
551 2823694 
552 2823699 
553 2823699 
554 2823707 
555 2823717 
556 2823724 
557 2823725 
558 2823727 
559 2823729 
560 2823731 
561 2823740 
562 2823756 
563 2823757 
564 2823757 
565 2823777 
566 2823777 
567 2823778 
568 2823787 
569 2823794 
570 2823794 
571 2823795 
572 2823795 
573 2823796 
574 2823798 
575 2823802 
576 2823803 
577 2823803 
578 2823803 
579 2823806 
580 2823807 
581 2823807 
582 2823807 
583 2823808 
584 2823808 
585 2823809 
586 2823809 
587 2823809 
588 2823810 
589 2823810 
590 2823810 
591 2823811 
592 2823811 
593 2823811 
594 2823814 
595 2823814 
596 2823815 
597 2823815 
598 2823815 
599 2823816 
600 2823816 
601 2823816 
602 2823816 
603 2823816 
604 2823819 
605 2823819 
606 2823819 
607 2823819 
608 2823820 
609 2823820 
610 2823820 
611 2823820 
612 2823821 
613 2823821 
614 2823822 
615 2823822 
616 2823822 
617 2823823 
618 2823823 
619 2823829 
620 2823833 
621 2823834 
622 2823839 
623 2823855 
624 2823862 
625 2823862 
626 2823862 
627 2823873 
628 2823874 
629 2823890 
630 2823890 
631 2823896 
632 2823911 
633 2823913 
634 2823916 
635 2823919 
636 2823920 
637 2823920 
638 2823927 
639 2823933 
640 2823933 
641 2823933 
642 2823934 
643 2823934 
644 2823934 
645 2823935 
646 2823935 
647 2823937 
648 2823937 
649 2823980 
650 2823990 
651 2824011 
652 2824031 
653 2824045 
654 2824046 
655 2824081 
656 2824091 
657 2824102 
658 2824103 
659 2824103 
660 2824103 
661 2824104 
662 2824104 
663 2824104 
664 2824105 
665 2824105 
666 2824105 
667 2824106 
668 2824106 
669 2824107 
670 2824107 
671 2824109 
672 2824109 
673 2824110 
674 2824110 
675 2824111 
676 2824111 
677 2824111 
678 2824111 
679 2824112 
680 2824112 
681 2824112 
682 2824113 
683 2824113 
684 2824113 
685 2824114 
686 2824114 
687 2824114 
688 2824115 
689 2824115 
690 2824115 
691 2824116 
692 2824118 
693 2824118 
694 2824119 
695 2824119 
696 2824120 
697 2824121 
698 2824121 
699 2824122 
700 2824122 
701 2824122 
702 2824123 
703 2824123 
704 2824124 
705 2824124 
706 2824124 
707 2824125 
708 2824129 
709 2824174 
710 2824177 
711 2824178 
712 2824178 
713 2824178 
714 2824179 
715 2824179 
716 2824179 
717 2824179 
718 2824205 
719 2824209 
720 2824214 
721 2824214 
722 2824215 
723 2824215 
724 2824216 
725 2824216 
726 2824217 
727 2824217 
728 2824217 
729 2824218 
730 2824218 
731 2824218 
732 2824218 
733 2824219 
734 2824219 
735 2824219 
736 2824220 
737 2824220 
738 2824246 
739 2824250 
740 2824252 
741 2824253 
742 2824256 
743 2824259 
744 2824263 
745 2824265 
746 2824268 
747 2824268 
748 2824269 
749 2824269 
750 2824270 
751 2824270 
752 2824270 
753 2824271 
754 2824271 
755 2824280 
756 2824282 
757 2824284 
758 2824284 
759 2824284 
760 2824287 
761 2824287 
762 2824287 
763 2824288 
764 2824288 
765 2824289 
766 2824289 
767 2824289 
768 2824290 
769 2824290 
770 2824291 
771 2824291 
772 2824291 
773 2824291 
774 2824292 
775 2824292 
776 2824293 
777 2824293 
778 2824293 
779 2824294 
780 2824294 
781 2824295 
782 2824295 
783 2824298 
784 2824300 
785 2824301 
786 2824302 
787 2824305 
788 2824306 
789 2824308 
790 2824308 
791 2824309 
792 2824309 
793 2824309 
794 2824309 
795 2824310 
796 2824310 
797 2824310 
798 2824311 
799 2824311 
800 2824311 
801 2824311 
802 2824312 
803 2824312 
804 2824312 
805 2824313 
806 2824313 
807 2824313 
808 2824314 
809 2824314 
810 2824314 
811 2824315 
812 2824315 
813 2824315 
814 2824317 
815 2824318 
816 2824321 
817 2824322 
818 2824322 
819 2824323 
820 2824323 
821 2824323 
822 2824324 
823 2824324 
824 2824324 
825 2824324 
826 2824325 
827 2824325 
828 2824325 
829 2824325 
830 2824325 
831 2824326 
832 2824326 
833 2824326 
834 2824326 
835 2824326 
836 2824327 
837 2824327 
838 2824327 
839 2824327 
840 2824327 
841 2824328 
842 2824328 
843 2824328 
844 2824328 
845 2824328 
846 2824328 
847 2824329 
848 2824329 
849 2824329 
850 2824330 
851 2824330 
852 2824330 
853 2824331 
854 2824331 
855 2824331 
856 2824332 
857 2824332 
858 2824332 
859 2824333 
860 2824333 
861 2824334 
862 2824334 
863 2824334 
864 2824335 
865 2824335 
866 2824335 
867 2824335 
868 2824336 
869 2824336 
870 2824336 
871 2824337 
872 2824337 
873 2824337 
874 2824338 
875 2824338 
876 2824343 
877 2824347 
878 2824347 
879 2824354 
880 2824354 
881 2824354 
882 2824355 
883 2824355 
884 2824355 
885 2824356 
886 2824356 
887 2824356 
888 2824361 
889 2824362 
890 2824362 
891 2824362 
892 2824363 
893 2824363 
894 2824363 
895 2824364 
896 2824364 
897 2824365 
898 2824366 
899 2824366 
900 2824367 
901 2824367 
902 2824368 
903 2824368 
904 2824368 
905 2824369 
906 2824369 
907 2824369 
908 2824370 
909 2824370 
910 2824372 
911 2824372 
912 2824376 
913 2824377 
914 2824378 
915 2824396 
916 2824406 
917 2824406 
918 2824407 
919 2824407 
920 2824407 
921 2824408 
922 2824408 
923 2824409 
924 2824409 
925 2824409 
926 2824409 
927 2824410 
928 2824410 
929 2824411 
930 2824411 
931 2824411 
932 2824412 
933 2824412 
934 2824414 
935 2824419 
936 2824422 
937 2824422 
938 2824423 
939 2824423 
940 2824424 
941 2824424 
942 2824424 
943 2824425 
944 2824425 
945 2824428 
946 2824430 
947 2824431 
948 2824438 
949 2824440 
950 2824441 
951 2824453 
952 2824459 
953 2824459 
954 2824460 
955 2824484 
956 2824495 
957 2824496 
958 2824496 
959 2824496 
960 2824497 
961 2824499 
962 2824503 
963 2824503 
964 2824503 
965 2824504 
966 2824521 
967 2824522 
968 2824525 
969 2824526 
970 2824526 
971 2824527 
972 2824530 
973 2824530 
974 2824530 
975 2824531 
976 2824531 
977 2824531 
978 2824532 
979 2824533 
980 2824533 
981 2824533 
982 2824537 
983 2824537 
984 2824542 
985 2824542 
986 2824542 
987 2824546 
988 2824547 
989 2824547 
990 2824547 
991 2824553 
992 2824558 
993 2824560 
994 2824562 
995 2824564 
996 2824564 
997 2824564 
998 2824564 
999 2824565 
1000 2824565 
1001 2824565 
1002 2824566 
1003 2824566 
1004 2824566 
1005 2824567 
1006 2824567 
1007 2824567 
1008 2824568 
1009 2824568 
1010 2824568 
1011 2824569 
1012 2824569 
1013 2824571 
1014 2824579 
1015 2824580 
1016 2824580 
1017 2824581 
1018 2824581 
1019 2824582 
1020 2824597 
1021 2824598 
1022 2824603 
1023 2824604 
1024 2824604 
1025 2824604 
1026 2824605 
1027 2824605 
1028 2824605 
1029 2824606 
1030 2824606 
1031 2824606 
1032 2824607 
1033 2824607 
1034 2824607 
1035 2824608 
1036 2824608 
1037 2824608 
1038 2824610 
1039 2824610 
1040 2824610 
1041 2824611 
1042 2824611 
1043 2824611 
1044 2824613 
1045 2824617 
1046 2824621 
1047 2824624 
1048 2824626 
1049 2824626 
1050 2824627 
1051 2824627 
1052 2824628 
1053 2824628 
1054 2824628 
1055 2824628 
1056 2824629 
1057 2824629 
1058 2824629 
1059 2824630 
1060 2824630 
1061 2824630 
1062 2824631 
1063 2824631 
1064 2824631 
1065 2824632 
1066 2824632 
1067 2824633 
1068 2824633 
1069 2824633 
1070 2824634 
1071 2824634 
1072 2824637 
1073 2824637 
1074 2824638 
1075 2824638 
1076 2824638 
1077 2824650 
1078 2824650 
1079 2824651 
1080 2824651 
1081 2824651 
1082 2824652 
1083 2824652 
1084 2824653 
1085 2824667 
1086 2824672 
1087 2824672 
1088 2824673 
1089 2824673 
1090 2824673 
1091 2824674 
1092 2824674 
1093 2824675 
1094 2824676 
1095 2824676 
1096 2824677 
1097 2824682 
1098 2824682 
1099 2824682 
1100 2824685 
1101 2824687 
1102 2824687 
1103 2824688 
1104 2824688 
1105 2824688 
1106 2824693 
1107 2824695 
1108 2824696 
1109 2824696 
1110 2824708 
1111 2824708 
1112 2824721 
1113 2824725 
1114 2824725 
1115 2824729 
1116 2824730 
1117 2824730 
1118 2824730 
1119 2824730 
1120 2824730 
1121 2824731 
1122 2824731 
1123 2824732 
1124 2824733 
1125 2824733 
1126 2824738 
1127 2824738 
1128 2824739 
1129 2824741 
1130 2824742 
1131 2824756 
1132 2824758 
1133 2824758 
1134 2824759 
1135 2824759 
1136 2824759 
1137 2824760 
1138 2824760 
1139 2824760 
1140 2824761 
1141 2824761 
1142 2824763 
1143 2824764 
1144 2824764 
1145 2824764 
1146 2824765 
1147 2824765 
1148 2824765 
1149 2824766 
1150 2824766 
1151 2824766 
1152 2824766 
1153 2824767 
1154 2824767 
1155 2824769 
1156 2824769 
1157 2824769 
1158 2824770 
1159 2824771 
1160 2824774 
1161 2824774 
1162 2824774 
1163 2824775 
1164 2824775 
1165 2824776 
1166 2824778 
1167 2824784 
1168 2824787 
1169 2824793 
1170 2824794 
1171 2824804 
1172 2824809 
1173 2824810 
1174 2824818 
1175 2824831 
1176 2824835 
1177 2824838 
1178 2824839 
1179 2824851 
1180 2824852 
1181 2824852 
1182 2824863 
1183 2824863 
1184 2824864 
1185 2824864 
1186 2824865 
1187 2824866 
1188 2824866 
1189 2824866 
1190 2824867 
1191 2824867 
1192 2824867 
1193 2824868 
1194 2824868 
1195 2824869 
1196 2824870 
1197 2824875 
1198 2824875 
1199 2824875 
1200 2824876 
1201 2824883 
1202 2824884 
1203 2824888 
1204 2824892 
1205 2824893 
1206 2824902 
1207 2824905 
1208 2824906 
1209 2824906 
1210 2824906 
1211 2824907 
1212 2824907 
1213 2824914 
1214 2824916 
1215 2824917 
1216 2824918 
1217 2824920 
1218 2824924 
1219 2824924 
1220 2824925 
1221 2824925 
1222 2824926 
1223 2824927 
1224 2824927 
1225 2824927 
1226 2824940 
1227 2824942 
1228 2824954 
1229 2824963 
1230 2824963 
1231 2824970 
1232 2824977 
1233 2824977 
1234 2824983 
1235 2824983 
1236 2825038 
1237 2825045 
1238 2825047 
1239 2825047 
1240 2825051 
1241 2825062 
1242 2825064 
1243 2825066 
1244 2825068 
1245 2825070 
1246 2825073 
1247 2825074 
1248 2825074 
1249 2825077 
1250 2825081 
1251 2825081 
1252 2825082 
1253 2825082 
1254 2825082 
1255 2825083 
1256 2825083 
1257 2825083 
1258 2825085 
1259 2825085 
1260 2825106 
1261 2825106 
1262 2825106 
1263 2825112 
1264 2825116 
1265 2825118 
1266 2825118 
1267 2825119 
1268 2825119 
1269 2825121 
1270 2825122 
1271 2825122 
1272 2825122 
1273 2825124 
1274 2825125 
1275 2825126 
1276 2825126 
1277 2825127 
1278 2825127 
1279 2825127 
1280 2825128 
1281 2825129 
1282 2825129 
1283 2825132 
1284 2825137 
1285 2825151 
1286 2825152 
1287 2825152 
1288 2825156 
1289 2825169 
1290 2825175 
1291 2825178 
1292 2825178 
1293 2825178 
1294 2825179 
1295 2825183 
1296 2825185 
1297 2825186 
1298 2825188 
1299 2825188 
1300 2825190 
1301 2825191 
1302 2825191 
1303 2825193 
1304 2825194 
1305 2825194 
1306 2825195 
1307 2825195 
1308 2825195 
1309 2825196 
1310 2825204 
1311 2825205 
1312 2825206 
1313 2825206 
1314 2825210 
1315 2825211 
1316 2825212 
1317 2825212 
1318 2825212 
1319 2825212 
1320 2825213 
1321 2825213 
1322 2825213 
1323 2825214 
1324 2825215 
1325 2825220 
1326 2825221 
1327 2825222 
1328 2825223 
1329 2825226 
1330 2825228 
1331 2825231 
1332 2825232 
1333 2825237 
1334 2825237 
1335 2825238 
1336 2825244 
1337 2825249 
1338 2825249 
1339 2825252 
1340 2825252 
1341 2825253 
1342 2825259 
1343 2825270 
1344 2825276 
1345 2825276 
1346 2825292 
1347 2825294 
1348 2825304 
1349 2825307 
1350 2825310 
1351 2825310 
1352 2825311 
1353 2825312 
1354 2825312 
1355 2825312 
1356 2825312 
1357 2825316 
1358 2825316 
1359 2825316 
1360 2825327 
1361 2825327 
1362 2825327 
1363 2825328 
1364 2825328 
1365 2825332 
1366 2825334 
1367 2825338 
1368 2825340 
1369 2825340 
1370 2825344 
1371 2825345 
1372 2825351 
1373 2825353 
1374 2825359 
1375 2825360 
1376 2825367 
1377 2825367 
1378 2825370 
1379 2825372 
1380 2825372 
1381 2825372 
1382 2825373 
1383 2825375 
1384 2825376 
1385 2825376 
1386 2825376 
1387 2825376 
1388 2825377 
1389 2825377 
1390 2825379 
1391 2825381 
1392 2825387 
1393 2825390 
1394 2825393 
1395 2825400 
1396 2825402 
1397 2825402 
1398 2825412 
1399 2825414 
1400 2825415 
1401 2825416 
1402 2825422 
1403 2825424 
1404 2825426 
1405 2825427 
1406 2825431 
1407 2825433 
1408 2825434 
1409 2825436 
1410 2825437 
1411 2825440 
1412 2825457 
1413 2825459 
1414 2825461 
1415 2825467 
1416 2825467 
1417 2825468 
1418 2825469 
1419 2825469 
1420 2825469 
1421 2825470 
1422 2825470 
1423 2825471 
1424 2825471 
1425 2825471 
1426 2825481 
1427 2825484 
1428 2825484 
1429 2825490 
1430 2825494 
1431 2825497 
1432 2825509 
1433 2825511 
1434 2825513 
1435 2825515 
1436 2825517 
1437 2825517 
1438 2825517 
1439 2825518 
1440 2825520 
1441 2825521 
1442 2825524 
1443 2825525 
1444 2825529 
1445 2825531 
1446 2825532 
1447 2825541 
1448 2825542 
1449 2825543 
1450 2825545 
1451 2825546 
1452 2825546 
1453 2825546 
1454 2825547 
1455 2825547 
1456 2825548 
1457 2825553 
1458 2825554 
1459 2825555 
1460 2825556 
1461 2825556 
1462 2825557 
1463 2825559 
1464 2825560 
1465 2825560 
1466 2825560 
1467 2825563 
1468 2825565 
1469 2825565 
1470 2825567 
1471 2825567 
1472 2825567 
1473 2825568 
1474 2825568 
1475 2825574 
1476 2825576 
1477 2825577 
1478 2825579 
1479 2825579 
1480 2825582 
1481 2825590 
1482 2825596 
1483 2825597 
1484 2825597 
1485 2825599 
1486 2825603 
1487 2825604 
1488 2825604 
1489 2825604 
1490 2825608 
1491 2825609 
1492 2825609 
1493 2825610 
1494 2825621 
1495 2825623 
1496 2825626 
1497 2825629 
1498 2825635 
1499 2825636 
1500 2825643 
1501 2825651 
1502 2825653 
1503 2825655 
1504 2825655 
1505 2825661 
1506 2825661 
1507 2825661 
1508 2825662 
1509 2825662 
1510 2825662 
1511 2825663 
1512 2825663 
1513 2825663 
1514 2825664 
1515 2825666 
1516 2825666 
1517 2825669 
1518 2825678 
1519 2825678 
1520 2825678 
1521 2825679 
1522 2825679 
1523 2825682 
1524 2825684 
1525 2825684 
1526 2825685 
1527 2825685 
1528 2825685 
1529 2825686 
1530 2825687 
1531 2825689 
1532 2825691 
1533 2825691 
1534 2825692 
1535 2825692 
1536 2825693 
1537 2825693 
1538 2825695 
1539 2825695 
1540 2825695 
1541 2825696 
1542 2825696 
1543 2825696 
1544 2825697 
1545 2825697 
1546 2825697 
1547 2825697 
1548 2825698 
1549 2825698 
1550 2825699 
1551 2825700 
1552 2825700 
1553 2825705 
1554 2825705 
1555 2825705 
1556 2825706 
1557 2825706 
1558 2825707 
1559 2825707 
1560 2825708 
1561 2825708 
1562 2825708 
1563 2825709 
1564 2825709 
1565 2825710 
1566 2825710 
1567 2825710 
1568 2825710 
1569 2825711 
1570 2825711 
1571 2825711 
1572 2825711 
1573 2825712 
1574 2825712 
1575 2825712 
1576 2825712 
1577 2825712 
1578 2825713 
1579 2825713 
1580 2825713 
1581 2825713 
1582 2825718 
1583 2825719 
1584 2825721 
1585 2825721 
1586 2825722 
1587 2825722 
1588 2825723 
1589 2825724 
1590 2825726 
1591 2825726 
1592 2825732 
1593 2825734 
1594 2825736 
1595 2825761 
1596 2825762 
1597 2825762 
1598 2825769 
1599 2825777 
1600 2825777 
1601 2825778 
1602 2825780 
1603 2825781 
1604 2825785 
1605 2825785 
1606 2825787 
1607 2825788 
1608 2825788 
1609 2825791 
1610 2825792 
1611 2825792 
1612 2825792 
1613 2825792 
1614 2825793 
1615 2825793 
1616 2825793 
1617 2825794 
1618 2825794 
1619 2825794 
1620 2825795 
1621 2825807 
1622 2825807 
1623 2825810 
1624 2825838 
1625 2825838 
1626 2825838 
1627 2825839 
1628 2825839 
1629 2825839 
1630 2825840 
1631 2825840 
1632 2825840 
1633 2825874 
1634 2825874 
1635 2825875 
1636 2825879 
1637 2825879 
1638 2825890 
1639 2825896 
1640 2825896 
1641 2825897 
1642 2825900 
1643 2825900 
1644 2825900 
1645 2825901 
1646 2825901 
1647 2825902 
1648 2825902 
1649 2825902 
1650 2825903 
1651 2825903 
1652 2825904 
1653 2825905 
1654 2825905 
1655 2825906 
1656 2825906 
1657 2825906 
1658 2825907 
1659 2825907 
1660 2825907 
1661 2825908 
1662 2825909 
1663 2825909 
1664 2825909 
1665 2825914 
1666 2825922 
1667 2825924 
1668 2825925 
1669 2825926 
1670 2825926 
1671 2825929 
1672 2825933 
1673 2825935 
1674 2825937 
1675 2825941 
1676 2825964 
1677 2825970 
1678 2825974 
1679 2825975 
1680 2825980 
1681 2825983 
1682 2825986 
1683 2825986 
1684 2825992 
1685 2826000 
1686 2826000 
