1067 0 0 581 0 1036 959 639 87 1036 315 1036 1036 0 0 0 872 1036 1036 0 1036 94 0 771 49 1036 0 894 1036 1036 63 1036 0 1036 1036 1036 1036 763 614 1 0 775 1036 34 19 0 1036 325 35 88 1036 0 1036 0 1036 0 1036 677 0
0 1067 1067 336 1067 0 0 0 0 0 741 0 0 0 1067 1067 17 0 0 1067 0 0 1067 265 486 0 1067 0 0 0 0 0 1067 0 0 0 0 131 0 0 1067 261 0 0 944 1067 0 162 1032 453 0 1067 0 1067 0 1067 0 261 1067
0 1067 1067 336 1067 0 0 0 0 0 741 0 0 0 1067 1067 17 0 0 1067 0 0 1067 265 486 0 1067 0 0 0 0 0 1067 0 0 0 0 131 0 0 1067 261 0 0 944 1067 0 162 1032 453 0 1067 0 1067 0 1067 0 261 1067
581 336 336 1067 336 612 612 181 87 612 658 612 612 0 336 336 448 612 612 336 612 141 336 347 384 612 336 470 612 612 85 612 336 612 612 612 612 743 651 4 336 351 612 2 355 336 612 626 301 513 612 336 612 336 612 336 612 477 336
0 1067 1067 336 1067 0 0 0 0 0 741 0 0 0 1067 1067 17 0 0 1067 0 0 1067 265 486 0 1067 0 0 0 0 0 1067 0 0 0 0 131 0 0 1067 261 0 0 944 1067 0 162 1032 453 0 1067 0 1067 0 1067 0 261 1067
1036 0 0 612 0 1067 990 636 87 1067 322 1067 1067 0 0 0 903 1067 1067 0 1067 125 0 802 48 1067 0 925 1067 1067 94 1067 0 1067 1067 1067 1067 794 645 0 0 806 1067 32 19 0 1067 356 35 83 1067 0 1067 0 1067 0 1067 708 0
959 0 0 612 0 990 1067 559 87 990 322 990 990 0 0 0 826 990 990 0 990 155 0 725 48 990 0 848 990 990 107 990 0 990 990 990 990 794 604 1 0 729 990 1 19 0 990 356 0 83 990 0 990 0 990 0 990 705 0
639 0 0 181 0 636 559 1067 5 636 0 636 636 0 0 0 666 636 636 0 636 21 0 636 9 636 0 654 636 636 21 636 0 636 636 636 636 363 214 93 0 636 636 33 1 0 636 8 35 90 636 0 636 0 636 0 636 475 0
87 0 0 87 0 87 87 5 1067 87 87 87 87 0 0 0 0 87 87 0 87 198 0 0 22 87 0 0 87 87 0 87 0 87 87 87 87 87 139 0 0 0 87 0 0 0 87 87 0 0 87 0 87 0 87 0 87 0 0
1036 0 0 612 0 1067 990 636 87 1067 322 1067 1067 0 0 0 903 1067 1067 0 1067 125 0 802 48 1067 0 925 1067 1067 94 1067 0 1067 1067 1067 1067 794 645 0 0 806 1067 32 19 0 1067 356 35 83 1067 0 1067 0 1067 0 1067 708 0
315 741 741 658 741 322 322 0 87 322 1067 322 322 0 741 741 158 322 322 741 322 72 741 57 520 322 741 180 322 322 55 322 741 322 322 322 322 453 322 0 741 61 322 4 760 741 322 484 706 405 322 741 322 741 322 741 322 187 741
1036 0 0 612 0 1067 990 636 87 1067 322 1067 1067 0 0 0 903 1067 1067 0 1067 125 0 802 48 1067 0 925 1067 1067 94 1067 0 1067 1067 1067 1067 794 645 0 0 806 1067 32 19 0 1067 356 35 83 1067 0 1067 0 1067 0 1067 708 0
1036 0 0 612 0 1067 990 636 87 1067 322 1067 1067 0 0 0 903 1067 1067 0 1067 125 0 802 48 1067 0 925 1067 1067 94 1067 0 1067 1067 1067 1067 794 645 0 0 806 1067 32 19 0 1067 356 35 83 1067 0 1067 0 1067 0 1067 708 0
0 0 0 0 0 0 0 0 0 0 0 0 0 1067 0 0 0 0 0 0 0 47 0 0 0 0 0 0 0 0 0 0 0 0 0 0 0 0 0 0 0 0 0 0 0 0 0 0 0 0 0 0 0 0 0 0 0 0 0
0 1067 1067 336 1067 0 0 0 0 0 741 0 0 0 1067 1067 17 0 0 1067 0 0 1067 265 486 0 1067 0 0 0 0 0 1067 0 0 0 0 131 0 0 1067 261 0 0 944 1067 0 162 1032 453 0 1067 0 1067 0 1067 0 261 1067
0 1067 1067 336 1067 0 0 0 0 0 741 0 0 0 1067 1067 17 0 0 1067 0 0 1067 265 486 0 1067 0 0 0 0 0 1067 0 0 0 0 131 0 0 1067 261 0 0 944 1067 0 162 1032 453 0 1067 0 1067 0 1067 0 261 1067
872 17 17 448 17 903 826 666 0 903 158 903 903 0 17 17 1067 903 903 17 903 95 17 819 57 903 17 1036 903 903 118 903 17 903 903 903 903 630 481 0 17 823 903 33 110 17 903 192 52 67 903 17 903 17 903 17 903 725 17
1036 0 0 612 0 1067 990 636 87 1067 322 1067 1067 0 0 0 903 1067 1067 0 1067 125 0 802 48 1067 0 925 1067 1067 94 1067 0 1067 1067 1067 1067 794 645 0 0 806 1067 32 19 0 1067 356 35 83 1067 0 1067 0 1067 0 1067 708 0
1036 0 0 612 0 1067 990 636 87 1067 322 1067 1067 0 0 0 903 1067 1067 0 1067 125 0 802 48 1067 0 925 1067 1067 94 1067 0 1067 1067 1067 1067 794 645 0 0 806 1067 32 19 0 1067 356 35 83 1067 0 1067 0 1067 0 1067 708 0
0 1067 1067 336 1067 0 0 0 0 0 741 0 0 0 1067 1067 17 0 0 1067 0 0 1067 265 486 0 1067 0 0 0 0 0 1067 0 0 0 0 131 0 0 1067 261 0 0 944 1067 0 162 1032 453 0 1067 0 1067 0 1067 0 261 1067
1036 0 0 612 0 1067 990 636 87 1067 322 1067 1067 0 0 0 903 1067 1067 0 1067 125 0 802 48 1067 0 925 1067 1067 94 1067 0 1067 1067 1067 1067 794 645 0 0 806 1067 32 19 0 1067 356 35 83 1067 0 1067 0 1067 0 1067 708 0
94 0 0 141 0 125 155 21 198 125 72 125 125 47 0 0 95 125 125 0 125 1067 0 95 4 125 0 97 125 125 122 125 0 125 125 125 125 109 173 1 0 95 125 60 0 0 125 143 9 60 125 0 125 0 125 0 125 107 0
0 1067 1067 336 1067 0 0 0 0 0 741 0 0 0 1067 1067 17 0 0 1067 0 0 1067 265 486 0 1067 0 0 0 0 0 1067 0 0 0 0 131 0 0 1067 261 0 0 944 1067 0 162 1032 453 0 1067 0 1067 0 1067 0 261 1067
771 265 265 347 265 802 725 636 0 802 57 802 802 0 265 265 819 802 802 265 802 95 265 1067 14 802 265 802 802 802 94 802 265 802 802 802 802 529 380 0 265 1063 802 32 142 265 802 91 300 131 802 265 802 265 802 265 802 839 265
49 486 486 384 486 48 48 9 22 48 520 48 48 0 486 486 57 48 48 486 48 4 486 14 1067 48 486 60 48 48 33 48 486 48 48 48 48 179 46 0 486 14 48 49 521 486 48 206 451 336 48 486 48 486 48 486 48 81 486
1036 0 0 612 0 1067 990 636 87 1067 322 1067 1067 0 0 0 903 1067 1067 0 1067 125 0 802 48 1067 0 925 1067 1067 94 1067 0 1067 1067 1067 1067 794 645 0 0 806 1067 32 19 0 1067 356 35 83 1067 0 1067 0 1067 0 1067 708 0
0 1067 1067 336 1067 0 0 0 0 0 741 0 0 0 1067 1067 17 0 0 1067 0 0 1067 265 486 0 1067 0 0 0 0 0 1067 0 0 0 0 131 0 0 1067 261 0 0 944 1067 0 162 1032 453 0 1067 0 1067 0 1067 0 261 1067
894 0 0 470 0 925 848 654 0 925 180 925 925 0 0 0 1036 925 925 0 925 97 0 802 60 925 0 1067 925 925 118 925 0 925 925 925 925 652 503 1 0 806 925 33 93 0 925 214 35 71 925 0 925 0 925 0 925 708 0
1036 0 0 612 0 1067 990 636 87 1067 322 1067 1067 0 0 0 903 1067 1067 0 1067 125 0 802 48 1067 0 925 1067 1067 94 1067 0 1067 1067 1067 1067 794 645 0 0 806 1067 32 19 0 1067 356 35 83 1067 0 1067 0 1067 0 1067 708 0
1036 0 0 612 0 1067 990 636 87 1067 322 1067 1067 0 0 0 903 1067 1067 0 1067 125 0 802 48 1067 0 925 1067 1067 94 1067 0 1067 1067 1067 1067 794 645 0 0 806 1067 32 19 0 1067 356 35 83 1067 0 1067 0 1067 0 1067 708 0
63 0 0 85 0 94 107 21 0 94 55 94 94 0 0 0 118 94 94 0 94 122 0 94 33 94 0 118 94 94 1067 94 0 94 94 94 94 87 279 14 0 94 94 157 24 0 94 238 9 35 94 0 94 0 94 0 94 85 0
1036 0 0 612 0 1067 990 636 87 1067 322 1067 1067 0 0 0 903 1067 1067 0 1067 125 0 802 48 1067 0 925 1067 1067 94 1067 0 1067 1067 1067 1067 794 645 0 0 806 1067 32 19 0 1067 356 35 83 1067 0 1067 0 1067 0 1067 708 0
0 1067 1067 336 1067 0 0 0 0 0 741 0 0 0 1067 1067 17 0 0 1067 0 0 1067 265 486 0 1067 0 0 0 0 0 1067 0 0 0 0 131 0 0 1067 261 0 0 944 1067 0 162 1032 453 0 1067 0 1067 0 1067 0 261 1067
1036 0 0 612 0 1067 990 636 87 1067 322 1067 1067 0 0 0 903 1067 1067 0 1067 125 0 802 48 1067 0 925 1067 1067 94 1067 0 1067 1067 1067 1067 794 645 0 0 806 1067 32 19 0 1067 356 35 83 1067 0 1067 0 1067 0 1067 708 0
1036 0 0 612 0 1067 990 636 87 1067 322 1067 1067 0 0 0 903 1067 1067 0 1067 125 0 802 48 1067 0 925 1067 1067 94 1067 0 1067 1067 1067 1067 794 645 0 0 806 1067 32 19 0 1067 356 35 83 1067 0 1067 0 1067 0 1067 708 0
1036 0 0 612 0 1067 990 636 87 1067 322 1067 1067 0 0 0 903 1067 1067 0 1067 125 0 802 48 1067 0 925 1067 1067 94 1067 0 1067 1067 1067 1067 794 645 0 0 806 1067 32 19 0 1067 356 35 83 1067 0 1067 0 1067 0 1067 708 0
1036 0 0 612 0 1067 990 636 87 1067 322 1067 1067 0 0 0 903 1067 1067 0 1067 125 0 802 48 1067 0 925 1067 1067 94 1067 0 1067 1067 1067 1067 794 645 0 0 806 1067 32 19 0 1067 356 35 83 1067 0 1067 0 1067 0 1067 708 0
763 131 131 743 131 794 794 363 87 794 453 794 794 0 131 131 630 794 794 131 794 109 131 529 179 794 131 652 794 794 87 794 131 794 794 794 794 1067 548 1 131 533 794 11 150 131 794 477 96 214 794 131 794 131 794 131 794 687 131
614 0 0 651 0 645 604 214 139 645 322 645 645 0 0 0 481 645 645 0 645 173 0 380 46 645 0 503 645 645 279 645 0 645 645 645 645 548 1067 6 0 384 645 24 19 0 645 612 15 215 645 0 645 0 645 0 645 349 0
1 0 0 4 0 0 1 93 0 0 0 0 0 0 0 0 0 0 0 0 0 1 0 0 0 0 0 1 0 0 14 0 0 0 0 0 0 1 6 1067 0 0 0 8 3 0 0 3 0 0 0 0 0 0 0 0 0 4 0
0 1067 1067 336 1067 0 0 0 0 0 741 0 0 0 1067 1067 17 0 0 1067 0 0 1067 265 486 0 1067 0 0 0 0 0 1067 0 0 0 0 131 0 0 1067 261 0 0 944 1067 0 162 1032 453 0 1067 0 1067 0 1067 0 261 1067
775 261 261 351 261 806 729 636 0 806 61 806 806 0 261 261 823 806 806 261 806 95 261 1063 14 806 261 806 806 806 94 806 261 806 806 806 806 533 384 0 261 1067 806 32 138 261 806 95 296 131 806 261 806 261 806 261 806 843 261
1036 0 0 612 0 1067 990 636 87 1067 322 1067 1067 0 0 0 903 1067 1067 0 1067 125 0 802 48 1067 0 925 1067 1067 94 1067 0 1067 1067 1067 1067 794 645 0 0 806 1067 32 19 0 1067 356 35 83 1067 0 1067 0 1067 0 1067 708 0
34 0 0 2 0 32 1 33 0 32 4 32 32 0 0 0 33 32 32 0 32 60 0 32 49 32 0 33 32 32 157 32 0 32 32 32 32 11 24 8 0 32 32 1067 3 0 32 21 32 6 32 0 32 0 32 0 32 3 0
19 944 944 355 944 19 19 1 0 19 760 19 19 0 944 944 110 19 19 944 19 0 944 142 521 19 944 93 19 19 24 19 944 19 19 19 19 150 19 3 944 138 19 3 1067 944 19 181 909 330 19 944 19 944 19 944 19 138 944
0 1067 1067 336 1067 0 0 0 0 0 741 0 0 0 1067 1067 17 0 0 1067 0 0 1067 265 486 0 1067 0 0 0 0 0 1067 0 0 0 0 131 0 0 1067 261 0 0 944 1067 0 162 1032 453 0 1067 0 1067 0 1067 0 261 1067
1036 0 0 612 0 1067 990 636 87 1067 322 1067 1067 0 0 0 903 1067 1067 0 1067 125 0 802 48 1067 0 925 1067 1067 94 1067 0 1067 1067 1067 1067 794 645 0 0 806 1067 32 19 0 1067 356 35 83 1067 0 1067 0 1067 0 1067 708 0
325 162 162 626 162 356 356 8 87 356 484 356 356 0 162 162 192 356 356 162 356 143 162 91 206 356 162 214 356 356 238 356 162 356 356 356 356 477 612 3 162 95 356 21 181 162 356 1067 127 519 356 162 356 162 356 162 356 223 162
35 1032 1032 301 1032 35 0 35 0 35 706 35 35 0 1032 1032 52 35 35 1032 35 9 1032 300 451 35 1032 35 35 35 9 35 1032 35 35 35 35 96 15 0 1032 296 35 32 909 1032 35 127 1067 418 35 1032 35 1032 35 1032 35 226 1032
88 453 453 513 453 83 83 90 0 83 405 83 83 0 453 453 67 83 83 453 83 60 453 131 336 83 453 71 83 83 35 83 453 83 83 83 83 214 215 0 453 131 83 6 330 453 83 519 418 1067 83 453 83 453 83 453 83 255 453
1036 0 0 612 0 1067 990 636 87 1067 322 1067 1067 0 0 0 903 1067 1067 0 1067 125 0 802 48 1067 0 925 1067 1067 94 1067 0 1067 1067 1067 1067 794 645 0 0 806 1067 32 19 0 1067 356 35 83 1067 0 1067 0 1067 0 1067 708 0
0 1067 1067 336 1067 0 0 0 0 0 741 0 0 0 1067 1067 17 0 0 1067 0 0 1067 265 486 0 1067 0 0 0 0 0 1067 0 0 0 0 131 0 0 1067 261 0 0 944 1067 0 162 1032 453 0 1067 0 1067 0 1067 0 261 1067
1036 0 0 612 0 1067 990 636 87 1067 322 1067 1067 0 0 0 903 1067 1067 0 1067 125 0 802 48 1067 0 925 1067 1067 94 1067 0 1067 1067 1067 1067 794 645 0 0 806 1067 32 19 0 1067 356 35 83 1067 0 1067 0 1067 0 1067 708 0
0 1067 1067 336 1067 0 0 0 0 0 741 0 0 0 1067 1067 17 0 0 1067 0 0 1067 265 486 0 1067 0 0 0 0 0 1067 0 0 0 0 131 0 0 1067 261 0 0 944 1067 0 162 1032 453 0 1067 0 1067 0 1067 0 261 1067
1036 0 0 612 0 1067 990 636 87 1067 322 1067 1067 0 0 0 903 1067 1067 0 1067 125 0 802 48 1067 0 925 1067 1067 94 1067 0 1067 1067 1067 1067 794 645 0 0 806 1067 32 19 0 1067 356 35 83 1067 0 1067 0 1067 0 1067 708 0
0 1067 1067 336 1067 0 0 0 0 0 741 0 0 0 1067 1067 17 0 0 1067 0 0 1067 265 486 0 1067 0 0 0 0 0 1067 0 0 0 0 131 0 0 1067 261 0 0 944 1067 0 162 1032 453 0 1067 0 1067 0 1067 0 261 1067
1036 0 0 612 0 1067 990 636 87 1067 322 1067 1067 0 0 0 903 1067 1067 0 1067 125 0 802 48 1067 0 925 1067 1067 94 1067 0 1067 1067 1067 1067 794 645 0 0 806 1067 32 19 0 1067 356 35 83 1067 0 1067 0 1067 0 1067 708 0
677 261 261 477 261 708 705 475 0 708 187 708 708 0 261 261 725 708 708 261 708 107 261 839 81 708 261 708 708 708 85 708 261 708 708 708 708 687 349 4 261 843 708 3 138 261 708 223 226 255 708 261 708 261 708 261 708 1067 261
0 1067 1067 336 1067 0 0 0 0 0 741 0 0 0 1067 1067 17 0 0 1067 0 0 1067 265 486 0 1067 0 0 0 0 0 1067 0 0 0 0 131 0 0 1067 261 0 0 944 1067 0 162 1032 453 0 1067 0 1067 0 1067 0 261 1067
