1 2491200 
2 2491200 
3 2491201 
4 2491201 
5 2491201 
6 2491202 
7 2491202 
8 2491202 
9 2491202 
10 2491202 
11 2491203 
12 2491203 
13 2491204 
14 2491204 
15 2491204 
16 2491205 
17 2491205 
18 2491205 
19 2491206 
20 2491206 
21 2491206 
22 2491206 
23 2491207 
24 2491207 
25 2491207 
26 2491208 
27 2491208 
28 2491208 
29 2491208 
30 2491209 
31 2491209 
32 2491209 
33 2491209 
34 2491210 
35 2491210 
36 2491210 
37 2491210 
38 2491211 
39 2491211 
40 2491211 
41 2491211 
42 2491211 
43 2491212 
44 2491212 
45 2491212 
46 2491213 
47 2491213 
48 2491213 
49 2491214 
50 2491214 
51 2491214 
52 2491215 
53 2491215 
54 2491215 
55 2491216 
56 2491216 
57 2491216 
58 2491217 
59 2491217 
60 2491217 
61 2491218 
62 2491218 
63 2491218 
64 2491219 
65 2491219 
66 2491219 
67 2491219 
68 2491220 
69 2491220 
70 2491220 
71 2491220 
72 2491220 
73 2491221 
74 2491221 
75 2491221 
76 2491221 
77 2491222 
78 2491222 
79 2491222 
80 2491222 
81 2491223 
82 2491223 
83 2491223 
84 2491224 
85 2491224 
86 2491224 
87 2491224 
88 2491225 
89 2491225 
90 2491225 
91 2491226 
92 2491226 
93 2491226 
94 2491226 
95 2491227 
96 2491227 
97 2491228 
98 2491228 
99 2491228 
100 2491229 
101 2491229 
102 2491229 
103 2491229 
104 2491230 
105 2491230 
106 2491230 
107 2491230 
108 2491231 
109 2491231 
110 2491231 
111 2491231 
112 2491232 
113 2491232 
114 2491232 
115 2491233 
116 2491233 
117 2491233 
118 2491234 
119 2491234 
120 2491234 
121 2491235 
122 2491235 
123 2491235 
124 2491235 
125 2491235 
126 2491236 
127 2491236 
128 2491236 
129 2491237 
130 2491237 
131 2491237 
132 2491237 
133 2491238 
134 2491238 
135 2491238 
136 2491238 
137 2491239 
138 2491239 
139 2491239 
140 2491240 
141 2491240 
142 2491240 
143 2491240 
144 2491241 
145 2491241 
146 2491241 
147 2491242 
148 2491242 
149 2491242 
150 2491243 
151 2491243 
152 2491243 
153 2491244 
154 2491244 
155 2491246 
156 2491247 
157 2491247 
158 2491247 
159 2491248 
160 2491248 
161 2491248 
162 2491248 
163 2491249 
164 2491249 
165 2491249 
166 2491250 
167 2491250 
168 2491250 
169 2491253 
170 2491254 
171 2491254 
172 2491254 
173 2491255 
174 2491255 
175 2491255 
176 2491256 
177 2491256 
178 2491257 
179 2491257 
180 2491257 
181 2491258 
182 2491258 
183 2491260 
184 2491260 
185 2491261 
186 2491261 
187 2491262 
188 2491262 
189 2491262 
190 2491263 
191 2491263 
192 2491264 
193 2491264 
194 2491264 
195 2491265 
196 2491265 
197 2491265 
198 2491266 
199 2491266 
200 2491266 
201 2491267 
202 2491267 
203 2491268 
204 2491268 
205 2491268 
206 2491269 
207 2491269 
208 2491269 
209 2491270 
210 2491270 
211 2491270 
212 2491271 
213 2491271 
214 2491271 
215 2491271 
216 2491272 
217 2491272 
218 2491272 
219 2491272 
220 2491273 
221 2491273 
222 2491273 
223 2491273 
224 2491274 
225 2491274 
226 2491274 
227 2491275 
228 2491275 
229 2491275 
230 2491276 
231 2491276 
232 2491277 
233 2491277 
234 2491277 
235 2491278 
236 2491278 
237 2491279 
238 2491279 
239 2491279 
240 2491280 
241 2491280 
242 2491280 
243 2491281 
244 2491281 
245 2491281 
246 2491282 
247 2491282 
248 2491282 
249 2491282 
250 2491283 
251 2491283 
252 2491283 
253 2491284 
254 2491284 
255 2491284 
256 2491285 
257 2491285 
258 2491285 
259 2491286 
260 2491286 
261 2491286 
262 2491286 
263 2491287 
264 2491287 
265 2491287 
266 2491288 
267 2491288 
268 2491289 
269 2491289 
270 2491289 
271 2491290 
272 2491290 
273 2491290 
274 2491291 
275 2491291 
276 2491292 
277 2491292 
278 2491292 
279 2491293 
280 2491293 
281 2491297 
282 2491297 
283 2491297 
284 2491299 
285 2491311 
286 2491312 
287 2491312 
288 2491313 
289 2491313 
290 2491313 
291 2491314 
292 2491314 
293 2491314 
294 2491315 
295 2491315 
296 2491315 
297 2491315 
298 2491316 
299 2491316 
300 2491316 
301 2491317 
302 2491317 
303 2491318 
304 2491318 
305 2491318 
306 2491319 
307 2491319 
308 2491319 
309 2491322 
310 2491322 
311 2491323 
312 2491323 
313 2491323 
314 2491324 
315 2491324 
316 2491325 
317 2491327 
318 2491327 
319 2491327 
320 2491328 
321 2491331 
322 2491332 
323 2491332 
324 2491333 
325 2491333 
326 2491333 
327 2491334 
328 2491334 
329 2491334 
330 2491335 
331 2491335 
332 2491335 
333 2491335 
334 2491336 
335 2491336 
336 2491336 
337 2491336 
338 2491337 
339 2491337 
340 2491337 
341 2491337 
342 2491338 
343 2491338 
344 2491338 
345 2491338 
346 2491338 
347 2491339 
348 2491339 
349 2491339 
350 2491339 
351 2491340 
352 2491340 
353 2491341 
354 2491341 
355 2491341 
356 2491342 
357 2491342 
358 2491342 
359 2491343 
360 2491344 
361 2491344 
362 2491344 
363 2491345 
364 2491345 
365 2491346 
366 2491346 
367 2491346 
368 2491347 
369 2491347 
370 2491348 
371 2491348 
372 2491353 
373 2491353 
374 2491356 
375 2491357 
376 2491358 
377 2491359 
378 2491359 
379 2491360 
380 2491360 
381 2491360 
382 2491360 
383 2491361 
384 2491361 
385 2491361 
386 2491362 
387 2491362 
388 2491363 
389 2491363 
390 2491363 
391 2491364 
392 2491364 
393 2491364 
394 2491365 
395 2491365 
396 2491365 
397 2491366 
398 2491366 
399 2491366 
400 2491367 
401 2491367 
402 2491367 
403 2491368 
404 2491368 
405 2491368 
406 2491368 
407 2491369 
408 2491369 
409 2491369 
410 2491369 
411 2491370 
412 2491370 
413 2491370 
414 2491370 
415 2491371 
416 2491371 
417 2491371 
418 2491371 
419 2491371 
420 2491372 
421 2491372 
422 2491372 
423 2491372 
424 2491372 
425 2491373 
426 2491373 
427 2491373 
428 2491373 
429 2491374 
430 2491374 
431 2491374 
432 2491375 
433 2491375 
434 2491375 
435 2491375 
436 2491375 
437 2491376 
438 2491376 
439 2491376 
440 2491376 
441 2491377 
442 2491377 
443 2491377 
444 2491377 
445 2491378 
446 2491378 
447 2491378 
448 2491378 
449 2491379 
450 2491379 
451 2491379 
452 2491379 
453 2491380 
454 2491380 
455 2491380 
456 2491380 
457 2491381 
458 2491381 
459 2491381 
460 2491381 
461 2491382 
462 2491382 
463 2491382 
464 2491382 
465 2491383 
466 2491383 
467 2491383 
468 2491384 
469 2491384 
470 2491384 
471 2491384 
472 2491385 
473 2491385 
474 2491385 
475 2491385 
476 2491386 
477 2491386 
478 2491387 
479 2491387 
480 2491387 
481 2491387 
482 2491388 
483 2491388 
484 2491388 
485 2491388 
486 2491389 
487 2491389 
488 2491389 
489 2491389 
490 2491390 
491 2491390 
492 2491390 
493 2491390 
494 2491391 
495 2491391 
496 2491391 
497 2491392 
498 2491392 
499 2491392 
500 2491393 
501 2491393 
502 2491393 
503 2491393 
504 2491394 
505 2491394 
506 2491394 
507 2491395 
508 2491395 
509 2491395 
510 2491396 
511 2491396 
512 2491396 
513 2491397 
514 2491397 
515 2491397 
516 2491398 
517 2491399 
518 2491399 
519 2491400 
520 2491401 
521 2491402 
522 2491403 
523 2491403 
524 2491404 
525 2491404 
526 2491404 
527 2491405 
528 2491405 
529 2491405 
530 2491406 
531 2491406 
532 2491406 
533 2491407 
534 2491407 
535 2491407 
536 2491408 
537 2491408 
538 2491408 
539 2491409 
540 2491409 
541 2491409 
542 2491410 
543 2491410 
544 2491410 
545 2491411 
546 2491411 
547 2491411 
548 2491412 
549 2491412 
550 2491413 
551 2491414 
552 2491414 
553 2491417 
554 2491417 
555 2491418 
556 2491418 
557 2491418 
558 2491418 
559 2491419 
560 2491419 
561 2491419 
562 2491419 
563 2491419 
564 2491420 
565 2491420 
566 2491420 
567 2491420 
568 2491421 
569 2491421 
570 2491421 
571 2491421 
572 2491422 
573 2491422 
574 2491423 
575 2491423 
576 2491423 
577 2491424 
578 2491424 
579 2491425 
580 2491425 
581 2491426 
582 2491426 
583 2491427 
584 2491428 
585 2491432 
586 2491433 
587 2491436 
588 2491436 
589 2491437 
590 2491437 
591 2491439 
592 2491439 
593 2491440 
594 2491440 
595 2491440 
596 2491441 
597 2491441 
598 2491441 
599 2491442 
600 2491442 
601 2491442 
602 2491443 
603 2491443 
604 2491443 
605 2491444 
606 2491444 
607 2491445 
608 2491445 
609 2491445 
610 2491446 
611 2491446 
612 2491446 
613 2491447 
614 2491447 
615 2491448 
616 2491448 
617 2491449 
618 2491449 
619 2491450 
620 2491450 
621 2491451 
622 2491451 
623 2491451 
624 2491452 
625 2491452 
626 2491453 
627 2491454 
628 2491454 
629 2491455 
630 2491455 
631 2491455 
632 2491456 
633 2491456 
634 2491457 
635 2491457 
636 2491457 
637 2491458 
638 2491458 
639 2491458 
640 2491459 
641 2491459 
642 2491460 
643 2491461 
644 2491461 
645 2491461 
646 2491462 
647 2491462 
648 2491462 
649 2491463 
650 2491463 
651 2491464 
652 2491464 
653 2491465 
654 2491465 
655 2491466 
656 2491466 
657 2491466 
658 2491467 
659 2491468 
660 2491469 
661 2491469 
662 2491470 
663 2491470 
664 2491470 
665 2491471 
666 2491471 
667 2491471 
668 2491472 
669 2491472 
670 2491474 
671 2491475 
672 2491475 
673 2491475 
674 2491476 
675 2491476 
676 2491476 
677 2491477 
678 2491477 
679 2491478 
680 2491478 
681 2491478 
682 2491479 
683 2491479 
684 2491479 
685 2491479 
686 2491480 
687 2491480 
688 2491480 
689 2491481 
690 2491481 
691 2491481 
692 2491482 
693 2491483 
694 2491483 
695 2491483 
696 2491484 
697 2491484 
698 2491484 
699 2491485 
700 2491485 
701 2491485 
702 2491486 
703 2491486 
704 2491486 
705 2491487 
706 2491487 
707 2491487 
708 2491488 
709 2491488 
710 2491488 
711 2491489 
712 2491489 
713 2491490 
714 2491490 
715 2491490 
716 2491491 
717 2491491 
718 2491492 
719 2491492 
720 2491494 
721 2491495 
722 2491495 
723 2491495 
724 2491497 
725 2491497 
726 2491498 
727 2491499 
728 2491500 
729 2491500 
730 2491501 
731 2491501 
732 2491501 
733 2491504 
734 2491505 
735 2491505 
736 2491505 
737 2491506 
738 2491506 
739 2491507 
740 2491507 
741 2491507 
742 2491508 
743 2491508 
744 2491508 
745 2491509 
746 2491509 
747 2491510 
748 2491510 
749 2491510 
750 2491511 
751 2491511 
752 2491511 
753 2491512 
754 2491512 
755 2491512 
756 2491513 
757 2491513 
758 2491513 
759 2491514 
760 2491514 
761 2491514 
762 2491515 
763 2491515 
764 2491515 
765 2491516 
766 2491516 
767 2491517 
768 2491517 
769 2491517 
770 2491518 
771 2491518 
772 2491518 
773 2491519 
774 2491519 
775 2491520 
776 2491521 
777 2491522 
778 2491522 
779 2491522 
780 2491523 
781 2491523 
782 2491523 
783 2491523 
784 2491524 
785 2491524 
786 2491524 
787 2491525 
788 2491525 
789 2491525 
790 2491526 
791 2491526 
792 2491527 
793 2491527 
794 2491527 
795 2491528 
796 2491528 
797 2491532 
798 2491543 
799 2491545 
800 2491545 
801 2491545 
802 2491546 
803 2491546 
804 2491546 
805 2491547 
806 2491547 
807 2491548 
808 2491548 
809 2491548 
810 2491549 
811 2491549 
812 2491550 
813 2491550 
814 2491550 
815 2491551 
816 2491551 
817 2491555 
818 2491559 
819 2491559 
820 2491560 
821 2491560 
822 2491560 
823 2491561 
824 2491562 
825 2491564 
826 2491569 
827 2491575 
828 2491576 
829 2491576 
830 2491577 
831 2491580 
832 2491582 
833 2491583 
834 2491583 
835 2491585 
836 2491585 
837 2491587 
838 2491590 
839 2491590 
840 2491590 
841 2491591 
842 2491591 
843 2491591 
844 2491592 
845 2491592 
846 2491593 
847 2491593 
848 2491599 
849 2491603 
850 2491603 
851 2491603 
852 2491604 
853 2491606 
854 2491607 
855 2491607 
856 2491607 
857 2491608 
858 2491608 
859 2491608 
860 2491608 
861 2491609 
862 2491610 
863 2491610 
864 2491611 
865 2491611 
866 2491612 
867 2491612 
868 2491613 
869 2491613 
870 2491614 
871 2491614 
872 2491615 
873 2491616 
874 2491617 
875 2491630 
876 2491630 
877 2491631 
878 2491631 
879 2491631 
880 2491632 
881 2491632 
882 2491633 
883 2491633 
884 2491634 
885 2491637 
886 2491646 
887 2491646 
888 2491646 
889 2491647 
890 2491647 
891 2491647 
892 2491648 
893 2491650 
894 2491650 
895 2491650 
896 2491651 
897 2491651 
898 2491651 
899 2491652 
900 2491653 
901 2491653 
902 2491653 
903 2491654 
904 2491654 
905 2491654 
906 2491655 
907 2491655 
908 2491663 
909 2491664 
910 2491669 
911 2491672 
912 2491673 
913 2491673 
914 2491673 
915 2491675 
916 2491675 
917 2491675 
918 2491676 
919 2491676 
920 2491677 
921 2491677 
922 2491677 
923 2491678 
924 2491678 
925 2491678 
926 2491679 
927 2491679 
928 2491679 
929 2491680 
930 2491684 
931 2491684 
932 2491684 
933 2491685 
934 2491685 
935 2491685 
936 2491686 
937 2491686 
938 2491687 
939 2491687 
940 2491687 
941 2491688 
942 2491692 
943 2491693 
944 2491694 
945 2491694 
946 2491695 
947 2491695 
948 2491695 
949 2491695 
950 2491696 
951 2491696 
952 2491697 
953 2491697 
954 2491697 
955 2491698 
956 2491698 
957 2491698 
958 2491698 
959 2491699 
960 2491699 
961 2491700 
962 2491700 
963 2491700 
964 2491701 
965 2491701 
966 2491701 
967 2491702 
968 2491702 
969 2491703 
970 2491703 
971 2491703 
972 2491704 
973 2491704 
974 2491704 
975 2491705 
976 2491705 
977 2491705 
978 2491705 
979 2491706 
980 2491706 
981 2491706 
982 2491707 
983 2491708 
984 2491709 
985 2491712 
986 2491712 
987 2491712 
988 2491713 
989 2491713 
990 2491713 
991 2491713 
992 2491714 
993 2491714 
994 2491716 
995 2491717 
996 2491717 
997 2491721 
998 2491721 
999 2491722 
1000 2491722 
1001 2491728 
1002 2491732 
1003 2491732 
1004 2491732 
1005 2491733 
1006 2491733 
1007 2491733 
1008 2491734 
1009 2491734 
1010 2491736 
1011 2491737 
1012 2491737 
1013 2491738 
1014 2491739 
1015 2491740 
1016 2491740 
1017 2491740 
1018 2491741 
1019 2491741 
1020 2491741 
1021 2491742 
1022 2491742 
1023 2491742 
1024 2491743 
1025 2491744 
1026 2491745 
1027 2491745 
1028 2491745 
1029 2491746 
1030 2491746 
1031 2491746 
1032 2491747 
1033 2491747 
1034 2491748 
1035 2491748 
1036 2491748 
1037 2491750 
1038 2491751 
1039 2491751 
1040 2491751 
1041 2491752 
1042 2491752 
1043 2491752 
1044 2491753 
1045 2491754 
1046 2491754 
1047 2491755 
1048 2491755 
1049 2491756 
1050 2491756 
1051 2491758 
1052 2491758 
1053 2491759 
1054 2491759 
1055 2491760 
1056 2491760 
1057 2491762 
1058 2491764 
1059 2491764 
1060 2491764 
1061 2491765 
1062 2491765 
1063 2491765 
1064 2491766 
1065 2491766 
1066 2491766 
1067 2491766 
1068 2491767 
1069 2491767 
1070 2491768 
1071 2491768 
1072 2491768 
1073 2491769 
1074 2491769 
1075 2491770 
1076 2491772 
1077 2491772 
1078 2491772 
1079 2491773 
1080 2491773 
1081 2491774 
1082 2491774 
1083 2491774 
1084 2491775 
1085 2491775 
1086 2491776 
1087 2491776 
1088 2491777 
1089 2491778 
1090 2491778 
1091 2491778 
1092 2491779 
1093 2491779 
1094 2491780 
1095 2491780 
1096 2491781 
1097 2491781 
1098 2491781 
1099 2491782 
1100 2491782 
1101 2491782 
1102 2491783 
1103 2491784 
1104 2491785 
1105 2491785 
1106 2491785 
1107 2491786 
1108 2491786 
1109 2491786 
1110 2491787 
1111 2491787 
1112 2491787 
1113 2491788 
1114 2491788 
1115 2491789 
1116 2491789 
1117 2491789 
1118 2491799 
1119 2491799 
1120 2491800 
1121 2491800 
1122 2491801 
1123 2491801 
1124 2491802 
1125 2491802 
1126 2491803 
1127 2491803 
1128 2491804 
1129 2491804 
1130 2491804 
1131 2491805 
1132 2491805 
1133 2491805 
1134 2491806 
1135 2491806 
1136 2491807 
1137 2491807 
1138 2491807 
1139 2491807 
1140 2491808 
1141 2491808 
1142 2491808 
1143 2491809 
1144 2491809 
1145 2491809 
1146 2491809 
1147 2491810 
1148 2491810 
1149 2491810 
1150 2491810 
1151 2491811 
1152 2491811 
1153 2491811 
1154 2491811 
1155 2491812 
1156 2491812 
1157 2491812 
1158 2491812 
1159 2491813 
1160 2491813 
1161 2491813 
1162 2491813 
1163 2491814 
1164 2491814 
1165 2491814 
1166 2491814 
1167 2491815 
1168 2491815 
1169 2491815 
1170 2491815 
1171 2491816 
1172 2491816 
1173 2491816 
1174 2491817 
1175 2491817 
1176 2491817 
1177 2491817 
1178 2491818 
1179 2491818 
1180 2491818 
1181 2491818 
1182 2491819 
1183 2491819 
1184 2491819 
1185 2491819 
1186 2491820 
1187 2491820 
1188 2491820 
1189 2491820 
1190 2491820 
1191 2491821 
1192 2491821 
1193 2491821 
1194 2491821 
1195 2491822 
1196 2491822 
1197 2491822 
1198 2491822 
1199 2491823 
1200 2491823 
1201 2491823 
1202 2491823 
1203 2491824 
1204 2491824 
1205 2491824 
1206 2491824 
1207 2491825 
1208 2491825 
1209 2491825 
1210 2491825 
1211 2491826 
1212 2491826 
1213 2491826 
1214 2491826 
1215 2491826 
1216 2491827 
1217 2491827 
1218 2491827 
1219 2491827 
1220 2491828 
1221 2491828 
1222 2491828 
1223 2491829 
1224 2491829 
1225 2491829 
1226 2491829 
1227 2491830 
1228 2491830 
1229 2491830 
1230 2491830 
1231 2491831 
1232 2491831 
1233 2491831 
1234 2491832 
1235 2491832 
1236 2491832 
1237 2491832 
1238 2491833 
1239 2491833 
1240 2491833 
1241 2491833 
1242 2491834 
1243 2491834 
1244 2491834 
1245 2491834 
1246 2491835 
1247 2491835 
1248 2491835 
1249 2491836 
1250 2491836 
1251 2491836 
1252 2491837 
1253 2491837 
1254 2491837 
1255 2491837 
1256 2491838 
1257 2491838 
1258 2491838 
1259 2491839 
1260 2491839 
1261 2491839 
1262 2491840 
1263 2491840 
1264 2491840 
1265 2491840 
1266 2491841 
1267 2491841 
1268 2491841 
1269 2491842 
1270 2491842 
1271 2491842 
1272 2491842 
1273 2491843 
1274 2491843 
1275 2491844 
1276 2491844 
1277 2491844 
1278 2491845 
1279 2491845 
1280 2491845 
1281 2491846 
1282 2491846 
1283 2491847 
1284 2491847 
1285 2491847 
1286 2491848 
1287 2491848 
1288 2491848 
1289 2491849 
1290 2491849 
1291 2491849 
1292 2491850 
1293 2491850 
1294 2491850 
1295 2491851 
1296 2491851 
1297 2491851 
1298 2491852 
1299 2491852 
1300 2491852 
1301 2491853 
1302 2491853 
1303 2491853 
1304 2491853 
1305 2491854 
1306 2491854 
1307 2491854 
1308 2491855 
1309 2491855 
1310 2491855 
1311 2491856 
1312 2491856 
1313 2491856 
1314 2491856 
1315 2491857 
1316 2491857 
1317 2491857 
1318 2491858 
1319 2491858 
1320 2491858 
1321 2491858 
1322 2491859 
1323 2491859 
1324 2491859 
1325 2491859 
1326 2491859 
1327 2491860 
1328 2491860 
1329 2491860 
1330 2491860 
1331 2491860 
1332 2491861 
1333 2491861 
1334 2491861 
1335 2491861 
1336 2491862 
1337 2491862 
1338 2491862 
1339 2491862 
1340 2491863 
1341 2491863 
1342 2491863 
1343 2491863 
1344 2491864 
1345 2491864 
1346 2491864 
1347 2491864 
1348 2491865 
1349 2491865 
1350 2491865 
1351 2491865 
1352 2491866 
1353 2491866 
1354 2491866 
1355 2491867 
1356 2491867 
1357 2491867 
1358 2491867 
1359 2491868 
1360 2491868 
1361 2491868 
1362 2491869 
1363 2491869 
1364 2491869 
1365 2491869 
1366 2491870 
1367 2491870 
1368 2491870 
1369 2491870 
1370 2491871 
1371 2491871 
1372 2491871 
1373 2491871 
1374 2491871 
1375 2491872 
1376 2491872 
1377 2491872 
1378 2491873 
1379 2491873 
1380 2491873 
1381 2491874 
1382 2491874 
1383 2491874 
1384 2491874 
1385 2491875 
1386 2491875 
1387 2491875 
1388 2491876 
1389 2491876 
1390 2491876 
1391 2491876 
1392 2491877 
1393 2491877 
1394 2491877 
1395 2491877 
1396 2491878 
1397 2491878 
1398 2491878 
1399 2491879 
1400 2491879 
1401 2491879 
1402 2491880 
1403 2491880 
1404 2491880 
1405 2491880 
1406 2491881 
1407 2491881 
1408 2491881 
1409 2491881 
1410 2491882 
1411 2491882 
1412 2491882 
1413 2491882 
1414 2491883 
1415 2491883 
1416 2491883 
1417 2491884 
1418 2491884 
1419 2491884 
1420 2491884 
1421 2491885 
1422 2491885 
1423 2491885 
1424 2491885 
1425 2491886 
1426 2491886 
1427 2491886 
1428 2491886 
1429 2491887 
1430 2491887 
1431 2491887 
1432 2491887 
1433 2491888 
1434 2491888 
1435 2491888 
1436 2491888 
1437 2491889 
1438 2491889 
1439 2491889 
1440 2491890 
1441 2491890 
1442 2491890 
1443 2491891 
1444 2491891 
1445 2491891 
1446 2491891 
1447 2491892 
1448 2491892 
1449 2491892 
1450 2491893 
1451 2491893 
1452 2491893 
1453 2491894 
1454 2491894 
1455 2491894 
1456 2491894 
1457 2491895 
1458 2491895 
1459 2491895 
1460 2491895 
1461 2491895 
1462 2491896 
1463 2491896 
1464 2491896 
1465 2491896 
1466 2491896 
1467 2491897 
1468 2491897 
1469 2491897 
1470 2491897 
1471 2491898 
1472 2491898 
1473 2491898 
1474 2491898 
1475 2491899 
1476 2491899 
1477 2491899 
1478 2491899 
1479 2491900 
1480 2491900 
1481 2491900 
1482 2491900 
1483 2491901 
1484 2491901 
1485 2491901 
1486 2491901 
1487 2491902 
1488 2491902 
1489 2491902 
1490 2491902 
1491 2491903 
1492 2491903 
1493 2491903 
1494 2491903 
1495 2491904 
1496 2491904 
1497 2491904 
1498 2491904 
1499 2491904 
1500 2491905 
1501 2491905 
1502 2491905 
1503 2491906 
1504 2491906 
1505 2491906 
1506 2491906 
1507 2491907 
1508 2491907 
1509 2491907 
1510 2491908 
1511 2491908 
1512 2491908 
1513 2491908 
1514 2491909 
1515 2491909 
1516 2491909 
1517 2491909 
1518 2491909 
1519 2491910 
1520 2491910 
1521 2491910 
1522 2491910 
1523 2491910 
1524 2491911 
1525 2491911 
1526 2491911 
1527 2491911 
1528 2491911 
1529 2491912 
1530 2491912 
1531 2491912 
1532 2491912 
1533 2491913 
1534 2491913 
1535 2491913 
1536 2491913 
1537 2491914 
1538 2491914 
1539 2491914 
1540 2491914 
1541 2491915 
1542 2491915 
1543 2491915 
1544 2491916 
1545 2491916 
1546 2491916 
1547 2491918 
1548 2491919 
1549 2491919 
1550 2491923 
1551 2491923 
1552 2491924 
1553 2491924 
1554 2491925 
1555 2491925 
1556 2491925 
1557 2491926 
1558 2491926 
1559 2491926 
1560 2491928 
1561 2491929 
1562 2491934 
1563 2491937 
1564 2491943 
1565 2491945 
1566 2491945 
1567 2491946 
1568 2491946 
1569 2491947 
1570 2491947 
1571 2491947 
1572 2491948 
1573 2491948 
1574 2491948 
1575 2491948 
1576 2491949 
1577 2491949 
1578 2491949 
1579 2491950 
1580 2491950 
1581 2491950 
1582 2491951 
1583 2491951 
1584 2491952 
1585 2491952 
1586 2491952 
1587 2491953 
1588 2491953 
1589 2491953 
1590 2491954 
1591 2491954 
1592 2491954 
1593 2491955 
1594 2491955 
1595 2491955 
1596 2491955 
1597 2491956 
1598 2491956 
1599 2491956 
1600 2491957 
1601 2491957 
1602 2491957 
1603 2491957 
1604 2491958 
1605 2491958 
1606 2491958 
1607 2491959 
1608 2491959 
1609 2491959 
1610 2491960 
1611 2491960 
1612 2491961 
1613 2491961 
1614 2491963 
1615 2491966 
1616 2491966 
1617 2491967 
1618 2491968 
1619 2491968 
1620 2491968 
1621 2491969 
1622 2491969 
1623 2491969 
1624 2491970 
1625 2491973 
1626 2491973 
1627 2491973 
1628 2491974 
1629 2491977 
1630 2491981 
1631 2491983 
1632 2491984 
1633 2491984 
1634 2491985 
1635 2491986 
1636 2491986 
1637 2491987 
1638 2491987 
1639 2491987 
1640 2491988 
1641 2491988 
1642 2491988 
1643 2491989 
1644 2491989 
1645 2491989 
1646 2491989 
1647 2491990 
1648 2491990 
1649 2491990 
1650 2491991 
1651 2491992 
1652 2491992 
1653 2491992 
1654 2491993 
1655 2491993 
1656 2491993 
1657 2491994 
1658 2491994 
1659 2491994 
1660 2491995 
1661 2491995 
1662 2491996 
1663 2491996 
1664 2491997 
1665 2491997 
1666 2491998 
1667 2491998 
1668 2491999 
1669 2492000 
1670 2492000 
1671 2492000 
1672 2492001 
1673 2492001 
1674 2492002 
1675 2492002 
1676 2492004 
1677 2492006 
1678 2492007 
1679 2492007 
1680 2492008 
1681 2492008 
1682 2492012 
1683 2492017 
1684 2492018 
1685 2492018 
1686 2492019 
1687 2492023 
1688 2492023 
1689 2492023 
1690 2492024 
1691 2492024 
1692 2492025 
1693 2492025 
1694 2492025 
1695 2492025 
1696 2492025 
1697 2492026 
1698 2492026 
1699 2492026 
1700 2492026 
1701 2492027 
1702 2492027 
1703 2492027 
1704 2492028 
1705 2492028 
1706 2492028 
1707 2492029 
1708 2492029 
1709 2492029 
1710 2492030 
1711 2492030 
1712 2492031 
1713 2492031 
1714 2492031 
1715 2492033 
1716 2492036 
1717 2492037 
1718 2492038 
1719 2492038 
1720 2492039 
1721 2492039 
1722 2492039 
1723 2492040 
1724 2492040 
1725 2492040 
1726 2492041 
1727 2492041 
1728 2492041 
1729 2492042 
1730 2492042 
1731 2492042 
1732 2492043 
1733 2492043 
1734 2492044 
1735 2492046 
1736 2492049 
1737 2492059 
1738 2492064 
1739 2492065 
1740 2492065 
1741 2492065 
1742 2492066 
1743 2492066 
1744 2492066 
1745 2492067 
1746 2492067 
1747 2492067 
1748 2492068 
1749 2492068 
1750 2492068 
1751 2492069 
1752 2492069 
1753 2492069 
1754 2492070 
1755 2492070 
1756 2492070 
1757 2492071 
1758 2492071 
1759 2492072 
1760 2492073 
1761 2492074 
1762 2492074 
1763 2492075 
1764 2492075 
1765 2492075 
1766 2492076 
1767 2492076 
1768 2492076 
1769 2492077 
1770 2492079 
1771 2492079 
1772 2492080 
1773 2492081 
1774 2492082 
1775 2492083 
1776 2492083 
1777 2492084 
1778 2492084 
1779 2492085 
1780 2492085 
1781 2492089 
1782 2492090 
1783 2492090 
1784 2492091 
1785 2492091 
1786 2492091 
1787 2492092 
1788 2492092 
1789 2492093 
1790 2492094 
1791 2492094 
1792 2492094 
1793 2492095 
1794 2492096 
1795 2492100 
1796 2492101 
1797 2492101 
1798 2492102 
1799 2492102 
1800 2492102 
1801 2492103 
1802 2492103 
1803 2492104 
1804 2492104 
1805 2492104 
1806 2492105 
1807 2492105 
1808 2492105 
1809 2492106 
1810 2492107 
1811 2492108 
1812 2492108 
1813 2492108 
1814 2492108 
1815 2492109 
1816 2492109 
1817 2492109 
1818 2492109 
1819 2492110 
1820 2492110 
1821 2492110 
1822 2492111 
1823 2492111 
1824 2492114 
1825 2492116 
1826 2492117 
1827 2492117 
1828 2492118 
1829 2492118 
1830 2492118 
1831 2492122 
1832 2492122 
1833 2492122 
1834 2492123 
1835 2492124 
1836 2492125 
1837 2492125 
1838 2492125 
1839 2492126 
1840 2492126 
1841 2492126 
1842 2492127 
1843 2492127 
1844 2492127 
1845 2492128 
1846 2492128 
1847 2492128 
1848 2492129 
1849 2492129 
1850 2492130 
1851 2492130 
1852 2492133 
1853 2492134 
1854 2492134 
1855 2492134 
1856 2492135 
1857 2492135 
1858 2492135 
1859 2492136 
1860 2492136 
1861 2492137 
1862 2492137 
1863 2492137 
1864 2492137 
1865 2492138 
1866 2492140 
1867 2492140 
1868 2492141 
1869 2492141 
1870 2492141 
1871 2492142 
1872 2492142 
1873 2492142 
1874 2492143 
1875 2492143 
1876 2492143 
1877 2492144 
1878 2492144 
1879 2492144 
1880 2492145 
1881 2492146 
1882 2492147 
1883 2492148 
1884 2492148 
1885 2492151 
1886 2492153 
1887 2492153 
1888 2492153 
1889 2492153 
1890 2492153 
1891 2492155 
1892 2492155 
1893 2492156 
1894 2492156 
1895 2492156 
1896 2492159 
1897 2492159 
1898 2492160 
1899 2492161 
1900 2492161 
1901 2492161 
1902 2492161 
1903 2492162 
1904 2492162 
1905 2492162 
1906 2492163 
1907 2492163 
1908 2492163 
1909 2492164 
1910 2492164 
1911 2492164 
1912 2492165 
1913 2492167 
1914 2492175 
1915 2492178 
1916 2492186 
1917 2492188 
1918 2492193 
1919 2492193 
1920 2492194 
1921 2492194 
1922 2492194 
1923 2492195 
1924 2492195 
1925 2492199 
1926 2492199 
1927 2492199 
1928 2492203 
1929 2492204 
1930 2492204 
1931 2492204 
1932 2492205 
1933 2492205 
1934 2492206 
1935 2492207 
1936 2492210 
1937 2492211 
1938 2492211 
1939 2492212 
1940 2492213 
1941 2492213 
1942 2492214 
1943 2492214 
1944 2492214 
1945 2492215 
1946 2492215 
1947 2492215 
1948 2492215 
1949 2492215 
1950 2492216 
1951 2492219 
1952 2492219 
1953 2492221 
1954 2492221 
1955 2492224 
1956 2492224 
1957 2492225 
1958 2492225 
1959 2492229 
1960 2492230 
1961 2492230 
1962 2492230 
1963 2492231 
1964 2492231 
1965 2492231 
1966 2492231 
1967 2492232 
1968 2492232 
1969 2492232 
1970 2492233 
1971 2492233 
1972 2492233 
1973 2492234 
1974 2492234 
1975 2492235 
1976 2492236 
1977 2492237 
1978 2492237 
1979 2492237 
1980 2492238 
1981 2492238 
1982 2492238 
1983 2492238 
1984 2492239 
1985 2492242 
1986 2492242 
1987 2492243 
1988 2492243 
1989 2492243 
1990 2492244 
1991 2492244 
1992 2492244 
1993 2492245 
1994 2492245 
1995 2492245 
1996 2492246 
1997 2492252 
1998 2492252 
1999 2492252 
2000 2492253 
2001 2492253 
2002 2492253 
2003 2492254 
2004 2492254 
2005 2492254 
2006 2492255 
2007 2492255 
2008 2492255 
2009 2492256 
2010 2492256 
2011 2492265 
2012 2492266 
2013 2492266 
2014 2492268 
2015 2492268 
2016 2492269 
2017 2492269 
2018 2492269 
2019 2492270 
2020 2492270 
2021 2492270 
2022 2492271 
2023 2492271 
2024 2492271 
2025 2492272 
2026 2492272 
2027 2492275 
2028 2492282 
2029 2492284 
2030 2492287 
2031 2492293 
2032 2492296 
2033 2492328 
2034 2492345 
2035 2492352 
2036 2492358 
2037 2492390 
2038 2492411 
2039 2492423 
2040 2492423 
2041 2492424 
2042 2492425 
2043 2492431 
2044 2492443 
2045 2492443 
2046 2492444 
2047 2492447 
2048 2492451 
2049 2492451 
2050 2492457 
2051 2492457 
2052 2492460 
2053 2492460 
2054 2492466 
2055 2492502 
2056 2492505 
2057 2492507 
2058 2492508 
2059 2492508 
2060 2492508 
2061 2492509 
2062 2492509 
2063 2492509 
2064 2492510 
2065 2492510 
2066 2492510 
2067 2492511 
2068 2492511 
2069 2492514 
2070 2492514 
2071 2492516 
2072 2492516 
2073 2492517 
2074 2492519 
2075 2492519 
2076 2492520 
2077 2492520 
2078 2492520 
2079 2492521 
2080 2492521 
2081 2492522 
2082 2492522 
2083 2492540 
2084 2492542 
2085 2492544 
2086 2492556 
2087 2492564 
2088 2492577 
2089 2492581 
2090 2492582 
2091 2492582 
2092 2492588 
2093 2492593 
2094 2492595 
2095 2492599 
2096 2492600 
2097 2492600 
2098 2492600 
2099 2492611 
2100 2492614 
2101 2492706 
2102 2492707 
2103 2492708 
2104 2492708 
2105 2492709 
2106 2492709 
2107 2492710 
2108 2492745 
2109 2492747 
2110 2492749 
2111 2492755 
2112 2492755 
2113 2492755 
2114 2492756 
2115 2492756 
2116 2492756 
2117 2492757 
2118 2492757 
2119 2492757 
2120 2492758 
2121 2492758 
2122 2492758 
2123 2492759 
2124 2492760 
2125 2492761 
2126 2492761 
2127 2492762 
2128 2492762 
2129 2492762 
2130 2492762 
2131 2492765 
2132 2492774 
2133 2492776 
2134 2492791 
2135 2492792 
2136 2492792 
2137 2492793 
2138 2492793 
2139 2492793 
2140 2492793 
2141 2492794 
2142 2492794 
2143 2492794 
2144 2492797 
2145 2492799 
2146 2492799 
2147 2492801 
2148 2492804 
2149 2492808 
2150 2492815 
2151 2492818 
2152 2492818 
2153 2492830 
2154 2492832 
2155 2492834 
2156 2492841 
2157 2492844 
2158 2492846 
2159 2492884 
2160 2492889 
2161 2492894 
2162 2492894 
2163 2492909 
2164 2492910 
2165 2492910 
2166 2492910 
2167 2492911 
2168 2492911 
2169 2492912 
2170 2492912 
2171 2492923 
2172 2492924 
2173 2492924 
2174 2492949 
2175 2492949 
2176 2492949 
2177 2492950 
2178 2492950 
2179 2492950 
2180 2492951 
2181 2492951 
2182 2492963 
2183 2492966 
2184 2492974 
2185 2492996 
2186 2492997 
2187 2492997 
2188 2492998 
2189 2492998 
2190 2492999 
2191 2492999 
2192 2493005 
2193 2493014 
2194 2493015 
2195 2493015 
2196 2493015 
2197 2493016 
2198 2493016 
2199 2493022 
2200 2493035 
2201 2493037 
2202 2493038 
2203 2493053 
2204 2493087 
2205 2493127 
2206 2493127 
2207 2493127 
2208 2493127 
2209 2493129 
2210 2493130 
2211 2493130 
2212 2493131 
2213 2493131 
2214 2493132 
2215 2493133 
2216 2493134 
2217 2493135 
2218 2493137 
2219 2493137 
2220 2493139 
2221 2493139 
2222 2493145 
2223 2493146 
2224 2493146 
2225 2493147 
2226 2493148 
2227 2493149 
2228 2493149 
2229 2493150 
2230 2493151 
2231 2493151 
2232 2493151 
2233 2493171 
2234 2493189 
2235 2493189 
2236 2493193 
2237 2493194 
2238 2493194 
2239 2493196 
2240 2493202 
2241 2493202 
2242 2493202 
2243 2493203 
2244 2493203 
2245 2493203 
2246 2493206 
2247 2493229 
2248 2493229 
2249 2493232 
2250 2493234 
2251 2493237 
2252 2493246 
2253 2493248 
2254 2493248 
2255 2493249 
2256 2493249 
2257 2493249 
2258 2493250 
2259 2493250 
2260 2493250 
2261 2493251 
2262 2493251 
2263 2493252 
2264 2493263 
2265 2493267 
2266 2493268 
2267 2493275 
2268 2493278 
2269 2493279 
2270 2493279 
2271 2493280 
2272 2493285 
2273 2493285 
2274 2493288 
2275 2493293 
2276 2493294 
2277 2493295 
2278 2493297 
2279 2493299 
2280 2493299 
2281 2493300 
2282 2493300 
2283 2493300 
2284 2493301 
2285 2493301 
2286 2493302 
2287 2493302 
2288 2493314 
2289 2493317 
2290 2493319 
2291 2493320 
2292 2493320 
2293 2493321 
2294 2493321 
2295 2493321 
2296 2493322 
2297 2493322 
2298 2493323 
2299 2493325 
2300 2493326 
2301 2493326 
2302 2493327 
2303 2493327 
2304 2493332 
2305 2493334 
2306 2493340 
2307 2493340 
2308 2493341 
2309 2493341 
2310 2493348 
2311 2493349 
2312 2493349 
2313 2493349 
2314 2493350 
2315 2493350 
2316 2493350 
2317 2493351 
2318 2493351 
2319 2493352 
2320 2493352 
2321 2493352 
2322 2493353 
2323 2493353 
2324 2493354 
2325 2493354 
2326 2493354 
2327 2493355 
2328 2493361 
2329 2493361 
2330 2493362 
2331 2493362 
2332 2493362 
2333 2493363 
2334 2493363 
2335 2493363 
2336 2493364 
2337 2493364 
2338 2493364 
2339 2493365 
2340 2493366 
2341 2493375 
2342 2493375 
2343 2493388 
2344 2493389 
2345 2493389 
2346 2493394 
2347 2493394 
2348 2493397 
2349 2493398 
2350 2493398 
2351 2493398 
2352 2493399 
2353 2493399 
2354 2493399 
2355 2493400 
2356 2493400 
2357 2493400 
2358 2493401 
2359 2493401 
2360 2493402 
2361 2493402 
2362 2493402 
2363 2493403 
2364 2493403 
2365 2493403 
2366 2493404 
2367 2493404 
2368 2493404 
2369 2493404 
2370 2493405 
2371 2493405 
2372 2493405 
2373 2493406 
2374 2493407 
2375 2493407 
2376 2493408 
2377 2493408 
2378 2493409 
2379 2493409 
2380 2493410 
2381 2493410 
2382 2493410 
2383 2493411 
2384 2493411 
2385 2493411 
2386 2493411 
2387 2493412 
2388 2493412 
2389 2493412 
2390 2493413 
2391 2493413 
2392 2493414 
2393 2493414 
2394 2493415 
2395 2493415 
2396 2493416 
2397 2493416 
2398 2493417 
2399 2493417 
2400 2493417 
2401 2493417 
2402 2493418 
2403 2493419 
2404 2493419 
2405 2493420 
2406 2493420 
2407 2493420 
2408 2493421 
2409 2493421 
2410 2493422 
2411 2493422 
2412 2493422 
2413 2493426 
2414 2493427 
2415 2493430 
2416 2493430 
2417 2493430 
2418 2493431 
2419 2493431 
2420 2493432 
2421 2493432 
2422 2493432 
2423 2493433 
2424 2493433 
2425 2493433 
2426 2493434 
2427 2493434 
2428 2493434 
2429 2493435 
2430 2493435 
2431 2493439 
2432 2493445 
2433 2493445 
2434 2493445 
2435 2493447 
2436 2493449 
2437 2493450 
2438 2493451 
2439 2493460 
2440 2493462 
2441 2493462 
2442 2493463 
2443 2493463 
2444 2493464 
2445 2493465 
2446 2493465 
2447 2493465 
2448 2493466 
2449 2493466 
2450 2493467 
2451 2493468 
2452 2493468 
2453 2493468 
2454 2493469 
2455 2493469 
2456 2493469 
2457 2493469 
2458 2493470 
2459 2493470 
2460 2493470 
2461 2493470 
2462 2493470 
2463 2493471 
2464 2493471 
2465 2493471 
2466 2493472 
2467 2493472 
2468 2493472 
2469 2493473 
2470 2493473 
2471 2493473 
2472 2493474 
2473 2493474 
2474 2493475 
2475 2493475 
2476 2493477 
2477 2493477 
2478 2493477 
2479 2493477 
2480 2493478 
2481 2493478 
2482 2493478 
2483 2493478 
2484 2493480 
2485 2493482 
2486 2493482 
2487 2493485 
2488 2493485 
2489 2493486 
2490 2493487 
2491 2493487 
2492 2493488 
2493 2493488 
2494 2493495 
2495 2493496 
2496 2493502 
2497 2493505 
2498 2493508 
2499 2493511 
2500 2493511 
2501 2493513 
2502 2493516 
2503 2493521 
2504 2493521 
2505 2493522 
2506 2493525 
2507 2493536 
2508 2493536 
2509 2493537 
2510 2493539 
2511 2493544 
2512 2493551 
2513 2493552 
2514 2493552 
2515 2493554 
2516 2493554 
2517 2493555 
2518 2493555 
2519 2493555 
2520 2493556 
2521 2493556 
2522 2493556 
2523 2493557 
2524 2493557 
2525 2493557 
2526 2493558 
2527 2493558 
2528 2493558 
2529 2493559 
2530 2493560 
2531 2493560 
2532 2493560 
2533 2493562 
2534 2493562 
2535 2493563 
2536 2493564 
2537 2493564 
2538 2493564 
2539 2493565 
2540 2493566 
2541 2493566 
2542 2493567 
2543 2493567 
2544 2493567 
2545 2493567 
2546 2493567 
2547 2493568 
2548 2493568 
2549 2493568 
2550 2493568 
2551 2493569 
2552 2493569 
2553 2493569 
2554 2493570 
2555 2493570 
2556 2493571 
2557 2493571 
2558 2493571 
2559 2493572 
2560 2493572 
2561 2493572 
2562 2493573 
2563 2493573 
2564 2493573 
2565 2493574 
2566 2493574 
2567 2493577 
2568 2493577 
2569 2493577 
2570 2493578 
2571 2493578 
2572 2493579 
2573 2493579 
2574 2493579 
2575 2493580 
2576 2493581 
2577 2493582 
2578 2493582 
2579 2493582 
2580 2493582 
2581 2493583 
2582 2493583 
2583 2493583 
2584 2493584 
2585 2493584 
2586 2493585 
2587 2493585 
2588 2493585 
2589 2493586 
2590 2493587 
2591 2493588 
2592 2493588 
2593 2493588 
2594 2493589 
2595 2493589 
2596 2493589 
2597 2493589 
2598 2493590 
2599 2493590 
2600 2493591 
2601 2493591 
2602 2493591 
2603 2493591 
2604 2493592 
2605 2493592 
2606 2493592 
2607 2493592 
2608 2493593 
2609 2493593 
2610 2493593 
2611 2493593 
2612 2493594 
2613 2493594 
2614 2493595 
2615 2493595 
2616 2493595 
2617 2493596 
2618 2493596 
2619 2493596 
2620 2493597 
2621 2493598 
2622 2493598 
2623 2493598 
2624 2493599 
2625 2493599 
2626 2493599 
2627 2493599 
2628 2493600 
2629 2493600 
2630 2493600 
2631 2493600 
2632 2493601 
2633 2493601 
2634 2493601 
2635 2493602 
2636 2493602 
2637 2493602 
2638 2493602 
2639 2493603 
2640 2493604 
2641 2493604 
2642 2493605 
2643 2493605 
2644 2493606 
2645 2493607 
2646 2493607 
2647 2493607 
2648 2493608 
2649 2493608 
2650 2493609 
2651 2493609 
2652 2493609 
2653 2493610 
2654 2493610 
2655 2493610 
2656 2493611 
2657 2493614 
2658 2493614 
2659 2493615 
2660 2493617 
2661 2493617 
2662 2493617 
2663 2493618 
2664 2493618 
2665 2493618 
2666 2493618 
2667 2493619 
2668 2493619 
2669 2493619 
2670 2493619 
2671 2493620 
2672 2493620 
2673 2493620 
2674 2493621 
2675 2493621 
2676 2493621 
2677 2493622 
2678 2493622 
2679 2493622 
2680 2493623 
2681 2493623 
2682 2493623 
2683 2493624 
2684 2493624 
2685 2493624 
2686 2493625 
2687 2493625 
2688 2493625 
2689 2493626 
2690 2493626 
2691 2493626 
2692 2493626 
2693 2493626 
2694 2493627 
2695 2493627 
2696 2493627 
2697 2493628 
2698 2493628 
2699 2493628 
2700 2493628 
2701 2493629 
2702 2493629 
2703 2493629 
2704 2493629 
2705 2493630 
2706 2493631 
2707 2493631 
2708 2493631 
2709 2493632 
2710 2493632 
2711 2493632 
2712 2493633 
2713 2493633 
2714 2493633 
2715 2493634 
2716 2493634 
2717 2493634 
2718 2493635 
2719 2493635 
2720 2493635 
2721 2493636 
2722 2493636 
2723 2493636 
2724 2493637 
2725 2493637 
2726 2493637 
2727 2493638 
2728 2493638 
2729 2493638 
2730 2493639 
2731 2493639 
2732 2493640 
2733 2493641 
2734 2493641 
2735 2493644 
2736 2493645 
2737 2493649 
2738 2493650 
2739 2493650 
2740 2493650 
2741 2493650 
2742 2493651 
2743 2493651 
2744 2493651 
2745 2493652 
2746 2493652 
2747 2493652 
2748 2493653 
2749 2493655 
2750 2493655 
2751 2493656 
2752 2493656 
2753 2493656 
2754 2493657 
2755 2493657 
2756 2493657 
2757 2493657 
2758 2493658 
2759 2493658 
2760 2493658 
2761 2493658 
2762 2493658 
2763 2493659 
2764 2493659 
2765 2493659 
2766 2493663 
2767 2493663 
2768 2493663 
2769 2493664 
2770 2493664 
2771 2493664 
2772 2493665 
2773 2493667 
2774 2493672 
2775 2493674 
2776 2493675 
2777 2493675 
2778 2493675 
2779 2493675 
2780 2493676 
2781 2493676 
2782 2493676 
2783 2493676 
2784 2493676 
2785 2493677 
2786 2493678 
2787 2493678 
2788 2493680 
2789 2493680 
2790 2493681 
2791 2493681 
2792 2493681 
2793 2493681 
2794 2493682 
2795 2493684 
2796 2493685 
2797 2493686 
2798 2493686 
2799 2493686 
2800 2493687 
2801 2493687 
2802 2493687 
2803 2493688 
2804 2493688 
2805 2493689 
2806 2493689 
2807 2493689 
2808 2493689 
2809 2493690 
2810 2493690 
2811 2493691 
2812 2493691 
2813 2493691 
2814 2493692 
2815 2493696 
2816 2493696 
2817 2493697 
2818 2493697 
2819 2493697 
2820 2493698 
2821 2493698 
2822 2493699 
2823 2493699 
2824 2493699 
2825 2493699 
2826 2493700 
2827 2493700 
2828 2493701 
2829 2493701 
2830 2493701 
2831 2493702 
2832 2493702 
2833 2493702 
2834 2493703 
2835 2493703 
2836 2493704 
2837 2493704 
2838 2493704 
2839 2493706 
2840 2493706 
2841 2493707 
2842 2493711 
2843 2493711 
2844 2493711 
2845 2493711 
2846 2493714 
2847 2493717 
2848 2493717 
2849 2493717 
2850 2493718 
2851 2493718 
2852 2493720 
2853 2493721 
2854 2493721 
2855 2493721 
2856 2493721 
2857 2493722 
2858 2493722 
2859 2493722 
2860 2493722 
2861 2493722 
2862 2493723 
2863 2493723 
2864 2493723 
2865 2493724 
2866 2493724 
2867 2493724 
2868 2493724 
2869 2493724 
2870 2493725 
2871 2493725 
2872 2493725 
2873 2493725 
2874 2493726 
2875 2493726 
2876 2493726 
2877 2493726 
2878 2493727 
2879 2493727 
2880 2493727 
2881 2493728 
2882 2493729 
2883 2493729 
2884 2493730 
2885 2493730 
2886 2493730 
2887 2493730 
2888 2493731 
2889 2493732 
2890 2493732 
2891 2493732 
2892 2493732 
2893 2493733 
2894 2493733 
2895 2493733 
2896 2493733 
2897 2493733 
2898 2493734 
2899 2493734 
2900 2493734 
2901 2493735 
2902 2493735 
2903 2493735 
2904 2493736 
2905 2493738 
2906 2493741 
2907 2493742 
2908 2493743 
2909 2493743 
2910 2493744 
2911 2493745 
2912 2493745 
2913 2493745 
2914 2493746 
2915 2493746 
2916 2493746 
2917 2493746 
2918 2493746 
2919 2493747 
2920 2493747 
2921 2493747 
2922 2493748 
2923 2493748 
2924 2493748 
2925 2493749 
2926 2493749 
2927 2493749 
2928 2493750 
2929 2493751 
2930 2493751 
2931 2493751 
2932 2493752 
2933 2493752 
2934 2493752 
2935 2493753 
2936 2493753 
2937 2493753 
2938 2493754 
2939 2493754 
2940 2493754 
2941 2493755 
2942 2493755 
2943 2493755 
2944 2493755 
2945 2493755 
2946 2493756 
2947 2493756 
2948 2493756 
2949 2493756 
2950 2493757 
2951 2493757 
2952 2493757 
2953 2493758 
2954 2493758 
2955 2493758 
2956 2493759 
2957 2493761 
2958 2493762 
2959 2493762 
2960 2493763 
2961 2493763 
2962 2493763 
2963 2493764 
2964 2493764 
2965 2493764 
2966 2493764 
2967 2493765 
2968 2493765 
2969 2493766 
2970 2493766 
2971 2493766 
2972 2493767 
2973 2493767 
2974 2493767 
2975 2493767 
2976 2493768 
2977 2493768 
2978 2493768 
2979 2493768 
2980 2493768 
2981 2493769 
2982 2493769 
2983 2493769 
2984 2493770 
2985 2493770 
2986 2493770 
2987 2493770 
2988 2493771 
2989 2493771 
2990 2493771 
2991 2493772 
2992 2493772 
2993 2493772 
2994 2493773 
2995 2493773 
2996 2493773 
2997 2493774 
2998 2493774 
2999 2493775 
3000 2493776 
3001 2493777 
3002 2493777 
3003 2493777 
3004 2493778 
3005 2493778 
3006 2493778 
3007 2493779 
3008 2493779 
3009 2493789 
3010 2493796 
3011 2493796 
3012 2493797 
3013 2493800 
3014 2493801 
3015 2493802 
3016 2493802 
3017 2493812 
3018 2493819 
3019 2493821 
3020 2493823 
3021 2493823 
3022 2493824 
3023 2493832 
3024 2493840 
3025 2493842 
3026 2493848 
3027 2493851 
3028 2493851 
3029 2493858 
3030 2493858 
3031 2493859 
3032 2493859 
3033 2493860 
3034 2493860 
3035 2493860 
3036 2493860 
3037 2493861 
3038 2493861 
3039 2493861 
3040 2493862 
3041 2493862 
3042 2493862 
3043 2493863 
3044 2493863 
3045 2493864 
3046 2493864 
3047 2493864 
3048 2493865 
3049 2493865 
3050 2493865 
3051 2493866 
3052 2493866 
3053 2493866 
3054 2493867 
3055 2493867 
3056 2493867 
3057 2493868 
3058 2493868 
3059 2493868 
3060 2493868 
3061 2493868 
3062 2493869 
3063 2493869 
3064 2493869 
3065 2493869 
3066 2493870 
3067 2493870 
3068 2493870 
3069 2493870 
3070 2493871 
3071 2493871 
3072 2493871 
3073 2493871 
3074 2493872 
3075 2493872 
3076 2493872 
3077 2493872 
3078 2493872 
3079 2493873 
3080 2493873 
3081 2493873 
3082 2493874 
3083 2493874 
3084 2493874 
3085 2493875 
3086 2493875 
3087 2493875 
3088 2493875 
3089 2493876 
3090 2493876 
3091 2493876 
3092 2493876 
3093 2493877 
3094 2493877 
3095 2493877 
3096 2493877 
3097 2493878 
3098 2493878 
3099 2493878 
3100 2493879 
3101 2493879 
3102 2493879 
3103 2493879 
3104 2493879 
3105 2493880 
3106 2493880 
3107 2493880 
3108 2493881 
3109 2493881 
3110 2493881 
3111 2493882 
3112 2493882 
3113 2493882 
3114 2493883 
3115 2493883 
3116 2493883 
3117 2493883 
3118 2493884 
3119 2493884 
3120 2493884 
3121 2493885 
3122 2493885 
3123 2493885 
3124 2493886 
3125 2493886 
3126 2493886 
3127 2493887 
3128 2493887 
3129 2493887 
3130 2493888 
3131 2493888 
3132 2493888 
3133 2493889 
3134 2493889 
3135 2493890 
3136 2493890 
3137 2493890 
3138 2493891 
3139 2493891 
3140 2493891 
3141 2493891 
3142 2493892 
3143 2493892 
3144 2493893 
3145 2493893 
3146 2493893 
3147 2493895 
3148 2493895 
3149 2493896 
3150 2493896 
3151 2493897 
3152 2493897 
3153 2493898 
3154 2493898 
3155 2493898 
3156 2493899 
3157 2493899 
3158 2493899 
3159 2493900 
3160 2493900 
3161 2493900 
3162 2493901 
3163 2493901 
3164 2493901 
3165 2493901 
3166 2493902 
3167 2493902 
3168 2493902 
3169 2493902 
3170 2493903 
3171 2493903 
3172 2493903 
3173 2493903 
3174 2493904 
3175 2493904 
3176 2493904 
3177 2493905 
3178 2493905 
3179 2493905 
3180 2493906 
3181 2493906 
3182 2493906 
3183 2493907 
3184 2493907 
3185 2493907 
3186 2493907 
3187 2493908 
3188 2493908 
3189 2493908 
3190 2493909 
3191 2493909 
3192 2493909 
3193 2493910 
3194 2493910 
3195 2493910 
3196 2493910 
3197 2493910 
3198 2493911 
3199 2493911 
3200 2493911 
3201 2493911 
3202 2493912 
3203 2493912 
3204 2493912 
3205 2493912 
3206 2493913 
3207 2493913 
3208 2493913 
3209 2493913 
3210 2493914 
3211 2493914 
3212 2493914 
3213 2493914 
3214 2493915 
3215 2493915 
3216 2493915 
3217 2493915 
3218 2493915 
3219 2493916 
3220 2493916 
3221 2493916 
3222 2493916 
3223 2493917 
3224 2493917 
3225 2493917 
3226 2493917 
3227 2493918 
3228 2493918 
3229 2493918 
3230 2493918 
3231 2493919 
3232 2493919 
3233 2493919 
3234 2493919 
3235 2493920 
3236 2493920 
3237 2493920 
3238 2493921 
3239 2493921 
3240 2493921 
3241 2493922 
3242 2493922 
3243 2493922 
3244 2493923 
3245 2493923 
3246 2493923 
3247 2493923 
3248 2493924 
3249 2493924 
3250 2493924 
3251 2493924 
3252 2493924 
3253 2493925 
3254 2493925 
3255 2493925 
3256 2493925 
3257 2493925 
3258 2493925 
3259 2493926 
3260 2493926 
3261 2493926 
3262 2493926 
3263 2493927 
3264 2493927 
3265 2493927 
3266 2493928 
3267 2493928 
3268 2493928 
3269 2493928 
3270 2493929 
3271 2493929 
3272 2493929 
3273 2493930 
3274 2493930 
3275 2493930 
3276 2493930 
3277 2493930 
3278 2493930 
3279 2493931 
3280 2493931 
3281 2493931 
3282 2493931 
3283 2493932 
3284 2493932 
3285 2493932 
3286 2493933 
3287 2493933 
3288 2493934 
3289 2493934 
3290 2493934 
3291 2493935 
3292 2493936 
3293 2493936 
3294 2493937 
3295 2493938 
3296 2493938 
3297 2493939 
3298 2493939 
3299 2493939 
3300 2493939 
3301 2493940 
3302 2493940 
3303 2493940 
3304 2493941 
3305 2493941 
3306 2493941 
3307 2493941 
3308 2493942 
3309 2493942 
3310 2493942 
3311 2493942 
3312 2493942 
3313 2493942 
3314 2493943 
3315 2493943 
3316 2493943 
3317 2493943 
3318 2493944 
3319 2493944 
3320 2493944 
3321 2493944 
3322 2493944 
3323 2493944 
3324 2493945 
3325 2493945 
3326 2493945 
3327 2493945 
3328 2493946 
3329 2493946 
3330 2493946 
3331 2493947 
3332 2493947 
3333 2493947 
3334 2493947 
3335 2493947 
3336 2493948 
3337 2493948 
3338 2493948 
3339 2493948 
3340 2493949 
3341 2493949 
3342 2493949 
3343 2493949 
3344 2493949 
3345 2493950 
3346 2493950 
3347 2493950 
3348 2493950 
3349 2493950 
3350 2493950 
3351 2493951 
3352 2493951 
3353 2493951 
3354 2493951 
3355 2493952 
3356 2493952 
3357 2493952 
3358 2493953 
3359 2493953 
3360 2493953 
3361 2493953 
3362 2493953 
3363 2493953 
3364 2493954 
3365 2493954 
3366 2493954 
3367 2493954 
3368 2493955 
3369 2493955 
3370 2493955 
3371 2493955 
3372 2493956 
3373 2493956 
3374 2493956 
3375 2493956 
3376 2493957 
3377 2493957 
3378 2493957 
3379 2493957 
3380 2493957 
3381 2493958 
3382 2493958 
3383 2493958 
3384 2493959 
3385 2493959 
3386 2493959 
3387 2493959 
3388 2493960 
3389 2493960 
3390 2493960 
3391 2493961 
3392 2493961 
3393 2493961 
3394 2493961 
3395 2493962 
3396 2493962 
3397 2493962 
3398 2493962 
3399 2493963 
3400 2493963 
3401 2493963 
3402 2493964 
3403 2493964 
3404 2493964 
3405 2493965 
3406 2493965 
3407 2493965 
3408 2493965 
3409 2493966 
3410 2493966 
3411 2493966 
3412 2493966 
3413 2493967 
3414 2493967 
3415 2493967 
3416 2493967 
3417 2493967 
3418 2493968 
3419 2493968 
3420 2493968 
3421 2493968 
3422 2493969 
3423 2493969 
3424 2493969 
3425 2493969 
3426 2493970 
3427 2493970 
3428 2493970 
3429 2493970 
3430 2493971 
3431 2493971 
3432 2493971 
3433 2493972 
3434 2493972 
3435 2493973 
3436 2493973 
3437 2493973 
3438 2493973 
3439 2493974 
3440 2493974 
3441 2493974 
3442 2493974 
3443 2493975 
3444 2493975 
3445 2493975 
3446 2493975 
3447 2493975 
3448 2493975 
3449 2493976 
3450 2493976 
3451 2493976 
3452 2493976 
3453 2493976 
3454 2493977 
3455 2493977 
3456 2493977 
3457 2493977 
3458 2493977 
3459 2493978 
3460 2493978 
3461 2493978 
3462 2493978 
3463 2493978 
3464 2493979 
3465 2493979 
3466 2493979 
3467 2493980 
3468 2493980 
3469 2493980 
3470 2493980 
3471 2493981 
3472 2493981 
3473 2493981 
3474 2493981 
3475 2493981 
3476 2493982 
3477 2493982 
3478 2493982 
3479 2493982 
3480 2493983 
3481 2493983 
3482 2493983 
3483 2493984 
3484 2493984 
3485 2493984 
3486 2493984 
3487 2493985 
3488 2493985 
3489 2493987 
3490 2493987 
3491 2493988 
3492 2493989 
3493 2493989 
3494 2493990 
3495 2493990 
3496 2493990 
3497 2493991 
3498 2493991 
3499 2493991 
3500 2493991 
3501 2493992 
3502 2493992 
3503 2493992 
3504 2493992 
3505 2493992 
3506 2493993 
3507 2493993 
3508 2493993 
3509 2493993 
3510 2493994 
3511 2493994 
3512 2493994 
3513 2493994 
3514 2493995 
3515 2493995 
3516 2493995 
3517 2493996 
3518 2493996 
3519 2493996 
3520 2493997 
3521 2493997 
3522 2493997 
3523 2493998 
3524 2493998 
3525 2493998 
3526 2493999 
3527 2493999 
3528 2493999 
3529 2493999 
3530 2494000 
3531 2494000 
3532 2494000 
3533 2494001 
3534 2494001 
3535 2494001 
3536 2494002 
3537 2494002 
3538 2494002 
3539 2494003 
3540 2494003 
3541 2494004 
3542 2494004 
3543 2494004 
3544 2494004 
3545 2494004 
3546 2494005 
3547 2494005 
3548 2494005 
3549 2494005 
3550 2494006 
3551 2494006 
3552 2494006 
3553 2494007 
3554 2494007 
3555 2494007 
3556 2494007 
3557 2494008 
3558 2494008 
3559 2494008 
3560 2494008 
3561 2494009 
3562 2494009 
3563 2494010 
3564 2494010 
3565 2494011 
3566 2494011 
3567 2494011 
3568 2494012 
3569 2494012 
3570 2494013 
3571 2494013 
3572 2494014 
3573 2494014 
3574 2494014 
3575 2494015 
3576 2494015 
3577 2494015 
3578 2494016 
3579 2494016 
3580 2494016 
3581 2494017 
3582 2494017 
3583 2494017 
3584 2494018 
3585 2494018 
3586 2494019 
3587 2494019 
3588 2494019 
3589 2494020 
3590 2494020 
3591 2494020 
3592 2494021 
3593 2494021 
3594 2494021 
3595 2494021 
3596 2494022 
3597 2494022 
3598 2494022 
3599 2494022 
3600 2494022 
3601 2494023 
3602 2494023 
3603 2494023 
3604 2494024 
3605 2494024 
3606 2494024 
3607 2494025 
3608 2494025 
3609 2494025 
3610 2494026 
3611 2494026 
3612 2494026 
3613 2494027 
3614 2494027 
3615 2494027 
3616 2494028 
3617 2494028 
3618 2494028 
3619 2494028 
3620 2494028 
3621 2494028 
3622 2494029 
3623 2494029 
3624 2494029 
3625 2494030 
3626 2494030 
3627 2494030 
3628 2494030 
3629 2494031 
3630 2494031 
3631 2494031 
3632 2494032 
3633 2494032 
3634 2494032 
3635 2494032 
3636 2494033 
3637 2494033 
3638 2494033 
3639 2494033 
3640 2494034 
3641 2494034 
3642 2494034 
3643 2494035 
3644 2494035 
3645 2494036 
3646 2494037 
3647 2494037 
3648 2494038 
3649 2494038 
3650 2494039 
3651 2494039 
3652 2494040 
3653 2494040 
3654 2494040 
3655 2494041 
3656 2494041 
3657 2494041 
3658 2494041 
3659 2494042 
3660 2494043 
3661 2494043 
3662 2494043 
3663 2494044 
3664 2494044 
3665 2494044 
3666 2494044 
3667 2494045 
3668 2494045 
3669 2494045 
3670 2494045 
3671 2494046 
3672 2494046 
3673 2494046 
3674 2494046 
3675 2494047 
3676 2494047 
3677 2494047 
3678 2494047 
3679 2494048 
3680 2494048 
3681 2494048 
3682 2494048 
3683 2494048 
3684 2494049 
3685 2494049 
3686 2494049 
3687 2494049 
3688 2494049 
3689 2494050 
3690 2494050 
3691 2494050 
3692 2494050 
3693 2494051 
3694 2494051 
3695 2494051 
3696 2494051 
3697 2494051 
3698 2494052 
3699 2494052 
3700 2494052 
3701 2494053 
3702 2494054 
3703 2494054 
3704 2494055 
3705 2494055 
3706 2494055 
3707 2494056 
3708 2494056 
3709 2494056 
3710 2494056 
3711 2494057 
3712 2494057 
3713 2494057 
3714 2494057 
3715 2494058 
3716 2494058 
3717 2494058 
3718 2494059 
3719 2494059 
3720 2494060 
3721 2494060 
3722 2494060 
3723 2494060 
3724 2494061 
3725 2494061 
3726 2494062 
3727 2494062 
3728 2494062 
3729 2494062 
3730 2494062 
3731 2494063 
3732 2494063 
3733 2494063 
3734 2494063 
3735 2494063 
3736 2494064 
3737 2494064 
3738 2494064 
3739 2494064 
3740 2494064 
3741 2494065 
3742 2494065 
3743 2494065 
3744 2494065 
3745 2494066 
3746 2494066 
3747 2494066 
3748 2494066 
3749 2494066 
3750 2494067 
3751 2494067 
3752 2494067 
3753 2494067 
3754 2494067 
3755 2494067 
3756 2494068 
3757 2494068 
3758 2494069 
3759 2494069 
3760 2494069 
3761 2494069 
3762 2494070 
3763 2494070 
3764 2494070 
3765 2494071 
3766 2494071 
3767 2494071 
3768 2494071 
3769 2494071 
3770 2494072 
3771 2494072 
3772 2494072 
3773 2494072 
3774 2494072 
3775 2494073 
3776 2494073 
3777 2494073 
3778 2494074 
3779 2494075 
3780 2494076 
3781 2494076 
3782 2494077 
3783 2494077 
3784 2494078 
3785 2494078 
3786 2494078 
3787 2494078 
3788 2494079 
3789 2494080 
3790 2494080 
3791 2494080 
3792 2494081 
3793 2494081 
3794 2494083 
3795 2494083 
3796 2494084 
3797 2494084 
3798 2494085 
3799 2494085 
3800 2494085 
3801 2494085 
3802 2494086 
3803 2494086 
3804 2494086 
3805 2494087 
3806 2494087 
3807 2494087 
3808 2494087 
3809 2494088 
3810 2494088 
3811 2494088 
3812 2494088 
3813 2494089 
3814 2494089 
3815 2494089 
3816 2494089 
3817 2494090 
3818 2494090 
3819 2494091 
3820 2494091 
3821 2494093 
3822 2494093 
3823 2494093 
3824 2494094 
3825 2494094 
3826 2494094 
3827 2494094 
3828 2494094 
3829 2494096 
3830 2494096 
3831 2494096 
3832 2494096 
3833 2494097 
3834 2494097 
3835 2494097 
3836 2494097 
3837 2494098 
3838 2494098 
3839 2494098 
3840 2494099 
3841 2494099 
3842 2494099 
3843 2494099 
3844 2494100 
3845 2494100 
3846 2494100 
3847 2494101 
3848 2494101 
3849 2494101 
3850 2494102 
3851 2494102 
3852 2494102 
3853 2494102 
3854 2494102 
3855 2494103 
3856 2494103 
3857 2494103 
3858 2494104 
3859 2494104 
3860 2494104 
3861 2494105 
3862 2494105 
3863 2494105 
3864 2494105 
3865 2494106 
3866 2494106 
3867 2494106 
3868 2494107 
3869 2494107 
3870 2494107 
3871 2494108 
3872 2494108 
3873 2494108 
3874 2494109 
3875 2494110 
3876 2494111 
3877 2494111 
3878 2494111 
3879 2494111 
3880 2494112 
3881 2494112 
3882 2494112 
3883 2494113 
3884 2494113 
3885 2494114 
3886 2494114 
3887 2494114 
3888 2494114 
3889 2494114 
3890 2494115 
3891 2494115 
3892 2494115 
3893 2494115 
3894 2494116 
3895 2494116 
3896 2494117 
3897 2494117 
3898 2494117 
3899 2494118 
3900 2494118 
3901 2494118 
3902 2494119 
3903 2494119 
3904 2494119 
3905 2494119 
3906 2494120 
3907 2494121 
3908 2494122 
3909 2494122 
3910 2494122 
3911 2494123 
3912 2494123 
3913 2494123 
3914 2494123 
3915 2494124 
3916 2494124 
3917 2494124 
3918 2494125 
3919 2494125 
3920 2494125 
3921 2494125 
3922 2494126 
3923 2494126 
3924 2494127 
3925 2494127 
3926 2494127 
3927 2494128 
3928 2494128 
3929 2494129 
3930 2494130 
3931 2494130 
3932 2494130 
3933 2494131 
3934 2494131 
3935 2494131 
3936 2494132 
3937 2494132 
3938 2494133 
3939 2494133 
3940 2494134 
3941 2494134 
3942 2494134 
3943 2494135 
3944 2494135 
3945 2494135 
3946 2494136 
3947 2494137 
3948 2494137 
3949 2494138 
3950 2494138 
3951 2494139 
3952 2494139 
3953 2494139 
3954 2494140 
3955 2494140 
3956 2494140 
3957 2494140 
3958 2494141 
3959 2494142 
3960 2494142 
3961 2494143 
3962 2494143 
3963 2494143 
3964 2494143 
3965 2494144 
3966 2494144 
3967 2494144 
3968 2494144 
3969 2494145 
3970 2494145 
3971 2494145 
3972 2494145 
3973 2494145 
3974 2494146 
3975 2494146 
3976 2494146 
3977 2494146 
3978 2494147 
3979 2494147 
3980 2494147 
3981 2494147 
3982 2494147 
3983 2494148 
3984 2494148 
3985 2494148 
3986 2494148 
3987 2494149 
3988 2494149 
3989 2494149 
3990 2494149 
3991 2494150 
3992 2494150 
3993 2494150 
3994 2494150 
3995 2494150 
3996 2494151 
3997 2494151 
3998 2494151 
3999 2494152 
4000 2494152 
4001 2494152 
4002 2494153 
4003 2494153 
4004 2494153 
4005 2494154 
4006 2494154 
4007 2494154 
4008 2494155 
4009 2494155 
4010 2494156 
4011 2494156 
4012 2494156 
4013 2494156 
4014 2494157 
4015 2494157 
4016 2494157 
4017 2494157 
4018 2494158 
4019 2494158 
4020 2494158 
4021 2494158 
4022 2494159 
4023 2494159 
4024 2494159 
4025 2494159 
4026 2494160 
4027 2494160 
4028 2494160 
4029 2494161 
4030 2494161 
4031 2494161 
4032 2494162 
4033 2494162 
4034 2494162 
4035 2494163 
4036 2494163 
4037 2494163 
4038 2494164 
4039 2494164 
4040 2494164 
4041 2494165 
4042 2494165 
4043 2494165 
4044 2494165 
4045 2494166 
4046 2494166 
4047 2494166 
4048 2494166 
4049 2494166 
4050 2494167 
4051 2494167 
4052 2494167 
4053 2494167 
4054 2494168 
4055 2494168 
4056 2494168 
4057 2494168 
4058 2494169 
4059 2494169 
4060 2494169 
4061 2494169 
4062 2494170 
4063 2494170 
4064 2494171 
4065 2494171 
4066 2494172 
4067 2494172 
4068 2494172 
4069 2494173 
4070 2494173 
4071 2494173 
4072 2494173 
4073 2494174 
4074 2494174 
4075 2494174 
4076 2494174 
4077 2494175 
4078 2494175 
4079 2494175 
4080 2494175 
4081 2494175 
4082 2494176 
4083 2494176 
4084 2494177 
4085 2494177 
4086 2494177 
4087 2494178 
4088 2494179 
4089 2494180 
4090 2494180 
4091 2494181 
4092 2494181 
4093 2494181 
4094 2494182 
4095 2494182 
4096 2494182 
4097 2494183 
4098 2494183 
4099 2494184 
4100 2494184 
4101 2494184 
4102 2494184 
4103 2494185 
4104 2494185 
4105 2494186 
4106 2494186 
4107 2494186 
4108 2494186 
4109 2494187 
4110 2494187 
4111 2494187 
4112 2494187 
4113 2494187 
4114 2494187 
4115 2494188 
4116 2494188 
4117 2494189 
4118 2494190 
4119 2494190 
4120 2494191 
4121 2494191 
4122 2494191 
4123 2494192 
4124 2494192 
4125 2494192 
4126 2494192 
4127 2494193 
4128 2494193 
4129 2494193 
4130 2494194 
4131 2494194 
4132 2494195 
4133 2494195 
4134 2494195 
4135 2494196 
4136 2494196 
4137 2494196 
4138 2494197 
4139 2494197 
4140 2494197 
4141 2494197 
4142 2494197 
4143 2494198 
4144 2494198 
4145 2494198 
4146 2494198 
4147 2494199 
4148 2494199 
4149 2494199 
4150 2494199 
4151 2494199 
4152 2494200 
4153 2494200 
4154 2494200 
4155 2494201 
4156 2494201 
4157 2494201 
4158 2494201 
4159 2494201 
4160 2494202 
4161 2494202 
4162 2494202 
4163 2494202 
4164 2494203 
4165 2494203 
4166 2494203 
4167 2494203 
4168 2494203 
4169 2494204 
4170 2494204 
4171 2494204 
4172 2494204 
4173 2494204 
4174 2494205 
4175 2494205 
4176 2494205 
4177 2494205 
4178 2494205 
4179 2494206 
4180 2494206 
4181 2494206 
4182 2494207 
4183 2494207 
4184 2494207 
4185 2494208 
4186 2494209 
4187 2494210 
4188 2494210 
4189 2494212 
4190 2494214 
4191 2494215 
4192 2494215 
4193 2494215 
4194 2494216 
4195 2494216 
4196 2494216 
4197 2494217 
4198 2494217 
4199 2494217 
4200 2494217 
4201 2494218 
4202 2494218 
4203 2494218 
4204 2494218 
4205 2494218 
4206 2494219 
4207 2494219 
4208 2494219 
4209 2494219 
4210 2494219 
4211 2494220 
4212 2494220 
4213 2494220 
4214 2494221 
4215 2494221 
4216 2494221 
4217 2494222 
4218 2494222 
4219 2494222 
4220 2494222 
4221 2494223 
4222 2494223 
4223 2494223 
4224 2494224 
4225 2494224 
4226 2494224 
4227 2494225 
4228 2494225 
4229 2494225 
4230 2494226 
4231 2494227 
4232 2494228 
4233 2494229 
4234 2494230 
4235 2494231 
4236 2494232 
4237 2494233 
4238 2494233 
4239 2494233 
4240 2494234 
4241 2494235 
4242 2494235 
4243 2494235 
4244 2494236 
4245 2494236 
4246 2494236 
4247 2494236 
4248 2494237 
4249 2494237 
4250 2494237 
4251 2494237 
4252 2494238 
4253 2494238 
4254 2494239 
4255 2494239 
4256 2494240 
4257 2494240 
4258 2494241 
4259 2494241 
4260 2494241 
4261 2494242 
4262 2494242 
4263 2494242 
4264 2494243 
4265 2494243 
4266 2494243 
4267 2494243 
4268 2494244 
4269 2494244 
4270 2494244 
4271 2494244 
4272 2494245 
4273 2494245 
4274 2494245 
4275 2494245 
4276 2494246 
4277 2494246 
4278 2494246 
4279 2494247 
4280 2494247 
4281 2494248 
4282 2494249 
4283 2494249 
4284 2494249 
4285 2494250 
4286 2494250 
4287 2494250 
4288 2494250 
4289 2494251 
4290 2494251 
4291 2494251 
4292 2494252 
4293 2494252 
4294 2494253 
4295 2494253 
4296 2494253 
4297 2494254 
4298 2494254 
4299 2494255 
4300 2494255 
4301 2494255 
4302 2494256 
4303 2494256 
4304 2494256 
4305 2494257 
4306 2494258 
4307 2494258 
4308 2494259 
4309 2494260 
4310 2494260 
4311 2494261 
4312 2494261 
4313 2494261 
4314 2494262 
4315 2494262 
4316 2494263 
4317 2494263 
4318 2494264 
4319 2494266 
4320 2494267 
4321 2494268 
4322 2494269 
4323 2494269 
4324 2494269 
4325 2494270 
4326 2494270 
4327 2494270 
4328 2494271 
4329 2494271 
4330 2494271 
4331 2494273 
4332 2494273 
4333 2494274 
4334 2494274 
4335 2494274 
4336 2494277 
4337 2494278 
4338 2494279 
4339 2494279 
4340 2494279 
4341 2494280 
4342 2494280 
4343 2494280 
4344 2494281 
4345 2494281 
4346 2494281 
4347 2494282 
4348 2494282 
4349 2494282 
4350 2494282 
4351 2494283 
4352 2494283 
4353 2494284 
4354 2494284 
4355 2494284 
4356 2494285 
4357 2494285 
4358 2494285 
4359 2494285 
4360 2494286 
4361 2494286 
4362 2494286 
4363 2494286 
4364 2494287 
4365 2494287 
4366 2494287 
4367 2494287 
4368 2494288 
4369 2494288 
4370 2494288 
4371 2494289 
4372 2494289 
4373 2494289 
4374 2494290 
4375 2494290 
4376 2494290 
4377 2494291 
4378 2494291 
4379 2494291 
4380 2494292 
4381 2494292 
4382 2494293 
4383 2494293 
4384 2494294 
4385 2494295 
4386 2494295 
4387 2494296 
4388 2494296 
4389 2494296 
4390 2494297 
4391 2494298 
4392 2494299 
4393 2494299 
4394 2494299 
4395 2494300 
4396 2494300 
4397 2494300 
4398 2494301 
4399 2494301 
4400 2494301 
4401 2494302 
4402 2494302 
4403 2494302 
4404 2494303 
4405 2494303 
4406 2494304 
4407 2494305 
4408 2494305 
4409 2494305 
4410 2494306 
4411 2494307 
4412 2494308 
4413 2494308 
4414 2494309 
4415 2494309 
4416 2494309 
4417 2494310 
4418 2494310 
4419 2494311 
4420 2494312 
4421 2494312 
4422 2494312 
4423 2494312 
4424 2494313 
4425 2494313 
4426 2494314 
4427 2494314 
4428 2494314 
4429 2494315 
4430 2494315 
4431 2494316 
4432 2494316 
4433 2494316 
4434 2494317 
4435 2494317 
4436 2494318 
4437 2494318 
4438 2494318 
4439 2494318 
4440 2494318 
4441 2494319 
4442 2494319 
4443 2494319 
4444 2494320 
4445 2494320 
4446 2494321 
4447 2494321 
4448 2494322 
4449 2494322 
4450 2494323 
4451 2494323 
4452 2494323 
4453 2494323 
4454 2494324 
4455 2494324 
4456 2494324 
4457 2494324 
4458 2494324 
4459 2494324 
4460 2494325 
4461 2494325 
4462 2494325 
4463 2494325 
4464 2494325 
4465 2494325 
4466 2494325 
4467 2494326 
4468 2494326 
4469 2494326 
4470 2494326 
4471 2494326 
4472 2494327 
4473 2494327 
4474 2494327 
4475 2494328 
4476 2494328 
4477 2494328 
4478 2494328 
4479 2494329 
4480 2494329 
4481 2494329 
4482 2494330 
4483 2494330 
4484 2494330 
4485 2494330 
4486 2494330 
4487 2494331 
4488 2494331 
4489 2494331 
4490 2494332 
4491 2494332 
4492 2494332 
4493 2494332 
4494 2494333 
4495 2494333 
4496 2494333 
4497 2494333 
4498 2494333 
4499 2494334 
4500 2494334 
4501 2494334 
4502 2494334 
4503 2494334 
4504 2494334 
4505 2494335 
4506 2494335 
4507 2494335 
4508 2494335 
4509 2494336 
4510 2494336 
4511 2494336 
4512 2494336 
4513 2494336 
4514 2494337 
4515 2494337 
4516 2494337 
4517 2494338 
4518 2494338 
4519 2494338 
4520 2494339 
4521 2494339 
4522 2494339 
4523 2494340 
4524 2494340 
4525 2494340 
4526 2494340 
4527 2494341 
4528 2494341 
4529 2494341 
4530 2494341 
4531 2494342 
4532 2494342 
4533 2494342 
4534 2494342 
4535 2494343 
4536 2494343 
4537 2494343 
4538 2494343 
4539 2494344 
4540 2494344 
4541 2494345 
4542 2494345 
4543 2494346 
4544 2494347 
4545 2494348 
4546 2494348 
4547 2494349 
4548 2494349 
4549 2494349 
4550 2494350 
4551 2494350 
4552 2494350 
4553 2494351 
4554 2494351 
4555 2494352 
4556 2494352 
4557 2494352 
4558 2494352 
4559 2494353 
4560 2494353 
4561 2494353 
4562 2494354 
4563 2494354 
4564 2494354 
4565 2494354 
4566 2494354 
4567 2494355 
4568 2494355 
4569 2494355 
4570 2494355 
4571 2494356 
4572 2494356 
4573 2494356 
4574 2494356 
4575 2494357 
4576 2494357 
4577 2494357 
4578 2494357 
4579 2494358 
4580 2494358 
4581 2494358 
4582 2494358 
4583 2494359 
4584 2494359 
4585 2494359 
4586 2494359 
4587 2494360 
4588 2494360 
4589 2494360 
4590 2494361 
4591 2494361 
4592 2494361 
4593 2494362 
4594 2494362 
4595 2494362 
4596 2494362 
4597 2494363 
4598 2494363 
4599 2494363 
4600 2494364 
4601 2494364 
4602 2494364 
4603 2494365 
4604 2494365 
4605 2494365 
4606 2494366 
4607 2494366 
4608 2494366 
4609 2494366 
4610 2494366 
4611 2494367 
4612 2494367 
4613 2494367 
4614 2494367 
4615 2494367 
4616 2494368 
4617 2494368 
4618 2494368 
4619 2494368 
4620 2494369 
4621 2494369 
4622 2494369 
4623 2494369 
4624 2494369 
4625 2494370 
4626 2494370 
4627 2494370 
4628 2494370 
4629 2494370 
4630 2494371 
4631 2494371 
4632 2494371 
4633 2494371 
4634 2494371 
4635 2494372 
4636 2494372 
4637 2494372 
4638 2494372 
4639 2494373 
4640 2494373 
4641 2494373 
4642 2494373 
4643 2494374 
4644 2494374 
4645 2494374 
4646 2494374 
4647 2494375 
4648 2494375 
4649 2494375 
4650 2494376 
4651 2494376 
4652 2494376 
4653 2494376 
4654 2494376 
4655 2494377 
4656 2494377 
4657 2494377 
4658 2494378 
4659 2494378 
4660 2494378 
4661 2494378 
4662 2494378 
4663 2494379 
4664 2494379 
4665 2494379 
4666 2494379 
4667 2494380 
4668 2494380 
4669 2494380 
4670 2494380 
4671 2494380 
4672 2494381 
4673 2494381 
4674 2494381 
4675 2494381 
4676 2494382 
4677 2494382 
4678 2494382 
4679 2494382 
4680 2494383 
4681 2494383 
4682 2494383 
4683 2494383 
4684 2494384 
4685 2494384 
4686 2494384 
4687 2494384 
4688 2494385 
4689 2494385 
4690 2494385 
4691 2494386 
4692 2494386 
4693 2494387 
4694 2494387 
4695 2494387 
4696 2494387 
4697 2494388 
4698 2494388 
4699 2494388 
4700 2494389 
4701 2494389 
4702 2494389 
4703 2494390 
4704 2494390 
4705 2494390 
4706 2494390 
4707 2494390 
4708 2494391 
4709 2494391 
4710 2494391 
4711 2494392 
4712 2494392 
4713 2494392 
4714 2494393 
4715 2494393 
4716 2494393 
4717 2494394 
4718 2494395 
4719 2494395 
4720 2494395 
4721 2494396 
4722 2494396 
4723 2494397 
4724 2494397 
4725 2494398 
4726 2494399 
4727 2494399 
4728 2494399 
4729 2494399 
4730 2494399 
4731 2494400 
4732 2494400 
4733 2494400 
4734 2494401 
4735 2494401 
4736 2494401 
4737 2494401 
4738 2494402 
4739 2494402 
4740 2494402 
4741 2494402 
4742 2494403 
4743 2494403 
4744 2494403 
4745 2494403 
4746 2494404 
4747 2494404 
4748 2494404 
4749 2494405 
4750 2494405 
4751 2494405 
4752 2494406 
4753 2494406 
4754 2494406 
4755 2494407 
4756 2494407 
4757 2494407 
4758 2494408 
4759 2494408 
4760 2494408 
4761 2494409 
4762 2494409 
4763 2494409 
4764 2494410 
4765 2494410 
4766 2494410 
4767 2494410 
4768 2494411 
4769 2494411 
4770 2494411 
4771 2494412 
4772 2494412 
4773 2494412 
4774 2494413 
4775 2494413 
4776 2494413 
4777 2494414 
4778 2494414 
4779 2494414 
4780 2494414 
4781 2494415 
4782 2494415 
4783 2494415 
4784 2494415 
4785 2494416 
4786 2494416 
4787 2494416 
4788 2494416 
4789 2494417 
4790 2494417 
4791 2494417 
4792 2494417 
4793 2494418 
4794 2494418 
4795 2494418 
4796 2494419 
4797 2494419 
4798 2494419 
4799 2494420 
4800 2494421 
4801 2494421 
4802 2494421 
4803 2494421 
4804 2494422 
4805 2494422 
4806 2494422 
4807 2494422 
4808 2494423 
4809 2494423 
4810 2494423 
4811 2494424 
4812 2494424 
4813 2494424 
4814 2494424 
4815 2494425 
4816 2494425 
4817 2494425 
4818 2494426 
4819 2494426 
4820 2494426 
4821 2494426 
4822 2494428 
4823 2494428 
4824 2494429 
4825 2494429 
4826 2494431 
4827 2494431 
4828 2494431 
4829 2494431 
4830 2494432 
4831 2494432 
4832 2494433 
4833 2494433 
4834 2494433 
4835 2494435 
4836 2494436 
4837 2494436 
4838 2494436 
4839 2494437 
4840 2494437 
4841 2494437 
4842 2494438 
4843 2494438 
4844 2494438 
4845 2494438 
4846 2494438 
4847 2494439 
4848 2494439 
4849 2494439 
4850 2494439 
4851 2494439 
4852 2494440 
4853 2494440 
4854 2494440 
4855 2494441 
4856 2494441 
4857 2494442 
4858 2494442 
4859 2494442 
4860 2494442 
4861 2494442 
4862 2494442 
4863 2494442 
4864 2494443 
4865 2494443 
4866 2494443 
4867 2494444 
4868 2494444 
4869 2494445 
4870 2494446 
4871 2494446 
4872 2494447 
4873 2494447 
4874 2494448 
4875 2494448 
4876 2494448 
4877 2494449 
4878 2494449 
4879 2494449 
4880 2494450 
4881 2494450 
4882 2494450 
4883 2494451 
4884 2494451 
4885 2494451 
4886 2494452 
4887 2494452 
4888 2494452 
4889 2494453 
4890 2494453 
4891 2494454 
4892 2494454 
4893 2494454 
4894 2494455 
4895 2494455 
4896 2494455 
4897 2494456 
4898 2494456 
4899 2494456 
4900 2494457 
4901 2494458 
4902 2494459 
4903 2494459 
4904 2494459 
4905 2494460 
4906 2494460 
4907 2494460 
4908 2494460 
4909 2494461 
4910 2494461 
4911 2494461 
4912 2494462 
4913 2494462 
4914 2494463 
4915 2494463 
4916 2494463 
4917 2494463 
4918 2494464 
4919 2494464 
4920 2494465 
4921 2494465 
4922 2494465 
4923 2494465 
4924 2494466 
4925 2494466 
4926 2494467 
4927 2494468 
4928 2494468 
4929 2494469 
4930 2494469 
4931 2494470 
4932 2494470 
4933 2494470 
4934 2494471 
4935 2494472 
4936 2494472 
4937 2494472 
4938 2494473 
4939 2494473 
4940 2494474 
4941 2494474 
4942 2494475 
4943 2494476 
4944 2494476 
4945 2494476 
4946 2494477 
4947 2494478 
4948 2494478 
4949 2494478 
4950 2494479 
4951 2494479 
4952 2494480 
4953 2494480 
4954 2494480 
4955 2494481 
4956 2494481 
4957 2494481 
4958 2494482 
4959 2494482 
4960 2494482 
4961 2494483 
4962 2494483 
4963 2494483 
4964 2494484 
4965 2494484 
4966 2494484 
4967 2494485 
4968 2494485 
4969 2494485 
4970 2494486 
4971 2494486 
4972 2494486 
4973 2494487 
4974 2494487 
4975 2494487 
4976 2494488 
4977 2494488 
4978 2494488 
4979 2494489 
4980 2494489 
4981 2494489 
4982 2494489 
4983 2494490 
4984 2494490 
4985 2494490 
4986 2494490 
4987 2494491 
4988 2494491 
4989 2494491 
4990 2494492 
4991 2494492 
4992 2494492 
4993 2494493 
4994 2494493 
4995 2494493 
4996 2494494 
4997 2494494 
4998 2494494 
4999 2494495 
5000 2494495 
5001 2494495 
5002 2494496 
5003 2494496 
5004 2494496 
5005 2494496 
5006 2494497 
5007 2494497 
5008 2494497 
5009 2494497 
5010 2494498 
5011 2494498 
5012 2494498 
5013 2494498 
5014 2494498 
5015 2494499 
5016 2494499 
5017 2494499 
5018 2494500 
5019 2494500 
5020 2494500 
5021 2494501 
5022 2494505 
5023 2494505 
5024 2494506 
5025 2494506 
5026 2494506 
5027 2494507 
5028 2494507 
5029 2494507 
5030 2494508 
5031 2494508 
5032 2494508 
5033 2494509 
5034 2494509 
5035 2494510 
5036 2494510 
5037 2494510 
5038 2494511 
5039 2494511 
5040 2494511 
5041 2494512 
5042 2494514 
5043 2494514 
5044 2494515 
5045 2494515 
5046 2494515 
5047 2494516 
5048 2494516 
5049 2494516 
5050 2494517 
5051 2494517 
5052 2494517 
5053 2494518 
5054 2494518 
5055 2494519 
5056 2494519 
5057 2494520 
5058 2494520 
5059 2494520 
5060 2494521 
5061 2494522 
5062 2494528 
5063 2494528 
5064 2494528 
5065 2494531 
5066 2494531 
5067 2494531 
5068 2494532 
5069 2494532 
5070 2494532 
5071 2494533 
5072 2494533 
5073 2494533 
5074 2494534 
5075 2494534 
5076 2494534 
5077 2494534 
5078 2494534 
5079 2494535 
5080 2494535 
5081 2494535 
5082 2494535 
5083 2494536 
5084 2494536 
5085 2494536 
5086 2494536 
5087 2494537 
5088 2494537 
5089 2494537 
5090 2494537 
5091 2494538 
5092 2494538 
5093 2494538 
5094 2494538 
5095 2494539 
5096 2494539 
5097 2494539 
5098 2494539 
5099 2494540 
5100 2494540 
5101 2494540 
5102 2494541 
5103 2494541 
5104 2494541 
5105 2494541 
5106 2494542 
5107 2494542 
5108 2494542 
5109 2494542 
5110 2494543 
5111 2494543 
5112 2494543 
5113 2494543 
5114 2494544 
5115 2494544 
5116 2494544 
5117 2494544 
5118 2494545 
5119 2494545 
5120 2494545 
5121 2494545 
5122 2494546 
5123 2494546 
5124 2494546 
5125 2494546 
5126 2494547 
5127 2494547 
5128 2494547 
5129 2494547 
5130 2494548 
5131 2494548 
5132 2494548 
5133 2494548 
5134 2494548 
5135 2494548 
5136 2494549 
5137 2494549 
5138 2494549 
5139 2494549 
5140 2494550 
5141 2494550 
5142 2494550 
5143 2494551 
5144 2494551 
5145 2494552 
5146 2494553 
5147 2494553 
5148 2494554 
5149 2494554 
5150 2494554 
5151 2494554 
5152 2494555 
5153 2494555 
5154 2494555 
5155 2494555 
5156 2494556 
5157 2494556 
5158 2494556 
5159 2494557 
5160 2494557 
5161 2494557 
5162 2494557 
5163 2494558 
5164 2494558 
5165 2494558 
5166 2494559 
5167 2494560 
5168 2494561 
5169 2494561 
5170 2494562 
5171 2494562 
5172 2494562 
5173 2494563 
5174 2494563 
5175 2494563 
5176 2494564 
5177 2494565 
5178 2494565 
5179 2494565 
5180 2494566 
5181 2494566 
5182 2494566 
5183 2494567 
5184 2494567 
5185 2494567 
5186 2494568 
5187 2494568 
5188 2494568 
5189 2494568 
5190 2494569 
5191 2494569 
5192 2494569 
5193 2494569 
5194 2494569 
5195 2494570 
5196 2494570 
5197 2494570 
5198 2494571 
5199 2494571 
5200 2494571 
5201 2494571 
5202 2494572 
5203 2494572 
5204 2494573 
5205 2494573 
5206 2494574 
5207 2494574 
5208 2494574 
5209 2494575 
5210 2494575 
5211 2494575 
5212 2494576 
5213 2494576 
5214 2494576 
5215 2494576 
5216 2494577 
5217 2494577 
5218 2494577 
5219 2494577 
5220 2494578 
5221 2494578 
5222 2494578 
5223 2494579 
5224 2494579 
5225 2494579 
5226 2494580 
5227 2494580 
5228 2494581 
5229 2494581 
5230 2494581 
5231 2494582 
5232 2494582 
5233 2494582 
5234 2494584 
5235 2494584 
5236 2494585 
5237 2494585 
5238 2494585 
5239 2494585 
5240 2494586 
5241 2494586 
5242 2494586 
5243 2494587 
5244 2494587 
5245 2494587 
5246 2494587 
5247 2494588 
5248 2494588 
5249 2494588 
5250 2494589 
5251 2494589 
5252 2494589 
5253 2494589 
5254 2494590 
5255 2494590 
5256 2494590 
5257 2494591 
5258 2494591 
5259 2494591 
5260 2494594 
5261 2494595 
5262 2494595 
5263 2494596 
5264 2494596 
5265 2494596 
5266 2494597 
5267 2494597 
5268 2494597 
5269 2494598 
5270 2494600 
5271 2494600 
5272 2494601 
5273 2494601 
5274 2494601 
5275 2494601 
5276 2494602 
5277 2494602 
5278 2494602 
5279 2494603 
5280 2494603 
5281 2494604 
5282 2494604 
5283 2494605 
5284 2494605 
5285 2494606 
5286 2494606 
5287 2494606 
5288 2494607 
5289 2494607 
5290 2494607 
5291 2494607 
5292 2494608 
5293 2494608 
5294 2494608 
5295 2494609 
5296 2494609 
5297 2494609 
5298 2494609 
5299 2494609 
5300 2494610 
5301 2494610 
5302 2494610 
5303 2494610 
5304 2494611 
5305 2494611 
5306 2494611 
5307 2494611 
5308 2494612 
5309 2494612 
5310 2494612 
5311 2494612 
5312 2494613 
5313 2494613 
5314 2494613 
5315 2494614 
5316 2494614 
5317 2494614 
5318 2494614 
5319 2494615 
5320 2494615 
5321 2494615 
5322 2494615 
5323 2494616 
5324 2494616 
5325 2494616 
5326 2494616 
5327 2494616 
5328 2494617 
5329 2494617 
5330 2494617 
5331 2494618 
5332 2494618 
5333 2494618 
5334 2494618 
5335 2494619 
5336 2494619 
5337 2494619 
5338 2494620 
5339 2494620 
5340 2494620 
5341 2494620 
5342 2494621 
5343 2494621 
5344 2494622 
5345 2494622 
5346 2494622 
5347 2494622 
5348 2494624 
5349 2494624 
5350 2494624 
5351 2494625 
5352 2494625 
5353 2494627 
5354 2494627 
5355 2494629 
5356 2494630 
5357 2494630 
5358 2494632 
5359 2494632 
5360 2494633 
5361 2494633 
5362 2494634 
5363 2494635 
5364 2494635 
5365 2494635 
5366 2494644 
5367 2494645 
5368 2494645 
5369 2494645 
5370 2494646 
5371 2494646 
5372 2494646 
5373 2494647 
5374 2494647 
5375 2494647 
5376 2494647 
5377 2494648 
5378 2494649 
5379 2494649 
5380 2494650 
5381 2494650 
5382 2494650 
5383 2494651 
5384 2494651 
5385 2494652 
5386 2494652 
5387 2494653 
5388 2494653 
5389 2494654 
5390 2494654 
5391 2494655 
5392 2494655 
5393 2494656 
5394 2494656 
5395 2494656 
5396 2494657 
5397 2494657 
5398 2494658 
5399 2494658 
5400 2494658 
5401 2494659 
5402 2494659 
5403 2494659 
5404 2494660 
5405 2494661 
5406 2494662 
5407 2494662 
5408 2494662 
5409 2494663 
5410 2494663 
5411 2494663 
5412 2494664 
5413 2494664 
5414 2494664 
5415 2494665 
5416 2494665 
5417 2494665 
5418 2494665 
5419 2494666 
5420 2494668 
5421 2494669 
5422 2494672 
5423 2494673 
5424 2494673 
5425 2494674 
5426 2494674 
5427 2494675 
5428 2494675 
5429 2494676 
5430 2494676 
5431 2494677 
5432 2494677 
5433 2494678 
5434 2494678 
5435 2494680 
5436 2494680 
5437 2494681 
5438 2494681 
5439 2494682 
5440 2494683 
5441 2494683 
5442 2494684 
5443 2494684 
5444 2494684 
5445 2494685 
5446 2494685 
5447 2494685 
5448 2494686 
5449 2494686 
5450 2494687 
5451 2494687 
5452 2494688 
5453 2494688 
5454 2494688 
5455 2494688 
5456 2494691 
5457 2494693 
5458 2494693 
5459 2494694 
5460 2494694 
5461 2494694 
5462 2494695 
5463 2494695 
5464 2494696 
5465 2494696 
5466 2494697 
5467 2494698 
5468 2494698 
5469 2494698 
5470 2494698 
5471 2494699 
5472 2494699 
5473 2494700 
5474 2494700 
5475 2494700 
5476 2494702 
5477 2494703 
5478 2494704 
5479 2494709 
5480 2494722 
5481 2494723 
5482 2494723 
5483 2494723 
5484 2494724 
5485 2494725 
5486 2494726 
5487 2494727 
5488 2494728 
5489 2494728 
5490 2494728 
5491 2494729 
5492 2494729 
5493 2494730 
5494 2494730 
5495 2494730 
5496 2494731 
5497 2494732 
5498 2494732 
5499 2494732 
5500 2494733 
5501 2494733 
5502 2494733 
5503 2494738 
5504 2494739 
5505 2494739 
5506 2494739 
5507 2494740 
5508 2494741 
5509 2494741 
5510 2494741 
5511 2494742 
5512 2494743 
5513 2494743 
5514 2494744 
5515 2494744 
5516 2494745 
5517 2494745 
5518 2494745 
5519 2494746 
5520 2494746 
5521 2494748 
5522 2494748 
5523 2494749 
5524 2494749 
5525 2494749 
5526 2494750 
5527 2494750 
5528 2494750 
5529 2494751 
5530 2494751 
5531 2494751 
5532 2494752 
5533 2494752 
5534 2494752 
5535 2494753 
5536 2494753 
5537 2494753 
5538 2494754 
5539 2494754 
5540 2494754 
5541 2494755 
5542 2494755 
5543 2494756 
5544 2494756 
5545 2494757 
5546 2494757 
5547 2494757 
5548 2494758 
5549 2494759 
5550 2494760 
5551 2494761 
5552 2494772 
5553 2494774 
5554 2494774 
5555 2494774 
5556 2494775 
5557 2494775 
5558 2494776 
5559 2494776 
5560 2494776 
5561 2494777 
5562 2494777 
5563 2494777 
5564 2494778 
5565 2494778 
5566 2494778 
5567 2494779 
5568 2494779 
5569 2494779 
5570 2494780 
5571 2494780 
5572 2494781 
5573 2494781 
5574 2494781 
5575 2494782 
5576 2494782 
5577 2494782 
5578 2494783 
5579 2494783 
5580 2494783 
5581 2494784 
5582 2494784 
5583 2494785 
5584 2494785 
5585 2494785 
5586 2494786 
5587 2494786 
5588 2494786 
5589 2494787 
5590 2494787 
5591 2494788 
5592 2494788 
5593 2494788 
5594 2494789 
5595 2494789 
5596 2494789 
5597 2494789 
5598 2494790 
5599 2494790 
5600 2494790 
5601 2494791 
5602 2494791 
5603 2494791 
5604 2494792 
5605 2494792 
5606 2494792 
5607 2494793 
5608 2494793 
5609 2494793 
5610 2494794 
5611 2494794 
5612 2494795 
5613 2494795 
5614 2494795 
5615 2494796 
5616 2494796 
5617 2494796 
5618 2494797 
5619 2494797 
5620 2494797 
5621 2494798 
5622 2494798 
5623 2494798 
5624 2494798 
5625 2494799 
5626 2494799 
5627 2494799 
5628 2494800 
5629 2494800 
