1 2512801 
2 2512802 
3 2512803 
4 2512805 
5 2512806 
6 2512806 
7 2512806 
8 2512806 
9 2512807 
10 2512807 
11 2512807 
12 2512808 
13 2512808 
14 2512808 
15 2512809 
16 2512809 
17 2512809 
18 2512810 
19 2512810 
20 2512810 
21 2512811 
22 2512811 
23 2512811 
24 2512811 
25 2512812 
26 2512812 
27 2512812 
28 2512812 
29 2512813 
30 2512813 
31 2512814 
32 2512815 
33 2512815 
34 2512815 
35 2512816 
36 2512817 
37 2512818 
38 2512819 
39 2512819 
40 2512820 
41 2512820 
42 2512820 
43 2512820 
44 2512820 
45 2512821 
46 2512821 
47 2512821 
48 2512821 
49 2512825 
50 2512826 
51 2512828 
52 2512833 
53 2512839 
54 2512839 
55 2512840 
56 2512843 
57 2512845 
58 2512845 
59 2512845 
60 2512846 
61 2512846 
62 2512847 
63 2512849 
64 2512854 
65 2512856 
66 2512856 
67 2512858 
68 2512859 
69 2512859 
70 2512862 
71 2512863 
72 2512874 
73 2512874 
74 2512874 
75 2512875 
76 2512876 
77 2512877 
78 2512918 
79 2512919 
80 2512925 
81 2512931 
82 2512931 
83 2512932 
84 2512932 
85 2512933 
86 2512933 
87 2512933 
88 2512934 
89 2512934 
90 2512934 
91 2512935 
92 2512937 
93 2512940 
94 2512942 
95 2512949 
96 2512949 
97 2512949 
98 2512951 
99 2512951 
100 2512954 
101 2512956 
102 2512957 
103 2512961 
104 2512961 
105 2512961 
106 2512962 
107 2512962 
108 2512965 
109 2512967 
110 2512977 
111 2512979 
112 2512983 
113 2512991 
114 2512992 
115 2512992 
116 2512993 
117 2512993 
118 2512994 
119 2512994 
120 2512995 
121 2512995 
122 2512996 
123 2512997 
124 2512997 
125 2512997 
126 2512998 
127 2513004 
128 2513004 
129 2513008 
130 2513011 
131 2513011 
132 2513011 
133 2513012 
134 2513012 
135 2513015 
136 2513017 
137 2513020 
138 2513021 
139 2513022 
140 2513023 
141 2513023 
142 2513024 
143 2513024 
144 2513025 
145 2513028 
146 2513030 
147 2513030 
148 2513030 
149 2513032 
150 2513034 
151 2513034 
152 2513035 
153 2513036 
154 2513036 
155 2513036 
156 2513036 
157 2513040 
158 2513043 
159 2513044 
160 2513044 
161 2513044 
162 2513048 
163 2513048 
164 2513049 
165 2513081 
166 2513085 
167 2513090 
168 2513090 
169 2513090 
170 2513091 
171 2513091 
172 2513091 
173 2513091 
174 2513092 
175 2513092 
176 2513093 
177 2513093 
178 2513093 
179 2513094 
180 2513094 
181 2513094 
182 2513094 
183 2513095 
184 2513095 
185 2513095 
186 2513095 
187 2513096 
188 2513096 
189 2513096 
190 2513097 
191 2513097 
192 2513097 
193 2513098 
194 2513098 
195 2513098 
196 2513099 
197 2513100 
198 2513100 
199 2513100 
200 2513101 
201 2513101 
202 2513101 
203 2513102 
204 2513102 
205 2513102 
206 2513103 
207 2513104 
208 2513105 
209 2513105 
210 2513106 
211 2513106 
212 2513106 
213 2513107 
214 2513107 
215 2513107 
216 2513108 
217 2513108 
218 2513108 
219 2513109 
220 2513171 
221 2513192 
222 2513192 
223 2513192 
224 2513195 
225 2513196 
226 2513201 
227 2513203 
228 2513204 
229 2513213 
230 2513214 
231 2513214 
232 2513216 
233 2513216 
234 2513217 
235 2513218 
236 2513219 
237 2513219 
238 2513220 
239 2513221 
240 2513222 
241 2513231 
242 2513231 
243 2513236 
244 2513238 
245 2513238 
246 2513241 
247 2513241 
248 2513241 
249 2513242 
250 2513246 
251 2513246 
252 2513247 
253 2513248 
254 2513250 
255 2513252 
256 2513254 
257 2513255 
258 2513260 
259 2513261 
260 2513261 
261 2513261 
262 2513262 
263 2513265 
264 2513270 
265 2513271 
266 2513271 
267 2513271 
268 2513272 
269 2513274 
270 2513275 
271 2513279 
272 2513279 
273 2513280 
274 2513280 
275 2513280 
276 2513281 
277 2513281 
278 2513281 
279 2513283 
280 2513283 
281 2513283 
282 2513284 
283 2513284 
284 2513285 
285 2513285 
286 2513286 
287 2513290 
288 2513291 
289 2513300 
290 2513304 
291 2513308 
292 2513308 
293 2513308 
294 2513309 
295 2513311 
296 2513317 
297 2513321 
298 2513327 
299 2513330 
300 2513331 
301 2513338 
302 2513340 
303 2513344 
304 2513351 
305 2513352 
306 2513353 
307 2513353 
308 2513353 
309 2513354 
310 2513354 
311 2513354 
312 2513355 
313 2513355 
314 2513355 
315 2513356 
316 2513356 
317 2513379 
318 2513383 
319 2513384 
320 2513385 
321 2513388 
322 2513395 
323 2513407 
324 2513407 
325 2513408 
326 2513408 
327 2513408 
328 2513409 
329 2513409 
330 2513409 
331 2513410 
332 2513410 
333 2513410 
334 2513411 
335 2513411 
336 2513412 
337 2513412 
338 2513412 
339 2513413 
340 2513413 
341 2513414 
342 2513414 
343 2513414 
344 2513415 
345 2513415 
346 2513417 
347 2513421 
348 2513421 
349 2513422 
350 2513422 
351 2513423 
352 2513423 
353 2513423 
354 2513424 
355 2513424 
356 2513425 
357 2513425 
358 2513425 
359 2513426 
360 2513426 
361 2513426 
362 2513427 
363 2513427 
364 2513427 
365 2513428 
366 2513428 
367 2513428 
368 2513429 
369 2513429 
370 2513429 
371 2513429 
372 2513430 
373 2513430 
374 2513430 
375 2513431 
376 2513431 
377 2513432 
378 2513432 
379 2513432 
380 2513433 
381 2513433 
382 2513433 
383 2513434 
384 2513434 
385 2513434 
386 2513435 
387 2513437 
388 2513437 
389 2513440 
390 2513443 
391 2513444 
392 2513445 
393 2513446 
394 2513447 
395 2513448 
396 2513449 
397 2513452 
398 2513458 
399 2513470 
400 2513471 
401 2513471 
402 2513472 
403 2513472 
404 2513473 
405 2513473 
406 2513473 
407 2513474 
408 2513474 
409 2513474 
410 2513475 
411 2513475 
412 2513476 
413 2513477 
414 2513477 
415 2513478 
416 2513478 
417 2513479 
418 2513479 
419 2513479 
420 2513480 
421 2513480 
422 2513480 
423 2513481 
424 2513481 
425 2513482 
426 2513482 
427 2513482 
428 2513483 
429 2513483 
430 2513484 
431 2513484 
432 2513485 
433 2513485 
434 2513485 
435 2513486 
436 2513486 
437 2513486 
438 2513486 
439 2513487 
440 2513487 
441 2513487 
442 2513488 
443 2513488 
444 2513489 
445 2513489 
446 2513490 
447 2513491 
448 2513491 
449 2513492 
450 2513493 
451 2513495 
452 2513495 
453 2513495 
454 2513496 
455 2513497 
456 2513497 
457 2513499 
458 2513499 
459 2513499 
460 2513499 
461 2513500 
462 2513500 
463 2513500 
464 2513501 
465 2513501 
466 2513502 
467 2513502 
468 2513502 
469 2513517 
470 2513517 
471 2513517 
472 2513518 
473 2513518 
474 2513518 
475 2513519 
476 2513519 
477 2513519 
478 2513520 
479 2513520 
480 2513520 
481 2513521 
482 2513521 
483 2513521 
484 2513521 
485 2513522 
486 2513522 
487 2513522 
488 2513523 
489 2513523 
490 2513524 
491 2513524 
492 2513524 
493 2513524 
494 2513525 
495 2513525 
496 2513525 
497 2513526 
498 2513526 
499 2513527 
500 2513527 
501 2513527 
502 2513528 
503 2513528 
504 2513528 
505 2513528 
506 2513529 
507 2513529 
508 2513529 
509 2513529 
510 2513530 
511 2513530 
512 2513530 
513 2513531 
514 2513531 
515 2513532 
516 2513532 
517 2513533 
518 2513534 
519 2513534 
520 2513534 
521 2513535 
522 2513540 
523 2513542 
524 2513542 
525 2513542 
526 2513543 
527 2513543 
528 2513543 
529 2513543 
530 2513544 
531 2513544 
532 2513544 
533 2513545 
534 2513545 
535 2513545 
536 2513546 
537 2513546 
538 2513547 
539 2513547 
540 2513547 
541 2513548 
542 2513548 
543 2513548 
544 2513549 
545 2513549 
546 2513549 
547 2513550 
548 2513550 
549 2513550 
550 2513551 
551 2513551 
552 2513551 
553 2513552 
554 2513552 
555 2513552 
556 2513553 
557 2513553 
558 2513553 
559 2513554 
560 2513554 
561 2513554 
562 2513555 
563 2513555 
564 2513555 
565 2513556 
566 2513556 
567 2513556 
568 2513557 
569 2513557 
570 2513557 
571 2513558 
572 2513558 
573 2513558 
574 2513559 
575 2513559 
576 2513559 
577 2513560 
578 2513560 
579 2513560 
580 2513561 
581 2513561 
582 2513561 
583 2513562 
584 2513562 
585 2513562 
586 2513563 
587 2513563 
588 2513563 
589 2513564 
590 2513564 
591 2513564 
592 2513565 
593 2513565 
594 2513565 
595 2513566 
596 2513566 
597 2513566 
598 2513567 
599 2513567 
600 2513567 
601 2513568 
602 2513568 
603 2513568 
604 2513569 
605 2513569 
606 2513569 
607 2513570 
608 2513570 
609 2513571 
610 2513571 
611 2513571 
612 2513572 
613 2513572 
614 2513572 
615 2513573 
616 2513573 
617 2513573 
618 2513574 
619 2513574 
620 2513575 
621 2513575 
622 2513575 
623 2513576 
624 2513576 
625 2513577 
626 2513579 
627 2513579 
628 2513580 
629 2513591 
630 2513593 
631 2513594 
632 2513594 
633 2513594 
634 2513595 
635 2513595 
636 2513596 
637 2513596 
638 2513596 
639 2513597 
640 2513597 
641 2513597 
642 2513598 
643 2513599 
644 2513600 
645 2513600 
646 2513600 
647 2513601 
648 2513601 
649 2513601 
650 2513602 
651 2513602 
652 2513602 
653 2513603 
654 2513603 
655 2513603 
656 2513604 
657 2513604 
658 2513605 
659 2513605 
660 2513605 
661 2513606 
662 2513606 
663 2513606 
664 2513607 
665 2513607 
666 2513607 
667 2513608 
668 2513608 
669 2513608 
670 2513609 
671 2513609 
672 2513609 
673 2513609 
674 2513610 
675 2513610 
676 2513610 
677 2513611 
678 2513611 
679 2513611 
680 2513612 
681 2513612 
682 2513612 
683 2513612 
684 2513613 
685 2513613 
686 2513613 
687 2513614 
688 2513614 
689 2513614 
690 2513615 
691 2513615 
692 2513615 
693 2513616 
694 2513616 
695 2513617 
696 2513617 
697 2513617 
698 2513618 
699 2513618 
700 2513618 
701 2513618 
702 2513619 
703 2513619 
704 2513620 
705 2513620 
706 2513620 
707 2513620 
708 2513621 
709 2513621 
710 2513621 
711 2513622 
712 2513622 
713 2513622 
714 2513623 
715 2513623 
716 2513623 
717 2513624 
718 2513624 
719 2513624 
720 2513625 
721 2513625 
722 2513625 
723 2513626 
724 2513626 
725 2513626 
726 2513627 
727 2513627 
728 2513628 
729 2513628 
730 2513628 
731 2513629 
732 2513629 
733 2513629 
734 2513630 
735 2513630 
736 2513630 
737 2513631 
738 2513631 
739 2513631 
740 2513632 
741 2513632 
742 2513632 
743 2513632 
744 2513633 
745 2513633 
746 2513634 
747 2513634 
748 2513634 
749 2513635 
750 2513635 
751 2513635 
752 2513636 
753 2513636 
754 2513636 
755 2513637 
756 2513638 
757 2513638 
758 2513638 
759 2513638 
760 2513639 
761 2513639 
762 2513639 
763 2513640 
764 2513640 
765 2513640 
766 2513641 
767 2513641 
768 2513642 
769 2513642 
770 2513642 
771 2513642 
772 2513643 
773 2513643 
774 2513643 
775 2513644 
776 2513644 
777 2513644 
778 2513645 
779 2513645 
780 2513645 
781 2513646 
782 2513646 
783 2513646 
784 2513647 
785 2513647 
786 2513647 
787 2513647 
788 2513648 
789 2513648 
790 2513648 
791 2513649 
792 2513649 
793 2513649 
794 2513650 
795 2513650 
796 2513650 
797 2513651 
798 2513651 
799 2513651 
800 2513652 
801 2513652 
802 2513652 
803 2513652 
804 2513653 
805 2513653 
806 2513653 
807 2513654 
808 2513654 
809 2513655 
810 2513655 
811 2513655 
812 2513655 
813 2513656 
814 2513656 
815 2513657 
816 2513657 
817 2513658 
818 2513658 
819 2513658 
820 2513659 
821 2513659 
822 2513659 
823 2513660 
824 2513661 
825 2513661 
826 2513662 
827 2513662 
828 2513663 
829 2513664 
830 2513665 
831 2513665 
832 2513666 
833 2513666 
834 2513666 
835 2513666 
836 2513667 
837 2513667 
838 2513668 
839 2513668 
840 2513668 
841 2513669 
842 2513669 
843 2513669 
844 2513670 
845 2513670 
846 2513670 
847 2513671 
848 2513671 
849 2513671 
850 2513672 
851 2513672 
852 2513672 
853 2513672 
854 2513673 
855 2513673 
856 2513674 
857 2513675 
858 2513675 
859 2513676 
860 2513676 
861 2513676 
862 2513676 
863 2513677 
864 2513677 
865 2513677 
866 2513678 
867 2513678 
868 2513679 
869 2513679 
870 2513679 
871 2513680 
872 2513680 
873 2513680 
874 2513681 
875 2513681 
876 2513681 
877 2513681 
878 2513682 
879 2513682 
880 2513682 
881 2513683 
882 2513683 
883 2513683 
884 2513684 
885 2513684 
886 2513684 
887 2513685 
888 2513685 
889 2513685 
890 2513685 
891 2513686 
892 2513686 
893 2513686 
894 2513687 
895 2513687 
896 2513687 
897 2513688 
898 2513688 
899 2513688 
900 2513689 
901 2513689 
902 2513689 
903 2513690 
904 2513690 
905 2513690 
906 2513690 
907 2513691 
908 2513691 
909 2513691 
910 2513691 
911 2513692 
912 2513692 
913 2513692 
914 2513693 
915 2513693 
916 2513694 
917 2513694 
918 2513694 
919 2513695 
920 2513695 
921 2513695 
922 2513696 
923 2513696 
924 2513697 
925 2513697 
926 2513698 
927 2513698 
928 2513699 
929 2513701 
930 2513705 
931 2513705 
932 2513706 
933 2513706 
934 2513706 
935 2513707 
936 2513707 
937 2513708 
938 2513708 
939 2513708 
940 2513708 
941 2513709 
942 2513709 
943 2513709 
944 2513710 
945 2513710 
946 2513710 
947 2513711 
948 2513711 
949 2513712 
950 2513712 
951 2513712 
952 2513712 
953 2513714 
954 2513714 
955 2513714 
956 2513715 
957 2513715 
958 2513715 
959 2513716 
960 2513719 
961 2513720 
962 2513729 
963 2513729 
964 2513730 
965 2513730 
966 2513730 
967 2513730 
968 2513731 
969 2513731 
970 2513731 
971 2513732 
972 2513732 
973 2513732 
974 2513733 
975 2513733 
976 2513733 
977 2513733 
978 2513734 
979 2513734 
980 2513734 
981 2513735 
982 2513735 
983 2513735 
984 2513736 
985 2513736 
986 2513736 
987 2513737 
988 2513737 
989 2513737 
990 2513738 
991 2513739 
992 2513739 
993 2513739 
994 2513740 
995 2513740 
996 2513740 
997 2513741 
998 2513741 
999 2513742 
1000 2513742 
1001 2513742 
1002 2513742 
1003 2513742 
1004 2513743 
1005 2513743 
1006 2513743 
1007 2513744 
1008 2513744 
1009 2513745 
1010 2513745 
1011 2513745 
1012 2513745 
1013 2513746 
1014 2513746 
1015 2513747 
1016 2513750 
1017 2513753 
1018 2513754 
1019 2513754 
1020 2513755 
1021 2513756 
1022 2513757 
1023 2513757 
1024 2513757 
1025 2513758 
1026 2513758 
1027 2513759 
1028 2513759 
1029 2513759 
1030 2513760 
1031 2513760 
1032 2513761 
1033 2513761 
1034 2513763 
1035 2513764 
1036 2513764 
1037 2513764 
1038 2513765 
1039 2513765 
1040 2513766 
1041 2513766 
1042 2513766 
1043 2513767 
1044 2513767 
1045 2513767 
1046 2513768 
1047 2513768 
1048 2513768 
1049 2513769 
1050 2513769 
1051 2513769 
1052 2513770 
1053 2513770 
1054 2513770 
1055 2513772 
1056 2513773 
1057 2513773 
1058 2513773 
1059 2513774 
1060 2513774 
1061 2513774 
1062 2513775 
1063 2513775 
1064 2513775 
1065 2513775 
1066 2513776 
1067 2513776 
1068 2513776 
1069 2513777 
1070 2513777 
1071 2513777 
1072 2513778 
1073 2513778 
1074 2513778 
1075 2513779 
1076 2513779 
1077 2513779 
1078 2513780 
1079 2513780 
1080 2513780 
1081 2513781 
1082 2513781 
1083 2513781 
1084 2513782 
1085 2513782 
1086 2513782 
1087 2513783 
1088 2513783 
1089 2513784 
1090 2513784 
1091 2513784 
1092 2513785 
1093 2513785 
1094 2513785 
1095 2513786 
1096 2513786 
1097 2513787 
1098 2513787 
1099 2513787 
1100 2513787 
1101 2513788 
1102 2513788 
1103 2513788 
1104 2513789 
1105 2513789 
1106 2513789 
1107 2513790 
1108 2513790 
1109 2513790 
1110 2513790 
1111 2513791 
1112 2513791 
1113 2513791 
1114 2513791 
1115 2513792 
1116 2513792 
1117 2513792 
1118 2513793 
1119 2513794 
1120 2513794 
1121 2513794 
1122 2513795 
1123 2513795 
1124 2513795 
1125 2513796 
1126 2513796 
1127 2513796 
1128 2513797 
1129 2513797 
1130 2513797 
1131 2513798 
1132 2513798 
1133 2513798 
1134 2513799 
1135 2513799 
1136 2513799 
1137 2513800 
1138 2513800 
1139 2513800 
1140 2513800 
1141 2513801 
1142 2513801 
1143 2513801 
1144 2513802 
1145 2513802 
1146 2513803 
1147 2513803 
1148 2513805 
1149 2513805 
1150 2513805 
1151 2513806 
1152 2513806 
1153 2513807 
1154 2513807 
1155 2513807 
1156 2513808 
1157 2513808 
1158 2513808 
1159 2513809 
1160 2513809 
1161 2513810 
1162 2513810 
1163 2513810 
1164 2513811 
1165 2513811 
1166 2513811 
1167 2513812 
1168 2513813 
1169 2513813 
1170 2513813 
1171 2513814 
1172 2513814 
1173 2513815 
1174 2513815 
1175 2513815 
1176 2513816 
1177 2513816 
1178 2513816 
1179 2513817 
1180 2513817 
1181 2513817 
1182 2513818 
1183 2513818 
1184 2513818 
1185 2513818 
1186 2513819 
1187 2513819 
1188 2513819 
1189 2513820 
1190 2513820 
1191 2513820 
1192 2513821 
1193 2513821 
1194 2513821 
1195 2513822 
1196 2513822 
1197 2513822 
1198 2513823 
1199 2513823 
1200 2513823 
1201 2513823 
1202 2513823 
1203 2513824 
1204 2513824 
1205 2513824 
1206 2513825 
1207 2513825 
1208 2513825 
1209 2513826 
1210 2513826 
1211 2513826 
1212 2513827 
1213 2513827 
1214 2513827 
1215 2513827 
1216 2513828 
1217 2513828 
1218 2513828 
1219 2513833 
1220 2513833 
1221 2513834 
1222 2513834 
1223 2513834 
1224 2513835 
1225 2513835 
1226 2513836 
1227 2513836 
1228 2513838 
1229 2513839 
1230 2513839 
1231 2513840 
1232 2513840 
1233 2513840 
1234 2513841 
1235 2513841 
1236 2513842 
1237 2513842 
1238 2513842 
1239 2513843 
1240 2513843 
1241 2513843 
1242 2513844 
1243 2513844 
1244 2513845 
1245 2513845 
1246 2513845 
1247 2513845 
1248 2513846 
1249 2513846 
1250 2513846 
1251 2513847 
1252 2513847 
1253 2513848 
1254 2513848 
1255 2513850 
1256 2513851 
1257 2513852 
1258 2513852 
1259 2513852 
1260 2513852 
1261 2513853 
1262 2513853 
1263 2513853 
1264 2513854 
1265 2513854 
1266 2513854 
1267 2513855 
1268 2513855 
1269 2513855 
1270 2513855 
1271 2513856 
1272 2513856 
1273 2513856 
1274 2513856 
1275 2513857 
1276 2513857 
1277 2513857 
1278 2513857 
1279 2513858 
1280 2513858 
1281 2513858 
1282 2513858 
1283 2513859 
1284 2513859 
1285 2513859 
1286 2513859 
1287 2513860 
1288 2513860 
1289 2513860 
1290 2513861 
1291 2513861 
1292 2513861 
1293 2513861 
1294 2513862 
1295 2513862 
1296 2513862 
1297 2513863 
1298 2513863 
1299 2513863 
1300 2513864 
1301 2513864 
1302 2513864 
1303 2513865 
1304 2513865 
1305 2513865 
1306 2513865 
1307 2513866 
1308 2513866 
1309 2513866 
1310 2513867 
1311 2513867 
1312 2513867 
1313 2513867 
1314 2513868 
1315 2513868 
1316 2513869 
1317 2513869 
1318 2513869 
1319 2513869 
1320 2513870 
1321 2513870 
1322 2513870 
1323 2513871 
1324 2513871 
1325 2513871 
1326 2513872 
1327 2513872 
1328 2513872 
1329 2513873 
1330 2513873 
1331 2513873 
1332 2513874 
1333 2513874 
1334 2513874 
1335 2513875 
1336 2513875 
1337 2513875 
1338 2513876 
1339 2513876 
1340 2513876 
1341 2513876 
1342 2513876 
1343 2513877 
1344 2513877 
1345 2513877 
1346 2513878 
1347 2513878 
1348 2513878 
1349 2513879 
1350 2513879 
1351 2513879 
1352 2513880 
1353 2513880 
1354 2513880 
1355 2513881 
1356 2513881 
1357 2513881 
1358 2513881 
1359 2513882 
1360 2513882 
1361 2513882 
1362 2513883 
1363 2513883 
1364 2513883 
1365 2513884 
1366 2513884 
1367 2513885 
1368 2513885 
1369 2513885 
1370 2513885 
1371 2513886 
1372 2513886 
1373 2513886 
1374 2513886 
1375 2513886 
1376 2513887 
1377 2513887 
1378 2513887 
1379 2513887 
1380 2513888 
1381 2513888 
1382 2513888 
1383 2513889 
1384 2513889 
1385 2513889 
1386 2513890 
1387 2513890 
1388 2513890 
1389 2513891 
1390 2513891 
1391 2513891 
1392 2513892 
1393 2513892 
1394 2513892 
1395 2513892 
1396 2513893 
1397 2513893 
1398 2513893 
1399 2513894 
1400 2513894 
1401 2513894 
1402 2513894 
1403 2513894 
1404 2513895 
1405 2513895 
1406 2513895 
1407 2513895 
1408 2513896 
1409 2513896 
1410 2513896 
1411 2513897 
1412 2513897 
1413 2513897 
1414 2513898 
1415 2513898 
1416 2513898 
1417 2513899 
1418 2513899 
1419 2513899 
1420 2513899 
1421 2513899 
1422 2513900 
1423 2513900 
1424 2513900 
1425 2513901 
1426 2513901 
1427 2513902 
1428 2513902 
1429 2513902 
1430 2513903 
1431 2513903 
1432 2513903 
1433 2513904 
1434 2513904 
1435 2513905 
1436 2513905 
1437 2513905 
1438 2513907 
1439 2513907 
1440 2513907 
1441 2513908 
1442 2513908 
1443 2513908 
1444 2513909 
1445 2513910 
1446 2513910 
1447 2513913 
1448 2513913 
1449 2513913 
1450 2513913 
1451 2513914 
1452 2513914 
1453 2513914 
1454 2513916 
1455 2513918 
1456 2513919 
1457 2513919 
1458 2513919 
1459 2513920 
1460 2513920 
1461 2513920 
1462 2513921 
1463 2513922 
1464 2513923 
1465 2513923 
1466 2513924 
1467 2513924 
1468 2513924 
1469 2513925 
1470 2513926 
1471 2513926 
1472 2513927 
1473 2513927 
1474 2513927 
1475 2513928 
1476 2513929 
1477 2513929 
1478 2513931 
1479 2513932 
1480 2513932 
1481 2513932 
1482 2513933 
1483 2513933 
1484 2513933 
1485 2513933 
1486 2513934 
1487 2513934 
1488 2513934 
1489 2513935 
1490 2513935 
1491 2513935 
1492 2513936 
1493 2513936 
1494 2513936 
1495 2513937 
1496 2513937 
1497 2513937 
1498 2513938 
1499 2513938 
1500 2513938 
1501 2513939 
1502 2513939 
1503 2513939 
1504 2513940 
1505 2513940 
1506 2513940 
1507 2513941 
1508 2513941 
1509 2513941 
1510 2513942 
1511 2513942 
1512 2513943 
1513 2513944 
1514 2513945 
1515 2513946 
1516 2513946 
1517 2513946 
1518 2513946 
1519 2513947 
1520 2513947 
1521 2513947 
1522 2513948 
1523 2513948 
1524 2513948 
1525 2513948 
1526 2513949 
1527 2513949 
1528 2513949 
1529 2513949 
1530 2513949 
1531 2513950 
1532 2513950 
1533 2513950 
1534 2513951 
1535 2513951 
1536 2513951 
1537 2513953 
1538 2513953 
1539 2513953 
1540 2513954 
1541 2513954 
1542 2513954 
1543 2513955 
1544 2513955 
1545 2513955 
1546 2513955 
1547 2513955 
1548 2513956 
1549 2513956 
1550 2513956 
1551 2513956 
1552 2513957 
1553 2513957 
1554 2513957 
1555 2513958 
1556 2513958 
1557 2513958 
1558 2513959 
1559 2513959 
1560 2513959 
1561 2513959 
1562 2513959 
1563 2513960 
1564 2513960 
1565 2513961 
1566 2513961 
1567 2513961 
1568 2513962 
1569 2513962 
1570 2513963 
1571 2513963 
1572 2513964 
1573 2513964 
1574 2513964 
1575 2513965 
1576 2513966 
1577 2513966 
1578 2513966 
1579 2513967 
1580 2513967 
1581 2513967 
1582 2513967 
1583 2513968 
1584 2513968 
1585 2513968 
1586 2513969 
1587 2513969 
1588 2513969 
1589 2513970 
1590 2513971 
1591 2513971 
1592 2513972 
1593 2513972 
1594 2513972 
1595 2513973 
1596 2513974 
1597 2513974 
1598 2513975 
1599 2513975 
1600 2513976 
1601 2513976 
1602 2513976 
1603 2513977 
1604 2513977 
1605 2513977 
1606 2513978 
1607 2513978 
1608 2513978 
1609 2513979 
1610 2513979 
1611 2513980 
1612 2513981 
1613 2513981 
1614 2513981 
1615 2513981 
1616 2513982 
1617 2513982 
1618 2513983 
1619 2513983 
1620 2513983 
1621 2513983 
1622 2513984 
1623 2513984 
1624 2513984 
1625 2513984 
1626 2513985 
1627 2513985 
1628 2513985 
1629 2513986 
1630 2513986 
1631 2513986 
1632 2513987 
1633 2513987 
1634 2513987 
1635 2513988 
1636 2513988 
1637 2513988 
1638 2513988 
1639 2513989 
1640 2513989 
1641 2513990 
1642 2513990 
1643 2513991 
1644 2513993 
1645 2513994 
1646 2513994 
1647 2513995 
1648 2513995 
1649 2513995 
1650 2513996 
1651 2513996 
1652 2513996 
1653 2513997 
1654 2513997 
1655 2513997 
1656 2513998 
1657 2513998 
1658 2513999 
1659 2513999 
1660 2514000 
1661 2514000 
1662 2514001 
1663 2514002 
1664 2514003 
1665 2514005 
1666 2514006 
1667 2514007 
1668 2514008 
1669 2514010 
1670 2514012 
1671 2514012 
1672 2514013 
1673 2514016 
1674 2514016 
1675 2514016 
1676 2514016 
1677 2514017 
1678 2514017 
1679 2514017 
1680 2514018 
1681 2514018 
1682 2514018 
1683 2514018 
1684 2514019 
1685 2514019 
1686 2514019 
1687 2514020 
1688 2514020 
1689 2514020 
1690 2514021 
1691 2514021 
1692 2514021 
1693 2514022 
1694 2514022 
1695 2514022 
1696 2514023 
1697 2514023 
1698 2514024 
1699 2514024 
1700 2514025 
1701 2514025 
1702 2514025 
1703 2514025 
1704 2514026 
1705 2514026 
1706 2514027 
1707 2514027 
1708 2514027 
1709 2514028 
1710 2514028 
1711 2514028 
1712 2514028 
1713 2514029 
1714 2514029 
1715 2514030 
1716 2514030 
1717 2514030 
1718 2514030 
1719 2514031 
1720 2514031 
1721 2514031 
1722 2514032 
1723 2514032 
1724 2514032 
1725 2514033 
1726 2514033 
1727 2514033 
1728 2514034 
1729 2514034 
1730 2514034 
1731 2514035 
1732 2514035 
1733 2514035 
1734 2514036 
1735 2514036 
1736 2514036 
1737 2514037 
1738 2514037 
1739 2514037 
1740 2514038 
1741 2514038 
1742 2514038 
1743 2514039 
1744 2514039 
1745 2514039 
1746 2514040 
1747 2514040 
1748 2514040 
1749 2514041 
1750 2514041 
1751 2514042 
1752 2514042 
1753 2514042 
1754 2514043 
1755 2514043 
1756 2514043 
1757 2514044 
1758 2514044 
1759 2514044 
1760 2514045 
1761 2514045 
1762 2514045 
1763 2514046 
1764 2514046 
1765 2514046 
1766 2514047 
1767 2514047 
1768 2514047 
1769 2514048 
1770 2514048 
1771 2514048 
1772 2514049 
1773 2514049 
1774 2514049 
1775 2514050 
1776 2514051 
1777 2514051 
1778 2514051 
1779 2514051 
1780 2514052 
1781 2514052 
1782 2514052 
1783 2514053 
1784 2514053 
1785 2514053 
1786 2514054 
1787 2514054 
1788 2514054 
1789 2514055 
1790 2514055 
1791 2514055 
1792 2514057 
1793 2514057 
1794 2514058 
1795 2514059 
1796 2514059 
1797 2514060 
1798 2514060 
1799 2514061 
1800 2514061 
1801 2514062 
1802 2514062 
1803 2514062 
1804 2514063 
1805 2514063 
1806 2514063 
1807 2514064 
1808 2514064 
1809 2514064 
1810 2514065 
1811 2514065 
1812 2514065 
1813 2514066 
1814 2514066 
1815 2514066 
1816 2514067 
1817 2514067 
1818 2514067 
1819 2514068 
1820 2514068 
1821 2514068 
1822 2514068 
1823 2514069 
1824 2514069 
1825 2514069 
1826 2514069 
1827 2514070 
1828 2514070 
1829 2514070 
1830 2514071 
1831 2514071 
1832 2514072 
1833 2514072 
1834 2514072 
1835 2514073 
1836 2514073 
1837 2514073 
1838 2514073 
1839 2514074 
1840 2514074 
1841 2514074 
1842 2514075 
1843 2514075 
1844 2514075 
1845 2514076 
1846 2514076 
1847 2514076 
1848 2514076 
1849 2514077 
1850 2514077 
1851 2514077 
1852 2514078 
1853 2514078 
1854 2514078 
1855 2514078 
1856 2514079 
1857 2514079 
1858 2514079 
1859 2514079 
1860 2514080 
1861 2514080 
1862 2514080 
1863 2514080 
1864 2514081 
1865 2514081 
1866 2514081 
1867 2514081 
1868 2514082 
1869 2514082 
1870 2514082 
1871 2514082 
1872 2514083 
1873 2514083 
1874 2514083 
1875 2514083 
1876 2514084 
1877 2514084 
1878 2514084 
1879 2514084 
1880 2514084 
1881 2514085 
1882 2514085 
1883 2514085 
1884 2514086 
1885 2514086 
1886 2514086 
1887 2514086 
1888 2514086 
1889 2514087 
1890 2514087 
1891 2514087 
1892 2514087 
1893 2514088 
1894 2514088 
1895 2514088 
1896 2514088 
1897 2514088 
1898 2514088 
1899 2514089 
1900 2514089 
1901 2514089 
1902 2514089 
1903 2514089 
1904 2514090 
1905 2514090 
1906 2514091 
1907 2514091 
1908 2514091 
1909 2514092 
1910 2514092 
1911 2514092 
1912 2514092 
1913 2514093 
1914 2514093 
1915 2514093 
1916 2514093 
1917 2514093 
1918 2514094 
1919 2514094 
1920 2514095 
1921 2514095 
1922 2514096 
1923 2514096 
1924 2514096 
1925 2514096 
1926 2514097 
1927 2514097 
1928 2514097 
1929 2514097 
1930 2514098 
1931 2514098 
1932 2514098 
1933 2514098 
1934 2514099 
1935 2514099 
1936 2514099 
1937 2514099 
1938 2514100 
1939 2514100 
1940 2514101 
1941 2514101 
1942 2514101 
1943 2514102 
1944 2514102 
1945 2514102 
1946 2514103 
1947 2514103 
1948 2514103 
1949 2514104 
1950 2514104 
1951 2514104 
1952 2514105 
1953 2514105 
1954 2514106 
1955 2514106 
1956 2514107 
1957 2514107 
1958 2514107 
1959 2514108 
1960 2514108 
1961 2514108 
1962 2514109 
1963 2514109 
1964 2514109 
1965 2514110 
1966 2514110 
1967 2514110 
1968 2514111 
1969 2514111 
1970 2514111 
1971 2514112 
1972 2514112 
1973 2514112 
1974 2514113 
1975 2514113 
1976 2514113 
1977 2514114 
1978 2514114 
1979 2514114 
1980 2514115 
1981 2514115 
1982 2514115 
1983 2514116 
1984 2514116 
1985 2514116 
1986 2514117 
1987 2514117 
1988 2514118 
1989 2514118 
1990 2514118 
1991 2514118 
1992 2514119 
1993 2514119 
1994 2514120 
1995 2514120 
1996 2514120 
1997 2514121 
1998 2514121 
1999 2514122 
2000 2514122 
2001 2514123 
2002 2514123 
2003 2514123 
2004 2514124 
2005 2514125 
2006 2514125 
2007 2514125 
2008 2514126 
2009 2514126 
2010 2514126 
2011 2514127 
2012 2514127 
2013 2514128 
2014 2514128 
2015 2514128 
2016 2514129 
2017 2514129 
2018 2514129 
2019 2514130 
2020 2514130 
2021 2514130 
2022 2514131 
2023 2514131 
2024 2514131 
2025 2514132 
2026 2514132 
2027 2514132 
2028 2514133 
2029 2514134 
2030 2514134 
2031 2514134 
2032 2514135 
2033 2514135 
2034 2514135 
2035 2514136 
2036 2514137 
2037 2514137 
2038 2514137 
2039 2514138 
2040 2514138 
2041 2514139 
2042 2514139 
2043 2514140 
2044 2514140 
2045 2514140 
2046 2514141 
2047 2514141 
2048 2514141 
2049 2514142 
2050 2514142 
2051 2514142 
2052 2514143 
2053 2514143 
2054 2514143 
2055 2514144 
2056 2514144 
2057 2514144 
2058 2514145 
2059 2514145 
2060 2514145 
2061 2514145 
2062 2514146 
2063 2514146 
2064 2514146 
2065 2514147 
2066 2514147 
2067 2514147 
2068 2514148 
2069 2514148 
2070 2514148 
2071 2514148 
2072 2514149 
2073 2514149 
2074 2514150 
2075 2514150 
2076 2514150 
2077 2514151 
2078 2514151 
2079 2514152 
2080 2514152 
2081 2514153 
2082 2514153 
2083 2514154 
2084 2514154 
2085 2514154 
2086 2514155 
2087 2514155 
2088 2514155 
2089 2514156 
2090 2514156 
2091 2514157 
2092 2514157 
2093 2514157 
2094 2514157 
2095 2514158 
2096 2514158 
2097 2514158 
2098 2514159 
2099 2514159 
2100 2514159 
2101 2514160 
2102 2514160 
2103 2514160 
2104 2514160 
2105 2514161 
2106 2514161 
2107 2514161 
2108 2514162 
2109 2514162 
2110 2514162 
2111 2514163 
2112 2514163 
2113 2514163 
2114 2514164 
2115 2514164 
2116 2514164 
2117 2514165 
2118 2514165 
2119 2514167 
2120 2514167 
2121 2514167 
2122 2514168 
2123 2514168 
2124 2514168 
2125 2514168 
2126 2514169 
2127 2514169 
2128 2514169 
2129 2514170 
2130 2514170 
2131 2514170 
2132 2514171 
2133 2514171 
2134 2514171 
2135 2514172 
2136 2514172 
2137 2514172 
2138 2514173 
2139 2514173 
2140 2514173 
2141 2514174 
2142 2514174 
2143 2514175 
2144 2514175 
2145 2514175 
2146 2514176 
2147 2514176 
2148 2514176 
2149 2514177 
2150 2514177 
2151 2514177 
2152 2514178 
2153 2514178 
2154 2514178 
2155 2514179 
2156 2514179 
2157 2514179 
2158 2514179 
2159 2514180 
2160 2514180 
2161 2514181 
2162 2514181 
2163 2514181 
2164 2514181 
2165 2514182 
2166 2514182 
2167 2514182 
2168 2514183 
2169 2514183 
2170 2514183 
2171 2514184 
2172 2514184 
2173 2514184 
2174 2514185 
2175 2514185 
2176 2514185 
2177 2514186 
2178 2514186 
2179 2514186 
2180 2514187 
2181 2514187 
2182 2514187 
2183 2514188 
2184 2514188 
2185 2514188 
2186 2514188 
2187 2514189 
2188 2514191 
2189 2514193 
2190 2514193 
2191 2514193 
2192 2514194 
2193 2514194 
2194 2514194 
2195 2514195 
2196 2514195 
2197 2514195 
2198 2514196 
2199 2514196 
2200 2514197 
2201 2514197 
2202 2514197 
2203 2514198 
2204 2514198 
2205 2514198 
2206 2514199 
2207 2514199 
2208 2514200 
2209 2514200 
2210 2514200 
2211 2514201 
2212 2514202 
2213 2514202 
2214 2514202 
2215 2514203 
2216 2514203 
2217 2514205 
2218 2514205 
2219 2514205 
2220 2514206 
2221 2514206 
2222 2514206 
2223 2514207 
2224 2514207 
2225 2514207 
2226 2514208 
2227 2514208 
2228 2514208 
2229 2514208 
2230 2514209 
2231 2514209 
2232 2514209 
2233 2514210 
2234 2514210 
2235 2514210 
2236 2514211 
2237 2514211 
2238 2514211 
2239 2514212 
2240 2514212 
2241 2514212 
2242 2514212 
2243 2514213 
2244 2514213 
2245 2514213 
2246 2514214 
2247 2514214 
2248 2514214 
2249 2514215 
2250 2514215 
2251 2514215 
2252 2514215 
2253 2514216 
2254 2514216 
2255 2514216 
2256 2514217 
2257 2514217 
2258 2514217 
2259 2514217 
2260 2514218 
2261 2514218 
2262 2514218 
2263 2514219 
2264 2514219 
2265 2514219 
2266 2514219 
2267 2514220 
2268 2514220 
2269 2514220 
2270 2514221 
2271 2514221 
2272 2514221 
2273 2514221 
2274 2514222 
2275 2514222 
2276 2514222 
2277 2514223 
2278 2514223 
2279 2514223 
2280 2514224 
2281 2514224 
2282 2514224 
2283 2514224 
2284 2514225 
2285 2514225 
2286 2514225 
2287 2514225 
2288 2514226 
2289 2514226 
2290 2514226 
2291 2514227 
2292 2514227 
2293 2514227 
2294 2514228 
2295 2514228 
2296 2514228 
2297 2514229 
2298 2514229 
2299 2514230 
2300 2514230 
2301 2514231 
2302 2514231 
2303 2514232 
2304 2514232 
2305 2514232 
2306 2514232 
2307 2514232 
2308 2514233 
2309 2514233 
2310 2514233 
2311 2514234 
2312 2514234 
2313 2514234 
2314 2514235 
2315 2514235 
2316 2514236 
2317 2514236 
2318 2514236 
2319 2514237 
2320 2514237 
2321 2514238 
2322 2514238 
2323 2514239 
2324 2514239 
2325 2514239 
2326 2514239 
2327 2514240 
2328 2514240 
2329 2514241 
2330 2514241 
2331 2514241 
2332 2514242 
2333 2514242 
2334 2514242 
2335 2514243 
2336 2514243 
2337 2514243 
2338 2514243 
2339 2514244 
2340 2514244 
2341 2514245 
2342 2514247 
2343 2514247 
2344 2514248 
2345 2514248 
2346 2514248 
2347 2514248 
2348 2514248 
2349 2514249 
2350 2514249 
2351 2514249 
2352 2514249 
2353 2514250 
2354 2514250 
2355 2514250 
2356 2514250 
2357 2514250 
2358 2514250 
2359 2514251 
2360 2514251 
2361 2514251 
2362 2514251 
2363 2514251 
2364 2514252 
2365 2514252 
2366 2514252 
2367 2514252 
2368 2514253 
2369 2514253 
2370 2514253 
2371 2514254 
2372 2514254 
2373 2514254 
2374 2514254 
2375 2514255 
2376 2514255 
2377 2514255 
2378 2514255 
2379 2514255 
2380 2514256 
2381 2514256 
2382 2514256 
2383 2514257 
2384 2514257 
2385 2514257 
2386 2514257 
2387 2514258 
2388 2514258 
2389 2514258 
2390 2514259 
2391 2514259 
2392 2514259 
2393 2514260 
2394 2514260 
2395 2514260 
2396 2514260 
2397 2514261 
2398 2514261 
2399 2514261 
2400 2514262 
2401 2514262 
2402 2514262 
2403 2514263 
2404 2514264 
2405 2514264 
2406 2514264 
2407 2514265 
2408 2514266 
2409 2514266 
2410 2514267 
2411 2514267 
2412 2514267 
2413 2514268 
2414 2514268 
2415 2514268 
2416 2514268 
2417 2514269 
2418 2514269 
2419 2514269 
2420 2514270 
2421 2514270 
2422 2514270 
2423 2514270 
2424 2514271 
2425 2514271 
2426 2514271 
2427 2514272 
2428 2514272 
2429 2514272 
2430 2514273 
2431 2514273 
2432 2514273 
2433 2514274 
2434 2514274 
2435 2514274 
2436 2514275 
2437 2514275 
2438 2514275 
2439 2514276 
2440 2514276 
2441 2514276 
2442 2514277 
2443 2514277 
2444 2514277 
2445 2514278 
2446 2514278 
2447 2514278 
2448 2514279 
2449 2514279 
2450 2514279 
2451 2514280 
2452 2514280 
2453 2514281 
2454 2514281 
2455 2514281 
2456 2514281 
2457 2514282 
2458 2514282 
2459 2514282 
2460 2514283 
2461 2514283 
2462 2514283 
2463 2514283 
2464 2514284 
2465 2514284 
2466 2514284 
2467 2514285 
2468 2514285 
2469 2514285 
2470 2514285 
2471 2514287 
2472 2514287 
2473 2514287 
2474 2514287 
2475 2514288 
2476 2514288 
2477 2514288 
2478 2514288 
2479 2514289 
2480 2514289 
2481 2514289 
2482 2514290 
2483 2514290 
2484 2514290 
2485 2514291 
2486 2514291 
2487 2514291 
2488 2514292 
2489 2514292 
2490 2514293 
2491 2514293 
2492 2514293 
2493 2514293 
2494 2514294 
2495 2514294 
2496 2514294 
2497 2514295 
2498 2514295 
2499 2514295 
2500 2514296 
2501 2514297 
2502 2514297 
2503 2514297 
2504 2514297 
2505 2514298 
2506 2514298 
2507 2514298 
2508 2514298 
2509 2514299 
2510 2514299 
2511 2514299 
2512 2514299 
2513 2514299 
2514 2514300 
2515 2514300 
2516 2514300 
2517 2514300 
2518 2514301 
2519 2514301 
2520 2514301 
2521 2514301 
2522 2514301 
2523 2514302 
2524 2514302 
2525 2514302 
2526 2514303 
2527 2514303 
2528 2514303 
2529 2514303 
2530 2514304 
2531 2514304 
2532 2514304 
2533 2514304 
2534 2514305 
2535 2514305 
2536 2514305 
2537 2514306 
2538 2514306 
2539 2514306 
2540 2514307 
2541 2514307 
2542 2514307 
2543 2514308 
2544 2514308 
2545 2514308 
2546 2514309 
2547 2514309 
2548 2514309 
2549 2514310 
2550 2514310 
2551 2514310 
2552 2514310 
2553 2514311 
2554 2514311 
2555 2514311 
2556 2514311 
2557 2514311 
2558 2514311 
2559 2514312 
2560 2514312 
2561 2514312 
2562 2514312 
2563 2514313 
2564 2514313 
2565 2514313 
2566 2514313 
2567 2514314 
2568 2514315 
2569 2514315 
2570 2514316 
2571 2514316 
2572 2514317 
2573 2514317 
2574 2514317 
2575 2514317 
2576 2514318 
2577 2514318 
2578 2514318 
2579 2514318 
2580 2514319 
2581 2514319 
2582 2514319 
2583 2514319 
2584 2514319 
2585 2514320 
2586 2514320 
2587 2514320 
2588 2514320 
2589 2514321 
2590 2514321 
2591 2514321 
2592 2514322 
2593 2514322 
2594 2514322 
2595 2514322 
2596 2514322 
2597 2514323 
2598 2514323 
2599 2514323 
2600 2514324 
2601 2514324 
2602 2514324 
2603 2514324 
2604 2514325 
2605 2514325 
2606 2514325 
2607 2514326 
2608 2514326 
2609 2514326 
2610 2514326 
2611 2514327 
2612 2514327 
2613 2514327 
2614 2514327 
2615 2514328 
2616 2514328 
2617 2514328 
2618 2514328 
2619 2514329 
2620 2514329 
2621 2514329 
2622 2514329 
2623 2514330 
2624 2514330 
2625 2514330 
2626 2514330 
2627 2514331 
2628 2514331 
2629 2514331 
2630 2514332 
2631 2514333 
2632 2514333 
2633 2514334 
2634 2514334 
2635 2514334 
2636 2514335 
2637 2514335 
2638 2514335 
2639 2514336 
2640 2514336 
2641 2514336 
2642 2514337 
2643 2514337 
2644 2514337 
2645 2514338 
2646 2514338 
2647 2514338 
2648 2514339 
2649 2514339 
2650 2514339 
2651 2514339 
2652 2514339 
2653 2514340 
2654 2514340 
2655 2514341 
2656 2514341 
2657 2514341 
2658 2514342 
2659 2514342 
2660 2514342 
2661 2514343 
2662 2514343 
2663 2514344 
2664 2514344 
2665 2514344 
2666 2514345 
2667 2514345 
2668 2514345 
2669 2514346 
2670 2514346 
2671 2514346 
2672 2514347 
2673 2514347 
2674 2514348 
2675 2514348 
2676 2514349 
2677 2514349 
2678 2514349 
2679 2514350 
2680 2514351 
2681 2514352 
2682 2514352 
2683 2514352 
2684 2514353 
2685 2514353 
2686 2514353 
2687 2514354 
2688 2514354 
2689 2514354 
2690 2514354 
2691 2514355 
2692 2514355 
2693 2514355 
2694 2514356 
2695 2514356 
2696 2514356 
2697 2514357 
2698 2514357 
2699 2514357 
2700 2514358 
2701 2514358 
2702 2514358 
2703 2514359 
2704 2514359 
2705 2514359 
2706 2514360 
2707 2514360 
2708 2514360 
2709 2514361 
2710 2514361 
2711 2514361 
2712 2514362 
2713 2514362 
2714 2514362 
2715 2514363 
2716 2514363 
2717 2514363 
2718 2514363 
2719 2514364 
2720 2514364 
2721 2514365 
2722 2514365 
2723 2514365 
2724 2514365 
2725 2514365 
2726 2514366 
2727 2514366 
2728 2514366 
2729 2514367 
2730 2514367 
2731 2514367 
2732 2514367 
2733 2514368 
2734 2514368 
2735 2514368 
2736 2514369 
2737 2514369 
2738 2514369 
2739 2514370 
2740 2514370 
2741 2514370 
2742 2514370 
2743 2514371 
2744 2514371 
2745 2514372 
2746 2514372 
2747 2514372 
2748 2514373 
2749 2514373 
2750 2514373 
2751 2514374 
2752 2514374 
2753 2514375 
2754 2514375 
2755 2514375 
2756 2514375 
2757 2514376 
2758 2514376 
2759 2514376 
2760 2514377 
2761 2514377 
2762 2514377 
2763 2514378 
2764 2514378 
2765 2514378 
2766 2514378 
2767 2514378 
2768 2514379 
2769 2514379 
2770 2514379 
2771 2514380 
2772 2514380 
2773 2514380 
2774 2514380 
2775 2514381 
2776 2514381 
2777 2514381 
2778 2514382 
2779 2514382 
2780 2514382 
2781 2514384 
2782 2514384 
2783 2514384 
2784 2514384 
2785 2514385 
2786 2514385 
2787 2514385 
2788 2514386 
2789 2514386 
2790 2514387 
2791 2514387 
2792 2514388 
2793 2514388 
2794 2514388 
2795 2514389 
2796 2514389 
2797 2514389 
2798 2514389 
2799 2514390 
2800 2514390 
2801 2514390 
2802 2514391 
2803 2514391 
2804 2514392 
2805 2514392 
2806 2514392 
2807 2514393 
2808 2514393 
2809 2514393 
2810 2514394 
2811 2514394 
2812 2514395 
2813 2514395 
2814 2514395 
2815 2514396 
2816 2514396 
2817 2514396 
2818 2514397 
2819 2514397 
2820 2514397 
2821 2514398 
2822 2514398 
2823 2514398 
2824 2514398 
2825 2514399 
2826 2514399 
2827 2514400 
2828 2514400 
2829 2514400 
2830 2514401 
2831 2514402 
2832 2514402 
2833 2514402 
2834 2514402 
2835 2514403 
2836 2514403 
2837 2514403 
2838 2514404 
2839 2514404 
2840 2514404 
2841 2514405 
2842 2514405 
2843 2514405 
2844 2514406 
2845 2514406 
2846 2514406 
2847 2514407 
2848 2514407 
2849 2514407 
2850 2514408 
2851 2514408 
2852 2514408 
2853 2514408 
2854 2514409 
2855 2514409 
2856 2514409 
2857 2514410 
2858 2514410 
2859 2514410 
2860 2514411 
2861 2514411 
2862 2514411 
2863 2514412 
2864 2514412 
2865 2514412 
2866 2514413 
2867 2514413 
2868 2514413 
2869 2514414 
2870 2514414 
2871 2514416 
2872 2514417 
2873 2514419 
2874 2514420 
2875 2514420 
2876 2514420 
2877 2514421 
2878 2514421 
2879 2514422 
2880 2514422 
2881 2514423 
2882 2514423 
2883 2514423 
2884 2514424 
2885 2514425 
2886 2514425 
2887 2514425 
2888 2514427 
2889 2514427 
2890 2514428 
2891 2514429 
2892 2514429 
2893 2514429 
2894 2514430 
2895 2514431 
2896 2514431 
2897 2514431 
2898 2514432 
2899 2514432 
2900 2514433 
2901 2514433 
2902 2514433 
2903 2514434 
2904 2514434 
2905 2514434 
2906 2514435 
2907 2514435 
2908 2514435 
2909 2514436 
2910 2514436 
2911 2514436 
2912 2514437 
2913 2514437 
2914 2514437 
2915 2514437 
2916 2514438 
2917 2514438 
2918 2514438 
2919 2514439 
2920 2514439 
2921 2514439 
2922 2514440 
2923 2514440 
2924 2514440 
2925 2514441 
2926 2514441 
2927 2514441 
2928 2514442 
2929 2514442 
2930 2514442 
2931 2514442 
2932 2514443 
2933 2514443 
2934 2514444 
2935 2514444 
2936 2514444 
2937 2514445 
2938 2514445 
2939 2514445 
2940 2514446 
2941 2514446 
2942 2514446 
2943 2514447 
2944 2514447 
2945 2514447 
2946 2514448 
2947 2514450 
2948 2514450 
2949 2514450 
2950 2514451 
2951 2514451 
2952 2514451 
2953 2514452 
2954 2514452 
2955 2514452 
2956 2514453 
2957 2514453 
2958 2514453 
2959 2514454 
2960 2514455 
2961 2514457 
2962 2514457 
2963 2514458 
2964 2514458 
2965 2514458 
2966 2514459 
2967 2514459 
2968 2514459 
2969 2514459 
2970 2514460 
2971 2514460 
2972 2514460 
2973 2514460 
2974 2514461 
2975 2514461 
2976 2514462 
2977 2514462 
2978 2514463 
2979 2514463 
2980 2514464 
2981 2514464 
2982 2514464 
2983 2514465 
2984 2514465 
2985 2514466 
2986 2514466 
2987 2514467 
2988 2514467 
2989 2514468 
2990 2514468 
2991 2514469 
2992 2514469 
2993 2514469 
2994 2514470 
2995 2514470 
2996 2514470 
2997 2514471 
2998 2514472 
2999 2514472 
3000 2514472 
3001 2514473 
3002 2514473 
3003 2514473 
3004 2514473 
3005 2514474 
3006 2514474 
3007 2514474 
3008 2514475 
3009 2514475 
3010 2514475 
3011 2514476 
3012 2514476 
3013 2514476 
3014 2514477 
3015 2514477 
3016 2514477 
3017 2514477 
3018 2514478 
3019 2514478 
3020 2514478 
3021 2514479 
3022 2514479 
3023 2514479 
3024 2514480 
3025 2514480 
3026 2514480 
3027 2514480 
3028 2514481 
3029 2514481 
3030 2514481 
3031 2514482 
3032 2514482 
3033 2514482 
3034 2514483 
3035 2514483 
3036 2514483 
3037 2514484 
3038 2514484 
3039 2514484 
3040 2514484 
3041 2514485 
3042 2514485 
3043 2514485 
3044 2514486 
3045 2514486 
3046 2514486 
3047 2514487 
3048 2514487 
3049 2514487 
3050 2514488 
3051 2514488 
3052 2514489 
3053 2514489 
3054 2514489 
3055 2514490 
3056 2514490 
3057 2514490 
3058 2514491 
3059 2514491 
3060 2514491 
3061 2514492 
3062 2514492 
3063 2514492 
3064 2514493 
3065 2514493 
3066 2514493 
3067 2514494 
3068 2514494 
3069 2514494 
3070 2514495 
3071 2514495 
3072 2514496 
3073 2514496 
3074 2514497 
3075 2514497 
3076 2514498 
3077 2514498 
3078 2514498 
3079 2514499 
3080 2514499 
3081 2514500 
3082 2514500 
3083 2514500 
3084 2514500 
3085 2514501 
3086 2514501 
3087 2514501 
3088 2514502 
3089 2514502 
3090 2514503 
3091 2514503 
3092 2514504 
3093 2514504 
3094 2514504 
3095 2514504 
3096 2514505 
3097 2514505 
3098 2514505 
3099 2514505 
3100 2514506 
3101 2514506 
3102 2514506 
3103 2514507 
3104 2514507 
3105 2514507 
3106 2514509 
3107 2514510 
3108 2514511 
3109 2514511 
3110 2514511 
3111 2514511 
3112 2514511 
3113 2514512 
3114 2514512 
3115 2514512 
3116 2514513 
3117 2514513 
3118 2514513 
3119 2514514 
3120 2514514 
3121 2514514 
3122 2514515 
3123 2514515 
3124 2514515 
3125 2514516 
3126 2514516 
3127 2514516 
3128 2514517 
3129 2514517 
3130 2514517 
3131 2514518 
3132 2514518 
3133 2514518 
3134 2514518 
3135 2514519 
3136 2514519 
3137 2514519 
3138 2514520 
3139 2514520 
3140 2514520 
3141 2514520 
3142 2514521 
3143 2514521 
3144 2514521 
3145 2514521 
3146 2514522 
3147 2514522 
3148 2514522 
3149 2514523 
3150 2514523 
3151 2514523 
3152 2514524 
3153 2514524 
3154 2514524 
3155 2514524 
3156 2514524 
3157 2514525 
3158 2514525 
3159 2514525 
3160 2514526 
3161 2514526 
3162 2514526 
3163 2514527 
3164 2514527 
3165 2514527 
3166 2514527 
3167 2514528 
3168 2514528 
3169 2514528 
3170 2514528 
3171 2514528 
3172 2514529 
3173 2514529 
3174 2514529 
3175 2514530 
3176 2514530 
3177 2514530 
3178 2514530 
3179 2514531 
3180 2514531 
3181 2514531 
3182 2514532 
3183 2514532 
3184 2514532 
3185 2514533 
3186 2514533 
3187 2514533 
3188 2514533 
3189 2514534 
3190 2514534 
3191 2514534 
3192 2514535 
3193 2514535 
3194 2514535 
3195 2514538 
3196 2514539 
3197 2514541 
3198 2514541 
3199 2514541 
3200 2514542 
3201 2514542 
3202 2514542 
3203 2514543 
3204 2514543 
3205 2514543 
3206 2514543 
3207 2514544 
3208 2514544 
3209 2514544 
3210 2514545 
3211 2514545 
3212 2514545 
3213 2514546 
3214 2514546 
3215 2514546 
3216 2514547 
3217 2514547 
3218 2514547 
3219 2514547 
3220 2514548 
3221 2514548 
3222 2514548 
3223 2514549 
3224 2514549 
3225 2514549 
3226 2514550 
3227 2514550 
3228 2514550 
3229 2514551 
3230 2514551 
3231 2514551 
3232 2514551 
3233 2514552 
3234 2514552 
3235 2514552 
3236 2514553 
3237 2514553 
3238 2514553 
3239 2514554 
3240 2514554 
3241 2514554 
3242 2514555 
3243 2514555 
3244 2514555 
3245 2514555 
3246 2514555 
3247 2514556 
3248 2514556 
3249 2514556 
3250 2514557 
3251 2514557 
3252 2514558 
3253 2514558 
3254 2514559 
3255 2514560 
3256 2514564 
3257 2514565 
3258 2514565 
3259 2514566 
3260 2514566 
3261 2514567 
3262 2514567 
3263 2514567 
3264 2514568 
3265 2514568 
3266 2514568 
3267 2514569 
3268 2514569 
3269 2514569 
3270 2514570 
3271 2514571 
3272 2514572 
3273 2514572 
3274 2514576 
3275 2514576 
3276 2514576 
3277 2514577 
3278 2514577 
3279 2514577 
3280 2514578 
3281 2514578 
3282 2514579 
3283 2514579 
3284 2514579 
3285 2514580 
3286 2514580 
3287 2514580 
3288 2514581 
3289 2514581 
3290 2514581 
3291 2514582 
3292 2514583 
3293 2514583 
3294 2514583 
3295 2514583 
3296 2514584 
3297 2514584 
3298 2514585 
3299 2514585 
3300 2514585 
3301 2514586 
3302 2514586 
3303 2514586 
3304 2514587 
3305 2514587 
3306 2514587 
3307 2514588 
3308 2514588 
3309 2514588 
3310 2514589 
3311 2514589 
3312 2514589 
3313 2514590 
3314 2514590 
3315 2514590 
3316 2514591 
3317 2514591 
3318 2514591 
3319 2514592 
3320 2514592 
3321 2514592 
3322 2514592 
3323 2514593 
3324 2514593 
3325 2514593 
3326 2514594 
3327 2514598 
3328 2514599 
3329 2514600 
3330 2514601 
3331 2514602 
3332 2514602 
3333 2514607 
3334 2514607 
3335 2514607 
3336 2514608 
3337 2514608 
3338 2514608 
3339 2514609 
3340 2514609 
3341 2514609 
3342 2514610 
3343 2514610 
3344 2514610 
3345 2514611 
3346 2514611 
3347 2514611 
3348 2514612 
3349 2514612 
3350 2514612 
3351 2514612 
3352 2514613 
3353 2514613 
3354 2514613 
3355 2514614 
3356 2514614 
3357 2514614 
3358 2514615 
3359 2514615 
3360 2514615 
3361 2514615 
3362 2514616 
3363 2514616 
3364 2514616 
3365 2514616 
3366 2514617 
3367 2514617 
3368 2514628 
3369 2514628 
3370 2514628 
3371 2514628 
3372 2514629 
3373 2514629 
3374 2514630 
3375 2514630 
3376 2514630 
3377 2514631 
3378 2514631 
3379 2514631 
3380 2514632 
3381 2514632 
3382 2514632 
3383 2514632 
3384 2514633 
3385 2514633 
3386 2514633 
3387 2514634 
3388 2514634 
3389 2514634 
3390 2514635 
3391 2514635 
3392 2514635 
3393 2514636 
3394 2514636 
3395 2514636 
3396 2514637 
3397 2514637 
3398 2514637 
3399 2514637 
3400 2514638 
3401 2514638 
3402 2514638 
3403 2514639 
3404 2514639 
3405 2514639 
3406 2514640 
3407 2514640 
3408 2514640 
3409 2514641 
3410 2514641 
3411 2514641 
3412 2514641 
3413 2514642 
3414 2514642 
3415 2514642 
3416 2514643 
3417 2514643 
3418 2514643 
3419 2514643 
3420 2514644 
3421 2514644 
3422 2514644 
3423 2514644 
3424 2514645 
3425 2514645 
3426 2514645 
3427 2514645 
3428 2514646 
3429 2514646 
3430 2514646 
3431 2514647 
3432 2514647 
3433 2514647 
3434 2514648 
3435 2514648 
3436 2514648 
3437 2514648 
3438 2514649 
3439 2514649 
3440 2514649 
3441 2514650 
3442 2514650 
3443 2514650 
3444 2514650 
3445 2514650 
3446 2514651 
3447 2514651 
3448 2514651 
3449 2514651 
3450 2514651 
3451 2514652 
3452 2514652 
3453 2514652 
3454 2514653 
3455 2514653 
3456 2514653 
3457 2514653 
3458 2514654 
3459 2514654 
3460 2514654 
3461 2514655 
3462 2514655 
3463 2514655 
3464 2514655 
3465 2514655 
3466 2514656 
3467 2514656 
3468 2514656 
3469 2514657 
3470 2514657 
3471 2514657 
3472 2514658 
3473 2514658 
3474 2514658 
3475 2514659 
3476 2514659 
3477 2514659 
3478 2514660 
3479 2514660 
3480 2514660 
3481 2514661 
3482 2514661 
3483 2514661 
3484 2514661 
3485 2514662 
3486 2514662 
3487 2514662 
3488 2514663 
3489 2514663 
3490 2514663 
3491 2514664 
3492 2514664 
3493 2514664 
3494 2514665 
3495 2514665 
3496 2514665 
3497 2514666 
3498 2514666 
3499 2514666 
3500 2514667 
3501 2514667 
3502 2514668 
3503 2514668 
3504 2514668 
3505 2514669 
3506 2514669 
3507 2514669 
3508 2514670 
3509 2514670 
3510 2514670 
3511 2514670 
3512 2514671 
3513 2514671 
3514 2514671 
3515 2514672 
3516 2514672 
3517 2514672 
3518 2514673 
3519 2514673 
3520 2514673 
3521 2514675 
3522 2514675 
3523 2514675 
3524 2514675 
3525 2514676 
3526 2514676 
3527 2514676 
3528 2514677 
3529 2514677 
3530 2514677 
3531 2514677 
3532 2514678 
3533 2514678 
3534 2514678 
3535 2514678 
3536 2514679 
3537 2514679 
3538 2514679 
3539 2514680 
3540 2514680 
3541 2514680 
3542 2514680 
3543 2514681 
3544 2514681 
3545 2514681 
3546 2514682 
3547 2514682 
3548 2514682 
3549 2514683 
3550 2514683 
3551 2514683 
3552 2514684 
3553 2514684 
3554 2514685 
3555 2514685 
3556 2514685 
3557 2514686 
3558 2514686 
3559 2514686 
3560 2514686 
3561 2514687 
3562 2514687 
3563 2514687 
3564 2514687 
3565 2514688 
3566 2514688 
3567 2514688 
3568 2514688 
3569 2514689 
3570 2514689 
3571 2514689 
3572 2514690 
3573 2514691 
3574 2514692 
3575 2514692 
3576 2514693 
3577 2514693 
3578 2514694 
3579 2514695 
3580 2514696 
3581 2514697 
3582 2514697 
3583 2514697 
3584 2514698 
3585 2514698 
3586 2514698 
3587 2514699 
3588 2514700 
3589 2514700 
3590 2514701 
3591 2514701 
3592 2514701 
3593 2514702 
3594 2514702 
3595 2514702 
3596 2514703 
3597 2514703 
3598 2514703 
3599 2514704 
3600 2514704 
3601 2514704 
3602 2514705 
3603 2514705 
3604 2514705 
3605 2514706 
3606 2514706 
3607 2514706 
3608 2514707 
3609 2514707 
3610 2514707 
3611 2514707 
3612 2514708 
3613 2514708 
3614 2514709 
3615 2514709 
3616 2514710 
3617 2514710 
3618 2514711 
3619 2514711 
3620 2514711 
3621 2514712 
3622 2514712 
3623 2514712 
3624 2514713 
3625 2514713 
3626 2514713 
3627 2514714 
3628 2514714 
3629 2514714 
3630 2514715 
3631 2514715 
3632 2514716 
3633 2514716 
3634 2514716 
3635 2514716 
3636 2514717 
3637 2514717 
3638 2514718 
3639 2514718 
3640 2514718 
3641 2514719 
3642 2514719 
3643 2514719 
3644 2514720 
3645 2514720 
3646 2514720 
3647 2514721 
3648 2514721 
3649 2514722 
3650 2514722 
3651 2514722 
3652 2514723 
3653 2514723 
3654 2514723 
3655 2514724 
3656 2514724 
3657 2514724 
3658 2514725 
3659 2514725 
3660 2514726 
3661 2514726 
3662 2514726 
3663 2514727 
3664 2514727 
3665 2514727 
3666 2514728 
3667 2514728 
3668 2514728 
3669 2514728 
3670 2514729 
3671 2514729 
3672 2514729 
3673 2514730 
3674 2514730 
3675 2514730 
3676 2514730 
3677 2514731 
3678 2514731 
3679 2514731 
3680 2514731 
3681 2514732 
3682 2514732 
3683 2514732 
3684 2514732 
3685 2514733 
3686 2514733 
3687 2514733 
3688 2514733 
3689 2514734 
3690 2514734 
3691 2514735 
3692 2514736 
3693 2514737 
3694 2514737 
3695 2514738 
3696 2514740 
3697 2514741 
3698 2514741 
3699 2514741 
3700 2514742 
3701 2514742 
3702 2514742 
3703 2514743 
3704 2514743 
3705 2514743 
3706 2514744 
3707 2514744 
3708 2514744 
3709 2514745 
3710 2514745 
3711 2514745 
3712 2514746 
3713 2514746 
3714 2514746 
3715 2514747 
3716 2514747 
3717 2514747 
3718 2514748 
3719 2514748 
3720 2514749 
3721 2514749 
3722 2514749 
3723 2514749 
3724 2514750 
3725 2514750 
3726 2514751 
3727 2514751 
3728 2514751 
3729 2514752 
3730 2514752 
3731 2514753 
3732 2514754 
3733 2514755 
3734 2514755 
3735 2514756 
3736 2514756 
3737 2514756 
3738 2514757 
3739 2514757 
3740 2514757 
3741 2514758 
3742 2514758 
3743 2514758 
3744 2514758 
3745 2514762 
3746 2514762 
3747 2514762 
3748 2514762 
3749 2514763 
3750 2514763 
3751 2514763 
3752 2514764 
3753 2514764 
3754 2514764 
3755 2514765 
3756 2514765 
3757 2514765 
3758 2514766 
3759 2514766 
3760 2514767 
3761 2514767 
3762 2514768 
3763 2514768 
3764 2514768 
3765 2514769 
3766 2514769 
3767 2514769 
3768 2514769 
3769 2514770 
3770 2514770 
3771 2514770 
3772 2514771 
3773 2514771 
3774 2514771 
3775 2514772 
3776 2514772 
3777 2514772 
3778 2514773 
3779 2514773 
3780 2514773 
3781 2514774 
3782 2514774 
3783 2514774 
3784 2514775 
3785 2514775 
3786 2514775 
3787 2514776 
3788 2514777 
3789 2514777 
3790 2514777 
3791 2514778 
3792 2514778 
3793 2514778 
3794 2514779 
3795 2514779 
3796 2514780 
3797 2514780 
3798 2514780 
3799 2514780 
3800 2514781 
3801 2514781 
3802 2514782 
3803 2514782 
3804 2514782 
3805 2514783 
3806 2514783 
3807 2514783 
3808 2514784 
3809 2514784 
3810 2514784 
3811 2514785 
3812 2514785 
3813 2514785 
3814 2514786 
3815 2514786 
3816 2514786 
3817 2514787 
3818 2514787 
3819 2514787 
3820 2514788 
3821 2514788 
3822 2514788 
3823 2514789 
3824 2514789 
3825 2514789 
3826 2514790 
3827 2514790 
3828 2514791 
3829 2514791 
3830 2514791 
3831 2514794 
3832 2514794 
3833 2514795 
3834 2514795 
3835 2514795 
3836 2514796 
3837 2514796 
3838 2514796 
3839 2514797 
3840 2514797 
3841 2514797 
3842 2514798 
3843 2514798 
3844 2514798 
3845 2514799 
3846 2514799 
3847 2514799 
3848 2514799 
3849 2514800 
3850 2514800 
3851 2514800 
3852 2514801 
3853 2514801 
3854 2514801 
3855 2514802 
3856 2514802 
3857 2514802 
3858 2514803 
3859 2514803 
3860 2514803 
3861 2514803 
3862 2514804 
3863 2514804 
3864 2514804 
3865 2514805 
3866 2514805 
3867 2514806 
3868 2514806 
3869 2514806 
3870 2514807 
3871 2514807 
3872 2514807 
3873 2514807 
3874 2514808 
3875 2514808 
3876 2514809 
3877 2514809 
3878 2514810 
3879 2514810 
3880 2514810 
3881 2514811 
3882 2514811 
3883 2514812 
3884 2514812 
3885 2514812 
3886 2514813 
3887 2514813 
3888 2514814 
3889 2514814 
3890 2514815 
3891 2514816 
3892 2514817 
3893 2514817 
3894 2514818 
3895 2514818 
3896 2514818 
3897 2514819 
3898 2514819 
3899 2514820 
3900 2514820 
3901 2514820 
3902 2514821 
3903 2514821 
3904 2514822 
3905 2514822 
3906 2514823 
3907 2514823 
3908 2514823 
3909 2514824 
3910 2514824 
3911 2514824 
3912 2514825 
3913 2514825 
3914 2514826 
3915 2514826 
3916 2514826 
3917 2514827 
3918 2514827 
3919 2514828 
3920 2514828 
3921 2514829 
3922 2514829 
3923 2514829 
3924 2514830 
3925 2514830 
3926 2514830 
3927 2514831 
3928 2514831 
3929 2514831 
3930 2514832 
3931 2514832 
3932 2514832 
3933 2514832 
3934 2514833 
3935 2514833 
3936 2514833 
3937 2514834 
3938 2514834 
3939 2514835 
3940 2514836 
3941 2514836 
3942 2514836 
3943 2514837 
3944 2514837 
3945 2514837 
3946 2514838 
3947 2514838 
3948 2514838 
3949 2514838 
3950 2514839 
3951 2514839 
3952 2514839 
3953 2514840 
3954 2514840 
3955 2514840 
3956 2514841 
3957 2514841 
3958 2514841 
3959 2514842 
3960 2514842 
3961 2514842 
3962 2514843 
3963 2514843 
3964 2514844 
3965 2514844 
3966 2514844 
3967 2514845 
3968 2514845 
3969 2514845 
3970 2514845 
3971 2514846 
3972 2514846 
3973 2514847 
3974 2514847 
3975 2514848 
3976 2514848 
3977 2514848 
3978 2514849 
3979 2514850 
3980 2514850 
3981 2514852 
3982 2514852 
3983 2514852 
3984 2514853 
3985 2514853 
3986 2514854 
3987 2514854 
3988 2514854 
3989 2514855 
3990 2514855 
3991 2514856 
3992 2514856 
3993 2514856 
3994 2514857 
3995 2514858 
3996 2514858 
3997 2514859 
3998 2514859 
3999 2514859 
4000 2514860 
4001 2514860 
4002 2514860 
4003 2514860 
4004 2514861 
4005 2514861 
4006 2514861 
4007 2514862 
4008 2514862 
4009 2514863 
4010 2514863 
4011 2514863 
4012 2514864 
4013 2514864 
4014 2514864 
4015 2514865 
4016 2514865 
4017 2514866 
4018 2514866 
4019 2514866 
4020 2514866 
4021 2514867 
4022 2514867 
4023 2514868 
4024 2514868 
4025 2514868 
4026 2514869 
4027 2514869 
4028 2514869 
4029 2514870 
4030 2514871 
4031 2514872 
4032 2514872 
4033 2514873 
4034 2514873 
4035 2514874 
4036 2514874 
4037 2514875 
4038 2514875 
4039 2514875 
4040 2514876 
4041 2514879 
4042 2514880 
4043 2514880 
4044 2514881 
4045 2514881 
4046 2514881 
4047 2514882 
4048 2514882 
4049 2514883 
4050 2514883 
4051 2514884 
4052 2514884 
4053 2514885 
4054 2514885 
4055 2514885 
4056 2514886 
4057 2514886 
4058 2514886 
4059 2514887 
4060 2514887 
4061 2514888 
4062 2514889 
4063 2514892 
4064 2514893 
4065 2514895 
4066 2514896 
4067 2514896 
4068 2514897 
4069 2514897 
4070 2514897 
4071 2514898 
4072 2514898 
4073 2514898 
4074 2514900 
4075 2514902 
4076 2514902 
4077 2514902 
4078 2514902 
4079 2514903 
4080 2514905 
4081 2514905 
4082 2514905 
4083 2514906 
4084 2514906 
4085 2514906 
4086 2514906 
4087 2514906 
4088 2514907 
4089 2514907 
4090 2514907 
4091 2514908 
4092 2514908 
4093 2514908 
4094 2514908 
4095 2514909 
4096 2514909 
4097 2514909 
4098 2514910 
4099 2514910 
4100 2514910 
4101 2514910 
4102 2514911 
4103 2514911 
4104 2514911 
4105 2514912 
4106 2514912 
4107 2514912 
4108 2514913 
4109 2514914 
4110 2514914 
4111 2514914 
4112 2514915 
4113 2514915 
4114 2514916 
4115 2514917 
4116 2514917 
4117 2514917 
4118 2514918 
4119 2514918 
4120 2514918 
4121 2514919 
4122 2514920 
4123 2514920 
4124 2514920 
4125 2514921 
4126 2514921 
4127 2514922 
4128 2514922 
4129 2514923 
4130 2514923 
4131 2514923 
4132 2514924 
4133 2514924 
4134 2514924 
4135 2514925 
4136 2514925 
4137 2514925 
4138 2514926 
4139 2514926 
4140 2514926 
4141 2514927 
4142 2514927 
4143 2514927 
4144 2514928 
4145 2514928 
4146 2514929 
4147 2514929 
4148 2514929 
4149 2514930 
4150 2514930 
4151 2514931 
4152 2514931 
4153 2514931 
4154 2514932 
4155 2514932 
4156 2514933 
4157 2514933 
4158 2514933 
4159 2514934 
4160 2514934 
4161 2514934 
4162 2514935 
4163 2514935 
4164 2514935 
4165 2514936 
4166 2514936 
4167 2514936 
4168 2514936 
4169 2514937 
4170 2514937 
4171 2514937 
4172 2514938 
4173 2514938 
4174 2514938 
4175 2514939 
4176 2514939 
4177 2514939 
4178 2514940 
4179 2514940 
4180 2514941 
4181 2514941 
4182 2514942 
4183 2514942 
4184 2514942 
4185 2514943 
4186 2514943 
4187 2514943 
4188 2514944 
4189 2514944 
4190 2514944 
4191 2514945 
4192 2514945 
4193 2514946 
4194 2514946 
4195 2514946 
4196 2514947 
4197 2514947 
4198 2514947 
4199 2514948 
4200 2514948 
4201 2514948 
4202 2514949 
4203 2514949 
4204 2514949 
4205 2514950 
4206 2514950 
4207 2514955 
4208 2514956 
4209 2514957 
4210 2514959 
4211 2514960 
4212 2514961 
4213 2514963 
4214 2514964 
4215 2514965 
4216 2514965 
4217 2514966 
4218 2514966 
4219 2514967 
4220 2514967 
4221 2514967 
4222 2514968 
4223 2514968 
4224 2514970 
4225 2514971 
4226 2514971 
4227 2514971 
4228 2514972 
4229 2514972 
4230 2514972 
4231 2514974 
4232 2514975 
4233 2514975 
4234 2514978 
4235 2514981 
4236 2514982 
4237 2514982 
4238 2514983 
4239 2514985 
4240 2514986 
4241 2514986 
4242 2514988 
4243 2514988 
4244 2514988 
4245 2514989 
4246 2514989 
4247 2514989 
4248 2514990 
4249 2514990 
4250 2514990 
4251 2514991 
4252 2514991 
4253 2514991 
4254 2514992 
4255 2514992 
4256 2514992 
4257 2514993 
4258 2514993 
4259 2514993 
4260 2514993 
4261 2514994 
4262 2514994 
4263 2514994 
4264 2514995 
4265 2514995 
4266 2514995 
4267 2514995 
4268 2514996 
4269 2514996 
4270 2514996 
4271 2514997 
4272 2514997 
4273 2514997 
4274 2514997 
4275 2514998 
4276 2514998 
4277 2514998 
4278 2514999 
4279 2514999 
4280 2514999 
4281 2514999 
4282 2515000 
4283 2515000 
4284 2515000 
4285 2515000 
4286 2515000 
4287 2515001 
4288 2515001 
4289 2515001 
4290 2515001 
4291 2515001 
4292 2515002 
4293 2515002 
4294 2515002 
4295 2515002 
4296 2515003 
4297 2515003 
4298 2515003 
4299 2515004 
4300 2515004 
4301 2515004 
4302 2515005 
4303 2515005 
4304 2515005 
4305 2515005 
4306 2515006 
4307 2515006 
4308 2515006 
4309 2515007 
4310 2515007 
4311 2515007 
4312 2515008 
4313 2515008 
4314 2515008 
4315 2515009 
4316 2515009 
4317 2515010 
4318 2515010 
4319 2515011 
4320 2515011 
4321 2515012 
4322 2515016 
4323 2515016 
4324 2515017 
4325 2515018 
4326 2515018 
4327 2515018 
4328 2515019 
4329 2515019 
4330 2515019 
4331 2515020 
4332 2515021 
4333 2515022 
4334 2515025 
4335 2515026 
4336 2515026 
4337 2515027 
4338 2515027 
4339 2515028 
4340 2515028 
4341 2515028 
4342 2515029 
4343 2515029 
4344 2515030 
4345 2515031 
4346 2515033 
4347 2515033 
4348 2515034 
4349 2515034 
4350 2515034 
4351 2515035 
4352 2515035 
4353 2515035 
4354 2515036 
4355 2515036 
4356 2515036 
4357 2515037 
4358 2515037 
4359 2515037 
4360 2515038 
4361 2515038 
4362 2515038 
4363 2515039 
4364 2515039 
4365 2515040 
4366 2515040 
4367 2515040 
4368 2515041 
4369 2515041 
4370 2515041 
4371 2515042 
4372 2515043 
4373 2515043 
4374 2515043 
4375 2515044 
4376 2515044 
4377 2515044 
4378 2515045 
4379 2515045 
4380 2515045 
4381 2515046 
4382 2515046 
4383 2515046 
4384 2515047 
4385 2515047 
4386 2515047 
4387 2515048 
4388 2515048 
4389 2515048 
4390 2515049 
4391 2515049 
4392 2515049 
4393 2515050 
4394 2515050 
4395 2515050 
4396 2515051 
4397 2515051 
4398 2515051 
4399 2515052 
4400 2515052 
4401 2515052 
4402 2515053 
4403 2515053 
4404 2515053 
4405 2515054 
4406 2515054 
4407 2515054 
4408 2515055 
4409 2515055 
4410 2515055 
4411 2515056 
4412 2515056 
4413 2515056 
4414 2515056 
4415 2515057 
4416 2515057 
4417 2515057 
4418 2515058 
4419 2515058 
4420 2515058 
4421 2515059 
4422 2515059 
4423 2515059 
4424 2515060 
4425 2515060 
4426 2515060 
4427 2515061 
4428 2515061 
4429 2515061 
4430 2515062 
4431 2515062 
4432 2515062 
4433 2515063 
4434 2515063 
4435 2515064 
4436 2515065 
4437 2515065 
4438 2515065 
4439 2515066 
4440 2515066 
4441 2515067 
4442 2515067 
4443 2515068 
4444 2515068 
4445 2515068 
4446 2515069 
4447 2515069 
4448 2515069 
4449 2515070 
4450 2515072 
4451 2515072 
4452 2515074 
4453 2515075 
4454 2515075 
4455 2515076 
4456 2515076 
4457 2515076 
4458 2515077 
4459 2515077 
4460 2515077 
4461 2515078 
4462 2515078 
4463 2515078 
4464 2515079 
4465 2515079 
4466 2515079 
4467 2515079 
4468 2515080 
4469 2515080 
4470 2515080 
4471 2515081 
4472 2515081 
4473 2515081 
4474 2515082 
4475 2515082 
4476 2515082 
4477 2515082 
4478 2515083 
4479 2515083 
4480 2515083 
4481 2515084 
4482 2515084 
4483 2515084 
4484 2515085 
4485 2515085 
4486 2515085 
4487 2515086 
4488 2515086 
4489 2515086 
4490 2515087 
4491 2515087 
4492 2515087 
4493 2515088 
4494 2515088 
4495 2515088 
4496 2515089 
4497 2515089 
4498 2515089 
4499 2515090 
4500 2515090 
4501 2515090 
4502 2515090 
4503 2515091 
4504 2515091 
4505 2515092 
4506 2515092 
4507 2515092 
4508 2515092 
4509 2515093 
4510 2515093 
4511 2515094 
4512 2515094 
4513 2515094 
4514 2515095 
4515 2515097 
4516 2515098 
4517 2515099 
4518 2515099 
4519 2515099 
4520 2515100 
4521 2515100 
4522 2515100 
4523 2515101 
4524 2515101 
4525 2515102 
4526 2515102 
4527 2515103 
4528 2515103 
4529 2515103 
4530 2515104 
4531 2515105 
4532 2515105 
4533 2515105 
4534 2515106 
4535 2515106 
4536 2515106 
4537 2515107 
4538 2515107 
4539 2515107 
4540 2515108 
4541 2515108 
4542 2515108 
4543 2515109 
4544 2515109 
4545 2515109 
4546 2515110 
4547 2515110 
4548 2515111 
4549 2515111 
4550 2515111 
4551 2515112 
4552 2515112 
4553 2515113 
4554 2515113 
4555 2515113 
4556 2515113 
4557 2515114 
4558 2515114 
4559 2515114 
4560 2515115 
4561 2515115 
4562 2515116 
4563 2515116 
4564 2515116 
4565 2515117 
4566 2515117 
4567 2515117 
4568 2515117 
4569 2515118 
4570 2515118 
4571 2515120 
4572 2515120 
4573 2515120 
4574 2515121 
4575 2515121 
4576 2515121 
4577 2515122 
4578 2515122 
4579 2515123 
4580 2515123 
4581 2515123 
4582 2515124 
4583 2515125 
4584 2515125 
4585 2515125 
4586 2515126 
4587 2515126 
4588 2515126 
4589 2515127 
4590 2515127 
4591 2515128 
4592 2515130 
4593 2515130 
4594 2515131 
4595 2515131 
4596 2515131 
4597 2515132 
4598 2515132 
4599 2515132 
4600 2515133 
4601 2515133 
4602 2515133 
4603 2515134 
4604 2515134 
4605 2515134 
4606 2515135 
4607 2515135 
4608 2515136 
4609 2515136 
4610 2515137 
4611 2515144 
4612 2515144 
4613 2515145 
4614 2515146 
4615 2515146 
4616 2515146 
4617 2515147 
4618 2515147 
4619 2515147 
4620 2515148 
4621 2515148 
4622 2515149 
4623 2515149 
4624 2515150 
4625 2515150 
4626 2515151 
4627 2515151 
4628 2515151 
4629 2515152 
4630 2515152 
4631 2515153 
4632 2515153 
4633 2515153 
4634 2515154 
4635 2515154 
4636 2515154 
4637 2515155 
4638 2515156 
4639 2515156 
4640 2515157 
4641 2515158 
4642 2515158 
4643 2515158 
4644 2515159 
4645 2515159 
4646 2515160 
4647 2515160 
4648 2515161 
4649 2515162 
4650 2515162 
4651 2515162 
4652 2515163 
4653 2515163 
4654 2515163 
4655 2515164 
4656 2515164 
4657 2515164 
4658 2515164 
4659 2515165 
4660 2515165 
4661 2515166 
4662 2515166 
4663 2515166 
4664 2515167 
4665 2515167 
4666 2515169 
4667 2515169 
4668 2515169 
4669 2515170 
4670 2515170 
4671 2515171 
4672 2515171 
4673 2515172 
4674 2515173 
4675 2515174 
4676 2515181 
4677 2515181 
4678 2515182 
4679 2515182 
4680 2515182 
4681 2515183 
4682 2515183 
4683 2515183 
4684 2515184 
4685 2515184 
4686 2515184 
4687 2515185 
4688 2515185 
4689 2515185 
4690 2515186 
4691 2515186 
4692 2515186 
4693 2515187 
4694 2515187 
4695 2515188 
4696 2515188 
4697 2515188 
4698 2515189 
4699 2515189 
4700 2515189 
4701 2515190 
4702 2515190 
4703 2515190 
4704 2515191 
4705 2515191 
4706 2515191 
4707 2515192 
4708 2515192 
4709 2515192 
4710 2515192 
4711 2515193 
4712 2515193 
4713 2515193 
4714 2515194 
4715 2515194 
4716 2515194 
4717 2515195 
4718 2515195 
4719 2515195 
4720 2515196 
4721 2515196 
4722 2515196 
4723 2515197 
4724 2515197 
4725 2515198 
4726 2515199 
4727 2515200 
4728 2515200 
4729 2515201 
4730 2515201 
4731 2515202 
4732 2515202 
4733 2515202 
4734 2515203 
4735 2515203 
4736 2515203 
4737 2515204 
4738 2515204 
4739 2515204 
4740 2515205 
4741 2515205 
4742 2515205 
4743 2515206 
4744 2515208 
4745 2515208 
4746 2515209 
4747 2515210 
4748 2515210 
4749 2515211 
4750 2515212 
4751 2515212 
4752 2515212 
4753 2515213 
4754 2515213 
4755 2515213 
4756 2515214 
4757 2515214 
4758 2515214 
4759 2515215 
4760 2515215 
4761 2515215 
4762 2515216 
4763 2515216 
4764 2515216 
4765 2515216 
4766 2515217 
4767 2515217 
4768 2515217 
4769 2515220 
4770 2515220 
4771 2515220 
4772 2515221 
4773 2515221 
4774 2515222 
4775 2515223 
4776 2515223 
4777 2515224 
4778 2515224 
4779 2515225 
4780 2515225 
4781 2515225 
4782 2515226 
4783 2515226 
4784 2515227 
4785 2515228 
4786 2515228 
4787 2515229 
4788 2515229 
4789 2515229 
4790 2515230 
4791 2515230 
4792 2515232 
4793 2515232 
4794 2515234 
4795 2515234 
4796 2515235 
4797 2515238 
4798 2515238 
4799 2515238 
4800 2515239 
4801 2515239 
4802 2515239 
4803 2515240 
4804 2515240 
4805 2515240 
4806 2515241 
4807 2515241 
4808 2515241 
4809 2515242 
4810 2515242 
4811 2515242 
4812 2515243 
4813 2515243 
4814 2515243 
4815 2515244 
4816 2515244 
4817 2515245 
4818 2515245 
4819 2515245 
4820 2515246 
4821 2515246 
4822 2515247 
4823 2515247 
4824 2515247 
4825 2515248 
4826 2515248 
4827 2515248 
4828 2515249 
4829 2515249 
4830 2515250 
4831 2515251 
4832 2515252 
4833 2515252 
4834 2515252 
4835 2515253 
4836 2515253 
4837 2515253 
4838 2515254 
4839 2515254 
4840 2515255 
4841 2515256 
4842 2515256 
4843 2515257 
4844 2515257 
4845 2515258 
4846 2515258 
4847 2515259 
4848 2515260 
4849 2515260 
4850 2515260 
4851 2515260 
4852 2515261 
4853 2515261 
4854 2515261 
4855 2515262 
4856 2515262 
4857 2515262 
4858 2515263 
4859 2515263 
4860 2515264 
4861 2515264 
4862 2515264 
4863 2515264 
4864 2515265 
4865 2515265 
4866 2515265 
4867 2515266 
4868 2515266 
4869 2515266 
4870 2515266 
4871 2515267 
4872 2515267 
4873 2515267 
4874 2515268 
4875 2515268 
4876 2515268 
4877 2515269 
4878 2515269 
4879 2515269 
4880 2515269 
4881 2515270 
4882 2515270 
4883 2515271 
4884 2515271 
4885 2515271 
4886 2515272 
4887 2515273 
4888 2515273 
4889 2515274 
4890 2515274 
4891 2515275 
4892 2515275 
4893 2515276 
4894 2515277 
4895 2515277 
4896 2515278 
4897 2515278 
4898 2515279 
4899 2515279 
4900 2515279 
4901 2515280 
4902 2515280 
4903 2515280 
4904 2515281 
4905 2515281 
4906 2515282 
4907 2515282 
4908 2515282 
4909 2515282 
4910 2515283 
4911 2515283 
4912 2515283 
4913 2515284 
4914 2515284 
4915 2515284 
4916 2515285 
4917 2515285 
4918 2515285 
4919 2515286 
4920 2515286 
4921 2515287 
4922 2515287 
4923 2515288 
4924 2515288 
4925 2515289 
4926 2515289 
4927 2515290 
4928 2515290 
4929 2515290 
4930 2515290 
4931 2515291 
4932 2515294 
4933 2515294 
4934 2515294 
4935 2515295 
4936 2515295 
4937 2515295 
4938 2515296 
4939 2515296 
4940 2515296 
4941 2515297 
4942 2515297 
4943 2515297 
4944 2515298 
4945 2515298 
4946 2515298 
4947 2515299 
4948 2515299 
4949 2515299 
4950 2515299 
4951 2515300 
4952 2515300 
4953 2515300 
4954 2515301 
4955 2515301 
4956 2515301 
4957 2515301 
4958 2515302 
4959 2515302 
4960 2515302 
4961 2515303 
4962 2515303 
4963 2515303 
4964 2515304 
4965 2515304 
4966 2515305 
4967 2515305 
4968 2515305 
4969 2515308 
4970 2515308 
4971 2515309 
4972 2515309 
4973 2515309 
4974 2515310 
4975 2515310 
4976 2515310 
4977 2515311 
4978 2515311 
4979 2515311 
4980 2515311 
4981 2515312 
4982 2515312 
4983 2515313 
4984 2515313 
4985 2515314 
4986 2515314 
4987 2515314 
4988 2515314 
4989 2515315 
4990 2515315 
4991 2515315 
4992 2515315 
4993 2515316 
4994 2515316 
4995 2515316 
4996 2515317 
4997 2515318 
4998 2515318 
4999 2515319 
5000 2515319 
5001 2515320 
5002 2515320 
5003 2515321 
5004 2515321 
5005 2515321 
5006 2515322 
5007 2515322 
5008 2515322 
5009 2515324 
5010 2515324 
5011 2515325 
5012 2515325 
5013 2515325 
5014 2515325 
5015 2515326 
5016 2515326 
5017 2515327 
5018 2515327 
5019 2515327 
5020 2515328 
5021 2515328 
5022 2515328 
5023 2515328 
5024 2515329 
5025 2515329 
5026 2515330 
5027 2515330 
5028 2515330 
5029 2515331 
5030 2515331 
5031 2515331 
5032 2515332 
5033 2515332 
5034 2515332 
5035 2515333 
5036 2515333 
5037 2515333 
5038 2515334 
5039 2515335 
5040 2515336 
5041 2515337 
5042 2515337 
5043 2515338 
5044 2515339 
5045 2515339 
5046 2515340 
5047 2515340 
5048 2515341 
5049 2515341 
5050 2515341 
5051 2515341 
5052 2515342 
5053 2515342 
5054 2515343 
5055 2515343 
5056 2515343 
5057 2515344 
5058 2515344 
5059 2515344 
5060 2515345 
5061 2515345 
5062 2515346 
5063 2515346 
5064 2515346 
5065 2515347 
5066 2515347 
5067 2515348 
5068 2515348 
5069 2515348 
5070 2515349 
5071 2515349 
5072 2515349 
5073 2515350 
5074 2515350 
5075 2515350 
5076 2515351 
5077 2515351 
5078 2515351 
5079 2515352 
5080 2515352 
5081 2515352 
5082 2515352 
5083 2515353 
5084 2515353 
5085 2515353 
5086 2515354 
5087 2515354 
5088 2515354 
5089 2515355 
5090 2515355 
5091 2515355 
5092 2515356 
5093 2515356 
5094 2515356 
5095 2515357 
5096 2515357 
5097 2515357 
5098 2515358 
5099 2515358 
5100 2515358 
5101 2515359 
5102 2515359 
5103 2515359 
5104 2515360 
5105 2515360 
5106 2515360 
5107 2515361 
5108 2515361 
5109 2515361 
5110 2515362 
5111 2515362 
5112 2515362 
5113 2515363 
5114 2515363 
5115 2515363 
5116 2515363 
5117 2515363 
5118 2515364 
5119 2515364 
5120 2515364 
5121 2515365 
5122 2515365 
5123 2515365 
5124 2515366 
5125 2515366 
5126 2515366 
5127 2515367 
5128 2515367 
5129 2515368 
5130 2515368 
5131 2515368 
5132 2515368 
5133 2515369 
5134 2515370 
5135 2515372 
5136 2515372 
5137 2515375 
5138 2515378 
5139 2515378 
5140 2515379 
5141 2515381 
5142 2515381 
5143 2515381 
5144 2515381 
5145 2515382 
5146 2515382 
5147 2515382 
5148 2515383 
5149 2515383 
5150 2515383 
5151 2515383 
5152 2515384 
5153 2515384 
5154 2515384 
5155 2515385 
5156 2515385 
5157 2515385 
5158 2515386 
5159 2515386 
5160 2515386 
5161 2515386 
5162 2515387 
5163 2515387 
5164 2515387 
5165 2515388 
5166 2515388 
5167 2515388 
5168 2515388 
5169 2515389 
5170 2515389 
5171 2515390 
5172 2515390 
5173 2515390 
5174 2515391 
5175 2515391 
5176 2515391 
5177 2515392 
5178 2515392 
5179 2515392 
5180 2515393 
5181 2515393 
5182 2515394 
5183 2515395 
5184 2515396 
5185 2515396 
5186 2515397 
5187 2515397 
5188 2515398 
5189 2515398 
5190 2515399 
5191 2515399 
5192 2515399 
5193 2515400 
5194 2515400 
5195 2515401 
5196 2515401 
5197 2515401 
5198 2515402 
5199 2515402 
5200 2515402 
5201 2515403 
5202 2515404 
5203 2515404 
5204 2515404 
5205 2515404 
5206 2515405 
5207 2515405 
5208 2515406 
5209 2515406 
5210 2515406 
5211 2515407 
5212 2515407 
5213 2515407 
5214 2515408 
5215 2515408 
5216 2515408 
5217 2515409 
5218 2515409 
5219 2515410 
5220 2515410 
5221 2515410 
5222 2515411 
5223 2515411 
5224 2515412 
5225 2515412 
5226 2515412 
5227 2515412 
5228 2515413 
5229 2515413 
5230 2515413 
5231 2515414 
5232 2515414 
5233 2515414 
5234 2515414 
5235 2515415 
5236 2515415 
5237 2515415 
5238 2515416 
5239 2515416 
5240 2515417 
5241 2515417 
5242 2515419 
5243 2515420 
5244 2515420 
5245 2515421 
5246 2515421 
5247 2515423 
5248 2515423 
5249 2515424 
5250 2515424 
5251 2515424 
5252 2515425 
5253 2515425 
5254 2515425 
5255 2515426 
5256 2515426 
5257 2515426 
5258 2515427 
5259 2515427 
5260 2515427 
5261 2515428 
5262 2515428 
5263 2515428 
5264 2515428 
5265 2515429 
5266 2515429 
5267 2515429 
5268 2515430 
5269 2515431 
5270 2515431 
5271 2515431 
5272 2515432 
5273 2515432 
5274 2515433 
5275 2515433 
5276 2515433 
5277 2515434 
5278 2515434 
5279 2515434 
5280 2515435 
5281 2515435 
5282 2515435 
5283 2515436 
5284 2515437 
5285 2515438 
5286 2515438 
5287 2515438 
5288 2515439 
5289 2515439 
5290 2515439 
5291 2515441 
5292 2515441 
5293 2515441 
5294 2515442 
5295 2515443 
5296 2515444 
5297 2515444 
5298 2515445 
5299 2515445 
5300 2515445 
5301 2515446 
5302 2515446 
5303 2515446 
5304 2515447 
5305 2515448 
5306 2515448 
5307 2515448 
5308 2515449 
5309 2515449 
5310 2515450 
5311 2515451 
5312 2515451 
5313 2515452 
5314 2515452 
5315 2515453 
5316 2515453 
5317 2515457 
5318 2515460 
5319 2515461 
5320 2515461 
5321 2515462 
5322 2515462 
5323 2515463 
5324 2515464 
5325 2515465 
5326 2515465 
5327 2515465 
5328 2515465 
5329 2515466 
5330 2515466 
5331 2515466 
5332 2515467 
5333 2515467 
5334 2515467 
5335 2515468 
5336 2515468 
5337 2515468 
5338 2515469 
5339 2515469 
5340 2515469 
5341 2515470 
5342 2515470 
5343 2515470 
5344 2515470 
5345 2515470 
5346 2515471 
5347 2515471 
5348 2515472 
5349 2515472 
5350 2515472 
5351 2515472 
5352 2515473 
5353 2515473 
5354 2515473 
5355 2515474 
5356 2515474 
5357 2515474 
5358 2515475 
5359 2515475 
5360 2515475 
5361 2515476 
5362 2515476 
5363 2515476 
5364 2515477 
5365 2515477 
5366 2515477 
5367 2515478 
5368 2515478 
5369 2515478 
5370 2515478 
5371 2515479 
5372 2515479 
5373 2515479 
5374 2515480 
5375 2515480 
5376 2515481 
5377 2515481 
5378 2515481 
5379 2515481 
5380 2515482 
5381 2515482 
5382 2515482 
5383 2515483 
5384 2515483 
5385 2515484 
5386 2515484 
5387 2515485 
5388 2515485 
5389 2515485 
5390 2515486 
5391 2515487 
5392 2515487 
5393 2515487 
5394 2515487 
5395 2515488 
5396 2515488 
5397 2515489 
5398 2515489 
5399 2515490 
5400 2515490 
5401 2515490 
5402 2515491 
5403 2515491 
5404 2515492 
5405 2515492 
5406 2515493 
5407 2515495 
5408 2515496 
5409 2515497 
5410 2515498 
5411 2515498 
5412 2515499 
5413 2515499 
5414 2515499 
5415 2515500 
5416 2515500 
5417 2515500 
5418 2515501 
5419 2515501 
5420 2515501 
5421 2515502 
5422 2515502 
5423 2515502 
5424 2515503 
5425 2515503 
5426 2515503 
5427 2515504 
5428 2515504 
5429 2515504 
5430 2515505 
5431 2515505 
5432 2515505 
5433 2515506 
5434 2515506 
5435 2515506 
5436 2515508 
5437 2515508 
5438 2515509 
5439 2515509 
5440 2515510 
5441 2515510 
5442 2515511 
5443 2515511 
5444 2515512 
5445 2515512 
5446 2515512 
5447 2515513 
5448 2515513 
5449 2515513 
5450 2515514 
5451 2515514 
5452 2515514 
5453 2515515 
5454 2515515 
5455 2515515 
5456 2515516 
5457 2515516 
5458 2515516 
5459 2515517 
5460 2515517 
5461 2515518 
5462 2515518 
5463 2515519 
5464 2515519 
5465 2515519 
5466 2515520 
5467 2515520 
5468 2515521 
5469 2515521 
5470 2515522 
5471 2515522 
5472 2515522 
5473 2515523 
5474 2515523 
5475 2515523 
5476 2515524 
5477 2515524 
5478 2515525 
5479 2515525 
5480 2515525 
5481 2515526 
5482 2515527 
5483 2515527 
5484 2515528 
5485 2515528 
5486 2515528 
5487 2515529 
5488 2515529 
5489 2515529 
5490 2515530 
5491 2515530 
5492 2515530 
5493 2515531 
5494 2515531 
5495 2515532 
5496 2515532 
5497 2515533 
5498 2515533 
5499 2515533 
5500 2515534 
5501 2515534 
5502 2515534 
5503 2515534 
5504 2515535 
5505 2515535 
5506 2515535 
5507 2515536 
5508 2515536 
5509 2515536 
5510 2515537 
5511 2515537 
5512 2515537 
5513 2515538 
5514 2515538 
5515 2515538 
5516 2515539 
5517 2515539 
5518 2515539 
5519 2515540 
5520 2515540 
5521 2515540 
5522 2515541 
5523 2515541 
5524 2515541 
5525 2515542 
5526 2515542 
5527 2515543 
5528 2515543 
5529 2515543 
5530 2515544 
5531 2515544 
5532 2515545 
5533 2515545 
5534 2515546 
5535 2515546 
5536 2515546 
5537 2515547 
5538 2515547 
5539 2515547 
5540 2515548 
5541 2515548 
5542 2515549 
5543 2515549 
5544 2515549 
5545 2515550 
5546 2515550 
5547 2515550 
5548 2515551 
5549 2515551 
5550 2515551 
5551 2515552 
5552 2515552 
5553 2515552 
5554 2515553 
5555 2515553 
5556 2515553 
5557 2515554 
5558 2515554 
5559 2515554 
5560 2515555 
5561 2515555 
5562 2515555 
5563 2515556 
5564 2515556 
5565 2515556 
5566 2515557 
5567 2515557 
5568 2515557 
5569 2515558 
5570 2515558 
5571 2515558 
5572 2515558 
5573 2515559 
5574 2515559 
5575 2515559 
5576 2515560 
5577 2515560 
5578 2515560 
5579 2515561 
5580 2515561 
5581 2515561 
5582 2515562 
5583 2515562 
5584 2515562 
5585 2515563 
5586 2515563 
5587 2515563 
5588 2515563 
5589 2515564 
5590 2515564 
5591 2515564 
5592 2515564 
5593 2515565 
5594 2515565 
5595 2515565 
5596 2515566 
5597 2515566 
5598 2515567 
5599 2515567 
5600 2515567 
5601 2515568 
5602 2515568 
5603 2515568 
5604 2515569 
5605 2515571 
5606 2515576 
5607 2515577 
5608 2515577 
5609 2515578 
5610 2515579 
5611 2515580 
5612 2515581 
5613 2515581 
5614 2515582 
5615 2515582 
5616 2515582 
5617 2515583 
5618 2515583 
5619 2515583 
5620 2515584 
5621 2515584 
5622 2515584 
5623 2515585 
5624 2515585 
5625 2515585 
5626 2515586 
5627 2515586 
5628 2515586 
5629 2515587 
5630 2515587 
5631 2515587 
5632 2515588 
5633 2515588 
5634 2515588 
5635 2515589 
5636 2515589 
5637 2515590 
5638 2515606 
5639 2515612 
5640 2515612 
5641 2515613 
5642 2515613 
5643 2515613 
5644 2515614 
5645 2515614 
5646 2515614 
5647 2515615 
5648 2515615 
5649 2515615 
5650 2515616 
5651 2515616 
5652 2515616 
5653 2515617 
5654 2515617 
5655 2515617 
5656 2515617 
5657 2515618 
5658 2515618 
5659 2515618 
5660 2515619 
5661 2515619 
5662 2515619 
5663 2515620 
5664 2515620 
5665 2515620 
5666 2515621 
5667 2515621 
5668 2515622 
5669 2515623 
5670 2515623 
5671 2515628 
5672 2515628 
5673 2515629 
5674 2515629 
5675 2515629 
5676 2515630 
5677 2515630 
5678 2515630 
5679 2515631 
5680 2515631 
5681 2515631 
5682 2515631 
5683 2515632 
5684 2515632 
5685 2515632 
5686 2515632 
5687 2515633 
5688 2515633 
5689 2515633 
5690 2515634 
5691 2515634 
5692 2515634 
5693 2515635 
5694 2515635 
5695 2515635 
5696 2515636 
5697 2515636 
5698 2515636 
5699 2515636 
5700 2515637 
5701 2515637 
5702 2515637 
5703 2515638 
5704 2515638 
5705 2515638 
5706 2515638 
5707 2515639 
5708 2515639 
5709 2515639 
5710 2515640 
5711 2515640 
5712 2515640 
5713 2515641 
5714 2515641 
5715 2515641 
5716 2515641 
5717 2515642 
5718 2515646 
5719 2515646 
5720 2515650 
5721 2515650 
5722 2515650 
5723 2515651 
5724 2515651 
5725 2515651 
5726 2515652 
5727 2515652 
5728 2515652 
5729 2515653 
5730 2515653 
5731 2515653 
5732 2515654 
5733 2515654 
5734 2515654 
5735 2515656 
5736 2515656 
5737 2515656 
5738 2515657 
5739 2515657 
5740 2515657 
5741 2515658 
5742 2515658 
5743 2515658 
5744 2515659 
5745 2515659 
5746 2515659 
5747 2515660 
5748 2515660 
5749 2515660 
5750 2515661 
5751 2515661 
5752 2515661 
5753 2515661 
5754 2515662 
5755 2515662 
5756 2515662 
5757 2515663 
5758 2515663 
5759 2515663 
5760 2515663 
5761 2515664 
5762 2515664 
5763 2515664 
5764 2515664 
5765 2515665 
5766 2515665 
5767 2515665 
5768 2515666 
5769 2515666 
5770 2515666 
5771 2515667 
5772 2515667 
5773 2515667 
5774 2515668 
5775 2515669 
5776 2515669 
5777 2515669 
5778 2515670 
5779 2515670 
5780 2515671 
5781 2515671 
5782 2515673 
5783 2515673 
5784 2515673 
5785 2515674 
5786 2515674 
5787 2515675 
5788 2515675 
5789 2515676 
5790 2515676 
5791 2515676 
5792 2515677 
5793 2515677 
5794 2515677 
5795 2515678 
5796 2515678 
5797 2515678 
5798 2515679 
5799 2515679 
5800 2515679 
5801 2515680 
5802 2515680 
5803 2515680 
5804 2515681 
5805 2515681 
5806 2515681 
5807 2515682 
5808 2515683 
5809 2515684 
5810 2515685 
5811 2515685 
5812 2515686 
5813 2515689 
5814 2515689 
5815 2515689 
5816 2515690 
5817 2515690 
5818 2515690 
5819 2515691 
5820 2515692 
5821 2515696 
5822 2515700 
5823 2515700 
5824 2515701 
5825 2515702 
5826 2515702 
5827 2515703 
5828 2515703 
5829 2515703 
5830 2515704 
5831 2515704 
5832 2515704 
5833 2515705 
5834 2515705 
5835 2515705 
5836 2515706 
5837 2515706 
5838 2515706 
5839 2515707 
5840 2515707 
5841 2515707 
5842 2515708 
5843 2515708 
5844 2515708 
5845 2515708 
5846 2515709 
5847 2515709 
5848 2515709 
5849 2515710 
5850 2515710 
5851 2515710 
5852 2515711 
5853 2515711 
5854 2515711 
5855 2515712 
5856 2515712 
5857 2515713 
5858 2515714 
5859 2515719 
5860 2515719 
5861 2515721 
5862 2515722 
5863 2515722 
5864 2515723 
5865 2515723 
5866 2515724 
5867 2515725 
5868 2515725 
5869 2515727 
5870 2515728 
5871 2515728 
5872 2515728 
5873 2515729 
5874 2515729 
5875 2515729 
5876 2515730 
5877 2515730 
5878 2515730 
5879 2515730 
5880 2515731 
5881 2515731 
5882 2515731 
5883 2515732 
5884 2515732 
5885 2515732 
5886 2515732 
5887 2515733 
5888 2515733 
5889 2515733 
5890 2515734 
5891 2515734 
5892 2515734 
5893 2515735 
5894 2515735 
5895 2515735 
5896 2515736 
5897 2515736 
5898 2515736 
5899 2515743 
5900 2515743 
5901 2515744 
5902 2515760 
5903 2515814 
5904 2515818 
5905 2515820 
5906 2515820 
5907 2515839 
5908 2515844 
5909 2515861 
5910 2515879 
5911 2515884 
5912 2515897 
5913 2515901 
5914 2515902 
5915 2515902 
5916 2515905 
5917 2515907 
5918 2515907 
5919 2515910 
5920 2515910 
5921 2515914 
5922 2515915 
5923 2515915 
5924 2515915 
5925 2515916 
5926 2515916 
5927 2515916 
5928 2515917 
5929 2515917 
5930 2515919 
5931 2515922 
5932 2515924 
5933 2515925 
5934 2515925 
5935 2515925 
5936 2515927 
5937 2515928 
5938 2515931 
5939 2515938 
5940 2515941 
5941 2515953 
5942 2515966 
5943 2515966 
5944 2515971 
5945 2515977 
5946 2515977 
5947 2515977 
5948 2515978 
5949 2515978 
5950 2515980 
5951 2515980 
5952 2515981 
5953 2515982 
5954 2515986 
5955 2515986 
5956 2515986 
5957 2515987 
5958 2515987 
5959 2515987 
5960 2515991 
5961 2515992 
5962 2515997 
5963 2515998 
5964 2516001 
5965 2516004 
5966 2516011 
5967 2516012 
5968 2516012 
5969 2516015 
5970 2516015 
5971 2516016 
5972 2516017 
5973 2516017 
5974 2516018 
5975 2516018 
5976 2516018 
5977 2516019 
5978 2516020 
5979 2516023 
5980 2516025 
5981 2516027 
5982 2516028 
5983 2516028 
5984 2516029 
5985 2516029 
5986 2516029 
5987 2516029 
5988 2516030 
5989 2516030 
5990 2516030 
5991 2516031 
5992 2516031 
5993 2516031 
5994 2516032 
5995 2516033 
5996 2516036 
5997 2516038 
5998 2516044 
5999 2516044 
6000 2516045 
6001 2516048 
6002 2516049 
6003 2516049 
6004 2516049 
6005 2516050 
6006 2516050 
6007 2516050 
6008 2516051 
6009 2516051 
6010 2516054 
6011 2516054 
6012 2516054 
6013 2516054 
6014 2516055 
6015 2516055 
6016 2516055 
6017 2516056 
6018 2516056 
6019 2516056 
6020 2516057 
6021 2516057 
6022 2516057 
6023 2516058 
6024 2516058 
6025 2516058 
6026 2516059 
6027 2516059 
6028 2516059 
6029 2516065 
6030 2516065 
6031 2516066 
6032 2516066 
6033 2516066 
6034 2516066 
6035 2516067 
6036 2516067 
6037 2516067 
6038 2516068 
6039 2516068 
6040 2516068 
6041 2516068 
6042 2516069 
6043 2516070 
6044 2516071 
6045 2516071 
6046 2516071 
6047 2516072 
6048 2516072 
6049 2516072 
6050 2516073 
6051 2516073 
6052 2516073 
6053 2516073 
6054 2516074 
6055 2516074 
6056 2516074 
6057 2516075 
6058 2516075 
6059 2516075 
6060 2516076 
6061 2516076 
6062 2516076 
6063 2516076 
6064 2516077 
6065 2516077 
6066 2516077 
6067 2516078 
6068 2516078 
6069 2516078 
6070 2516078 
6071 2516079 
6072 2516079 
6073 2516079 
6074 2516080 
6075 2516080 
6076 2516080 
6077 2516081 
6078 2516081 
6079 2516081 
6080 2516082 
6081 2516082 
6082 2516082 
6083 2516083 
6084 2516083 
6085 2516083 
6086 2516084 
6087 2516084 
6088 2516084 
6089 2516085 
6090 2516085 
6091 2516087 
6092 2516087 
6093 2516087 
6094 2516089 
6095 2516089 
6096 2516091 
6097 2516092 
6098 2516093 
6099 2516096 
6100 2516097 
6101 2516100 
6102 2516101 
6103 2516101 
6104 2516102 
6105 2516102 
6106 2516102 
6107 2516102 
6108 2516103 
6109 2516103 
6110 2516103 
6111 2516104 
6112 2516104 
6113 2516104 
6114 2516105 
6115 2516105 
6116 2516105 
6117 2516106 
6118 2516106 
6119 2516107 
6120 2516107 
6121 2516107 
6122 2516108 
6123 2516108 
6124 2516108 
6125 2516109 
6126 2516109 
6127 2516110 
6128 2516110 
6129 2516111 
6130 2516112 
6131 2516113 
6132 2516114 
6133 2516114 
6134 2516114 
6135 2516114 
6136 2516115 
6137 2516115 
6138 2516116 
6139 2516116 
6140 2516116 
6141 2516117 
6142 2516117 
6143 2516117 
6144 2516118 
6145 2516118 
6146 2516118 
6147 2516118 
6148 2516119 
6149 2516119 
6150 2516119 
6151 2516119 
6152 2516120 
6153 2516120 
6154 2516120 
6155 2516120 
6156 2516121 
6157 2516121 
6158 2516121 
6159 2516122 
6160 2516122 
6161 2516122 
6162 2516123 
6163 2516123 
6164 2516124 
6165 2516124 
6166 2516124 
6167 2516124 
6168 2516125 
6169 2516125 
6170 2516127 
6171 2516128 
6172 2516128 
6173 2516129 
6174 2516129 
6175 2516129 
6176 2516130 
6177 2516130 
6178 2516130 
6179 2516134 
6180 2516134 
6181 2516135 
6182 2516135 
6183 2516136 
6184 2516136 
6185 2516139 
6186 2516140 
6187 2516140 
6188 2516142 
6189 2516142 
6190 2516142 
6191 2516143 
6192 2516143 
6193 2516144 
6194 2516144 
6195 2516144 
6196 2516145 
6197 2516145 
6198 2516145 
6199 2516146 
6200 2516146 
6201 2516147 
6202 2516147 
6203 2516147 
6204 2516148 
6205 2516148 
6206 2516148 
6207 2516149 
6208 2516149 
6209 2516149 
6210 2516153 
6211 2516153 
6212 2516154 
6213 2516154 
6214 2516154 
6215 2516155 
6216 2516155 
6217 2516156 
6218 2516156 
6219 2516156 
6220 2516157 
6221 2516157 
6222 2516158 
6223 2516158 
6224 2516158 
6225 2516159 
6226 2516159 
6227 2516159 
6228 2516159 
6229 2516160 
6230 2516160 
6231 2516160 
6232 2516161 
6233 2516161 
6234 2516162 
6235 2516162 
6236 2516162 
6237 2516162 
6238 2516163 
6239 2516164 
6240 2516165 
6241 2516166 
6242 2516166 
6243 2516166 
6244 2516167 
6245 2516167 
6246 2516167 
6247 2516168 
6248 2516168 
6249 2516169 
6250 2516169 
6251 2516170 
6252 2516170 
6253 2516170 
6254 2516171 
6255 2516171 
6256 2516172 
6257 2516172 
6258 2516172 
6259 2516173 
6260 2516173 
6261 2516173 
6262 2516174 
6263 2516174 
6264 2516175 
6265 2516175 
6266 2516175 
6267 2516176 
6268 2516176 
6269 2516176 
6270 2516177 
6271 2516177 
6272 2516177 
6273 2516178 
6274 2516178 
6275 2516179 
6276 2516180 
6277 2516180 
6278 2516181 
6279 2516182 
6280 2516182 
6281 2516182 
6282 2516183 
6283 2516183 
6284 2516183 
6285 2516184 
6286 2516184 
6287 2516184 
6288 2516185 
6289 2516185 
6290 2516186 
6291 2516186 
6292 2516187 
6293 2516188 
6294 2516189 
6295 2516189 
6296 2516190 
6297 2516190 
6298 2516190 
6299 2516191 
6300 2516191 
6301 2516191 
6302 2516192 
6303 2516192 
6304 2516193 
6305 2516193 
6306 2516194 
6307 2516194 
6308 2516195 
6309 2516196 
6310 2516196 
6311 2516196 
6312 2516197 
6313 2516197 
6314 2516198 
6315 2516198 
6316 2516198 
6317 2516199 
6318 2516199 
6319 2516199 
6320 2516200 
6321 2516200 
6322 2516200 
6323 2516201 
6324 2516201 
6325 2516201 
6326 2516202 
6327 2516203 
6328 2516204 
6329 2516204 
6330 2516204 
6331 2516205 
6332 2516205 
6333 2516206 
6334 2516209 
6335 2516209 
6336 2516210 
6337 2516210 
6338 2516211 
6339 2516211 
6340 2516212 
6341 2516212 
6342 2516212 
6343 2516212 
6344 2516214 
6345 2516214 
6346 2516214 
6347 2516215 
6348 2516215 
6349 2516215 
6350 2516216 
6351 2516216 
6352 2516217 
6353 2516217 
6354 2516217 
6355 2516218 
6356 2516218 
6357 2516218 
6358 2516219 
6359 2516219 
6360 2516219 
6361 2516219 
6362 2516220 
6363 2516220 
6364 2516220 
6365 2516221 
6366 2516221 
6367 2516221 
6368 2516222 
6369 2516222 
6370 2516222 
6371 2516223 
6372 2516223 
6373 2516223 
6374 2516224 
6375 2516224 
6376 2516224 
6377 2516225 
6378 2516225 
6379 2516225 
6380 2516226 
6381 2516226 
6382 2516226 
6383 2516227 
6384 2516227 
6385 2516227 
6386 2516228 
6387 2516229 
6388 2516229 
6389 2516229 
6390 2516230 
6391 2516230 
6392 2516230 
6393 2516231 
6394 2516231 
6395 2516231 
6396 2516232 
6397 2516232 
6398 2516233 
6399 2516233 
6400 2516233 
6401 2516234 
6402 2516234 
6403 2516234 
6404 2516235 
6405 2516235 
6406 2516236 
6407 2516237 
6408 2516238 
6409 2516239 
6410 2516239 
6411 2516240 
6412 2516240 
6413 2516240 
6414 2516241 
6415 2516241 
6416 2516241 
6417 2516242 
6418 2516242 
6419 2516242 
6420 2516243 
6421 2516243 
6422 2516243 
6423 2516244 
6424 2516244 
6425 2516245 
6426 2516245 
6427 2516245 
6428 2516246 
6429 2516246 
6430 2516246 
6431 2516247 
6432 2516247 
6433 2516248 
6434 2516248 
6435 2516249 
6436 2516249 
6437 2516249 
6438 2516250 
6439 2516250 
6440 2516250 
6441 2516251 
6442 2516251 
6443 2516251 
6444 2516252 
6445 2516252 
6446 2516252 
6447 2516253 
6448 2516253 
6449 2516254 
6450 2516254 
6451 2516255 
6452 2516255 
6453 2516255 
6454 2516256 
6455 2516257 
6456 2516257 
6457 2516257 
6458 2516258 
6459 2516258 
6460 2516259 
6461 2516259 
6462 2516259 
6463 2516260 
6464 2516260 
6465 2516260 
6466 2516261 
6467 2516261 
6468 2516261 
6469 2516262 
6470 2516262 
6471 2516262 
6472 2516263 
6473 2516263 
6474 2516263 
6475 2516264 
6476 2516264 
6477 2516265 
6478 2516265 
6479 2516271 
6480 2516273 
6481 2516278 
6482 2516279 
6483 2516279 
6484 2516279 
6485 2516280 
6486 2516280 
6487 2516281 
6488 2516281 
6489 2516281 
6490 2516282 
6491 2516282 
6492 2516282 
6493 2516283 
6494 2516283 
6495 2516283 
6496 2516284 
6497 2516288 
6498 2516289 
6499 2516292 
6500 2516292 
6501 2516293 
6502 2516294 
6503 2516296 
6504 2516300 
6505 2516300 
6506 2516301 
6507 2516301 
6508 2516302 
6509 2516302 
6510 2516303 
6511 2516303 
6512 2516303 
6513 2516304 
6514 2516304 
6515 2516304 
6516 2516304 
6517 2516305 
6518 2516305 
6519 2516305 
6520 2516305 
6521 2516306 
6522 2516306 
6523 2516306 
6524 2516307 
6525 2516307 
6526 2516307 
6527 2516308 
6528 2516308 
6529 2516308 
6530 2516309 
6531 2516309 
6532 2516309 
6533 2516310 
6534 2516310 
6535 2516310 
6536 2516311 
6537 2516311 
6538 2516311 
6539 2516312 
6540 2516312 
6541 2516312 
6542 2516312 
6543 2516313 
6544 2516313 
6545 2516313 
6546 2516313 
6547 2516314 
6548 2516314 
6549 2516314 
6550 2516314 
6551 2516315 
6552 2516315 
6553 2516315 
6554 2516315 
6555 2516316 
6556 2516316 
6557 2516316 
6558 2516317 
6559 2516317 
6560 2516317 
6561 2516318 
6562 2516318 
6563 2516318 
6564 2516318 
6565 2516319 
6566 2516319 
6567 2516319 
6568 2516320 
6569 2516320 
6570 2516320 
6571 2516320 
6572 2516320 
6573 2516321 
6574 2516321 
6575 2516321 
6576 2516322 
6577 2516322 
6578 2516326 
6579 2516326 
6580 2516327 
6581 2516327 
6582 2516327 
6583 2516328 
6584 2516328 
6585 2516328 
6586 2516329 
6587 2516329 
6588 2516330 
6589 2516330 
6590 2516330 
6591 2516331 
6592 2516331 
6593 2516331 
6594 2516332 
6595 2516332 
6596 2516332 
6597 2516332 
6598 2516333 
6599 2516333 
6600 2516333 
6601 2516334 
6602 2516334 
6603 2516335 
6604 2516335 
6605 2516335 
6606 2516335 
6607 2516336 
6608 2516337 
6609 2516337 
6610 2516338 
6611 2516338 
6612 2516339 
6613 2516339 
6614 2516339 
6615 2516340 
6616 2516340 
6617 2516341 
6618 2516341 
6619 2516341 
6620 2516342 
6621 2516342 
6622 2516342 
6623 2516343 
6624 2516343 
6625 2516343 
6626 2516343 
6627 2516344 
6628 2516345 
6629 2516348 
6630 2516348 
6631 2516348 
6632 2516349 
6633 2516349 
6634 2516350 
6635 2516350 
6636 2516350 
6637 2516351 
6638 2516351 
6639 2516351 
6640 2516352 
6641 2516352 
6642 2516352 
6643 2516353 
6644 2516353 
6645 2516354 
6646 2516354 
6647 2516354 
6648 2516355 
6649 2516355 
6650 2516356 
6651 2516356 
6652 2516357 
6653 2516357 
6654 2516357 
6655 2516358 
6656 2516358 
6657 2516358 
6658 2516359 
6659 2516359 
6660 2516359 
6661 2516360 
6662 2516360 
6663 2516360 
6664 2516361 
6665 2516361 
6666 2516361 
6667 2516361 
6668 2516362 
6669 2516362 
6670 2516362 
6671 2516363 
6672 2516363 
6673 2516363 
6674 2516364 
6675 2516364 
6676 2516364 
6677 2516365 
6678 2516365 
6679 2516366 
6680 2516366 
6681 2516366 
6682 2516367 
6683 2516367 
6684 2516367 
6685 2516368 
6686 2516368 
6687 2516368 
6688 2516369 
6689 2516369 
6690 2516370 
6691 2516370 
6692 2516370 
6693 2516371 
6694 2516371 
6695 2516371 
6696 2516371 
6697 2516372 
6698 2516372 
6699 2516372 
6700 2516373 
6701 2516373 
6702 2516373 
6703 2516374 
6704 2516375 
6705 2516375 
6706 2516376 
6707 2516376 
6708 2516376 
6709 2516377 
6710 2516377 
6711 2516377 
6712 2516378 
6713 2516378 
6714 2516378 
6715 2516379 
6716 2516379 
6717 2516380 
6718 2516380 
6719 2516380 
6720 2516381 
6721 2516381 
6722 2516381 
6723 2516382 
6724 2516382 
6725 2516382 
6726 2516383 
6727 2516383 
6728 2516383 
6729 2516384 
6730 2516384 
6731 2516384 
6732 2516384 
6733 2516385 
6734 2516385 
6735 2516385 
6736 2516386 
6737 2516386 
6738 2516386 
6739 2516387 
6740 2516387 
6741 2516387 
6742 2516388 
6743 2516388 
6744 2516388 
6745 2516389 
6746 2516389 
6747 2516389 
6748 2516390 
6749 2516390 
6750 2516390 
6751 2516391 
6752 2516391 
6753 2516391 
6754 2516392 
6755 2516392 
6756 2516392 
6757 2516393 
6758 2516393 
6759 2516393 
6760 2516393 
6761 2516394 
6762 2516394 
6763 2516395 
6764 2516395 
6765 2516395 
6766 2516395 
6767 2516396 
6768 2516396 
6769 2516396 
6770 2516396 
6771 2516397 
6772 2516397 
6773 2516397 
6774 2516398 
6775 2516398 
6776 2516398 
6777 2516399 
6778 2516399 
6779 2516399 
6780 2516400 
6781 2516400 
