1 2883600 
2 2883600 
3 2883604 
4 2883605 
5 2883610 
6 2883610 
7 2883613 
8 2883613 
9 2883618 
10 2883623 
11 2883623 
12 2883626 
13 2883626 
14 2883627 
15 2883627 
16 2883627 
17 2883627 
18 2883628 
19 2883629 
20 2883630 
21 2883630 
22 2883634 
23 2883642 
24 2883642 
25 2883642 
26 2883642 
27 2883643 
28 2883643 
29 2883643 
30 2883644 
31 2883644 
32 2883644 
33 2883645 
34 2883645 
35 2883645 
36 2883646 
37 2883646 
38 2883646 
39 2883647 
40 2883647 
41 2883647 
42 2883648 
43 2883651 
44 2883651 
45 2883652 
46 2883652 
47 2883653 
48 2883653 
49 2883654 
50 2883654 
51 2883654 
52 2883655 
53 2883661 
54 2883662 
55 2883663 
56 2883664 
57 2883664 
58 2883666 
59 2883666 
60 2883670 
61 2883671 
62 2883671 
63 2883672 
64 2883672 
65 2883674 
66 2883674 
67 2883675 
68 2883681 
69 2883687 
70 2883687 
71 2883688 
72 2883690 
73 2883690 
74 2883694 
75 2883695 
76 2883702 
77 2883703 
78 2883706 
79 2883707 
80 2883707 
81 2883708 
82 2883728 
83 2883733 
84 2883733 
85 2883733 
86 2883734 
87 2883734 
88 2883735 
89 2883735 
90 2883735 
91 2883736 
92 2883736 
93 2883740 
94 2883745 
95 2883745 
96 2883746 
97 2883746 
98 2883751 
99 2883757 
100 2883757 
101 2883757 
102 2883758 
103 2883758 
104 2883758 
105 2883758 
106 2883759 
107 2883759 
108 2883759 
109 2883760 
110 2883760 
111 2883760 
112 2883761 
113 2883761 
114 2883765 
115 2883765 
116 2883767 
117 2883770 
118 2883770 
119 2883775 
120 2883775 
121 2883775 
122 2883776 
123 2883776 
124 2883781 
125 2883787 
126 2883789 
127 2883790 
128 2883794 
129 2883795 
130 2883796 
131 2883798 
132 2883799 
133 2883802 
134 2883802 
135 2883803 
136 2883803 
137 2883806 
138 2883807 
139 2883807 
140 2883807 
141 2883808 
142 2883808 
143 2883814 
144 2883814 
145 2883815 
146 2883815 
147 2883816 
148 2883816 
149 2883816 
150 2883816 
151 2883817 
152 2883817 
153 2883817 
154 2883818 
155 2883818 
156 2883818 
157 2883819 
158 2883819 
159 2883819 
160 2883820 
161 2883820 
162 2883820 
163 2883820 
164 2883821 
165 2883822 
166 2883823 
167 2883823 
168 2883827 
169 2883829 
170 2883837 
171 2883838 
172 2883838 
173 2883843 
174 2883844 
175 2883845 
176 2883846 
177 2883846 
178 2883846 
179 2883846 
180 2883846 
181 2883863 
182 2883863 
183 2883864 
184 2883864 
185 2883865 
186 2883865 
187 2883865 
188 2883866 
189 2883867 
190 2883870 
191 2883870 
192 2883870 
193 2883871 
194 2883871 
195 2883872 
196 2883872 
197 2883872 
198 2883873 
199 2883873 
200 2883873 
201 2883874 
202 2883874 
203 2883874 
204 2883875 
205 2883875 
206 2883876 
207 2883876 
208 2883876 
209 2883877 
210 2883877 
211 2883886 
212 2883891 
213 2883891 
214 2883892 
215 2883897 
216 2883899 
217 2883899 
218 2883899 
219 2883900 
220 2883900 
221 2883900 
222 2883903 
223 2883903 
224 2883904 
225 2883905 
226 2883905 
227 2883905 
228 2883907 
229 2883909 
230 2883909 
231 2883909 
232 2883910 
233 2883910 
234 2883910 
235 2883910 
236 2883911 
237 2883912 
238 2883917 
239 2883922 
240 2883923 
241 2883924 
242 2883924 
243 2883930 
244 2883930 
245 2883934 
246 2883937 
247 2883941 
248 2883941 
249 2883944 
250 2883949 
251 2883950 
252 2883951 
253 2883963 
254 2883963 
255 2883963 
256 2883964 
257 2883964 
258 2883964 
259 2883965 
260 2883965 
261 2883966 
262 2883968 
263 2883968 
264 2883969 
265 2883970 
266 2883970 
267 2883981 
268 2883984 
269 2883985 
270 2883988 
271 2883988 
272 2883989 
273 2883992 
274 2883996 
275 2883997 
276 2883997 
277 2884002 
278 2884005 
279 2884005 
280 2884005 
281 2884007 
282 2884014 
283 2884020 
284 2884020 
285 2884020 
286 2884021 
287 2884023 
288 2884023 
289 2884027 
290 2884028 
291 2884032 
292 2884033 
293 2884034 
294 2884035 
295 2884039 
296 2884039 
297 2884051 
298 2884052 
299 2884060 
300 2884067 
301 2884073 
302 2884081 
303 2884082 
304 2884086 
305 2884087 
306 2884087 
307 2884087 
308 2884087 
309 2884092 
310 2884092 
311 2884093 
312 2884093 
313 2884093 
314 2884093 
315 2884093 
316 2884093 
317 2884094 
318 2884094 
319 2884094 
320 2884095 
321 2884095 
322 2884095 
323 2884096 
324 2884096 
325 2884097 
326 2884098 
327 2884098 
328 2884098 
329 2884099 
330 2884099 
331 2884099 
332 2884099 
333 2884099 
334 2884100 
335 2884102 
336 2884109 
337 2884110 
338 2884110 
339 2884110 
340 2884114 
341 2884115 
342 2884122 
343 2884123 
344 2884124 
345 2884124 
346 2884124 
347 2884124 
348 2884131 
349 2884131 
350 2884134 
351 2884137 
352 2884141 
353 2884141 
354 2884142 
355 2884144 
356 2884144 
357 2884145 
358 2884147 
359 2884147 
360 2884153 
361 2884155 
362 2884159 
363 2884159 
364 2884159 
365 2884160 
366 2884160 
367 2884160 
368 2884160 
369 2884161 
370 2884161 
371 2884163 
372 2884163 
373 2884163 
374 2884164 
375 2884164 
376 2884164 
377 2884165 
378 2884165 
379 2884166 
380 2884166 
381 2884167 
382 2884168 
383 2884176 
384 2884176 
385 2884177 
386 2884177 
387 2884179 
388 2884186 
389 2884186 
390 2884186 
391 2884187 
392 2884187 
393 2884190 
394 2884191 
395 2884195 
396 2884198 
397 2884200 
398 2884208 
399 2884210 
400 2884211 
401 2884219 
402 2884219 
403 2884220 
404 2884220 
405 2884224 
406 2884225 
407 2884226 
408 2884230 
409 2884235 
410 2884236 
411 2884236 
412 2884237 
413 2884237 
414 2884237 
415 2884238 
416 2884238 
417 2884238 
418 2884239 
419 2884239 
420 2884240 
421 2884240 
422 2884242 
423 2884243 
424 2884245 
425 2884245 
426 2884246 
427 2884246 
428 2884247 
429 2884247 
430 2884247 
431 2884248 
432 2884248 
433 2884249 
434 2884249 
435 2884252 
436 2884252 
437 2884252 
438 2884253 
439 2884253 
440 2884253 
441 2884253 
442 2884253 
443 2884254 
444 2884255 
445 2884255 
446 2884255 
447 2884256 
448 2884256 
449 2884257 
450 2884262 
451 2884263 
452 2884263 
453 2884263 
454 2884264 
455 2884264 
456 2884264 
457 2884265 
458 2884265 
459 2884265 
460 2884266 
461 2884266 
462 2884266 
463 2884266 
464 2884266 
465 2884267 
466 2884267 
467 2884268 
468 2884268 
469 2884268 
470 2884273 
471 2884273 
472 2884280 
473 2884283 
474 2884285 
475 2884285 
476 2884286 
477 2884286 
478 2884286 
479 2884287 
480 2884287 
481 2884287 
482 2884288 
483 2884288 
484 2884291 
485 2884291 
486 2884294 
487 2884294 
488 2884296 
489 2884300 
490 2884301 
491 2884301 
492 2884303 
493 2884305 
494 2884307 
495 2884314 
496 2884314 
497 2884314 
498 2884315 
499 2884315 
500 2884315 
501 2884318 
502 2884319 
503 2884323 
504 2884323 
505 2884323 
506 2884324 
507 2884329 
508 2884341 
509 2884343 
510 2884344 
511 2884344 
512 2884351 
513 2884351 
514 2884365 
515 2884367 
516 2884368 
517 2884368 
518 2884368 
519 2884375 
520 2884375 
521 2884375 
522 2884378 
523 2884378 
524 2884380 
525 2884380 
526 2884380 
527 2884381 
528 2884381 
529 2884381 
530 2884381 
531 2884382 
532 2884382 
533 2884382 
534 2884382 
535 2884383 
536 2884383 
537 2884383 
538 2884383 
539 2884386 
540 2884387 
541 2884388 
542 2884388 
543 2884389 
544 2884391 
545 2884392 
546 2884392 
547 2884392 
548 2884393 
549 2884393 
550 2884393 
551 2884395 
552 2884395 
553 2884396 
554 2884396 
555 2884397 
556 2884398 
557 2884398 
558 2884398 
559 2884399 
560 2884402 
561 2884402 
562 2884402 
563 2884402 
564 2884403 
565 2884403 
566 2884403 
567 2884405 
568 2884405 
569 2884408 
570 2884410 
571 2884414 
572 2884415 
573 2884415 
574 2884415 
575 2884416 
576 2884421 
577 2884426 
578 2884428 
579 2884429 
580 2884430 
581 2884434 
582 2884435 
583 2884436 
584 2884437 
585 2884438 
586 2884441 
587 2884447 
588 2884448 
589 2884452 
590 2884452 
591 2884452 
592 2884453 
593 2884453 
594 2884453 
595 2884454 
596 2884455 
597 2884456 
598 2884456 
599 2884456 
600 2884456 
601 2884457 
602 2884457 
603 2884457 
604 2884457 
605 2884457 
606 2884457 
607 2884458 
608 2884458 
609 2884458 
610 2884459 
611 2884459 
612 2884459 
613 2884459 
614 2884460 
615 2884460 
616 2884460 
617 2884461 
618 2884462 
619 2884462 
620 2884463 
621 2884464 
622 2884464 
623 2884464 
624 2884465 
625 2884466 
626 2884468 
627 2884468 
628 2884469 
629 2884469 
630 2884469 
631 2884469 
632 2884470 
633 2884471 
634 2884472 
635 2884474 
636 2884477 
637 2884478 
638 2884481 
639 2884481 
640 2884481 
641 2884482 
642 2884482 
643 2884482 
644 2884483 
645 2884483 
646 2884484 
647 2884484 
648 2884484 
649 2884485 
650 2884485 
651 2884485 
652 2884486 
653 2884486 
654 2884486 
655 2884487 
656 2884487 
657 2884487 
658 2884488 
659 2884488 
660 2884492 
661 2884497 
662 2884497 
663 2884503 
664 2884507 
665 2884508 
666 2884514 
667 2884516 
668 2884517 
669 2884517 
670 2884517 
671 2884519 
672 2884520 
673 2884520 
674 2884523 
675 2884523 
676 2884524 
677 2884525 
678 2884525 
679 2884527 
680 2884528 
681 2884528 
682 2884529 
683 2884530 
684 2884530 
685 2884530 
686 2884531 
687 2884531 
688 2884531 
689 2884534 
690 2884536 
691 2884536 
692 2884542 
693 2884542 
694 2884547 
695 2884547 
696 2884549 
697 2884549 
698 2884552 
699 2884552 
700 2884553 
701 2884553 
702 2884554 
703 2884578 
704 2884578 
705 2884586 
706 2884586 
707 2884586 
708 2884587 
709 2884587 
710 2884588 
711 2884588 
712 2884589 
713 2884589 
714 2884589 
715 2884590 
716 2884590 
717 2884590 
718 2884592 
719 2884596 
720 2884597 
721 2884597 
722 2884597 
723 2884597 
724 2884598 
725 2884598 
726 2884599 
727 2884600 
728 2884602 
729 2884603 
730 2884603 
731 2884603 
732 2884604 
733 2884606 
734 2884606 
735 2884606 
736 2884609 
737 2884612 
738 2884613 
739 2884613 
740 2884614 
741 2884614 
742 2884615 
743 2884615 
744 2884615 
745 2884616 
746 2884617 
747 2884617 
748 2884617 
749 2884618 
750 2884618 
751 2884618 
752 2884620 
753 2884623 
754 2884624 
755 2884624 
756 2884624 
757 2884625 
758 2884625 
759 2884625 
760 2884625 
761 2884626 
762 2884631 
763 2884637 
764 2884638 
765 2884638 
766 2884639 
767 2884639 
768 2884640 
769 2884640 
770 2884641 
771 2884641 
772 2884642 
773 2884642 
774 2884644 
775 2884651 
776 2884651 
777 2884651 
778 2884653 
779 2884653 
780 2884654 
781 2884655 
782 2884657 
783 2884657 
784 2884658 
785 2884658 
786 2884658 
787 2884658 
788 2884659 
789 2884659 
790 2884659 
791 2884659 
792 2884660 
793 2884660 
794 2884660 
795 2884660 
796 2884661 
797 2884661 
798 2884662 
799 2884662 
800 2884662 
801 2884663 
802 2884663 
803 2884663 
804 2884663 
805 2884664 
806 2884664 
807 2884664 
808 2884665 
809 2884665 
810 2884665 
811 2884665 
812 2884666 
813 2884666 
814 2884666 
815 2884666 
816 2884667 
817 2884667 
818 2884668 
819 2884669 
820 2884669 
821 2884669 
822 2884675 
823 2884676 
824 2884676 
825 2884676 
826 2884677 
827 2884677 
828 2884677 
829 2884677 
830 2884678 
831 2884678 
832 2884679 
833 2884679 
834 2884679 
835 2884680 
836 2884680 
837 2884680 
838 2884681 
839 2884681 
840 2884682 
841 2884683 
842 2884683 
843 2884684 
844 2884684 
845 2884685 
846 2884687 
847 2884687 
848 2884688 
849 2884688 
850 2884692 
851 2884695 
852 2884695 
853 2884697 
854 2884697 
855 2884698 
856 2884700 
857 2884701 
858 2884702 
859 2884702 
860 2884703 
861 2884703 
862 2884703 
863 2884703 
864 2884704 
865 2884704 
866 2884704 
867 2884705 
868 2884705 
869 2884705 
870 2884705 
871 2884706 
872 2884706 
873 2884706 
874 2884707 
875 2884707 
876 2884707 
877 2884708 
878 2884708 
879 2884708 
880 2884708 
881 2884708 
882 2884709 
883 2884709 
884 2884709 
885 2884709 
886 2884710 
887 2884710 
888 2884710 
889 2884710 
890 2884711 
891 2884711 
892 2884711 
893 2884712 
894 2884712 
895 2884712 
896 2884713 
897 2884713 
898 2884713 
899 2884714 
900 2884715 
901 2884716 
902 2884717 
903 2884717 
904 2884717 
905 2884718 
906 2884718 
907 2884718 
908 2884720 
909 2884725 
910 2884730 
911 2884731 
912 2884731 
913 2884731 
914 2884731 
915 2884732 
916 2884733 
917 2884735 
918 2884736 
919 2884736 
920 2884736 
921 2884736 
922 2884737 
923 2884737 
924 2884737 
925 2884738 
926 2884738 
927 2884738 
928 2884739 
929 2884739 
930 2884739 
931 2884739 
932 2884740 
933 2884740 
934 2884740 
935 2884741 
936 2884741 
937 2884741 
938 2884741 
939 2884742 
940 2884742 
941 2884743 
942 2884744 
943 2884744 
944 2884744 
945 2884745 
946 2884745 
947 2884745 
948 2884747 
949 2884755 
950 2884755 
951 2884757 
952 2884757 
953 2884760 
954 2884761 
955 2884764 
956 2884764 
957 2884765 
958 2884765 
959 2884765 
960 2884765 
961 2884766 
962 2884766 
963 2884766 
964 2884767 
965 2884767 
966 2884767 
967 2884768 
968 2884768 
969 2884769 
970 2884769 
971 2884772 
972 2884773 
973 2884773 
974 2884773 
975 2884774 
976 2884775 
977 2884775 
978 2884775 
979 2884776 
980 2884778 
981 2884778 
982 2884778 
983 2884779 
984 2884780 
985 2884780 
986 2884780 
987 2884780 
988 2884781 
989 2884781 
990 2884788 
991 2884789 
992 2884791 
993 2884797 
994 2884798 
995 2884798 
996 2884800 
997 2884807 
998 2884807 
999 2884808 
1000 2884808 
1001 2884810 
1002 2884810 
1003 2884811 
1004 2884811 
1005 2884811 
1006 2884822 
1007 2884823 
1008 2884823 
1009 2884823 
1010 2884823 
1011 2884824 
1012 2884824 
1013 2884825 
1014 2884826 
1015 2884826 
1016 2884830 
1017 2884830 
1018 2884832 
1019 2884832 
1020 2884833 
1021 2884835 
1022 2884836 
1023 2884839 
1024 2884839 
1025 2884839 
1026 2884840 
1027 2884840 
1028 2884844 
1029 2884851 
1030 2884852 
1031 2884853 
1032 2884857 
1033 2884863 
1034 2884864 
1035 2884864 
1036 2884864 
1037 2884864 
1038 2884865 
1039 2884865 
1040 2884865 
1041 2884865 
1042 2884865 
1043 2884866 
1044 2884867 
1045 2884867 
1046 2884867 
1047 2884867 
1048 2884868 
1049 2884868 
1050 2884868 
1051 2884869 
1052 2884869 
1053 2884870 
1054 2884870 
1055 2884878 
1056 2884880 
1057 2884882 
1058 2884882 
1059 2884887 
1060 2884887 
1061 2884887 
1062 2884895 
1063 2884904 
1064 2884908 
1065 2884908 
1066 2884909 
1067 2884910 
1068 2884918 
1069 2884918 
1070 2884918 
1071 2884927 
1072 2884928 
1073 2884928 
1074 2884929 
1075 2884929 
1076 2884930 
1077 2884931 
1078 2884931 
1079 2884932 
1080 2884937 
1081 2884937 
1082 2884944 
1083 2884962 
1084 2884966 
1085 2884970 
1086 2884973 
1087 2884976 
1088 2884977 
1089 2884986 
1090 2884990 
1091 2884991 
1092 2884991 
1093 2884993 
1094 2884993 
1095 2884994 
1096 2884995 
1097 2884995 
1098 2884996 
1099 2884996 
1100 2884998 
1101 2884998 
1102 2884998 
1103 2884999 
1104 2885001 
1105 2885001 
1106 2885001 
1107 2885001 
1108 2885001 
1109 2885002 
1110 2885002 
1111 2885002 
1112 2885002 
1113 2885003 
1114 2885003 
1115 2885004 
1116 2885004 
1117 2885004 
1118 2885005 
1119 2885010 
1120 2885013 
1121 2885014 
1122 2885014 
1123 2885021 
1124 2885021 
1125 2885022 
1126 2885022 
1127 2885023 
1128 2885023 
1129 2885023 
1130 2885024 
1131 2885024 
1132 2885024 
1133 2885025 
1134 2885025 
1135 2885025 
1136 2885026 
1137 2885026 
1138 2885026 
1139 2885027 
1140 2885027 
1141 2885027 
1142 2885028 
1143 2885028 
1144 2885028 
1145 2885029 
1146 2885029 
1147 2885030 
1148 2885032 
1149 2885032 
1150 2885033 
1151 2885034 
1152 2885036 
1153 2885045 
1154 2885046 
1155 2885047 
1156 2885048 
1157 2885048 
1158 2885048 
1159 2885049 
1160 2885054 
1161 2885056 
1162 2885059 
1163 2885061 
1164 2885061 
1165 2885064 
1166 2885068 
1167 2885068 
1168 2885069 
1169 2885069 
1170 2885069 
1171 2885070 
1172 2885073 
1173 2885073 
1174 2885074 
1175 2885074 
1176 2885074 
1177 2885075 
1178 2885075 
1179 2885075 
1180 2885076 
1181 2885076 
1182 2885076 
1183 2885077 
1184 2885077 
1185 2885077 
1186 2885078 
1187 2885078 
1188 2885078 
1189 2885079 
1190 2885079 
1191 2885079 
1192 2885080 
1193 2885083 
1194 2885084 
1195 2885085 
1196 2885085 
1197 2885086 
1198 2885086 
1199 2885087 
1200 2885087 
1201 2885087 
1202 2885087 
1203 2885088 
1204 2885088 
1205 2885089 
1206 2885090 
1207 2885091 
1208 2885092 
1209 2885092 
1210 2885092 
1211 2885093 
1212 2885093 
1213 2885093 
1214 2885094 
1215 2885094 
1216 2885094 
1217 2885095 
1218 2885095 
1219 2885095 
1220 2885096 
1221 2885096 
1222 2885096 
1223 2885097 
1224 2885098 
1225 2885098 
1226 2885099 
1227 2885099 
1228 2885100 
1229 2885101 
1230 2885101 
1231 2885101 
1232 2885102 
1233 2885102 
1234 2885102 
1235 2885103 
1236 2885103 
1237 2885103 
1238 2885109 
1239 2885109 
1240 2885109 
1241 2885110 
1242 2885110 
1243 2885110 
1244 2885111 
1245 2885111 
1246 2885111 
1247 2885112 
1248 2885112 
1249 2885112 
1250 2885113 
1251 2885113 
1252 2885113 
1253 2885113 
1254 2885114 
1255 2885114 
1256 2885114 
1257 2885115 
1258 2885115 
1259 2885116 
1260 2885117 
1261 2885118 
1262 2885118 
1263 2885118 
1264 2885119 
1265 2885119 
1266 2885119 
1267 2885119 
1268 2885120 
1269 2885125 
1270 2885125 
1271 2885125 
1272 2885126 
1273 2885128 
1274 2885131 
1275 2885131 
1276 2885132 
1277 2885133 
1278 2885133 
1279 2885134 
1280 2885134 
1281 2885135 
1282 2885135 
1283 2885137 
1284 2885138 
1285 2885139 
1286 2885140 
1287 2885140 
1288 2885141 
1289 2885141 
1290 2885142 
1291 2885142 
1292 2885142 
1293 2885143 
1294 2885143 
1295 2885143 
1296 2885144 
1297 2885144 
1298 2885144 
1299 2885145 
1300 2885145 
1301 2885146 
1302 2885146 
1303 2885146 
1304 2885146 
1305 2885147 
1306 2885147 
1307 2885147 
1308 2885148 
1309 2885148 
1310 2885148 
1311 2885149 
1312 2885149 
1313 2885149 
1314 2885150 
1315 2885150 
1316 2885151 
1317 2885151 
1318 2885151 
1319 2885152 
1320 2885152 
1321 2885152 
1322 2885153 
1323 2885153 
1324 2885153 
1325 2885154 
1326 2885154 
1327 2885154 
1328 2885155 
1329 2885155 
1330 2885156 
1331 2885156 
1332 2885156 
1333 2885156 
1334 2885156 
1335 2885157 
1336 2885157 
1337 2885157 
1338 2885157 
1339 2885158 
1340 2885158 
1341 2885158 
1342 2885159 
1343 2885159 
1344 2885160 
1345 2885163 
1346 2885163 
1347 2885165 
1348 2885165 
1349 2885167 
1350 2885167 
1351 2885169 
1352 2885169 
1353 2885169 
1354 2885170 
1355 2885170 
1356 2885171 
1357 2885172 
1358 2885172 
1359 2885173 
1360 2885173 
1361 2885173 
1362 2885174 
1363 2885174 
1364 2885175 
1365 2885176 
1366 2885176 
1367 2885177 
1368 2885177 
1369 2885178 
1370 2885178 
1371 2885179 
1372 2885180 
1373 2885180 
1374 2885180 
1375 2885181 
1376 2885181 
1377 2885181 
1378 2885181 
1379 2885182 
1380 2885183 
1381 2885183 
1382 2885184 
1383 2885184 
1384 2885186 
1385 2885189 
1386 2885194 
1387 2885194 
1388 2885195 
1389 2885195 
1390 2885195 
1391 2885196 
1392 2885196 
1393 2885196 
1394 2885196 
1395 2885197 
1396 2885197 
1397 2885197 
1398 2885198 
1399 2885198 
1400 2885199 
1401 2885199 
1402 2885199 
1403 2885200 
1404 2885203 
1405 2885207 
1406 2885207 
1407 2885235 
1408 2885235 
1409 2885236 
1410 2885236 
1411 2885239 
1412 2885240 
1413 2885240 
1414 2885242 
1415 2885242 
1416 2885246 
1417 2885246 
1418 2885247 
1419 2885248 
1420 2885251 
1421 2885251 
1422 2885251 
1423 2885252 
1424 2885252 
1425 2885253 
1426 2885254 
1427 2885254 
1428 2885254 
1429 2885254 
1430 2885255 
1431 2885255 
1432 2885256 
1433 2885256 
1434 2885256 
1435 2885257 
1436 2885258 
1437 2885258 
1438 2885260 
1439 2885262 
1440 2885262 
1441 2885271 
1442 2885272 
1443 2885272 
1444 2885279 
1445 2885279 
1446 2885279 
1447 2885280 
1448 2885280 
1449 2885280 
1450 2885281 
1451 2885281 
1452 2885282 
1453 2885282 
1454 2885282 
1455 2885283 
1456 2885283 
1457 2885284 
1458 2885284 
1459 2885285 
1460 2885285 
1461 2885286 
1462 2885286 
1463 2885286 
1464 2885287 
1465 2885287 
1466 2885287 
1467 2885288 
1468 2885288 
1469 2885288 
1470 2885289 
1471 2885289 
1472 2885289 
1473 2885290 
1474 2885290 
1475 2885290 
1476 2885291 
1477 2885294 
1478 2885294 
1479 2885295 
1480 2885295 
1481 2885295 
1482 2885297 
1483 2885297 
1484 2885298 
1485 2885298 
1486 2885298 
1487 2885299 
1488 2885306 
1489 2885307 
1490 2885307 
1491 2885307 
1492 2885308 
1493 2885308 
1494 2885308 
1495 2885309 
1496 2885309 
1497 2885310 
1498 2885310 
1499 2885311 
1500 2885311 
1501 2885312 
1502 2885322 
1503 2885322 
1504 2885330 
1505 2885339 
1506 2885344 
1507 2885353 
1508 2885353 
1509 2885353 
1510 2885354 
1511 2885354 
1512 2885354 
1513 2885355 
1514 2885355 
1515 2885355 
1516 2885356 
1517 2885356 
1518 2885356 
1519 2885357 
1520 2885357 
1521 2885357 
1522 2885358 
1523 2885358 
1524 2885358 
1525 2885368 
1526 2885368 
1527 2885368 
1528 2885369 
1529 2885369 
1530 2885373 
1531 2885374 
1532 2885374 
1533 2885376 
1534 2885395 
1535 2885398 
1536 2885398 
1537 2885399 
1538 2885402 
1539 2885402 
1540 2885403 
1541 2885403 
1542 2885404 
1543 2885405 
1544 2885405 
1545 2885410 
1546 2885412 
1547 2885431 
1548 2885431 
1549 2885431 
1550 2885432 
1551 2885432 
1552 2885432 
1553 2885434 
1554 2885446 
1555 2885455 
1556 2885456 
1557 2885456 
1558 2885456 
1559 2885457 
1560 2885457 
1561 2885457 
1562 2885458 
1563 2885458 
1564 2885458 
1565 2885459 
1566 2885466 
1567 2885466 
1568 2885467 
1569 2885467 
1570 2885468 
1571 2885472 
1572 2885476 
1573 2885477 
1574 2885485 
1575 2885485 
1576 2885485 
1577 2885486 
1578 2885494 
1579 2885498 
1580 2885498 
1581 2885498 
1582 2885499 
1583 2885501 
1584 2885502 
1585 2885504 
1586 2885505 
1587 2885505 
1588 2885508 
1589 2885508 
1590 2885517 
1591 2885518 
1592 2885522 
1593 2885522 
1594 2885522 
1595 2885523 
1596 2885523 
1597 2885535 
1598 2885535 
1599 2885536 
1600 2885536 
1601 2885536 
1602 2885537 
1603 2885537 
1604 2885537 
1605 2885538 
1606 2885538 
1607 2885538 
1608 2885539 
1609 2885539 
1610 2885543 
1611 2885547 
1612 2885547 
1613 2885557 
1614 2885558 
1615 2885558 
1616 2885558 
1617 2885559 
1618 2885559 
1619 2885559 
1620 2885577 
1621 2885577 
1622 2885578 
1623 2885578 
1624 2885600 
1625 2885602 
1626 2885602 
1627 2885602 
1628 2885603 
1629 2885603 
1630 2885604 
1631 2885605 
1632 2885605 
1633 2885610 
1634 2885616 
1635 2885619 
1636 2885619 
1637 2885624 
1638 2885631 
1639 2885631 
1640 2885632 
1641 2885632 
1642 2885633 
1643 2885633 
1644 2885637 
1645 2885639 
1646 2885640 
1647 2885640 
1648 2885640 
1649 2885641 
1650 2885641 
1651 2885644 
1652 2885645 
1653 2885651 
1654 2885653 
1655 2885658 
1656 2885662 
1657 2885664 
1658 2885666 
1659 2885667 
1660 2885667 
1661 2885670 
1662 2885671 
1663 2885674 
1664 2885675 
1665 2885675 
1666 2885676 
1667 2885676 
1668 2885676 
1669 2885677 
1670 2885680 
1671 2885681 
1672 2885682 
1673 2885682 
1674 2885683 
1675 2885684 
1676 2885684 
1677 2885684 
1678 2885685 
1679 2885685 
1680 2885688 
1681 2885694 
1682 2885694 
1683 2885694 
1684 2885695 
1685 2885695 
1686 2885696 
1687 2885696 
1688 2885696 
1689 2885697 
1690 2885701 
1691 2885704 
1692 2885704 
1693 2885709 
1694 2885709 
1695 2885709 
1696 2885714 
1697 2885724 
1698 2885728 
1699 2885728 
1700 2885729 
1701 2885729 
1702 2885732 
1703 2885733 
1704 2885734 
1705 2885734 
1706 2885734 
1707 2885735 
1708 2885735 
1709 2885735 
1710 2885735 
1711 2885735 
1712 2885736 
1713 2885736 
1714 2885736 
1715 2885737 
1716 2885738 
1717 2885738 
1718 2885739 
1719 2885739 
1720 2885739 
1721 2885739 
1722 2885741 
1723 2885741 
1724 2885742 
1725 2885748 
1726 2885757 
1727 2885761 
1728 2885761 
1729 2885761 
1730 2885762 
1731 2885762 
1732 2885763 
1733 2885764 
1734 2885764 
1735 2885765 
1736 2885765 
1737 2885766 
1738 2885766 
1739 2885767 
1740 2885768 
1741 2885770 
1742 2885773 
1743 2885774 
1744 2885776 
1745 2885779 
1746 2885780 
1747 2885782 
1748 2885782 
1749 2885783 
1750 2885783 
1751 2885783 
1752 2885784 
1753 2885784 
1754 2885784 
1755 2885785 
1756 2885785 
1757 2885790 
1758 2885806 
1759 2885809 
1760 2885809 
1761 2885809 
1762 2885809 
1763 2885813 
1764 2885813 
1765 2885819 
1766 2885819 
1767 2885819 
1768 2885819 
1769 2885820 
1770 2885820 
1771 2885820 
1772 2885820 
1773 2885821 
1774 2885821 
1775 2885821 
1776 2885825 
1777 2885825 
1778 2885830 
1779 2885832 
1780 2885833 
1781 2885833 
1782 2885833 
1783 2885838 
1784 2885838 
1785 2885838 
1786 2885839 
1787 2885839 
1788 2885839 
1789 2885840 
1790 2885841 
1791 2885841 
1792 2885842 
1793 2885842 
1794 2885842 
1795 2885843 
1796 2885843 
1797 2885843 
1798 2885843 
1799 2885844 
1800 2885844 
1801 2885845 
1802 2885845 
1803 2885845 
1804 2885846 
1805 2885846 
1806 2885846 
1807 2885846 
1808 2885846 
1809 2885847 
1810 2885847 
1811 2885847 
1812 2885848 
1813 2885848 
1814 2885848 
1815 2885848 
1816 2885849 
1817 2885849 
1818 2885849 
1819 2885850 
1820 2885850 
1821 2885850 
1822 2885850 
1823 2885851 
1824 2885851 
1825 2885851 
1826 2885852 
1827 2885852 
1828 2885853 
1829 2885853 
1830 2885853 
1831 2885854 
1832 2885854 
1833 2885854 
1834 2885854 
1835 2885854 
1836 2885855 
1837 2885855 
1838 2885855 
1839 2885855 
1840 2885856 
1841 2885856 
1842 2885857 
1843 2885857 
1844 2885858 
1845 2885859 
1846 2885859 
1847 2885859 
1848 2885860 
1849 2885860 
1850 2885860 
1851 2885860 
1852 2885861 
1853 2885861 
1854 2885861 
1855 2885861 
1856 2885862 
1857 2885862 
1858 2885863 
1859 2885865 
1860 2885868 
1861 2885868 
1862 2885868 
1863 2885869 
1864 2885870 
1865 2885876 
1866 2885891 
1867 2885893 
1868 2885893 
1869 2885903 
1870 2885913 
1871 2885913 
1872 2885913 
1873 2885914 
1874 2885914 
1875 2885915 
1876 2885915 
1877 2885915 
1878 2885916 
1879 2885916 
1880 2885916 
1881 2885916 
1882 2885917 
1883 2885917 
1884 2885917 
1885 2885918 
1886 2885918 
1887 2885919 
1888 2885920 
1889 2885920 
1890 2885921 
1891 2885921 
1892 2885921 
1893 2885921 
1894 2885921 
1895 2885922 
1896 2885922 
1897 2885923 
1898 2885923 
1899 2885923 
1900 2885923 
1901 2885924 
1902 2885937 
1903 2885937 
1904 2885942 
1905 2885944 
1906 2885944 
1907 2885944 
1908 2885945 
1909 2885945 
1910 2885949 
1911 2885949 
1912 2885950 
1913 2885950 
1914 2885950 
1915 2885950 
1916 2885951 
1917 2885951 
1918 2885955 
1919 2885955 
1920 2885962 
1921 2885964 
1922 2885965 
1923 2885970 
1924 2885970 
1925 2885978 
1926 2885979 
1927 2885979 
1928 2885986 
1929 2885986 
1930 2885993 
1931 2885993 
1932 2885994 
1933 2885994 
1934 2886004 
1935 2886009 
1936 2886009 
1937 2886010 
1938 2886014 
1939 2886021 
1940 2886024 
1941 2886025 
1942 2886025 
1943 2886034 
1944 2886034 
1945 2886035 
1946 2886043 
1947 2886047 
1948 2886048 
1949 2886048 
1950 2886049 
1951 2886049 
1952 2886050 
1953 2886050 
1954 2886050 
1955 2886051 
1956 2886051 
1957 2886051 
1958 2886051 
1959 2886051 
1960 2886052 
1961 2886052 
1962 2886053 
1963 2886054 
1964 2886058 
1965 2886060 
1966 2886062 
1967 2886062 
1968 2886062 
1969 2886065 
1970 2886065 
1971 2886067 
1972 2886069 
1973 2886069 
1974 2886072 
1975 2886074 
1976 2886077 
1977 2886078 
1978 2886078 
1979 2886078 
1980 2886079 
1981 2886079 
1982 2886079 
1983 2886079 
1984 2886080 
1985 2886080 
1986 2886081 
1987 2886083 
1988 2886086 
1989 2886087 
1990 2886088 
1991 2886088 
1992 2886092 
1993 2886092 
1994 2886093 
1995 2886093 
1996 2886094 
1997 2886096 
1998 2886096 
1999 2886097 
2000 2886097 
2001 2886100 
2002 2886101 
2003 2886101 
2004 2886101 
2005 2886102 
2006 2886102 
2007 2886102 
2008 2886103 
2009 2886103 
2010 2886104 
2011 2886104 
2012 2886105 
2013 2886105 
2014 2886105 
2015 2886105 
2016 2886106 
2017 2886106 
2018 2886106 
2019 2886106 
2020 2886107 
2021 2886107 
2022 2886108 
2023 2886108 
2024 2886109 
2025 2886110 
2026 2886110 
2027 2886110 
2028 2886113 
2029 2886113 
2030 2886114 
2031 2886114 
2032 2886114 
2033 2886114 
2034 2886115 
2035 2886115 
2036 2886120 
2037 2886120 
2038 2886125 
2039 2886126 
2040 2886126 
2041 2886126 
2042 2886127 
2043 2886128 
2044 2886128 
2045 2886135 
2046 2886139 
2047 2886141 
2048 2886142 
2049 2886144 
2050 2886145 
2051 2886145 
2052 2886145 
2053 2886150 
2054 2886152 
2055 2886153 
2056 2886154 
2057 2886155 
2058 2886156 
2059 2886157 
2060 2886157 
2061 2886158 
2062 2886158 
2063 2886159 
2064 2886159 
2065 2886159 
2066 2886160 
2067 2886162 
2068 2886162 
2069 2886163 
2070 2886164 
2071 2886164 
2072 2886164 
2073 2886165 
2074 2886166 
2075 2886167 
2076 2886169 
2077 2886169 
2078 2886169 
2079 2886169 
2080 2886170 
2081 2886170 
2082 2886170 
2083 2886171 
2084 2886171 
2085 2886171 
2086 2886172 
2087 2886173 
2088 2886175 
2089 2886179 
2090 2886182 
2091 2886182 
2092 2886182 
2093 2886183 
2094 2886184 
2095 2886187 
2096 2886194 
2097 2886197 
2098 2886199 
2099 2886200 
2100 2886200 
2101 2886201 
2102 2886201 
2103 2886203 
2104 2886203 
2105 2886204 
2106 2886209 
2107 2886213 
2108 2886214 
2109 2886218 
2110 2886224 
2111 2886226 
2112 2886228 
2113 2886228 
2114 2886230 
2115 2886232 
2116 2886232 
2117 2886232 
2118 2886232 
2119 2886233 
2120 2886235 
2121 2886237 
2122 2886237 
2123 2886239 
2124 2886244 
2125 2886245 
2126 2886245 
2127 2886252 
2128 2886258 
2129 2886258 
2130 2886263 
2131 2886263 
2132 2886270 
2133 2886279 
2134 2886279 
2135 2886279 
2136 2886283 
2137 2886286 
2138 2886294 
2139 2886296 
2140 2886298 
2141 2886299 
2142 2886301 
2143 2886304 
2144 2886304 
2145 2886304 
2146 2886305 
2147 2886305 
2148 2886305 
2149 2886306 
2150 2886307 
2151 2886308 
2152 2886308 
2153 2886308 
2154 2886310 
2155 2886316 
2156 2886317 
2157 2886325 
2158 2886325 
2159 2886331 
2160 2886332 
2161 2886332 
2162 2886333 
2163 2886333 
2164 2886333 
2165 2886334 
2166 2886335 
2167 2886335 
2168 2886335 
2169 2886335 
2170 2886336 
2171 2886336 
2172 2886339 
2173 2886343 
2174 2886343 
2175 2886345 
2176 2886346 
2177 2886352 
2178 2886353 
2179 2886358 
2180 2886358 
2181 2886359 
2182 2886359 
2183 2886359 
2184 2886363 
2185 2886363 
2186 2886364 
2187 2886372 
2188 2886374 
2189 2886375 
2190 2886378 
2191 2886378 
2192 2886378 
2193 2886379 
2194 2886379 
2195 2886381 
2196 2886381 
2197 2886381 
2198 2886382 
2199 2886382 
2200 2886382 
2201 2886383 
2202 2886384 
2203 2886385 
2204 2886385 
2205 2886388 
2206 2886390 
2207 2886391 
2208 2886391 
2209 2886391 
2210 2886393 
2211 2886394 
2212 2886399 
2213 2886400 
2214 2886401 
2215 2886401 
2216 2886401 
2217 2886404 
2218 2886406 
2219 2886406 
2220 2886406 
2221 2886407 
2222 2886407 
2223 2886407 
2224 2886408 
2225 2886408 
2226 2886411 
2227 2886419 
2228 2886420 
2229 2886421 
2230 2886427 
2231 2886427 
2232 2886428 
2233 2886430 
2234 2886431 
2235 2886432 
2236 2886436 
2237 2886436 
2238 2886444 
2239 2886445 
2240 2886447 
2241 2886448 
2242 2886448 
2243 2886448 
2244 2886449 
2245 2886449 
2246 2886449 
2247 2886450 
2248 2886450 
2249 2886451 
2250 2886451 
2251 2886451 
2252 2886452 
2253 2886452 
2254 2886452 
2255 2886453 
2256 2886453 
2257 2886453 
2258 2886454 
2259 2886454 
2260 2886454 
2261 2886455 
2262 2886455 
2263 2886456 
2264 2886456 
2265 2886456 
2266 2886457 
2267 2886457 
2268 2886457 
2269 2886457 
2270 2886457 
2271 2886458 
2272 2886458 
2273 2886458 
2274 2886458 
2275 2886458 
2276 2886459 
2277 2886459 
2278 2886459 
2279 2886459 
2280 2886460 
2281 2886460 
2282 2886460 
2283 2886461 
2284 2886461 
2285 2886461 
2286 2886462 
2287 2886462 
2288 2886462 
2289 2886462 
2290 2886463 
2291 2886463 
2292 2886464 
2293 2886464 
2294 2886465 
2295 2886465 
2296 2886465 
2297 2886467 
2298 2886468 
2299 2886468 
2300 2886468 
2301 2886470 
2302 2886471 
2303 2886474 
2304 2886474 
2305 2886477 
2306 2886477 
2307 2886480 
2308 2886480 
2309 2886485 
2310 2886485 
2311 2886485 
2312 2886485 
2313 2886487 
2314 2886487 
2315 2886487 
2316 2886488 
2317 2886488 
2318 2886488 
2319 2886489 
2320 2886489 
2321 2886489 
2322 2886489 
2323 2886489 
2324 2886490 
2325 2886490 
2326 2886490 
2327 2886490 
2328 2886490 
2329 2886490 
2330 2886491 
2331 2886491 
2332 2886491 
2333 2886491 
2334 2886491 
2335 2886491 
2336 2886492 
2337 2886492 
2338 2886492 
2339 2886492 
2340 2886493 
2341 2886493 
2342 2886493 
2343 2886493 
2344 2886493 
2345 2886493 
2346 2886494 
2347 2886494 
2348 2886494 
2349 2886494 
2350 2886495 
2351 2886495 
2352 2886495 
2353 2886495 
2354 2886495 
2355 2886495 
2356 2886496 
2357 2886496 
2358 2886496 
2359 2886497 
2360 2886497 
2361 2886497 
2362 2886497 
2363 2886497 
2364 2886497 
2365 2886498 
2366 2886498 
2367 2886499 
2368 2886499 
2369 2886500 
2370 2886500 
2371 2886500 
2372 2886500 
2373 2886500 
2374 2886501 
2375 2886501 
2376 2886501 
2377 2886501 
2378 2886501 
2379 2886502 
2380 2886502 
2381 2886502 
2382 2886502 
2383 2886503 
2384 2886503 
2385 2886504 
2386 2886504 
2387 2886504 
2388 2886505 
2389 2886505 
2390 2886505 
2391 2886505 
2392 2886505 
2393 2886506 
2394 2886506 
2395 2886506 
2396 2886506 
2397 2886507 
2398 2886507 
2399 2886507 
2400 2886507 
2401 2886508 
2402 2886508 
2403 2886508 
2404 2886509 
2405 2886509 
2406 2886510 
2407 2886510 
2408 2886511 
2409 2886512 
2410 2886512 
2411 2886512 
2412 2886512 
2413 2886513 
2414 2886513 
2415 2886513 
2416 2886513 
2417 2886513 
2418 2886514 
2419 2886514 
2420 2886514 
2421 2886514 
2422 2886515 
2423 2886515 
2424 2886515 
2425 2886515 
2426 2886515 
2427 2886516 
2428 2886516 
2429 2886516 
2430 2886517 
2431 2886517 
2432 2886517 
2433 2886518 
2434 2886519 
2435 2886519 
2436 2886519 
2437 2886519 
2438 2886519 
2439 2886520 
2440 2886520 
2441 2886520 
2442 2886521 
2443 2886521 
2444 2886522 
2445 2886522 
2446 2886523 
2447 2886523 
2448 2886523 
2449 2886523 
2450 2886523 
2451 2886523 
2452 2886524 
2453 2886524 
2454 2886524 
2455 2886524 
2456 2886524 
2457 2886524 
2458 2886525 
2459 2886525 
2460 2886525 
2461 2886525 
2462 2886525 
2463 2886525 
2464 2886526 
2465 2886526 
2466 2886526 
2467 2886526 
2468 2886526 
2469 2886526 
2470 2886527 
2471 2886527 
2472 2886527 
2473 2886527 
2474 2886527 
2475 2886527 
2476 2886528 
2477 2886528 
2478 2886528 
2479 2886528 
2480 2886528 
2481 2886528 
2482 2886528 
2483 2886528 
2484 2886529 
2485 2886529 
2486 2886529 
2487 2886529 
2488 2886529 
2489 2886529 
2490 2886530 
2491 2886530 
2492 2886530 
2493 2886530 
2494 2886530 
2495 2886530 
2496 2886531 
2497 2886531 
2498 2886531 
2499 2886531 
2500 2886531 
2501 2886531 
2502 2886532 
2503 2886532 
2504 2886532 
2505 2886532 
2506 2886532 
2507 2886532 
2508 2886532 
2509 2886532 
2510 2886533 
2511 2886533 
2512 2886533 
2513 2886533 
2514 2886533 
2515 2886534 
2516 2886534 
2517 2886534 
2518 2886534 
2519 2886535 
2520 2886535 
2521 2886535 
2522 2886535 
2523 2886535 
2524 2886536 
2525 2886536 
2526 2886536 
2527 2886536 
2528 2886536 
2529 2886536 
2530 2886537 
2531 2886537 
2532 2886537 
2533 2886537 
2534 2886538 
2535 2886538 
2536 2886538 
2537 2886538 
2538 2886538 
2539 2886539 
2540 2886539 
2541 2886539 
2542 2886539 
2543 2886539 
2544 2886539 
2545 2886540 
2546 2886540 
2547 2886540 
2548 2886540 
2549 2886540 
2550 2886541 
2551 2886541 
2552 2886541 
2553 2886541 
2554 2886542 
2555 2886542 
2556 2886542 
2557 2886542 
2558 2886542 
2559 2886542 
2560 2886543 
2561 2886543 
2562 2886543 
2563 2886543 
2564 2886543 
2565 2886543 
2566 2886544 
2567 2886544 
2568 2886544 
2569 2886544 
2570 2886544 
2571 2886545 
2572 2886545 
2573 2886545 
2574 2886545 
2575 2886545 
2576 2886546 
2577 2886546 
2578 2886546 
2579 2886546 
2580 2886547 
2581 2886547 
2582 2886547 
2583 2886547 
2584 2886547 
2585 2886547 
2586 2886548 
2587 2886548 
2588 2886548 
2589 2886549 
2590 2886549 
2591 2886549 
2592 2886549 
2593 2886549 
2594 2886551 
2595 2886551 
2596 2886551 
2597 2886552 
2598 2886552 
2599 2886552 
2600 2886552 
2601 2886552 
2602 2886553 
2603 2886553 
2604 2886553 
2605 2886554 
2606 2886554 
2607 2886554 
2608 2886554 
2609 2886554 
2610 2886554 
2611 2886555 
2612 2886555 
2613 2886555 
2614 2886555 
2615 2886556 
2616 2886558 
2617 2886558 
2618 2886558 
2619 2886558 
2620 2886559 
2621 2886559 
2622 2886559 
2623 2886559 
2624 2886560 
2625 2886560 
2626 2886560 
2627 2886560 
2628 2886561 
2629 2886561 
2630 2886561 
2631 2886561 
2632 2886562 
2633 2886562 
2634 2886562 
2635 2886562 
2636 2886563 
2637 2886563 
2638 2886563 
2639 2886563 
2640 2886563 
2641 2886563 
2642 2886564 
2643 2886564 
2644 2886564 
2645 2886564 
2646 2886564 
2647 2886565 
2648 2886565 
2649 2886565 
2650 2886565 
2651 2886566 
2652 2886566 
2653 2886567 
2654 2886567 
2655 2886567 
2656 2886569 
2657 2886569 
2658 2886569 
2659 2886570 
2660 2886570 
2661 2886570 
2662 2886570 
2663 2886571 
2664 2886571 
2665 2886571 
2666 2886572 
2667 2886572 
2668 2886572 
2669 2886572 
2670 2886572 
2671 2886572 
2672 2886573 
2673 2886573 
2674 2886573 
2675 2886573 
2676 2886573 
2677 2886573 
2678 2886574 
2679 2886574 
2680 2886574 
2681 2886574 
2682 2886574 
2683 2886575 
2684 2886575 
2685 2886575 
2686 2886575 
2687 2886576 
2688 2886576 
2689 2886576 
2690 2886576 
2691 2886576 
2692 2886576 
2693 2886577 
2694 2886577 
2695 2886577 
2696 2886577 
2697 2886577 
2698 2886578 
2699 2886578 
2700 2886578 
2701 2886578 
2702 2886579 
2703 2886579 
2704 2886579 
2705 2886579 
2706 2886580 
2707 2886580 
2708 2886580 
2709 2886580 
2710 2886580 
2711 2886580 
2712 2886581 
2713 2886581 
2714 2886581 
2715 2886581 
2716 2886581 
2717 2886581 
2718 2886582 
2719 2886582 
2720 2886582 
2721 2886583 
2722 2886583 
2723 2886583 
2724 2886583 
2725 2886583 
2726 2886584 
2727 2886584 
2728 2886584 
2729 2886584 
2730 2886584 
2731 2886584 
2732 2886585 
2733 2886585 
2734 2886585 
2735 2886585 
2736 2886585 
2737 2886585 
2738 2886586 
2739 2886586 
2740 2886586 
2741 2886586 
2742 2886586 
2743 2886587 
2744 2886587 
2745 2886587 
2746 2886587 
2747 2886587 
2748 2886588 
2749 2886588 
2750 2886588 
2751 2886589 
2752 2886589 
2753 2886589 
2754 2886589 
2755 2886589 
2756 2886590 
2757 2886590 
2758 2886590 
2759 2886590 
2760 2886590 
2761 2886590 
2762 2886590 
2763 2886591 
2764 2886591 
2765 2886591 
2766 2886591 
2767 2886591 
2768 2886592 
2769 2886592 
2770 2886592 
2771 2886592 
2772 2886592 
2773 2886593 
2774 2886593 
2775 2886593 
2776 2886593 
2777 2886593 
2778 2886593 
2779 2886593 
2780 2886594 
2781 2886594 
2782 2886594 
2783 2886594 
2784 2886594 
2785 2886594 
2786 2886595 
2787 2886595 
2788 2886595 
2789 2886595 
2790 2886595 
2791 2886596 
2792 2886596 
2793 2886596 
2794 2886596 
2795 2886597 
2796 2886597 
2797 2886597 
2798 2886597 
2799 2886597 
2800 2886597 
2801 2886598 
2802 2886598 
2803 2886598 
2804 2886598 
2805 2886598 
2806 2886599 
2807 2886599 
2808 2886599 
2809 2886599 
2810 2886599 
2811 2886600 
2812 2886600 
2813 2886600 
2814 2886600 
2815 2886600 
2816 2886601 
2817 2886601 
2818 2886601 
2819 2886601 
2820 2886601 
2821 2886602 
2822 2886602 
2823 2886602 
2824 2886602 
2825 2886602 
2826 2886603 
2827 2886603 
2828 2886603 
2829 2886603 
2830 2886603 
2831 2886603 
2832 2886603 
2833 2886604 
2834 2886604 
2835 2886604 
2836 2886604 
2837 2886604 
2838 2886605 
2839 2886605 
2840 2886605 
2841 2886605 
2842 2886606 
2843 2886606 
2844 2886606 
2845 2886606 
2846 2886606 
2847 2886607 
2848 2886607 
2849 2886607 
2850 2886607 
2851 2886607 
2852 2886608 
2853 2886608 
2854 2886608 
2855 2886608 
2856 2886608 
2857 2886608 
2858 2886608 
2859 2886609 
2860 2886609 
2861 2886609 
2862 2886609 
2863 2886609 
2864 2886609 
2865 2886610 
2866 2886610 
2867 2886610 
2868 2886610 
2869 2886610 
2870 2886610 
2871 2886611 
2872 2886611 
2873 2886611 
2874 2886611 
2875 2886611 
2876 2886612 
2877 2886612 
2878 2886612 
2879 2886612 
2880 2886612 
2881 2886613 
2882 2886613 
2883 2886613 
2884 2886613 
2885 2886614 
2886 2886614 
2887 2886614 
2888 2886614 
2889 2886614 
2890 2886614 
2891 2886615 
2892 2886615 
2893 2886615 
2894 2886615 
2895 2886616 
2896 2886616 
2897 2886616 
2898 2886616 
2899 2886617 
2900 2886617 
2901 2886617 
2902 2886617 
2903 2886617 
2904 2886618 
2905 2886618 
2906 2886618 
2907 2886618 
2908 2886618 
2909 2886619 
2910 2886619 
2911 2886619 
2912 2886619 
2913 2886619 
2914 2886619 
2915 2886620 
2916 2886621 
2917 2886621 
2918 2886621 
2919 2886621 
2920 2886622 
2921 2886622 
2922 2886623 
2923 2886623 
2924 2886624 
2925 2886624 
2926 2886624 
2927 2886624 
2928 2886625 
2929 2886625 
2930 2886625 
2931 2886625 
2932 2886626 
2933 2886626 
2934 2886626 
2935 2886627 
2936 2886627 
2937 2886628 
2938 2886628 
2939 2886628 
2940 2886628 
2941 2886629 
2942 2886629 
2943 2886629 
2944 2886630 
2945 2886630 
2946 2886631 
2947 2886634 
2948 2886634 
2949 2886634 
2950 2886635 
2951 2886636 
2952 2886636 
2953 2886636 
2954 2886637 
2955 2886637 
2956 2886637 
2957 2886637 
2958 2886638 
2959 2886638 
2960 2886638 
2961 2886639 
2962 2886639 
2963 2886639 
2964 2886640 
2965 2886640 
2966 2886640 
2967 2886641 
2968 2886641 
2969 2886641 
2970 2886641 
2971 2886642 
2972 2886643 
2973 2886644 
2974 2886644 
2975 2886645 
2976 2886645 
2977 2886646 
2978 2886646 
2979 2886647 
2980 2886647 
2981 2886648 
2982 2886648 
2983 2886649 
2984 2886649 
2985 2886650 
2986 2886650 
2987 2886650 
2988 2886651 
2989 2886653 
2990 2886654 
2991 2886656 
2992 2886657 
2993 2886658 
2994 2886659 
2995 2886659 
2996 2886660 
2997 2886661 
2998 2886661 
2999 2886662 
3000 2886663 
3001 2886663 
3002 2886663 
3003 2886664 
3004 2886664 
3005 2886664 
3006 2886665 
3007 2886665 
3008 2886665 
3009 2886665 
3010 2886666 
3011 2886666 
3012 2886666 
3013 2886666 
3014 2886667 
3015 2886667 
3016 2886667 
3017 2886667 
3018 2886668 
3019 2886668 
3020 2886668 
3021 2886668 
3022 2886668 
3023 2886669 
3024 2886669 
3025 2886669 
3026 2886671 
3027 2886672 
3028 2886673 
3029 2886674 
3030 2886674 
3031 2886675 
3032 2886676 
3033 2886678 
3034 2886678 
3035 2886679 
3036 2886680 
3037 2886680 
3038 2886682 
3039 2886684 
3040 2886684 
3041 2886685 
3042 2886685 
3043 2886686 
3044 2886686 
3045 2886686 
3046 2886688 
3047 2886688 
3048 2886688 
3049 2886688 
3050 2886689 
3051 2886689 
3052 2886690 
3053 2886690 
3054 2886690 
3055 2886691 
3056 2886691 
3057 2886691 
3058 2886692 
3059 2886692 
3060 2886693 
3061 2886693 
3062 2886694 
3063 2886695 
3064 2886695 
3065 2886695 
3066 2886695 
3067 2886696 
3068 2886696 
3069 2886696 
3070 2886697 
3071 2886697 
3072 2886698 
3073 2886698 
3074 2886698 
3075 2886698 
3076 2886698 
3077 2886699 
3078 2886699 
3079 2886699 
3080 2886700 
3081 2886700 
3082 2886701 
3083 2886701 
3084 2886702 
3085 2886703 
3086 2886703 
3087 2886703 
3088 2886704 
3089 2886709 
3090 2886709 
3091 2886709 
3092 2886709 
3093 2886710 
3094 2886711 
3095 2886714 
3096 2886715 
3097 2886715 
3098 2886715 
3099 2886715 
3100 2886716 
3101 2886718 
3102 2886718 
3103 2886718 
3104 2886718 
3105 2886719 
3106 2886719 
3107 2886719 
3108 2886720 
3109 2886720 
3110 2886720 
3111 2886721 
3112 2886721 
3113 2886723 
3114 2886723 
3115 2886723 
3116 2886723 
3117 2886724 
3118 2886724 
3119 2886724 
3120 2886725 
3121 2886725 
3122 2886726 
3123 2886726 
3124 2886726 
3125 2886727 
3126 2886727 
3127 2886727 
3128 2886727 
3129 2886728 
3130 2886728 
3131 2886728 
3132 2886728 
3133 2886728 
3134 2886729 
3135 2886729 
3136 2886729 
3137 2886730 
3138 2886730 
3139 2886731 
3140 2886736 
3141 2886736 
3142 2886737 
3143 2886737 
3144 2886738 
3145 2886738 
3146 2886739 
3147 2886739 
3148 2886740 
3149 2886740 
3150 2886741 
3151 2886741 
3152 2886741 
3153 2886742 
3154 2886742 
3155 2886743 
3156 2886743 
3157 2886743 
3158 2886743 
3159 2886743 
3160 2886744 
3161 2886744 
3162 2886744 
3163 2886744 
3164 2886744 
3165 2886745 
3166 2886745 
3167 2886745 
3168 2886746 
3169 2886746 
3170 2886746 
3171 2886746 
3172 2886747 
3173 2886747 
3174 2886747 
3175 2886748 
3176 2886748 
3177 2886748 
3178 2886748 
3179 2886748 
3180 2886749 
3181 2886750 
3182 2886751 
3183 2886751 
3184 2886752 
3185 2886752 
3186 2886752 
3187 2886753 
3188 2886753 
3189 2886753 
3190 2886754 
3191 2886754 
3192 2886754 
3193 2886754 
3194 2886755 
3195 2886755 
3196 2886755 
3197 2886756 
3198 2886756 
3199 2886756 
3200 2886756 
3201 2886756 
3202 2886757 
3203 2886757 
3204 2886757 
3205 2886757 
3206 2886758 
3207 2886758 
3208 2886758 
3209 2886759 
3210 2886759 
3211 2886759 
3212 2886759 
3213 2886760 
3214 2886760 
3215 2886760 
3216 2886761 
3217 2886761 
3218 2886761 
3219 2886761 
3220 2886762 
3221 2886762 
3222 2886763 
3223 2886763 
3224 2886764 
3225 2886764 
3226 2886764 
3227 2886765 
3228 2886766 
3229 2886766 
3230 2886767 
3231 2886767 
3232 2886767 
3233 2886767 
3234 2886768 
3235 2886768 
3236 2886768 
3237 2886769 
3238 2886769 
3239 2886770 
3240 2886770 
3241 2886771 
3242 2886771 
3243 2886771 
3244 2886771 
3245 2886772 
3246 2886772 
3247 2886772 
3248 2886772 
3249 2886773 
3250 2886776 
3251 2886776 
3252 2886776 
3253 2886777 
3254 2886777 
3255 2886777 
3256 2886777 
3257 2886778 
3258 2886781 
3259 2886781 
3260 2886782 
3261 2886785 
3262 2886785 
3263 2886786 
3264 2886788 
3265 2886790 
3266 2886791 
3267 2886791 
3268 2886791 
3269 2886792 
3270 2886792 
3271 2886792 
3272 2886793 
3273 2886793 
3274 2886795 
3275 2886796 
3276 2886796 
3277 2886796 
3278 2886796 
3279 2886797 
3280 2886797 
3281 2886797 
3282 2886798 
3283 2886798 
3284 2886799 
3285 2886799 
3286 2886800 
3287 2886803 
3288 2886805 
3289 2886806 
3290 2886808 
3291 2886809 
3292 2886812 
3293 2886812 
3294 2886814 
3295 2886814 
3296 2886815 
3297 2886815 
3298 2886816 
3299 2886816 
3300 2886817 
3301 2886818 
3302 2886821 
3303 2886823 
3304 2886825 
3305 2886827 
3306 2886827 
3307 2886827 
3308 2886828 
3309 2886830 
3310 2886831 
3311 2886835 
3312 2886836 
3313 2886836 
3314 2886839 
3315 2886840 
3316 2886841 
3317 2886848 
3318 2886849 
3319 2886849 
3320 2886850 
3321 2886850 
3322 2886850 
3323 2886851 
3324 2886851 
3325 2886851 
3326 2886853 
3327 2886853 
3328 2886854 
3329 2886854 
3330 2886854 
3331 2886855 
3332 2886855 
3333 2886855 
3334 2886856 
3335 2886856 
3336 2886856 
3337 2886857 
3338 2886857 
3339 2886857 
3340 2886858 
3341 2886858 
3342 2886858 
3343 2886858 
3344 2886860 
3345 2886860 
3346 2886860 
3347 2886863 
3348 2886864 
3349 2886864 
3350 2886864 
3351 2886864 
3352 2886865 
3353 2886865 
3354 2886866 
3355 2886868 
3356 2886868 
3357 2886869 
3358 2886869 
3359 2886869 
3360 2886869 
3361 2886870 
3362 2886870 
3363 2886870 
3364 2886871 
3365 2886871 
3366 2886871 
3367 2886872 
3368 2886872 
3369 2886872 
3370 2886873 
3371 2886873 
3372 2886873 
3373 2886873 
3374 2886874 
3375 2886874 
3376 2886874 
3377 2886874 
3378 2886875 
3379 2886877 
3380 2886877 
3381 2886878 
3382 2886878 
3383 2886878 
3384 2886878 
3385 2886878 
3386 2886879 
3387 2886879 
3388 2886879 
3389 2886880 
3390 2886880 
3391 2886884 
3392 2886886 
3393 2886887 
3394 2886887 
3395 2886888 
3396 2886888 
3397 2886888 
3398 2886891 
3399 2886891 
3400 2886893 
3401 2886893 
3402 2886894 
3403 2886895 
3404 2886897 
3405 2886897 
3406 2886897 
3407 2886898 
3408 2886899 
3409 2886900 
3410 2886901 
3411 2886903 
3412 2886905 
3413 2886906 
3414 2886906 
3415 2886909 
3416 2886913 
3417 2886914 
3418 2886915 
3419 2886915 
3420 2886915 
3421 2886915 
3422 2886916 
3423 2886917 
3424 2886917 
3425 2886918 
3426 2886919 
3427 2886919 
3428 2886920 
3429 2886920 
3430 2886921 
3431 2886921 
3432 2886921 
3433 2886921 
3434 2886922 
3435 2886922 
3436 2886923 
3437 2886923 
3438 2886924 
3439 2886926 
3440 2886931 
3441 2886932 
3442 2886934 
3443 2886937 
3444 2886937 
3445 2886937 
3446 2886937 
3447 2886938 
3448 2886938 
3449 2886938 
3450 2886938 
3451 2886938 
3452 2886939 
3453 2886939 
3454 2886939 
3455 2886939 
3456 2886940 
3457 2886940 
3458 2886940 
3459 2886942 
3460 2886943 
3461 2886943 
3462 2886943 
3463 2886943 
3464 2886944 
3465 2886944 
3466 2886944 
3467 2886945 
3468 2886945 
3469 2886947 
3470 2886947 
3471 2886949 
3472 2886949 
3473 2886949 
3474 2886951 
3475 2886952 
3476 2886956 
3477 2886957 
3478 2886957 
3479 2886962 
3480 2886962 
3481 2886962 
3482 2886963 
3483 2886964 
3484 2886965 
3485 2886966 
3486 2886967 
3487 2886967 
3488 2886968 
3489 2886969 
3490 2886971 
3491 2886972 
3492 2886972 
3493 2886974 
3494 2886975 
3495 2886975 
3496 2886976 
3497 2886976 
3498 2886976 
3499 2886977 
3500 2886977 
3501 2886978 
3502 2886979 
3503 2886980 
3504 2886980 
3505 2886980 
3506 2886981 
3507 2886981 
3508 2886981 
3509 2886981 
3510 2886982 
3511 2886982 
3512 2886982 
3513 2886982 
3514 2886982 
3515 2886982 
3516 2886983 
3517 2886983 
3518 2886983 
3519 2886984 
3520 2886985 
3521 2886985 
3522 2886985 
3523 2886990 
3524 2886990 
3525 2886995 
3526 2886996 
3527 2886996 
3528 2886996 
3529 2886999 
3530 2886999 
3531 2886999 
3532 2887001 
3533 2887014 
3534 2887014 
3535 2887015 
3536 2887015 
3537 2887016 
3538 2887018 
3539 2887020 
3540 2887021 
3541 2887022 
3542 2887025 
3543 2887025 
3544 2887025 
3545 2887026 
3546 2887032 
3547 2887036 
3548 2887036 
3549 2887037 
3550 2887038 
3551 2887040 
3552 2887041 
3553 2887041 
3554 2887047 
3555 2887050 
3556 2887052 
3557 2887052 
3558 2887052 
3559 2887053 
3560 2887053 
3561 2887055 
3562 2887055 
3563 2887055 
3564 2887056 
3565 2887064 
3566 2887064 
3567 2887066 
3568 2887068 
3569 2887068 
3570 2887069 
3571 2887069 
3572 2887070 
3573 2887070 
3574 2887071 
3575 2887071 
3576 2887071 
3577 2887072 
3578 2887075 
3579 2887080 
3580 2887081 
3581 2887082 
3582 2887087 
3583 2887087 
3584 2887087 
3585 2887088 
3586 2887088 
3587 2887088 
3588 2887089 
3589 2887089 
3590 2887089 
3591 2887089 
3592 2887090 
3593 2887090 
3594 2887090 
3595 2887091 
3596 2887091 
3597 2887091 
3598 2887092 
3599 2887092 
3600 2887099 
3601 2887100 
3602 2887100 
3603 2887101 
3604 2887101 
3605 2887101 
3606 2887101 
3607 2887102 
3608 2887102 
3609 2887102 
3610 2887103 
3611 2887103 
3612 2887104 
3613 2887104 
3614 2887104 
3615 2887105 
3616 2887105 
3617 2887105 
3618 2887106 
3619 2887106 
3620 2887106 
3621 2887106 
3622 2887107 
3623 2887107 
3624 2887109 
3625 2887109 
3626 2887109 
3627 2887109 
3628 2887109 
3629 2887110 
3630 2887111 
3631 2887111 
3632 2887112 
3633 2887113 
3634 2887113 
3635 2887113 
3636 2887114 
3637 2887114 
3638 2887114 
3639 2887115 
3640 2887116 
3641 2887118 
3642 2887119 
3643 2887120 
3644 2887120 
3645 2887121 
3646 2887121 
3647 2887122 
3648 2887123 
3649 2887125 
3650 2887125 
3651 2887125 
3652 2887126 
3653 2887126 
3654 2887126 
3655 2887127 
3656 2887127 
3657 2887127 
3658 2887128 
3659 2887128 
3660 2887128 
3661 2887130 
3662 2887134 
3663 2887134 
3664 2887134 
3665 2887135 
3666 2887135 
3667 2887135 
3668 2887136 
3669 2887136 
3670 2887136 
3671 2887136 
3672 2887137 
3673 2887137 
3674 2887137 
3675 2887138 
3676 2887138 
3677 2887138 
3678 2887140 
3679 2887140 
3680 2887140 
3681 2887141 
3682 2887142 
3683 2887147 
3684 2887147 
3685 2887147 
3686 2887148 
3687 2887148 
3688 2887148 
3689 2887149 
3690 2887149 
3691 2887149 
3692 2887150 
3693 2887150 
3694 2887150 
3695 2887151 
3696 2887152 
3697 2887155 
3698 2887155 
3699 2887156 
3700 2887156 
3701 2887156 
3702 2887157 
3703 2887159 
3704 2887160 
3705 2887163 
3706 2887166 
3707 2887166 
3708 2887167 
3709 2887168 
3710 2887171 
3711 2887174 
3712 2887177 
3713 2887177 
3714 2887178 
3715 2887178 
3716 2887178 
3717 2887180 
3718 2887180 
3719 2887180 
3720 2887180 
3721 2887181 
3722 2887181 
3723 2887187 
3724 2887187 
3725 2887187 
3726 2887190 
3727 2887195 
3728 2887200 
