1 2736000 
2 2736005 
3 2736006 
4 2736012 
5 2736013 
6 2736014 
7 2736014 
8 2736015 
9 2736015 
10 2736016 
11 2736020 
12 2736021 
13 2736021 
14 2736025 
15 2736025 
16 2736026 
17 2736026 
18 2736066 
19 2736066 
20 2736066 
21 2736067 
22 2736067 
23 2736075 
24 2736075 
25 2736076 
26 2736076 
27 2736078 
28 2736096 
29 2736096 
30 2736096 
31 2736103 
32 2736103 
33 2736109 
34 2736109 
35 2736110 
36 2736110 
37 2736110 
38 2736111 
39 2736111 
40 2736111 
41 2736111 
42 2736111 
43 2736112 
44 2736112 
45 2736112 
46 2736113 
47 2736113 
48 2736113 
49 2736114 
50 2736114 
51 2736115 
52 2736115 
53 2736118 
54 2736118 
55 2736118 
56 2736118 
57 2736119 
58 2736119 
59 2736120 
60 2736121 
61 2736121 
62 2736121 
63 2736122 
64 2736122 
65 2736132 
66 2736133 
67 2736135 
68 2736135 
69 2736136 
70 2736136 
71 2736152 
72 2736152 
73 2736157 
74 2736159 
75 2736159 
76 2736160 
77 2736160 
78 2736161 
79 2736162 
80 2736162 
81 2736163 
82 2736163 
83 2736168 
84 2736168 
85 2736169 
86 2736169 
87 2736169 
88 2736170 
89 2736170 
90 2736172 
91 2736184 
92 2736196 
93 2736199 
94 2736200 
95 2736200 
96 2736205 
97 2736206 
98 2736207 
99 2736209 
100 2736209 
101 2736210 
102 2736210 
103 2736211 
104 2736211 
105 2736211 
106 2736212 
107 2736212 
108 2736212 
109 2736213 
110 2736214 
111 2736214 
112 2736216 
113 2736221 
114 2736222 
115 2736235 
116 2736236 
117 2736236 
118 2736236 
119 2736237 
120 2736237 
121 2736238 
122 2736242 
123 2736242 
124 2736243 
125 2736243 
126 2736243 
127 2736243 
128 2736244 
129 2736244 
130 2736244 
131 2736245 
132 2736245 
133 2736245 
134 2736246 
135 2736246 
136 2736246 
137 2736247 
138 2736247 
139 2736248 
140 2736250 
141 2736250 
142 2736252 
143 2736258 
144 2736258 
145 2736259 
146 2736259 
147 2736260 
148 2736260 
149 2736260 
150 2736262 
151 2736262 
152 2736263 
153 2736263 
154 2736263 
155 2736264 
156 2736264 
157 2736266 
158 2736267 
159 2736270 
160 2736270 
161 2736271 
162 2736271 
163 2736272 
164 2736272 
165 2736272 
166 2736274 
167 2736275 
168 2736278 
169 2736280 
170 2736280 
171 2736280 
172 2736280 
173 2736280 
174 2736281 
175 2736281 
176 2736281 
177 2736282 
178 2736282 
179 2736282 
180 2736283 
181 2736283 
182 2736283 
183 2736283 
184 2736284 
185 2736284 
186 2736284 
187 2736284 
188 2736284 
189 2736285 
190 2736285 
191 2736286 
192 2736287 
193 2736287 
194 2736287 
195 2736289 
196 2736289 
197 2736290 
198 2736290 
199 2736291 
200 2736291 
201 2736291 
202 2736292 
203 2736293 
204 2736293 
205 2736296 
206 2736296 
207 2736296 
208 2736299 
209 2736302 
210 2736303 
211 2736303 
212 2736304 
213 2736304 
214 2736304 
215 2736305 
216 2736305 
217 2736305 
218 2736306 
219 2736306 
220 2736307 
221 2736307 
222 2736307 
223 2736308 
224 2736308 
225 2736309 
226 2736309 
227 2736309 
228 2736311 
229 2736312 
230 2736313 
231 2736313 
232 2736313 
233 2736314 
234 2736314 
235 2736315 
236 2736317 
237 2736318 
238 2736320 
239 2736320 
240 2736321 
241 2736321 
242 2736322 
243 2736322 
244 2736323 
245 2736323 
246 2736324 
247 2736324 
248 2736324 
249 2736325 
250 2736325 
251 2736326 
252 2736326 
253 2736326 
254 2736327 
255 2736328 
256 2736328 
257 2736329 
258 2736329 
259 2736329 
260 2736336 
261 2736336 
262 2736337 
263 2736337 
264 2736339 
265 2736339 
266 2736339 
267 2736340 
268 2736342 
269 2736344 
270 2736345 
271 2736345 
272 2736345 
273 2736346 
274 2736346 
275 2736346 
276 2736347 
277 2736347 
278 2736347 
279 2736348 
280 2736348 
281 2736348 
282 2736349 
283 2736349 
284 2736349 
285 2736350 
286 2736350 
287 2736350 
288 2736351 
289 2736355 
290 2736355 
291 2736355 
292 2736356 
293 2736358 
294 2736359 
295 2736359 
296 2736359 
297 2736360 
298 2736371 
299 2736372 
300 2736372 
301 2736390 
302 2736391 
303 2736391 
304 2736391 
305 2736392 
306 2736392 
307 2736392 
308 2736393 
309 2736395 
310 2736395 
311 2736399 
312 2736411 
313 2736416 
314 2736416 
315 2736417 
316 2736417 
317 2736417 
318 2736420 
319 2736421 
320 2736421 
321 2736421 
322 2736422 
323 2736422 
324 2736422 
325 2736423 
326 2736424 
327 2736425 
328 2736425 
329 2736425 
330 2736426 
331 2736426 
332 2736427 
333 2736433 
334 2736433 
335 2736434 
336 2736434 
337 2736434 
338 2736435 
339 2736441 
340 2736442 
341 2736443 
342 2736443 
343 2736443 
344 2736443 
345 2736444 
346 2736444 
347 2736445 
348 2736445 
349 2736445 
350 2736446 
351 2736446 
352 2736446 
353 2736449 
354 2736450 
355 2736452 
356 2736452 
357 2736452 
358 2736453 
359 2736453 
360 2736454 
361 2736454 
362 2736454 
363 2736454 
364 2736455 
365 2736455 
366 2736456 
367 2736456 
368 2736457 
369 2736458 
370 2736459 
371 2736459 
372 2736459 
373 2736460 
374 2736460 
375 2736460 
376 2736460 
377 2736461 
378 2736461 
379 2736461 
380 2736462 
381 2736462 
382 2736462 
383 2736463 
384 2736463 
385 2736463 
386 2736463 
387 2736464 
388 2736464 
389 2736464 
390 2736465 
391 2736465 
392 2736465 
393 2736465 
394 2736465 
395 2736471 
396 2736471 
397 2736471 
398 2736472 
399 2736472 
400 2736472 
401 2736473 
402 2736473 
403 2736474 
404 2736474 
405 2736474 
406 2736474 
407 2736475 
408 2736475 
409 2736475 
410 2736476 
411 2736476 
412 2736476 
413 2736477 
414 2736477 
415 2736477 
416 2736478 
417 2736478 
418 2736478 
419 2736479 
420 2736479 
421 2736479 
422 2736479 
423 2736480 
424 2736480 
425 2736481 
426 2736481 
427 2736481 
428 2736482 
429 2736482 
430 2736482 
431 2736485 
432 2736485 
433 2736486 
434 2736493 
435 2736505 
436 2736505 
437 2736506 
438 2736506 
439 2736506 
440 2736507 
441 2736508 
442 2736508 
443 2736509 
444 2736509 
445 2736509 
446 2736509 
447 2736510 
448 2736510 
449 2736510 
450 2736511 
451 2736511 
452 2736511 
453 2736511 
454 2736512 
455 2736512 
456 2736513 
457 2736513 
458 2736513 
459 2736513 
460 2736513 
461 2736514 
462 2736514 
463 2736514 
464 2736515 
465 2736515 
466 2736515 
467 2736516 
468 2736516 
469 2736516 
470 2736517 
471 2736517 
472 2736517 
473 2736517 
474 2736518 
475 2736518 
476 2736518 
477 2736518 
478 2736519 
479 2736519 
480 2736519 
481 2736520 
482 2736520 
483 2736520 
484 2736520 
485 2736520 
486 2736521 
487 2736521 
488 2736521 
489 2736522 
490 2736522 
491 2736542 
492 2736546 
493 2736546 
494 2736547 
495 2736547 
496 2736551 
497 2736551 
498 2736551 
499 2736552 
500 2736552 
501 2736552 
502 2736557 
503 2736560 
504 2736569 
505 2736585 
506 2736585 
507 2736599 
508 2736600 
509 2736600 
510 2736651 
511 2736652 
512 2736652 
513 2736653 
514 2736653 
515 2736660 
516 2736661 
517 2736661 
518 2736661 
519 2736662 
520 2736662 
521 2736662 
522 2736663 
523 2736663 
524 2736664 
525 2736664 
526 2736664 
527 2736665 
528 2736666 
529 2736667 
530 2736667 
531 2736667 
532 2736667 
533 2736667 
534 2736668 
535 2736668 
536 2736668 
537 2736669 
538 2736669 
539 2736669 
540 2736670 
541 2736670 
542 2736672 
543 2736673 
544 2736681 
545 2736681 
546 2736682 
547 2736682 
548 2736683 
549 2736684 
550 2736685 
551 2736686 
552 2736687 
553 2736690 
554 2736690 
555 2736692 
556 2736692 
557 2736692 
558 2736694 
559 2736695 
560 2736695 
561 2736695 
562 2736696 
563 2736696 
564 2736696 
565 2736696 
566 2736697 
567 2736697 
568 2736697 
569 2736697 
570 2736698 
571 2736698 
572 2736698 
573 2736698 
574 2736699 
575 2736699 
576 2736699 
577 2736699 
578 2736699 
579 2736700 
580 2736700 
581 2736700 
582 2736700 
583 2736701 
584 2736701 
585 2736701 
586 2736701 
587 2736702 
588 2736702 
589 2736702 
590 2736702 
591 2736703 
592 2736703 
593 2736703 
594 2736703 
595 2736703 
596 2736704 
597 2736704 
598 2736704 
599 2736704 
600 2736705 
601 2736705 
602 2736705 
603 2736706 
604 2736706 
605 2736706 
606 2736706 
607 2736706 
608 2736707 
609 2736707 
610 2736707 
611 2736707 
612 2736707 
613 2736708 
614 2736708 
615 2736708 
616 2736708 
617 2736708 
618 2736708 
619 2736709 
620 2736709 
621 2736709 
622 2736709 
623 2736709 
624 2736710 
625 2736710 
626 2736710 
627 2736710 
628 2736710 
629 2736711 
630 2736711 
631 2736711 
632 2736712 
633 2736712 
634 2736712 
635 2736712 
636 2736713 
637 2736713 
638 2736713 
639 2736713 
640 2736714 
641 2736714 
642 2736714 
643 2736714 
644 2736715 
645 2736715 
646 2736715 
647 2736715 
648 2736716 
649 2736716 
650 2736716 
651 2736716 
652 2736717 
653 2736717 
654 2736717 
655 2736718 
656 2736718 
657 2736718 
658 2736719 
659 2736719 
660 2736719 
661 2736720 
662 2736720 
663 2736720 
664 2736721 
665 2736721 
666 2736721 
667 2736722 
668 2736722 
669 2736723 
670 2736725 
671 2736725 
672 2736725 
673 2736726 
674 2736726 
675 2736726 
676 2736727 
677 2736727 
678 2736727 
679 2736728 
680 2736728 
681 2736728 
682 2736729 
683 2736729 
684 2736730 
685 2736730 
686 2736730 
687 2736731 
688 2736731 
689 2736731 
690 2736732 
691 2736732 
692 2736733 
693 2736734 
694 2736734 
695 2736734 
696 2736735 
697 2736735 
698 2736735 
699 2736736 
700 2736736 
701 2736736 
702 2736737 
703 2736737 
704 2736737 
705 2736738 
706 2736738 
707 2736738 
708 2736738 
709 2736739 
710 2736739 
711 2736739 
712 2736740 
713 2736740 
714 2736740 
715 2736740 
716 2736740 
717 2736741 
718 2736741 
719 2736741 
720 2736741 
721 2736742 
722 2736742 
723 2736742 
724 2736743 
725 2736743 
726 2736743 
727 2736744 
728 2736744 
729 2736744 
730 2736744 
731 2736745 
732 2736745 
733 2736745 
734 2736746 
735 2736746 
736 2736746 
737 2736747 
738 2736747 
739 2736747 
740 2736748 
741 2736748 
742 2736748 
743 2736749 
744 2736749 
745 2736749 
746 2736749 
747 2736750 
748 2736750 
749 2736750 
750 2736751 
751 2736751 
752 2736751 
753 2736752 
754 2736752 
755 2736752 
756 2736752 
757 2736753 
758 2736753 
759 2736753 
760 2736753 
761 2736753 
762 2736754 
763 2736754 
764 2736754 
765 2736754 
766 2736755 
767 2736755 
768 2736755 
769 2736756 
770 2736756 
771 2736756 
772 2736757 
773 2736757 
774 2736757 
775 2736758 
776 2736758 
777 2736758 
778 2736759 
779 2736759 
780 2736760 
781 2736760 
782 2736760 
783 2736760 
784 2736761 
785 2736761 
786 2736761 
787 2736762 
788 2736762 
789 2736762 
790 2736763 
791 2736763 
792 2736763 
793 2736764 
794 2736764 
795 2736765 
796 2736765 
797 2736765 
798 2736766 
799 2736766 
800 2736766 
801 2736766 
802 2736767 
803 2736767 
804 2736768 
805 2736768 
806 2736768 
807 2736769 
808 2736769 
809 2736769 
810 2736770 
811 2736770 
812 2736770 
813 2736770 
814 2736771 
815 2736771 
816 2736771 
817 2736772 
818 2736772 
819 2736772 
820 2736773 
821 2736773 
822 2736774 
823 2736774 
824 2736774 
825 2736775 
826 2736775 
827 2736776 
828 2736776 
829 2736777 
830 2736777 
831 2736778 
832 2736782 
833 2736783 
834 2736783 
835 2736783 
836 2736787 
837 2736788 
838 2736789 
839 2736791 
840 2736791 
841 2736793 
842 2736793 
843 2736794 
844 2736795 
845 2736795 
846 2736797 
847 2736797 
848 2736797 
849 2736798 
850 2736798 
851 2736799 
852 2736799 
853 2736799 
854 2736800 
855 2736800 
856 2736801 
857 2736801 
858 2736801 
859 2736802 
860 2736802 
861 2736802 
862 2736803 
863 2736803 
864 2736803 
865 2736804 
866 2736804 
867 2736804 
868 2736805 
869 2736805 
870 2736805 
871 2736806 
872 2736806 
873 2736808 
874 2736810 
875 2736811 
876 2736816 
877 2736817 
878 2736817 
879 2736817 
880 2736818 
881 2736818 
882 2736818 
883 2736819 
884 2736819 
885 2736820 
886 2736820 
887 2736820 
888 2736821 
889 2736821 
890 2736821 
891 2736821 
892 2736822 
893 2736822 
894 2736822 
895 2736823 
896 2736823 
897 2736823 
898 2736824 
899 2736824 
900 2736824 
901 2736824 
902 2736825 
903 2736825 
904 2736825 
905 2736826 
906 2736826 
907 2736826 
908 2736827 
909 2736827 
910 2736827 
911 2736827 
912 2736828 
913 2736828 
914 2736828 
915 2736828 
916 2736829 
917 2736829 
918 2736829 
919 2736829 
920 2736830 
921 2736830 
922 2736830 
923 2736831 
924 2736831 
925 2736831 
926 2736832 
927 2736832 
928 2736832 
929 2736832 
930 2736833 
931 2736833 
932 2736833 
933 2736833 
934 2736834 
935 2736834 
936 2736834 
937 2736835 
938 2736835 
939 2736836 
940 2736836 
941 2736836 
942 2736837 
943 2736837 
944 2736837 
945 2736838 
946 2736838 
947 2736838 
948 2736839 
949 2736839 
950 2736839 
951 2736840 
952 2736840 
953 2736840 
954 2736841 
955 2736841 
956 2736841 
957 2736841 
958 2736842 
959 2736842 
960 2736843 
961 2736843 
962 2736843 
963 2736844 
964 2736844 
965 2736844 
966 2736845 
967 2736845 
968 2736848 
969 2736851 
970 2736855 
971 2736855 
972 2736857 
973 2736857 
974 2736857 
975 2736859 
976 2736859 
977 2736859 
978 2736867 
979 2736867 
980 2736869 
981 2736869 
982 2736869 
983 2736876 
984 2736876 
985 2736876 
986 2736877 
987 2736877 
988 2736878 
989 2736878 
990 2736880 
991 2736881 
992 2736882 
993 2736883 
994 2736884 
995 2736888 
996 2736890 
997 2736891 
998 2736892 
999 2736892 
1000 2736893 
1001 2736893 
1002 2736893 
1003 2736893 
1004 2736894 
1005 2736894 
1006 2736894 
1007 2736895 
1008 2736895 
1009 2736897 
1010 2736899 
1011 2736901 
1012 2736903 
1013 2736904 
1014 2736905 
1015 2736908 
1016 2736917 
1017 2736924 
1018 2736939 
1019 2736942 
1020 2736944 
1021 2736946 
1022 2736948 
1023 2736948 
1024 2736949 
1025 2736953 
1026 2736961 
1027 2736962 
1028 2736962 
1029 2736962 
1030 2736963 
1031 2736976 
1032 2736981 
1033 2736982 
1034 2736982 
1035 2736982 
1036 2736983 
1037 2736991 
1038 2736993 
1039 2736993 
1040 2736993 
1041 2736994 
1042 2736994 
1043 2736994 
1044 2736995 
1045 2736995 
1046 2736995 
1047 2736996 
1048 2736996 
1049 2736996 
1050 2736997 
1051 2736997 
1052 2736997 
1053 2736998 
1054 2736998 
1055 2737000 
1056 2737003 
1057 2737009 
1058 2737011 
1059 2737014 
1060 2737015 
1061 2737016 
1062 2737019 
1063 2737020 
1064 2737021 
1065 2737021 
1066 2737021 
1067 2737022 
1068 2737024 
1069 2737025 
1070 2737026 
1071 2737026 
1072 2737026 
1073 2737026 
1074 2737029 
1075 2737029 
1076 2737030 
1077 2737031 
1078 2737032 
1079 2737035 
1080 2737040 
1081 2737041 
1082 2737042 
1083 2737042 
1084 2737044 
1085 2737044 
1086 2737047 
1087 2737047 
1088 2737048 
1089 2737048 
1090 2737049 
1091 2737049 
1092 2737049 
1093 2737050 
1094 2737050 
1095 2737051 
1096 2737051 
1097 2737051 
1098 2737052 
1099 2737052 
1100 2737052 
1101 2737053 
1102 2737053 
1103 2737054 
1104 2737054 
1105 2737054 
1106 2737055 
1107 2737055 
1108 2737055 
1109 2737056 
1110 2737056 
1111 2737056 
1112 2737057 
1113 2737057 
1114 2737057 
1115 2737058 
1116 2737058 
1117 2737058 
1118 2737058 
1119 2737058 
1120 2737059 
1121 2737059 
1122 2737060 
1123 2737063 
1124 2737064 
1125 2737064 
1126 2737064 
1127 2737065 
1128 2737068 
1129 2737070 
1130 2737070 
1131 2737071 
1132 2737071 
1133 2737071 
1134 2737072 
1135 2737072 
1136 2737072 
1137 2737072 
1138 2737073 
1139 2737073 
1140 2737073 
1141 2737074 
1142 2737074 
1143 2737075 
1144 2737075 
1145 2737075 
1146 2737075 
1147 2737076 
1148 2737076 
1149 2737076 
1150 2737077 
1151 2737077 
1152 2737077 
1153 2737078 
1154 2737078 
1155 2737078 
1156 2737078 
1157 2737079 
1158 2737079 
1159 2737080 
1160 2737081 
1161 2737081 
1162 2737081 
1163 2737082 
1164 2737082 
1165 2737087 
1166 2737094 
1167 2737103 
1168 2737103 
1169 2737104 
1170 2737104 
1171 2737104 
1172 2737105 
1173 2737105 
1174 2737106 
1175 2737108 
1176 2737109 
1177 2737109 
1178 2737109 
1179 2737109 
1180 2737110 
1181 2737110 
1182 2737111 
1183 2737111 
1184 2737111 
1185 2737112 
1186 2737112 
1187 2737112 
1188 2737115 
1189 2737120 
1190 2737127 
1191 2737127 
1192 2737135 
1193 2737146 
1194 2737147 
1195 2737147 
1196 2737148 
1197 2737153 
1198 2737155 
1199 2737164 
1200 2737167 
1201 2737170 
1202 2737180 
1203 2737183 
1204 2737185 
1205 2737192 
1206 2737196 
1207 2737196 
1208 2737196 
1209 2737198 
1210 2737199 
1211 2737202 
1212 2737202 
1213 2737206 
1214 2737223 
1215 2737223 
1216 2737223 
1217 2737224 
1218 2737224 
1219 2737225 
1220 2737228 
1221 2737234 
1222 2737236 
1223 2737238 
1224 2737240 
1225 2737246 
1226 2737267 
1227 2737268 
1228 2737268 
1229 2737268 
1230 2737269 
1231 2737269 
1232 2737271 
1233 2737271 
1234 2737272 
1235 2737272 
1236 2737273 
1237 2737273 
1238 2737292 
1239 2737294 
1240 2737307 
1241 2737312 
1242 2737312 
1243 2737340 
1244 2737343 
1245 2737343 
1246 2737349 
1247 2737352 
1248 2737356 
1249 2737357 
1250 2737357 
1251 2737358 
1252 2737358 
1253 2737359 
1254 2737359 
1255 2737359 
1256 2737360 
1257 2737360 
1258 2737360 
1259 2737361 
1260 2737361 
1261 2737362 
1262 2737362 
1263 2737362 
1264 2737363 
1265 2737363 
1266 2737370 
1267 2737378 
1268 2737381 
1269 2737383 
1270 2737384 
1271 2737384 
1272 2737390 
1273 2737391 
1274 2737391 
1275 2737391 
1276 2737392 
1277 2737392 
1278 2737392 
1279 2737393 
1280 2737393 
1281 2737394 
1282 2737394 
1283 2737403 
1284 2737404 
1285 2737409 
1286 2737409 
1287 2737410 
1288 2737411 
1289 2737412 
1290 2737412 
1291 2737412 
1292 2737413 
1293 2737413 
1294 2737421 
1295 2737421 
1296 2737425 
1297 2737426 
1298 2737427 
1299 2737427 
1300 2737427 
1301 2737428 
1302 2737428 
1303 2737429 
1304 2737429 
1305 2737429 
1306 2737430 
1307 2737430 
1308 2737430 
1309 2737430 
1310 2737443 
1311 2737446 
1312 2737450 
1313 2737455 
1314 2737456 
1315 2737456 
1316 2737456 
1317 2737456 
1318 2737457 
1319 2737458 
1320 2737458 
1321 2737458 
1322 2737459 
1323 2737459 
1324 2737460 
1325 2737460 
1326 2737460 
1327 2737461 
1328 2737461 
1329 2737462 
1330 2737463 
1331 2737463 
1332 2737473 
1333 2737473 
1334 2737474 
1335 2737474 
1336 2737475 
1337 2737475 
1338 2737476 
1339 2737476 
1340 2737476 
1341 2737477 
1342 2737477 
1343 2737477 
1344 2737478 
1345 2737478 
1346 2737478 
1347 2737479 
1348 2737479 
1349 2737480 
1350 2737480 
1351 2737480 
1352 2737481 
1353 2737481 
1354 2737481 
1355 2737482 
1356 2737482 
1357 2737491 
1358 2737491 
1359 2737492 
1360 2737492 
1361 2737492 
1362 2737493 
1363 2737493 
1364 2737493 
1365 2737494 
1366 2737495 
1367 2737498 
1368 2737499 
1369 2737499 
1370 2737499 
1371 2737501 
1372 2737517 
1373 2737518 
1374 2737518 
1375 2737519 
1376 2737519 
1377 2737519 
1378 2737520 
1379 2737520 
1380 2737521 
1381 2737521 
1382 2737521 
1383 2737522 
1384 2737522 
1385 2737522 
1386 2737523 
1387 2737523 
1388 2737523 
1389 2737524 
1390 2737524 
1391 2737524 
1392 2737525 
1393 2737525 
1394 2737527 
1395 2737527 
1396 2737528 
1397 2737528 
1398 2737528 
1399 2737529 
1400 2737530 
1401 2737530 
1402 2737530 
1403 2737531 
1404 2737531 
1405 2737531 
1406 2737532 
1407 2737532 
1408 2737533 
1409 2737534 
1410 2737535 
1411 2737536 
1412 2737536 
1413 2737536 
1414 2737537 
1415 2737537 
1416 2737539 
1417 2737539 
1418 2737539 
1419 2737540 
1420 2737540 
1421 2737540 
1422 2737541 
1423 2737541 
1424 2737541 
1425 2737542 
1426 2737542 
1427 2737543 
1428 2737543 
1429 2737544 
1430 2737544 
1431 2737546 
1432 2737546 
1433 2737551 
1434 2737554 
1435 2737563 
1436 2737564 
1437 2737564 
1438 2737565 
1439 2737565 
1440 2737566 
1441 2737566 
1442 2737566 
1443 2737567 
1444 2737567 
1445 2737567 
1446 2737568 
1447 2737568 
1448 2737568 
1449 2737569 
1450 2737569 
1451 2737569 
1452 2737571 
1453 2737571 
1454 2737572 
1455 2737573 
1456 2737573 
1457 2737574 
1458 2737574 
1459 2737575 
1460 2737576 
1461 2737577 
1462 2737577 
1463 2737577 
1464 2737578 
1465 2737586 
1466 2737592 
1467 2737594 
1468 2737594 
1469 2737594 
1470 2737596 
1471 2737598 
1472 2737599 
1473 2737600 
1474 2737604 
1475 2737611 
1476 2737611 
1477 2737611 
1478 2737611 
1479 2737612 
1480 2737612 
1481 2737612 
1482 2737613 
1483 2737613 
1484 2737614 
1485 2737614 
1486 2737614 
1487 2737615 
1488 2737615 
1489 2737615 
1490 2737616 
1491 2737616 
1492 2737616 
1493 2737617 
1494 2737617 
1495 2737617 
1496 2737618 
1497 2737618 
1498 2737618 
1499 2737619 
1500 2737619 
1501 2737619 
1502 2737620 
1503 2737620 
1504 2737621 
1505 2737621 
1506 2737621 
1507 2737622 
1508 2737622 
1509 2737622 
1510 2737623 
1511 2737623 
1512 2737624 
1513 2737624 
1514 2737624 
1515 2737625 
1516 2737637 
1517 2737637 
1518 2737637 
1519 2737638 
1520 2737639 
1521 2737639 
1522 2737639 
1523 2737640 
1524 2737640 
1525 2737640 
1526 2737641 
1527 2737641 
1528 2737641 
1529 2737642 
1530 2737642 
1531 2737642 
1532 2737643 
1533 2737643 
1534 2737643 
1535 2737643 
1536 2737644 
1537 2737644 
1538 2737644 
1539 2737645 
1540 2737645 
1541 2737645 
1542 2737646 
1543 2737646 
1544 2737646 
1545 2737646 
1546 2737647 
1547 2737647 
1548 2737647 
1549 2737647 
1550 2737648 
1551 2737648 
1552 2737649 
1553 2737649 
1554 2737650 
1555 2737650 
1556 2737650 
1557 2737651 
1558 2737651 
1559 2737652 
1560 2737652 
1561 2737652 
1562 2737653 
1563 2737653 
1564 2737653 
1565 2737654 
1566 2737655 
1567 2737655 
1568 2737655 
1569 2737656 
1570 2737656 
1571 2737656 
1572 2737657 
1573 2737657 
1574 2737657 
1575 2737658 
1576 2737658 
1577 2737658 
1578 2737659 
1579 2737659 
1580 2737659 
1581 2737660 
1582 2737660 
1583 2737661 
1584 2737661 
1585 2737661 
1586 2737662 
1587 2737662 
1588 2737662 
1589 2737663 
1590 2737663 
1591 2737664 
1592 2737664 
1593 2737664 
1594 2737665 
1595 2737665 
1596 2737665 
1597 2737665 
1598 2737666 
1599 2737666 
1600 2737666 
1601 2737666 
1602 2737667 
1603 2737667 
1604 2737667 
1605 2737667 
1606 2737668 
1607 2737669 
1608 2737669 
1609 2737669 
1610 2737670 
1611 2737670 
1612 2737670 
1613 2737671 
1614 2737671 
1615 2737671 
1616 2737672 
1617 2737672 
1618 2737672 
1619 2737673 
1620 2737673 
1621 2737674 
1622 2737674 
1623 2737674 
1624 2737675 
1625 2737675 
1626 2737675 
1627 2737675 
1628 2737676 
1629 2737676 
1630 2737676 
1631 2737677 
1632 2737677 
1633 2737677 
1634 2737678 
1635 2737678 
1636 2737678 
1637 2737679 
1638 2737679 
1639 2737679 
1640 2737680 
1641 2737680 
1642 2737680 
1643 2737680 
1644 2737681 
1645 2737681 
1646 2737681 
1647 2737682 
1648 2737682 
1649 2737682 
1650 2737683 
1651 2737685 
1652 2737685 
1653 2737685 
1654 2737686 
1655 2737686 
1656 2737686 
1657 2737687 
1658 2737687 
1659 2737687 
1660 2737688 
1661 2737688 
1662 2737688 
1663 2737689 
1664 2737689 
1665 2737689 
1666 2737690 
1667 2737690 
1668 2737690 
1669 2737709 
1670 2737709 
1671 2737718 
1672 2737719 
1673 2737719 
1674 2737719 
1675 2737720 
1676 2737720 
1677 2737720 
1678 2737720 
1679 2737721 
1680 2737721 
1681 2737721 
1682 2737721 
1683 2737722 
1684 2737722 
1685 2737722 
1686 2737723 
1687 2737723 
1688 2737723 
1689 2737723 
1690 2737724 
1691 2737724 
1692 2737724 
1693 2737725 
1694 2737725 
1695 2737726 
1696 2737726 
1697 2737726 
1698 2737727 
1699 2737727 
1700 2737727 
1701 2737728 
1702 2737728 
1703 2737728 
1704 2737728 
1705 2737729 
1706 2737729 
1707 2737729 
1708 2737730 
1709 2737730 
1710 2737730 
1711 2737731 
1712 2737731 
1713 2737731 
1714 2737732 
1715 2737732 
1716 2737732 
1717 2737733 
1718 2737733 
1719 2737733 
1720 2737733 
1721 2737734 
1722 2737734 
1723 2737734 
1724 2737735 
1725 2737735 
1726 2737735 
1727 2737736 
1728 2737736 
1729 2737736 
1730 2737737 
1731 2737737 
1732 2737737 
1733 2737738 
1734 2737738 
1735 2737738 
1736 2737739 
1737 2737739 
1738 2737739 
1739 2737740 
1740 2737740 
1741 2737740 
1742 2737741 
1743 2737741 
1744 2737741 
1745 2737742 
1746 2737742 
1747 2737742 
1748 2737742 
1749 2737743 
1750 2737743 
1751 2737743 
1752 2737744 
1753 2737744 
1754 2737744 
1755 2737745 
1756 2737745 
1757 2737745 
1758 2737746 
1759 2737746 
1760 2737746 
1761 2737747 
1762 2737747 
1763 2737748 
1764 2737748 
1765 2737748 
1766 2737748 
1767 2737749 
1768 2737749 
1769 2737749 
1770 2737749 
1771 2737750 
1772 2737750 
1773 2737750 
1774 2737750 
1775 2737751 
1776 2737751 
1777 2737751 
1778 2737751 
1779 2737752 
1780 2737752 
1781 2737752 
1782 2737752 
1783 2737753 
1784 2737753 
1785 2737753 
1786 2737753 
1787 2737754 
1788 2737754 
1789 2737754 
1790 2737755 
1791 2737755 
1792 2737755 
1793 2737756 
1794 2737756 
1795 2737756 
1796 2737757 
1797 2737757 
1798 2737757 
1799 2737757 
1800 2737758 
1801 2737758 
1802 2737758 
1803 2737758 
1804 2737758 
1805 2737759 
1806 2737759 
1807 2737759 
1808 2737759 
1809 2737760 
1810 2737760 
1811 2737760 
1812 2737761 
1813 2737761 
1814 2737761 
1815 2737761 
1816 2737762 
1817 2737762 
1818 2737762 
1819 2737763 
1820 2737763 
1821 2737763 
1822 2737763 
1823 2737764 
1824 2737764 
1825 2737764 
1826 2737764 
1827 2737765 
1828 2737765 
1829 2737765 
1830 2737765 
1831 2737765 
1832 2737765 
1833 2737766 
1834 2737766 
1835 2737766 
1836 2737766 
1837 2737767 
1838 2737767 
1839 2737767 
1840 2737767 
1841 2737767 
1842 2737768 
1843 2737768 
1844 2737768 
1845 2737768 
1846 2737769 
1847 2737769 
1848 2737769 
1849 2737769 
1850 2737769 
1851 2737770 
1852 2737770 
1853 2737770 
1854 2737770 
1855 2737770 
1856 2737771 
1857 2737771 
1858 2737771 
1859 2737772 
1860 2737772 
1861 2737773 
1862 2737773 
1863 2737773 
1864 2737773 
1865 2737774 
1866 2737774 
1867 2737774 
1868 2737775 
1869 2737776 
1870 2737776 
1871 2737776 
1872 2737777 
1873 2737777 
1874 2737777 
1875 2737777 
1876 2737778 
1877 2737778 
1878 2737778 
1879 2737779 
1880 2737779 
1881 2737779 
1882 2737780 
1883 2737780 
1884 2737780 
1885 2737780 
1886 2737781 
1887 2737781 
1888 2737781 
1889 2737781 
1890 2737782 
1891 2737782 
1892 2737782 
1893 2737782 
1894 2737782 
1895 2737783 
1896 2737783 
1897 2737783 
1898 2737783 
1899 2737783 
1900 2737783 
1901 2737784 
1902 2737784 
1903 2737784 
1904 2737784 
1905 2737785 
1906 2737785 
1907 2737785 
1908 2737785 
1909 2737785 
1910 2737786 
1911 2737786 
1912 2737786 
1913 2737786 
1914 2737787 
1915 2737787 
1916 2737787 
1917 2737787 
1918 2737788 
1919 2737788 
1920 2737788 
1921 2737788 
1922 2737789 
1923 2737789 
1924 2737789 
1925 2737790 
1926 2737790 
1927 2737790 
1928 2737791 
1929 2737791 
1930 2737791 
1931 2737792 
1932 2737792 
1933 2737792 
1934 2737792 
1935 2737793 
1936 2737793 
1937 2737793 
1938 2737794 
1939 2737794 
1940 2737794 
1941 2737795 
1942 2737796 
1943 2737797 
1944 2737798 
1945 2737799 
1946 2737799 
1947 2737799 
1948 2737800 
1949 2737800 
1950 2737800 
1951 2737801 
1952 2737801 
1953 2737801 
1954 2737802 
1955 2737802 
1956 2737802 
1957 2737803 
1958 2737803 
1959 2737804 
1960 2737804 
1961 2737804 
1962 2737805 
1963 2737805 
1964 2737805 
1965 2737806 
1966 2737806 
1967 2737806 
1968 2737806 
1969 2737807 
1970 2737807 
1971 2737808 
1972 2737808 
1973 2737808 
1974 2737809 
1975 2737809 
1976 2737809 
1977 2737810 
1978 2737810 
1979 2737810 
1980 2737811 
1981 2737811 
1982 2737811 
1983 2737811 
1984 2737812 
1985 2737812 
1986 2737813 
1987 2737813 
1988 2737813 
1989 2737814 
1990 2737815 
1991 2737815 
1992 2737816 
1993 2737816 
1994 2737816 
1995 2737817 
1996 2737817 
1997 2737817 
1998 2737818 
1999 2737818 
2000 2737818 
2001 2737819 
2002 2737819 
2003 2737819 
2004 2737820 
2005 2737821 
2006 2737822 
2007 2737822 
2008 2737822 
2009 2737823 
2010 2737823 
2011 2737823 
2012 2737824 
2013 2737824 
2014 2737824 
2015 2737825 
2016 2737825 
2017 2737825 
2018 2737826 
2019 2737826 
2020 2737826 
2021 2737827 
2022 2737827 
2023 2737827 
2024 2737828 
2025 2737828 
2026 2737828 
2027 2737829 
2028 2737829 
2029 2737829 
2030 2737830 
2031 2737830 
2032 2737830 
2033 2737831 
2034 2737831 
2035 2737831 
2036 2737832 
2037 2737839 
2038 2737840 
2039 2737840 
2040 2737841 
2041 2737842 
2042 2737842 
2043 2737842 
2044 2737842 
2045 2737843 
2046 2737843 
2047 2737843 
2048 2737843 
2049 2737844 
2050 2737844 
2051 2737845 
2052 2737845 
2053 2737845 
2054 2737845 
2055 2737845 
2056 2737846 
2057 2737847 
2058 2737847 
2059 2737847 
2060 2737847 
2061 2737848 
2062 2737848 
2063 2737848 
2064 2737848 
2065 2737848 
2066 2737849 
2067 2737849 
2068 2737849 
2069 2737849 
2070 2737850 
2071 2737850 
2072 2737850 
2073 2737850 
2074 2737851 
2075 2737851 
2076 2737851 
2077 2737852 
2078 2737852 
2079 2737852 
2080 2737852 
2081 2737853 
2082 2737853 
2083 2737853 
2084 2737854 
2085 2737854 
2086 2737854 
2087 2737855 
2088 2737855 
2089 2737855 
2090 2737856 
2091 2737856 
2092 2737856 
2093 2737857 
2094 2737859 
2095 2737860 
2096 2737860 
2097 2737860 
2098 2737861 
2099 2737861 
2100 2737861 
2101 2737861 
2102 2737862 
2103 2737862 
2104 2737862 
2105 2737863 
2106 2737863 
2107 2737863 
2108 2737863 
2109 2737863 
2110 2737864 
2111 2737864 
2112 2737864 
2113 2737864 
2114 2737865 
2115 2737865 
2116 2737866 
2117 2737866 
2118 2737866 
2119 2737866 
2120 2737867 
2121 2737867 
2122 2737867 
2123 2737869 
2124 2737869 
2125 2737870 
2126 2737870 
2127 2737871 
2128 2737871 
2129 2737871 
2130 2737872 
2131 2737872 
2132 2737874 
2133 2737875 
2134 2737876 
2135 2737876 
2136 2737876 
2137 2737877 
2138 2737877 
2139 2737877 
2140 2737878 
2141 2737878 
2142 2737879 
2143 2737879 
2144 2737879 
2145 2737879 
2146 2737880 
2147 2737880 
2148 2737880 
2149 2737881 
2150 2737882 
2151 2737882 
2152 2737882 
2153 2737883 
2154 2737883 
2155 2737883 
2156 2737883 
2157 2737884 
2158 2737884 
2159 2737884 
2160 2737885 
2161 2737885 
2162 2737885 
2163 2737885 
2164 2737886 
2165 2737886 
2166 2737886 
2167 2737887 
2168 2737887 
2169 2737887 
2170 2737888 
2171 2737888 
2172 2737888 
2173 2737888 
2174 2737889 
2175 2737889 
2176 2737890 
2177 2737890 
2178 2737891 
2179 2737891 
2180 2737892 
2181 2737892 
2182 2737893 
2183 2737893 
2184 2737893 
2185 2737894 
2186 2737894 
2187 2737894 
2188 2737895 
2189 2737895 
2190 2737895 
2191 2737896 
2192 2737896 
2193 2737896 
2194 2737897 
2195 2737897 
2196 2737898 
2197 2737898 
2198 2737898 
2199 2737899 
2200 2737899 
2201 2737899 
2202 2737900 
2203 2737900 
2204 2737901 
2205 2737901 
2206 2737901 
2207 2737902 
2208 2737902 
2209 2737902 
2210 2737903 
2211 2737903 
2212 2737903 
2213 2737903 
2214 2737904 
2215 2737904 
2216 2737904 
2217 2737905 
2218 2737905 
2219 2737905 
2220 2737905 
2221 2737906 
2222 2737906 
2223 2737906 
2224 2737907 
2225 2737907 
2226 2737908 
2227 2737908 
2228 2737909 
2229 2737909 
2230 2737909 
2231 2737909 
2232 2737910 
2233 2737910 
2234 2737910 
2235 2737911 
2236 2737911 
2237 2737911 
2238 2737911 
2239 2737912 
2240 2737912 
2241 2737912 
2242 2737913 
2243 2737913 
2244 2737913 
2245 2737914 
2246 2737914 
2247 2737914 
2248 2737914 
2249 2737915 
2250 2737915 
2251 2737915 
2252 2737915 
2253 2737916 
2254 2737916 
2255 2737916 
2256 2737916 
2257 2737917 
2258 2737917 
2259 2737917 
2260 2737917 
2261 2737917 
2262 2737918 
2263 2737918 
2264 2737918 
2265 2737919 
2266 2737919 
2267 2737919 
2268 2737919 
2269 2737920 
2270 2737920 
2271 2737920 
2272 2737921 
2273 2737921 
2274 2737921 
2275 2737922 
2276 2737922 
2277 2737922 
2278 2737923 
2279 2737923 
2280 2737923 
2281 2737923 
2282 2737924 
2283 2737924 
2284 2737924 
2285 2737924 
2286 2737925 
2287 2737927 
2288 2737928 
2289 2737928 
2290 2737928 
2291 2737929 
2292 2737929 
2293 2737929 
2294 2737930 
2295 2737930 
2296 2737930 
2297 2737931 
2298 2737932 
2299 2737933 
2300 2737933 
2301 2737934 
2302 2737934 
2303 2737934 
2304 2737934 
2305 2737935 
2306 2737935 
2307 2737935 
2308 2737936 
2309 2737936 
2310 2737936 
2311 2737937 
2312 2737937 
2313 2737937 
2314 2737938 
2315 2737938 
2316 2737938 
2317 2737939 
2318 2737939 
2319 2737939 
2320 2737940 
2321 2737940 
2322 2737940 
2323 2737941 
2324 2737941 
2325 2737942 
2326 2737942 
2327 2737942 
2328 2737943 
2329 2737944 
2330 2737944 
2331 2737944 
2332 2737945 
2333 2737945 
2334 2737945 
2335 2737946 
2336 2737946 
2337 2737946 
2338 2737947 
2339 2737947 
2340 2737947 
2341 2737947 
2342 2737948 
2343 2737948 
2344 2737948 
2345 2737949 
2346 2737949 
2347 2737949 
2348 2737950 
2349 2737950 
2350 2737950 
2351 2737951 
2352 2737951 
2353 2737951 
2354 2737952 
2355 2737952 
2356 2737952 
2357 2737953 
2358 2737953 
2359 2737953 
2360 2737954 
2361 2737954 
2362 2737954 
2363 2737955 
2364 2737955 
2365 2737955 
2366 2737956 
2367 2737956 
2368 2737956 
2369 2737957 
2370 2737957 
2371 2737957 
2372 2737957 
2373 2737958 
2374 2737958 
2375 2737958 
2376 2737959 
2377 2737959 
2378 2737960 
2379 2737960 
2380 2737961 
2381 2737961 
2382 2737961 
2383 2737962 
2384 2737962 
2385 2737962 
2386 2737963 
2387 2737963 
2388 2737963 
2389 2737964 
2390 2737964 
2391 2737964 
2392 2737965 
2393 2737965 
2394 2737965 
2395 2737966 
2396 2737966 
2397 2737967 
2398 2737967 
2399 2737967 
2400 2737967 
2401 2737968 
2402 2737968 
2403 2737968 
2404 2737969 
2405 2737969 
2406 2737969 
2407 2737970 
2408 2737970 
2409 2737970 
2410 2737971 
2411 2737971 
2412 2737971 
2413 2737972 
2414 2737972 
2415 2737972 
2416 2737973 
2417 2737973 
2418 2737973 
2419 2737974 
2420 2737974 
2421 2737974 
2422 2737974 
2423 2737975 
2424 2737975 
2425 2737975 
2426 2737975 
2427 2737976 
2428 2737976 
2429 2737976 
2430 2737976 
2431 2737976 
2432 2737977 
2433 2737977 
2434 2737977 
2435 2737979 
2436 2737979 
2437 2737979 
2438 2737980 
2439 2737982 
2440 2737982 
2441 2737982 
2442 2737983 
2443 2737983 
2444 2737983 
2445 2737984 
2446 2737984 
2447 2737984 
2448 2737985 
2449 2737985 
2450 2737985 
2451 2737986 
2452 2737986 
2453 2737986 
2454 2737988 
2455 2737989 
2456 2737989 
2457 2737989 
2458 2737990 
2459 2737990 
2460 2737990 
2461 2737991 
2462 2737992 
2463 2737992 
2464 2737992 
2465 2737993 
2466 2737993 
2467 2737993 
2468 2737994 
2469 2737994 
2470 2737994 
2471 2737995 
2472 2737995 
2473 2737996 
2474 2737996 
2475 2737996 
2476 2737996 
2477 2737997 
2478 2737997 
2479 2737997 
2480 2737998 
2481 2737999 
2482 2737999 
2483 2737999 
2484 2738000 
2485 2738000 
2486 2738000 
2487 2738001 
2488 2738001 
2489 2738002 
2490 2738003 
2491 2738003 
2492 2738003 
2493 2738003 
2494 2738004 
2495 2738004 
2496 2738004 
2497 2738005 
2498 2738005 
2499 2738005 
2500 2738006 
2501 2738006 
2502 2738007 
2503 2738007 
2504 2738007 
2505 2738007 
2506 2738008 
2507 2738008 
2508 2738009 
2509 2738009 
2510 2738009 
2511 2738010 
2512 2738010 
2513 2738010 
2514 2738011 
2515 2738011 
2516 2738012 
2517 2738012 
2518 2738012 
2519 2738013 
2520 2738013 
2521 2738013 
2522 2738014 
2523 2738014 
2524 2738014 
2525 2738015 
2526 2738015 
2527 2738016 
2528 2738016 
2529 2738016 
2530 2738017 
2531 2738017 
2532 2738018 
2533 2738018 
2534 2738018 
2535 2738019 
2536 2738019 
2537 2738020 
2538 2738021 
2539 2738023 
2540 2738023 
2541 2738023 
2542 2738024 
2543 2738024 
2544 2738024 
2545 2738025 
2546 2738025 
2547 2738025 
2548 2738025 
2549 2738026 
2550 2738026 
2551 2738026 
2552 2738027 
2553 2738027 
2554 2738027 
2555 2738027 
2556 2738028 
2557 2738028 
2558 2738029 
2559 2738029 
2560 2738030 
2561 2738030 
2562 2738030 
2563 2738031 
2564 2738031 
2565 2738031 
2566 2738032 
2567 2738032 
2568 2738032 
2569 2738033 
2570 2738033 
2571 2738033 
2572 2738033 
2573 2738034 
2574 2738034 
2575 2738035 
2576 2738035 
2577 2738036 
2578 2738036 
2579 2738036 
2580 2738037 
2581 2738037 
2582 2738037 
2583 2738038 
2584 2738038 
2585 2738038 
2586 2738039 
2587 2738039 
2588 2738039 
2589 2738039 
2590 2738040 
2591 2738040 
2592 2738040 
2593 2738040 
2594 2738040 
2595 2738041 
2596 2738041 
2597 2738042 
2598 2738042 
2599 2738042 
2600 2738042 
2601 2738043 
2602 2738043 
2603 2738043 
2604 2738044 
2605 2738044 
2606 2738044 
2607 2738045 
2608 2738045 
2609 2738045 
2610 2738046 
2611 2738046 
2612 2738046 
2613 2738046 
2614 2738047 
2615 2738047 
2616 2738047 
2617 2738048 
2618 2738048 
2619 2738048 
2620 2738049 
2621 2738049 
2622 2738049 
2623 2738050 
2624 2738050 
2625 2738050 
2626 2738050 
2627 2738051 
2628 2738051 
2629 2738051 
2630 2738052 
2631 2738052 
2632 2738052 
2633 2738052 
2634 2738053 
2635 2738053 
2636 2738053 
2637 2738054 
2638 2738054 
2639 2738054 
2640 2738055 
2641 2738055 
2642 2738055 
2643 2738056 
2644 2738056 
2645 2738056 
2646 2738057 
2647 2738057 
2648 2738057 
2649 2738058 
2650 2738058 
2651 2738058 
2652 2738059 
2653 2738059 
2654 2738059 
2655 2738060 
2656 2738060 
2657 2738060 
2658 2738061 
2659 2738061 
2660 2738061 
2661 2738061 
2662 2738062 
2663 2738062 
2664 2738062 
2665 2738063 
2666 2738063 
2667 2738063 
2668 2738064 
2669 2738064 
2670 2738064 
2671 2738065 
2672 2738065 
2673 2738065 
2674 2738066 
2675 2738066 
2676 2738066 
2677 2738066 
2678 2738067 
2679 2738067 
2680 2738068 
2681 2738068 
2682 2738068 
2683 2738069 
2684 2738069 
2685 2738070 
2686 2738070 
2687 2738070 
2688 2738071 
2689 2738072 
2690 2738073 
2691 2738073 
2692 2738073 
2693 2738074 
2694 2738074 
2695 2738074 
2696 2738075 
2697 2738075 
2698 2738075 
2699 2738076 
2700 2738076 
2701 2738077 
2702 2738077 
2703 2738077 
2704 2738078 
2705 2738078 
2706 2738079 
2707 2738079 
2708 2738080 
2709 2738080 
2710 2738080 
2711 2738081 
2712 2738081 
2713 2738088 
2714 2738092 
2715 2738092 
2716 2738092 
2717 2738093 
2718 2738093 
2719 2738093 
2720 2738094 
2721 2738095 
2722 2738095 
2723 2738097 
2724 2738097 
2725 2738097 
2726 2738098 
2727 2738098 
2728 2738099 
2729 2738099 
2730 2738100 
2731 2738100 
2732 2738100 
2733 2738101 
2734 2738101 
2735 2738101 
2736 2738103 
2737 2738103 
2738 2738103 
2739 2738104 
2740 2738104 
2741 2738104 
2742 2738104 
2743 2738104 
2744 2738105 
2745 2738105 
2746 2738105 
2747 2738106 
2748 2738106 
2749 2738106 
2750 2738107 
2751 2738107 
2752 2738107 
2753 2738108 
2754 2738108 
2755 2738108 
2756 2738109 
2757 2738110 
2758 2738110 
2759 2738110 
2760 2738111 
2761 2738111 
2762 2738111 
2763 2738112 
2764 2738112 
2765 2738112 
2766 2738113 
2767 2738113 
2768 2738113 
2769 2738114 
2770 2738114 
2771 2738114 
2772 2738114 
2773 2738114 
2774 2738115 
2775 2738115 
2776 2738115 
2777 2738116 
2778 2738116 
2779 2738116 
2780 2738117 
2781 2738117 
2782 2738118 
2783 2738118 
2784 2738125 
2785 2738126 
2786 2738126 
2787 2738127 
2788 2738127 
2789 2738128 
2790 2738128 
2791 2738128 
2792 2738129 
2793 2738129 
2794 2738129 
2795 2738130 
2796 2738130 
2797 2738130 
2798 2738131 
2799 2738131 
2800 2738131 
2801 2738132 
2802 2738132 
2803 2738132 
2804 2738132 
2805 2738133 
2806 2738133 
2807 2738133 
2808 2738134 
2809 2738134 
2810 2738134 
2811 2738135 
2812 2738135 
2813 2738135 
2814 2738135 
2815 2738136 
2816 2738136 
2817 2738136 
2818 2738137 
2819 2738137 
2820 2738138 
2821 2738138 
2822 2738138 
2823 2738139 
2824 2738139 
2825 2738140 
2826 2738140 
2827 2738140 
2828 2738140 
2829 2738141 
2830 2738141 
2831 2738141 
2832 2738141 
2833 2738142 
2834 2738144 
2835 2738144 
2836 2738146 
2837 2738146 
2838 2738146 
2839 2738147 
2840 2738147 
2841 2738147 
2842 2738148 
2843 2738148 
2844 2738148 
2845 2738149 
2846 2738149 
2847 2738149 
2848 2738150 
2849 2738150 
2850 2738150 
2851 2738151 
2852 2738151 
2853 2738151 
2854 2738151 
2855 2738152 
2856 2738152 
2857 2738153 
2858 2738153 
2859 2738154 
2860 2738154 
2861 2738154 
2862 2738154 
2863 2738155 
2864 2738155 
2865 2738155 
2866 2738156 
2867 2738156 
2868 2738160 
2869 2738167 
2870 2738167 
2871 2738167 
2872 2738168 
2873 2738168 
2874 2738168 
2875 2738168 
2876 2738169 
2877 2738169 
2878 2738169 
2879 2738169 
2880 2738170 
2881 2738170 
2882 2738170 
2883 2738170 
2884 2738171 
2885 2738171 
2886 2738171 
2887 2738171 
2888 2738172 
2889 2738172 
2890 2738172 
2891 2738173 
2892 2738173 
2893 2738173 
2894 2738174 
2895 2738174 
2896 2738174 
2897 2738176 
2898 2738176 
2899 2738176 
2900 2738177 
2901 2738177 
2902 2738177 
2903 2738178 
2904 2738178 
2905 2738179 
2906 2738179 
2907 2738179 
2908 2738180 
2909 2738180 
2910 2738181 
2911 2738181 
2912 2738181 
2913 2738182 
2914 2738182 
2915 2738183 
2916 2738183 
2917 2738183 
2918 2738184 
2919 2738184 
2920 2738185 
2921 2738185 
2922 2738185 
2923 2738186 
2924 2738186 
2925 2738186 
2926 2738187 
2927 2738187 
2928 2738187 
2929 2738188 
2930 2738188 
2931 2738188 
2932 2738189 
2933 2738189 
2934 2738190 
2935 2738190 
2936 2738190 
2937 2738191 
2938 2738192 
2939 2738192 
2940 2738192 
2941 2738193 
2942 2738193 
2943 2738194 
2944 2738195 
2945 2738195 
2946 2738196 
2947 2738196 
2948 2738196 
2949 2738197 
2950 2738197 
2951 2738198 
2952 2738198 
2953 2738198 
2954 2738198 
2955 2738199 
2956 2738199 
2957 2738199 
2958 2738201 
2959 2738201 
2960 2738201 
2961 2738202 
2962 2738202 
2963 2738202 
2964 2738203 
2965 2738203 
2966 2738203 
2967 2738204 
2968 2738204 
2969 2738204 
2970 2738205 
2971 2738206 
2972 2738206 
2973 2738207 
2974 2738207 
2975 2738207 
2976 2738216 
2977 2738217 
2978 2738220 
2979 2738220 
2980 2738221 
2981 2738222 
2982 2738224 
2983 2738227 
2984 2738232 
2985 2738233 
2986 2738233 
2987 2738233 
2988 2738234 
2989 2738234 
2990 2738236 
2991 2738236 
2992 2738236 
2993 2738237 
2994 2738237 
2995 2738237 
2996 2738238 
2997 2738238 
2998 2738238 
2999 2738239 
3000 2738239 
3001 2738240 
3002 2738240 
3003 2738240 
3004 2738241 
3005 2738241 
3006 2738241 
3007 2738243 
3008 2738243 
3009 2738257 
3010 2738285 
3011 2738287 
3012 2738287 
3013 2738287 
3014 2738287 
3015 2738288 
3016 2738288 
3017 2738288 
3018 2738289 
3019 2738289 
3020 2738289 
3021 2738290 
3022 2738292 
3023 2738292 
3024 2738292 
3025 2738293 
3026 2738293 
3027 2738293 
3028 2738294 
3029 2738294 
3030 2738294 
3031 2738295 
3032 2738295 
3033 2738301 
3034 2738302 
3035 2738306 
3036 2738307 
3037 2738308 
3038 2738308 
3039 2738308 
3040 2738308 
3041 2738309 
3042 2738309 
3043 2738315 
3044 2738317 
3045 2738319 
3046 2738321 
3047 2738326 
3048 2738332 
3049 2738332 
3050 2738332 
3051 2738337 
3052 2738338 
3053 2738340 
3054 2738345 
3055 2738346 
3056 2738346 
3057 2738360 
3058 2738360 
3059 2738366 
3060 2738369 
3061 2738370 
3062 2738376 
3063 2738384 
3064 2738386 
3065 2738402 
3066 2738413 
3067 2738422 
3068 2738422 
3069 2738422 
3070 2738422 
3071 2738422 
3072 2738423 
3073 2738423 
3074 2738424 
3075 2738424 
3076 2738424 
3077 2738425 
3078 2738425 
3079 2738425 
3080 2738426 
3081 2738426 
3082 2738427 
3083 2738427 
3084 2738428 
3085 2738428 
3086 2738429 
3087 2738429 
3088 2738429 
3089 2738430 
3090 2738440 
3091 2738441 
3092 2738442 
3093 2738445 
3094 2738450 
3095 2738452 
3096 2738459 
3097 2738459 
3098 2738475 
3099 2738476 
3100 2738476 
3101 2738476 
3102 2738481 
3103 2738482 
3104 2738482 
3105 2738482 
3106 2738493 
3107 2738493 
3108 2738494 
3109 2738494 
3110 2738495 
3111 2738495 
3112 2738499 
3113 2738499 
3114 2738517 
3115 2738521 
3116 2738533 
3117 2738533 
3118 2738534 
3119 2738534 
3120 2738534 
3121 2738535 
3122 2738536 
3123 2738536 
3124 2738536 
3125 2738537 
3126 2738537 
3127 2738537 
3128 2738538 
3129 2738538 
3130 2738539 
3131 2738539 
3132 2738539 
3133 2738540 
3134 2738540 
3135 2738541 
3136 2738543 
3137 2738544 
3138 2738545 
3139 2738546 
3140 2738550 
3141 2738566 
3142 2738571 
3143 2738590 
3144 2738590 
3145 2738601 
3146 2738603 
3147 2738606 
3148 2738607 
3149 2738608 
3150 2738628 
3151 2738629 
3152 2738629 
3153 2738631 
3154 2738631 
3155 2738660 
3156 2738661 
3157 2738661 
3158 2738661 
3159 2738662 
3160 2738662 
3161 2738662 
3162 2738662 
3163 2738663 
3164 2738663 
3165 2738664 
3166 2738665 
3167 2738685 
3168 2738695 
3169 2738695 
3170 2738696 
3171 2738707 
3172 2738710 
3173 2738711 
3174 2738712 
3175 2738713 
3176 2738714 
3177 2738715 
3178 2738715 
3179 2738716 
3180 2738724 
3181 2738726 
3182 2738728 
3183 2738729 
3184 2738729 
3185 2738730 
3186 2738730 
3187 2738730 
3188 2738731 
3189 2738733 
3190 2738739 
3191 2738739 
3192 2738743 
3193 2738748 
3194 2738749 
3195 2738749 
3196 2738750 
3197 2738750 
3198 2738750 
3199 2738751 
3200 2738751 
3201 2738752 
3202 2738758 
3203 2738758 
3204 2738759 
3205 2738759 
3206 2738762 
3207 2738763 
3208 2738763 
3209 2738764 
3210 2738764 
3211 2738765 
3212 2738765 
3213 2738766 
3214 2738766 
3215 2738766 
3216 2738771 
3217 2738772 
3218 2738772 
3219 2738772 
3220 2738772 
3221 2738773 
3222 2738773 
3223 2738773 
3224 2738774 
3225 2738774 
3226 2738786 
3227 2738789 
3228 2738791 
3229 2738791 
3230 2738791 
3231 2738792 
3232 2738792 
3233 2738793 
3234 2738793 
3235 2738793 
3236 2738793 
3237 2738794 
3238 2738794 
3239 2738794 
3240 2738794 
3241 2738795 
3242 2738795 
3243 2738796 
3244 2738796 
3245 2738796 
3246 2738796 
3247 2738797 
3248 2738797 
3249 2738797 
3250 2738799 
3251 2738799 
3252 2738800 
3253 2738808 
3254 2738811 
3255 2738811 
3256 2738814 
3257 2738815 
3258 2738816 
3259 2738816 
3260 2738816 
3261 2738817 
3262 2738824 
3263 2738827 
3264 2738828 
3265 2738828 
3266 2738828 
3267 2738831 
3268 2738834 
3269 2738835 
3270 2738836 
3271 2738836 
3272 2738837 
3273 2738839 
3274 2738847 
3275 2738848 
3276 2738851 
3277 2738854 
3278 2738856 
3279 2738856 
3280 2738857 
3281 2738857 
3282 2738857 
3283 2738859 
3284 2738860 
3285 2738865 
3286 2738866 
3287 2738866 
3288 2738867 
3289 2738868 
3290 2738869 
3291 2738869 
3292 2738870 
3293 2738870 
3294 2738870 
3295 2738872 
3296 2738876 
3297 2738876 
3298 2738877 
3299 2738896 
3300 2738896 
3301 2738911 
3302 2738915 
3303 2738917 
3304 2738919 
3305 2738921 
3306 2738928 
3307 2738934 
3308 2738937 
3309 2738940 
3310 2738945 
3311 2738945 
3312 2738945 
3313 2738951 
3314 2738964 
3315 2738969 
3316 2738975 
3317 2738976 
3318 2738976 
3319 2738977 
3320 2738977 
3321 2738977 
3322 2738978 
3323 2738978 
3324 2738981 
3325 2738985 
3326 2738985 
3327 2738986 
3328 2738986 
3329 2738987 
3330 2738987 
3331 2738987 
3332 2738993 
3333 2738994 
3334 2739003 
3335 2739005 
3336 2739005 
3337 2739008 
3338 2739011 
3339 2739014 
3340 2739017 
3341 2739017 
3342 2739025 
3343 2739039 
3344 2739042 
3345 2739043 
3346 2739043 
3347 2739043 
3348 2739044 
3349 2739045 
3350 2739046 
3351 2739046 
3352 2739046 
3353 2739047 
3354 2739086 
3355 2739087 
3356 2739087 
3357 2739094 
3358 2739094 
3359 2739094 
3360 2739096 
3361 2739099 
3362 2739100 
3363 2739106 
3364 2739106 
3365 2739106 
3366 2739107 
3367 2739107 
3368 2739109 
3369 2739109 
3370 2739110 
3371 2739125 
3372 2739125 
3373 2739125 
3374 2739125 
3375 2739126 
3376 2739126 
3377 2739126 
3378 2739127 
3379 2739127 
3380 2739128 
3381 2739128 
3382 2739128 
3383 2739129 
3384 2739129 
3385 2739131 
3386 2739131 
3387 2739131 
3388 2739134 
3389 2739135 
3390 2739144 
3391 2739144 
3392 2739155 
3393 2739162 
3394 2739170 
3395 2739171 
3396 2739171 
3397 2739171 
3398 2739179 
3399 2739187 
3400 2739188 
3401 2739211 
3402 2739212 
3403 2739212 
3404 2739212 
3405 2739213 
3406 2739213 
3407 2739213 
3408 2739214 
3409 2739214 
3410 2739214 
3411 2739215 
3412 2739216 
3413 2739216 
3414 2739221 
3415 2739221 
3416 2739222 
3417 2739222 
3418 2739222 
3419 2739222 
3420 2739223 
3421 2739223 
3422 2739223 
3423 2739224 
3424 2739224 
3425 2739224 
3426 2739225 
3427 2739225 
3428 2739225 
3429 2739226 
3430 2739226 
3431 2739226 
3432 2739227 
3433 2739227 
3434 2739227 
3435 2739228 
3436 2739228 
3437 2739228 
3438 2739229 
3439 2739229 
3440 2739229 
3441 2739230 
3442 2739230 
3443 2739230 
3444 2739231 
3445 2739231 
3446 2739231 
3447 2739232 
3448 2739232 
3449 2739232 
3450 2739233 
3451 2739233 
3452 2739233 
3453 2739234 
3454 2739234 
3455 2739234 
3456 2739234 
3457 2739234 
3458 2739235 
3459 2739235 
3460 2739237 
3461 2739239 
3462 2739239 
3463 2739256 
3464 2739257 
3465 2739257 
3466 2739261 
3467 2739261 
3468 2739262 
3469 2739264 
3470 2739277 
3471 2739278 
3472 2739284 
3473 2739289 
3474 2739290 
3475 2739292 
3476 2739292 
3477 2739293 
3478 2739293 
3479 2739294 
3480 2739296 
3481 2739308 
3482 2739317 
3483 2739317 
3484 2739318 
3485 2739318 
3486 2739318 
3487 2739319 
3488 2739319 
3489 2739322 
3490 2739352 
3491 2739352 
3492 2739353 
3493 2739353 
3494 2739353 
3495 2739354 
3496 2739354 
3497 2739367 
3498 2739371 
3499 2739381 
3500 2739431 
3501 2739464 
3502 2739464 
3503 2739464 
3504 2739465 
3505 2739465 
3506 2739465 
3507 2739466 
3508 2739466 
3509 2739466 
3510 2739466 
3511 2739467 
3512 2739471 
3513 2739471 
3514 2739472 
3515 2739476 
3516 2739488 
3517 2739500 
3518 2739502 
3519 2739502 
3520 2739503 
3521 2739503 
3522 2739503 
3523 2739504 
3524 2739517 
3525 2739522 
3526 2739524 
3527 2739525 
3528 2739525 
3529 2739525 
3530 2739530 
3531 2739538 
3532 2739541 
3533 2739542 
3534 2739543 
3535 2739543 
3536 2739543 
3537 2739543 
3538 2739544 
3539 2739544 
3540 2739545 
3541 2739545 
3542 2739545 
3543 2739546 
3544 2739546 
3545 2739546 
3546 2739546 
3547 2739547 
3548 2739547 
3549 2739548 
3550 2739548 
3551 2739548 
3552 2739548 
3553 2739549 
3554 2739549 
3555 2739549 
3556 2739550 
3557 2739550 
3558 2739550 
3559 2739551 
3560 2739551 
3561 2739552 
3562 2739552 
3563 2739552 
3564 2739553 
3565 2739553 
3566 2739553 
3567 2739554 
3568 2739554 
3569 2739555 
3570 2739555 
3571 2739555 
3572 2739556 
3573 2739556 
3574 2739556 
3575 2739557 
3576 2739557 
3577 2739558 
3578 2739576 
3579 2739579 
3580 2739579 
3581 2739590 
3582 2739600 
