1 2419202 
2 2419202 
3 2419202 
4 2419202 
5 2419204 
6 2419204 
7 2419205 
8 2419205 
9 2419208 
10 2419208 
11 2419208 
12 2419209 
13 2419209 
14 2419212 
15 2419212 
16 2419212 
17 2419213 
18 2419213 
19 2419213 
20 2419214 
21 2419214 
22 2419215 
23 2419215 
24 2419217 
25 2419220 
26 2419221 
27 2419222 
28 2419223 
29 2419223 
30 2419223 
31 2419224 
32 2419224 
33 2419224 
34 2419225 
35 2419225 
36 2419225 
37 2419226 
38 2419226 
39 2419226 
40 2419227 
41 2419228 
42 2419228 
43 2419229 
44 2419229 
45 2419229 
46 2419230 
47 2419234 
48 2419235 
49 2419236 
50 2419236 
51 2419239 
52 2419241 
53 2419243 
54 2419243 
55 2419244 
56 2419244 
57 2419244 
58 2419244 
59 2419245 
60 2419245 
61 2419245 
62 2419246 
63 2419246 
64 2419246 
65 2419247 
66 2419247 
67 2419247 
68 2419247 
69 2419248 
70 2419248 
71 2419249 
72 2419250 
73 2419250 
74 2419251 
75 2419251 
76 2419254 
77 2419255 
78 2419257 
79 2419259 
80 2419260 
81 2419260 
82 2419260 
83 2419260 
84 2419261 
85 2419262 
86 2419262 
87 2419262 
88 2419263 
89 2419263 
90 2419264 
91 2419264 
92 2419264 
93 2419265 
94 2419265 
95 2419265 
96 2419266 
97 2419266 
98 2419266 
99 2419266 
100 2419267 
101 2419267 
102 2419267 
103 2419267 
104 2419268 
105 2419268 
106 2419268 
107 2419269 
108 2419269 
109 2419269 
110 2419270 
111 2419270 
112 2419270 
113 2419271 
114 2419278 
115 2419278 
116 2419278 
117 2419278 
118 2419278 
119 2419279 
120 2419279 
121 2419279 
122 2419279 
123 2419280 
124 2419282 
125 2419285 
126 2419286 
127 2419287 
128 2419287 
129 2419289 
130 2419291 
131 2419292 
132 2419292 
133 2419292 
134 2419293 
135 2419293 
136 2419293 
137 2419294 
138 2419294 
139 2419294 
140 2419295 
141 2419295 
142 2419295 
143 2419296 
144 2419296 
145 2419297 
146 2419297 
147 2419298 
148 2419298 
149 2419298 
150 2419299 
151 2419299 
152 2419299 
153 2419300 
154 2419300 
155 2419301 
156 2419301 
157 2419302 
158 2419303 
159 2419304 
160 2419304 
161 2419305 
162 2419306 
163 2419306 
164 2419307 
165 2419307 
166 2419308 
167 2419309 
168 2419309 
169 2419309 
170 2419310 
171 2419312 
172 2419313 
173 2419316 
174 2419316 
175 2419317 
176 2419317 
177 2419317 
178 2419318 
179 2419319 
180 2419321 
181 2419321 
182 2419321 
183 2419321 
184 2419322 
185 2419322 
186 2419322 
187 2419322 
188 2419323 
189 2419323 
190 2419323 
191 2419323 
192 2419324 
193 2419324 
194 2419324 
195 2419325 
196 2419325 
197 2419325 
198 2419325 
199 2419326 
200 2419326 
201 2419327 
202 2419327 
203 2419330 
204 2419330 
205 2419330 
206 2419331 
207 2419331 
208 2419331 
209 2419331 
210 2419332 
211 2419332 
212 2419335 
213 2419337 
214 2419337 
215 2419337 
216 2419338 
217 2419342 
218 2419343 
219 2419343 
220 2419345 
221 2419346 
222 2419346 
223 2419346 
224 2419347 
225 2419347 
226 2419347 
227 2419348 
228 2419348 
229 2419348 
230 2419349 
231 2419349 
232 2419349 
233 2419350 
234 2419350 
235 2419355 
236 2419359 
237 2419360 
238 2419365 
239 2419367 
240 2419367 
241 2419367 
242 2419368 
243 2419368 
244 2419369 
245 2419369 
246 2419370 
247 2419371 
248 2419372 
249 2419372 
250 2419373 
251 2419373 
252 2419373 
253 2419374 
254 2419374 
255 2419374 
256 2419375 
257 2419376 
258 2419377 
259 2419380 
260 2419380 
261 2419381 
262 2419381 
263 2419384 
264 2419384 
265 2419385 
266 2419385 
267 2419385 
268 2419386 
269 2419386 
270 2419387 
271 2419387 
272 2419387 
273 2419387 
274 2419387 
275 2419388 
276 2419388 
277 2419388 
278 2419388 
279 2419389 
280 2419389 
281 2419389 
282 2419389 
283 2419389 
284 2419390 
285 2419390 
286 2419390 
287 2419391 
288 2419391 
289 2419391 
290 2419392 
291 2419392 
292 2419401 
293 2419401 
294 2419401 
295 2419407 
296 2419407 
297 2419407 
298 2419408 
299 2419408 
300 2419408 
301 2419409 
302 2419409 
303 2419409 
304 2419409 
305 2419410 
306 2419410 
307 2419410 
308 2419412 
309 2419413 
310 2419413 
311 2419414 
312 2419414 
313 2419414 
314 2419414 
315 2419415 
316 2419415 
317 2419415 
318 2419416 
319 2419416 
320 2419417 
321 2419419 
322 2419419 
323 2419419 
324 2419420 
325 2419420 
326 2419421 
327 2419429 
328 2419429 
329 2419430 
330 2419430 
331 2419430 
332 2419431 
333 2419431 
334 2419431 
335 2419432 
336 2419432 
337 2419432 
338 2419433 
339 2419433 
340 2419433 
341 2419433 
342 2419434 
343 2419434 
344 2419435 
345 2419435 
346 2419436 
347 2419436 
348 2419437 
349 2419437 
350 2419437 
351 2419438 
352 2419438 
353 2419438 
354 2419439 
355 2419448 
356 2419448 
357 2419448 
358 2419449 
359 2419449 
360 2419449 
361 2419450 
362 2419450 
363 2419450 
364 2419450 
365 2419451 
366 2419451 
367 2419452 
368 2419452 
369 2419453 
370 2419453 
371 2419453 
372 2419454 
373 2419454 
374 2419454 
375 2419455 
376 2419455 
377 2419455 
378 2419456 
379 2419456 
380 2419456 
381 2419456 
382 2419457 
383 2419457 
384 2419457 
385 2419458 
386 2419458 
387 2419458 
388 2419459 
389 2419459 
390 2419459 
391 2419460 
392 2419464 
393 2419466 
394 2419467 
395 2419467 
396 2419469 
397 2419472 
398 2419472 
399 2419474 
400 2419475 
401 2419475 
402 2419477 
403 2419478 
404 2419479 
405 2419479 
406 2419480 
407 2419482 
408 2419483 
409 2419484 
410 2419485 
411 2419486 
412 2419486 
413 2419486 
414 2419487 
415 2419487 
416 2419487 
417 2419488 
418 2419488 
419 2419488 
420 2419489 
421 2419489 
422 2419489 
423 2419489 
424 2419490 
425 2419490 
426 2419490 
427 2419491 
428 2419491 
429 2419494 
430 2419496 
431 2419496 
432 2419496 
433 2419496 
434 2419497 
435 2419497 
436 2419497 
437 2419500 
438 2419500 
439 2419501 
440 2419503 
441 2419504 
442 2419506 
443 2419508 
444 2419508 
445 2419509 
446 2419509 
447 2419514 
448 2419519 
449 2419521 
450 2419521 
451 2419530 
452 2419533 
453 2419534 
454 2419539 
455 2419539 
456 2419540 
457 2419541 
458 2419541 
459 2419541 
460 2419541 
461 2419545 
462 2419546 
463 2419554 
464 2419561 
465 2419561 
466 2419572 
467 2419577 
468 2419584 
469 2419597 
470 2419598 
471 2419599 
472 2419599 
473 2419603 
474 2419603 
475 2419606 
476 2419606 
477 2419607 
478 2419607 
479 2419608 
480 2419610 
481 2419613 
482 2419613 
483 2419613 
484 2419613 
485 2419617 
486 2419618 
487 2419619 
488 2419625 
489 2419626 
490 2419626 
491 2419626 
492 2419630 
493 2419630 
494 2419644 
495 2419645 
496 2419645 
497 2419648 
498 2419649 
499 2419661 
500 2419662 
501 2419663 
502 2419663 
503 2419664 
504 2419665 
505 2419666 
506 2419666 
507 2419666 
508 2419667 
509 2419672 
510 2419677 
511 2419678 
512 2419678 
513 2419678 
514 2419678 
515 2419679 
516 2419679 
517 2419681 
518 2419684 
519 2419684 
520 2419685 
521 2419685 
522 2419686 
523 2419686 
524 2419686 
525 2419687 
526 2419690 
527 2419690 
528 2419692 
529 2419709 
530 2419709 
531 2419709 
532 2419709 
533 2419710 
534 2419710 
535 2419711 
536 2419711 
537 2419712 
538 2419721 
539 2419726 
540 2419732 
541 2419741 
542 2419742 
543 2419742 
544 2419742 
545 2419742 
546 2419743 
547 2419743 
548 2419745 
549 2419748 
550 2419751 
551 2419751 
552 2419751 
553 2419752 
554 2419752 
555 2419758 
556 2419759 
557 2419759 
558 2419769 
559 2419769 
560 2419769 
561 2419770 
562 2419770 
563 2419770 
564 2419771 
565 2419771 
566 2419771 
567 2419772 
568 2419773 
569 2419773 
570 2419774 
571 2419774 
572 2419774 
573 2419775 
574 2419775 
575 2419775 
576 2419776 
577 2419776 
578 2419776 
579 2419777 
580 2419777 
581 2419779 
582 2419783 
583 2419798 
584 2419798 
585 2419799 
586 2419799 
587 2419799 
588 2419799 
589 2419800 
590 2419800 
591 2419800 
592 2419801 
593 2419802 
594 2419802 
595 2419803 
596 2419803 
597 2419804 
598 2419807 
599 2419808 
600 2419815 
601 2419815 
602 2419822 
603 2419823 
604 2419826 
605 2419827 
606 2419828 
607 2419829 
608 2419837 
609 2419838 
610 2419841 
611 2419841 
612 2419841 
613 2419842 
614 2419842 
615 2419842 
616 2419843 
617 2419843 
618 2419844 
619 2419844 
620 2419844 
621 2419844 
622 2419845 
623 2419845 
624 2419847 
625 2419847 
626 2419847 
627 2419853 
628 2419853 
629 2419855 
630 2419856 
631 2419858 
632 2419859 
633 2419859 
634 2419859 
635 2419860 
636 2419860 
637 2419861 
638 2419861 
639 2419867 
640 2419871 
641 2419873 
642 2419874 
643 2419874 
644 2419874 
645 2419874 
646 2419875 
647 2419875 
648 2419876 
649 2419876 
650 2419878 
651 2419878 
652 2419879 
653 2419882 
654 2419889 
655 2419889 
656 2419892 
657 2419892 
658 2419894 
659 2419894 
660 2419894 
661 2419907 
662 2419922 
663 2419930 
664 2419930 
665 2419930 
666 2419943 
667 2419944 
668 2419944 
669 2419949 
670 2419949 
671 2419955 
672 2419962 
673 2419962 
674 2419968 
675 2419973 
676 2419979 
677 2419987 
678 2419989 
679 2419990 
680 2419990 
681 2419990 
682 2419995 
683 2419995 
684 2419995 
685 2419996 
686 2420000 
687 2420002 
688 2420003 
689 2420008 
690 2420009 
691 2420011 
692 2420019 
693 2420023 
694 2420024 
695 2420024 
696 2420025 
697 2420025 
698 2420025 
699 2420026 
700 2420026 
701 2420026 
702 2420027 
703 2420027 
704 2420027 
705 2420028 
706 2420028 
707 2420028 
708 2420029 
709 2420029 
710 2420029 
711 2420030 
712 2420030 
713 2420030 
714 2420031 
715 2420031 
716 2420031 
717 2420033 
718 2420033 
719 2420038 
720 2420044 
721 2420045 
722 2420049 
723 2420049 
724 2420049 
725 2420054 
726 2420054 
727 2420062 
728 2420063 
729 2420071 
730 2420071 
731 2420072 
732 2420100 
733 2420101 
734 2420101 
735 2420101 
736 2420102 
737 2420102 
738 2420110 
739 2420110 
740 2420110 
741 2420111 
742 2420111 
743 2420112 
744 2420115 
745 2420135 
746 2420137 
747 2420140 
748 2420146 
749 2420146 
750 2420146 
751 2420147 
752 2420156 
753 2420156 
754 2420169 
755 2420169 
756 2420170 
757 2420170 
758 2420170 
759 2420171 
760 2420171 
761 2420171 
762 2420174 
763 2420174 
764 2420177 
765 2420177 
766 2420208 
767 2420215 
768 2420237 
769 2420237 
770 2420249 
771 2420249 
772 2420249 
773 2420250 
774 2420252 
775 2420259 
776 2420260 
777 2420260 
778 2420264 
779 2420267 
780 2420272 
781 2420273 
782 2420274 
783 2420278 
784 2420278 
785 2420279 
786 2420279 
787 2420279 
788 2420280 
789 2420281 
790 2420282 
791 2420293 
792 2420294 
793 2420296 
794 2420296 
795 2420300 
796 2420300 
797 2420301 
798 2420301 
799 2420301 
800 2420302 
801 2420302 
802 2420302 
803 2420303 
804 2420303 
805 2420303 
806 2420303 
807 2420304 
808 2420307 
809 2420308 
810 2420311 
811 2420315 
812 2420316 
813 2420316 
814 2420316 
815 2420317 
816 2420317 
817 2420317 
818 2420317 
819 2420318 
820 2420318 
821 2420318 
822 2420319 
823 2420319 
824 2420319 
825 2420320 
826 2420320 
827 2420320 
828 2420321 
829 2420321 
830 2420322 
831 2420322 
832 2420323 
833 2420326 
834 2420326 
835 2420327 
836 2420327 
837 2420327 
838 2420327 
839 2420328 
840 2420328 
841 2420331 
842 2420331 
843 2420334 
844 2420336 
845 2420338 
846 2420345 
847 2420353 
848 2420359 
849 2420359 
850 2420366 
851 2420366 
852 2420367 
853 2420367 
854 2420367 
855 2420368 
856 2420368 
857 2420369 
858 2420369 
859 2420370 
860 2420370 
861 2420371 
862 2420372 
863 2420372 
864 2420373 
865 2420376 
866 2420379 
867 2420379 
868 2420379 
869 2420379 
870 2420380 
871 2420380 
872 2420380 
873 2420382 
874 2420386 
875 2420386 
876 2420387 
877 2420387 
878 2420387 
879 2420388 
880 2420390 
881 2420394 
882 2420394 
883 2420396 
884 2420396 
885 2420399 
886 2420404 
887 2420405 
888 2420416 
889 2420424 
890 2420428 
891 2420429 
892 2420436 
893 2420437 
894 2420437 
895 2420443 
896 2420443 
897 2420446 
898 2420447 
899 2420448 
900 2420451 
901 2420452 
902 2420452 
903 2420452 
904 2420453 
905 2420453 
906 2420453 
907 2420454 
908 2420454 
909 2420454 
910 2420455 
911 2420459 
912 2420459 
913 2420460 
914 2420460 
915 2420460 
916 2420461 
917 2420461 
918 2420461 
919 2420462 
920 2420462 
921 2420467 
922 2420467 
923 2420467 
924 2420473 
925 2420479 
926 2420496 
927 2420496 
928 2420496 
929 2420497 
930 2420497 
931 2420499 
932 2420504 
933 2420506 
934 2420506 
935 2420509 
936 2420509 
937 2420513 
938 2420513 
939 2420513 
940 2420514 
941 2420514 
942 2420515 
943 2420515 
944 2420515 
945 2420522 
946 2420523 
947 2420530 
948 2420535 
949 2420536 
950 2420544 
951 2420546 
952 2420549 
953 2420550 
954 2420556 
955 2420556 
956 2420556 
957 2420563 
958 2420575 
959 2420576 
960 2420576 
961 2420577 
962 2420577 
963 2420577 
964 2420578 
965 2420586 
966 2420586 
967 2420587 
968 2420587 
969 2420587 
970 2420588 
971 2420588 
972 2420588 
973 2420589 
974 2420590 
975 2420595 
976 2420604 
977 2420613 
978 2420617 
979 2420617 
980 2420617 
981 2420620 
982 2420620 
983 2420620 
984 2420620 
985 2420621 
986 2420622 
987 2420622 
988 2420622 
989 2420623 
990 2420623 
991 2420623 
992 2420624 
993 2420624 
994 2420624 
995 2420625 
996 2420627 
997 2420633 
998 2420635 
999 2420636 
1000 2420636 
1001 2420637 
1002 2420637 
1003 2420637 
1004 2420638 
1005 2420638 
1006 2420639 
1007 2420639 
1008 2420639 
1009 2420639 
1010 2420640 
1011 2420640 
1012 2420640 
1013 2420641 
1014 2420641 
1015 2420641 
1016 2420641 
1017 2420642 
1018 2420642 
1019 2420642 
1020 2420642 
1021 2420643 
1022 2420643 
1023 2420643 
1024 2420644 
1025 2420644 
1026 2420645 
1027 2420645 
1028 2420646 
1029 2420646 
1030 2420646 
1031 2420647 
1032 2420647 
1033 2420648 
1034 2420649 
1035 2420649 
1036 2420649 
1037 2420650 
1038 2420650 
1039 2420652 
1040 2420655 
1041 2420657 
1042 2420657 
1043 2420657 
1044 2420658 
1045 2420659 
1046 2420659 
1047 2420660 
1048 2420660 
1049 2420660 
1050 2420660 
1051 2420661 
1052 2420662 
1053 2420663 
1054 2420663 
1055 2420664 
1056 2420664 
1057 2420665 
1058 2420666 
1059 2420666 
1060 2420672 
1061 2420673 
1062 2420673 
1063 2420673 
1064 2420674 
1065 2420674 
1066 2420674 
1067 2420674 
1068 2420675 
1069 2420675 
1070 2420675 
1071 2420675 
1072 2420676 
1073 2420676 
1074 2420680 
1075 2420681 
1076 2420682 
1077 2420682 
1078 2420683 
1079 2420683 
1080 2420683 
1081 2420684 
1082 2420684 
1083 2420690 
1084 2420694 
1085 2420694 
1086 2420694 
1087 2420695 
1088 2420695 
1089 2420695 
1090 2420695 
1091 2420696 
1092 2420696 
1093 2420696 
1094 2420697 
1095 2420698 
1096 2420700 
1097 2420701 
1098 2420701 
1099 2420701 
1100 2420702 
1101 2420702 
1102 2420702 
1103 2420702 
1104 2420703 
1105 2420703 
1106 2420703 
1107 2420705 
1108 2420713 
1109 2420714 
1110 2420714 
1111 2420714 
1112 2420715 
1113 2420715 
1114 2420715 
1115 2420716 
1116 2420716 
1117 2420716 
1118 2420717 
1119 2420717 
1120 2420718 
1121 2420718 
1122 2420718 
1123 2420719 
1124 2420719 
1125 2420719 
1126 2420720 
1127 2420720 
1128 2420720 
1129 2420720 
1130 2420721 
1131 2420721 
1132 2420721 
1133 2420722 
1134 2420722 
1135 2420722 
1136 2420723 
1137 2420728 
1138 2420733 
1139 2420733 
1140 2420734 
1141 2420734 
1142 2420735 
1143 2420737 
1144 2420737 
1145 2420738 
1146 2420738 
1147 2420738 
1148 2420739 
1149 2420739 
1150 2420739 
1151 2420739 
1152 2420740 
1153 2420740 
1154 2420740 
1155 2420741 
1156 2420746 
1157 2420760 
1158 2420761 
1159 2420762 
1160 2420772 
1161 2420778 
1162 2420778 
1163 2420779 
1164 2420779 
1165 2420779 
1166 2420780 
1167 2420780 
1168 2420780 
1169 2420781 
1170 2420781 
1171 2420782 
1172 2420782 
1173 2420782 
1174 2420783 
1175 2420783 
1176 2420783 
1177 2420784 
1178 2420784 
1179 2420784 
1180 2420785 
1181 2420785 
1182 2420791 
1183 2420791 
1184 2420792 
1185 2420792 
1186 2420792 
1187 2420793 
1188 2420793 
1189 2420793 
1190 2420794 
1191 2420795 
1192 2420795 
1193 2420796 
1194 2420797 
1195 2420798 
1196 2420807 
1197 2420807 
1198 2420808 
1199 2420808 
1200 2420808 
1201 2420809 
1202 2420809 
1203 2420810 
1204 2420810 
1205 2420811 
1206 2420811 
1207 2420811 
1208 2420821 
1209 2420821 
1210 2420822 
1211 2420822 
1212 2420822 
1213 2420828 
1214 2420828 
1215 2420828 
1216 2420845 
1217 2420845 
1218 2420850 
1219 2420850 
1220 2420850 
1221 2420852 
1222 2420852 
1223 2420859 
1224 2420859 
1225 2420863 
1226 2420863 
1227 2420864 
1228 2420865 
1229 2420865 
1230 2420866 
1231 2420866 
1232 2420868 
1233 2420879 
1234 2420886 
1235 2420886 
1236 2420886 
1237 2420887 
1238 2420887 
1239 2420887 
1240 2420888 
1241 2420888 
1242 2420897 
1243 2420898 
1244 2420899 
1245 2420899 
1246 2420900 
1247 2420902 
1248 2420905 
1249 2420906 
1250 2420906 
1251 2420917 
1252 2420918 
1253 2420918 
1254 2420920 
1255 2420921 
1256 2420921 
1257 2420922 
1258 2420922 
1259 2420922 
1260 2420923 
1261 2420923 
1262 2420924 
1263 2420927 
1264 2420932 
1265 2420946 
1266 2420947 
1267 2420947 
1268 2420948 
1269 2420949 
1270 2420949 
1271 2420950 
1272 2420950 
1273 2420950 
1274 2420951 
1275 2420951 
1276 2420951 
1277 2420952 
1278 2420952 
1279 2420953 
1280 2420953 
1281 2420953 
1282 2420953 
1283 2420954 
1284 2420954 
1285 2420954 
1286 2420954 
1287 2420955 
1288 2420955 
1289 2420956 
1290 2420956 
1291 2420956 
1292 2420957 
1293 2420960 
1294 2420960 
1295 2420967 
1296 2420978 
1297 2420981 
1298 2420983 
1299 2420986 
1300 2420989 
1301 2420991 
1302 2420993 
1303 2420993 
1304 2420994 
1305 2420994 
1306 2420994 
1307 2420995 
1308 2420995 
1309 2420995 
1310 2420998 
1311 2420998 
1312 2420998 
1313 2420999 
1314 2420999 
1315 2420999 
1316 2421000 
1317 2421000 
1318 2421000 
1319 2421001 
1320 2421002 
1321 2421003 
1322 2421003 
1323 2421004 
1324 2421004 
1325 2421005 
1326 2421005 
1327 2421006 
1328 2421006 
1329 2421006 
1330 2421007 
1331 2421007 
1332 2421007 
1333 2421008 
1334 2421008 
1335 2421011 
1336 2421012 
1337 2421012 
1338 2421012 
1339 2421012 
1340 2421013 
1341 2421013 
1342 2421013 
1343 2421013 
1344 2421014 
1345 2421014 
1346 2421017 
1347 2421018 
1348 2421019 
1349 2421019 
1350 2421020 
1351 2421020 
1352 2421022 
1353 2421022 
1354 2421022 
1355 2421023 
1356 2421023 
1357 2421023 
1358 2421023 
1359 2421023 
1360 2421024 
1361 2421024 
1362 2421024 
1363 2421024 
1364 2421025 
1365 2421025 
1366 2421025 
1367 2421025 
1368 2421026 
1369 2421026 
1370 2421035 
1371 2421036 
1372 2421036 
1373 2421036 
1374 2421036 
1375 2421036 
1376 2421037 
1377 2421037 
1378 2421047 
1379 2421047 
1380 2421053 
1381 2421053 
1382 2421060 
1383 2421066 
1384 2421067 
1385 2421068 
1386 2421068 
1387 2421068 
1388 2421070 
1389 2421081 
1390 2421081 
1391 2421082 
1392 2421082 
1393 2421082 
1394 2421082 
1395 2421083 
1396 2421083 
1397 2421083 
1398 2421087 
1399 2421087 
1400 2421088 
1401 2421088 
1402 2421088 
1403 2421089 
1404 2421089 
1405 2421089 
1406 2421090 
1407 2421090 
1408 2421091 
1409 2421091 
1410 2421091 
1411 2421092 
1412 2421092 
1413 2421092 
1414 2421093 
1415 2421095 
1416 2421095 
1417 2421096 
1418 2421096 
1419 2421096 
1420 2421096 
1421 2421097 
1422 2421097 
1423 2421097 
1424 2421098 
1425 2421098 
1426 2421098 
1427 2421102 
1428 2421104 
1429 2421104 
1430 2421105 
1431 2421106 
1432 2421128 
1433 2421128 
1434 2421135 
1435 2421135 
1436 2421136 
1437 2421136 
1438 2421136 
1439 2421137 
1440 2421137 
1441 2421137 
1442 2421138 
1443 2421140 
1444 2421141 
1445 2421142 
1446 2421142 
1447 2421145 
1448 2421147 
1449 2421151 
1450 2421157 
1451 2421157 
1452 2421158 
1453 2421158 
1454 2421158 
1455 2421158 
1456 2421159 
1457 2421159 
1458 2421160 
1459 2421160 
1460 2421160 
1461 2421161 
1462 2421164 
1463 2421165 
1464 2421165 
1465 2421165 
1466 2421166 
1467 2421166 
1468 2421167 
1469 2421167 
1470 2421167 
1471 2421168 
1472 2421168 
1473 2421168 
1474 2421169 
1475 2421171 
1476 2421171 
1477 2421172 
1478 2421174 
1479 2421175 
1480 2421175 
1481 2421176 
1482 2421176 
1483 2421177 
1484 2421177 
1485 2421177 
1486 2421187 
1487 2421196 
1488 2421196 
1489 2421201 
1490 2421202 
1491 2421202 
1492 2421202 
1493 2421203 
1494 2421203 
1495 2421204 
1496 2421207 
1497 2421208 
1498 2421208 
1499 2421209 
1500 2421212 
1501 2421213 
1502 2421220 
1503 2421227 
1504 2421235 
1505 2421235 
1506 2421236 
1507 2421237 
1508 2421238 
1509 2421239 
1510 2421247 
1511 2421249 
1512 2421250 
1513 2421253 
1514 2421253 
1515 2421254 
1516 2421258 
1517 2421272 
1518 2421273 
1519 2421275 
1520 2421275 
1521 2421275 
1522 2421276 
1523 2421276 
1524 2421276 
1525 2421276 
1526 2421277 
1527 2421277 
1528 2421278 
1529 2421278 
1530 2421278 
1531 2421279 
1532 2421288 
1533 2421309 
1534 2421311 
1535 2421316 
1536 2421316 
1537 2421319 
1538 2421320 
1539 2421320 
1540 2421324 
1541 2421325 
1542 2421325 
1543 2421330 
1544 2421330 
1545 2421331 
1546 2421331 
1547 2421331 
1548 2421342 
1549 2421343 
1550 2421347 
1551 2421348 
1552 2421362 
1553 2421363 
1554 2421363 
1555 2421363 
1556 2421364 
1557 2421365 
1558 2421369 
1559 2421370 
1560 2421371 
1561 2421382 
1562 2421389 
1563 2421389 
1564 2421412 
1565 2421420 
1566 2421421 
1567 2421421 
1568 2421421 
1569 2421428 
1570 2421428 
1571 2421432 
1572 2421432 
1573 2421432 
1574 2421433 
1575 2421433 
1576 2421434 
1577 2421434 
1578 2421462 
1579 2421465 
1580 2421474 
1581 2421474 
1582 2421476 
1583 2421476 
1584 2421477 
1585 2421477 
1586 2421478 
1587 2421478 
1588 2421480 
1589 2421481 
1590 2421481 
1591 2421481 
1592 2421493 
1593 2421500 
1594 2421504 
1595 2421504 
1596 2421542 
1597 2421553 
1598 2421553 
1599 2421554 
1600 2421554 
1601 2421557 
1602 2421574 
1603 2421574 
1604 2421611 
1605 2421612 
1606 2421613 
1607 2421614 
1608 2421615 
1609 2421616 
1610 2421616 
1611 2421617 
1612 2421618 
1613 2421627 
1614 2421628 
1615 2421628 
1616 2421628 
1617 2421643 
1618 2421651 
1619 2421652 
1620 2421652 
1621 2421652 
1622 2421653 
1623 2421653 
1624 2421655 
1625 2421656 
1626 2421656 
1627 2421657 
1628 2421657 
1629 2421667 
1630 2421667 
1631 2421676 
1632 2421676 
1633 2421677 
1634 2421677 
1635 2421678 
1636 2421678 
1637 2421678 
1638 2421679 
1639 2421679 
1640 2421679 
1641 2421689 
1642 2421690 
1643 2421712 
1644 2421712 
1645 2421713 
1646 2421713 
1647 2421713 
1648 2421714 
1649 2421714 
1650 2421715 
1651 2421715 
1652 2421715 
1653 2421716 
1654 2421716 
1655 2421716 
1656 2421717 
1657 2421717 
1658 2421718 
1659 2421718 
1660 2421718 
1661 2421719 
1662 2421719 
1663 2421719 
1664 2421720 
1665 2421720 
1666 2421720 
1667 2421721 
1668 2421721 
1669 2421721 
1670 2421722 
1671 2421723 
1672 2421724 
1673 2421726 
1674 2421732 
1675 2421732 
1676 2421735 
1677 2421738 
1678 2421745 
1679 2421747 
1680 2421751 
1681 2421772 
1682 2421777 
1683 2421782 
1684 2421783 
1685 2421783 
1686 2421783 
1687 2421783 
1688 2421795 
1689 2421800 
1690 2421813 
1691 2421814 
1692 2421819 
1693 2421819 
1694 2421820 
1695 2421820 
1696 2421827 
1697 2421827 
1698 2421828 
1699 2421833 
1700 2421848 
1701 2421848 
1702 2421861 
1703 2421861 
1704 2421862 
1705 2421863 
1706 2421864 
1707 2421864 
1708 2421864 
1709 2421865 
1710 2421865 
1711 2421885 
1712 2421900 
1713 2421901 
1714 2421905 
1715 2421911 
1716 2421922 
1717 2421922 
1718 2421924 
1719 2421924 
1720 2421928 
1721 2421931 
1722 2421933 
1723 2421933 
1724 2421934 
1725 2421934 
1726 2421934 
1727 2421936 
1728 2421937 
1729 2421937 
1730 2421937 
1731 2421938 
1732 2421938 
1733 2421938 
1734 2421939 
1735 2421949 
1736 2421949 
1737 2421950 
1738 2421954 
1739 2421954 
1740 2421955 
1741 2421958 
1742 2421958 
1743 2421976 
1744 2421977 
1745 2421977 
1746 2421977 
1747 2421982 
1748 2421982 
1749 2421983 
1750 2421986 
1751 2422004 
1752 2422005 
1753 2422005 
1754 2422005 
1755 2422006 
1756 2422006 
1757 2422014 
1758 2422014 
1759 2422015 
1760 2422015 
1761 2422019 
1762 2422027 
1763 2422035 
1764 2422036 
1765 2422047 
1766 2422047 
1767 2422048 
1768 2422051 
1769 2422052 
1770 2422064 
1771 2422064 
1772 2422064 
1773 2422064 
1774 2422065 
1775 2422070 
1776 2422070 
1777 2422075 
1778 2422084 
1779 2422084 
1780 2422099 
1781 2422099 
1782 2422100 
1783 2422100 
1784 2422101 
1785 2422101 
1786 2422101 
1787 2422101 
1788 2422102 
1789 2422102 
1790 2422102 
1791 2422103 
1792 2422103 
1793 2422111 
1794 2422111 
1795 2422111 
1796 2422112 
1797 2422112 
1798 2422112 
1799 2422113 
1800 2422113 
1801 2422113 
1802 2422114 
1803 2422114 
1804 2422118 
1805 2422119 
1806 2422119 
1807 2422119 
1808 2422120 
1809 2422120 
1810 2422120 
1811 2422121 
1812 2422121 
1813 2422121 
1814 2422122 
1815 2422122 
1816 2422122 
1817 2422122 
1818 2422123 
1819 2422123 
1820 2422124 
1821 2422124 
1822 2422124 
1823 2422124 
1824 2422125 
1825 2422125 
1826 2422125 
1827 2422126 
1828 2422127 
1829 2422127 
1830 2422127 
1831 2422128 
1832 2422128 
1833 2422128 
1834 2422132 
1835 2422133 
1836 2422133 
1837 2422133 
1838 2422135 
1839 2422135 
1840 2422144 
1841 2422144 
1842 2422145 
1843 2422145 
1844 2422145 
1845 2422146 
1846 2422146 
1847 2422146 
1848 2422147 
1849 2422147 
1850 2422147 
1851 2422148 
1852 2422148 
1853 2422148 
1854 2422167 
1855 2422170 
1856 2422171 
1857 2422179 
1858 2422185 
1859 2422186 
1860 2422192 
1861 2422192 
1862 2422192 
1863 2422193 
1864 2422193 
1865 2422197 
1866 2422202 
1867 2422203 
1868 2422203 
1869 2422204 
1870 2422209 
1871 2422209 
1872 2422212 
1873 2422216 
1874 2422216 
1875 2422219 
1876 2422227 
1877 2422240 
1878 2422240 
1879 2422241 
1880 2422262 
1881 2422265 
1882 2422277 
1883 2422278 
1884 2422284 
1885 2422284 
1886 2422290 
1887 2422294 
1888 2422295 
1889 2422295 
1890 2422295 
1891 2422298 
1892 2422299 
1893 2422300 
1894 2422300 
1895 2422300 
1896 2422301 
1897 2422301 
1898 2422302 
1899 2422302 
1900 2422312 
1901 2422314 
1902 2422314 
1903 2422314 
1904 2422319 
1905 2422321 
1906 2422321 
1907 2422343 
1908 2422352 
1909 2422353 
1910 2422358 
1911 2422358 
1912 2422359 
1913 2422360 
1914 2422365 
1915 2422371 
1916 2422382 
1917 2422422 
1918 2422430 
1919 2422430 
1920 2422434 
1921 2422434 
1922 2422442 
1923 2422443 
1924 2422446 
1925 2422446 
1926 2422459 
1927 2422464 
1928 2422464 
1929 2422465 
1930 2422477 
1931 2422479 
1932 2422480 
1933 2422480 
1934 2422480 
1935 2422481 
1936 2422481 
1937 2422481 
1938 2422482 
1939 2422482 
1940 2422482 
1941 2422483 
1942 2422483 
1943 2422483 
1944 2422484 
1945 2422484 
1946 2422484 
1947 2422485 
1948 2422485 
1949 2422487 
1950 2422488 
1951 2422489 
1952 2422490 
1953 2422490 
1954 2422491 
1955 2422491 
1956 2422491 
1957 2422492 
1958 2422492 
1959 2422492 
1960 2422492 
1961 2422493 
1962 2422493 
1963 2422493 
1964 2422493 
1965 2422494 
1966 2422494 
1967 2422494 
1968 2422495 
1969 2422495 
1970 2422495 
1971 2422496 
1972 2422496 
1973 2422496 
1974 2422496 
1975 2422497 
1976 2422497 
1977 2422497 
1978 2422498 
1979 2422498 
1980 2422499 
1981 2422499 
1982 2422499 
1983 2422500 
1984 2422500 
1985 2422500 
1986 2422501 
1987 2422501 
1988 2422502 
1989 2422502 
1990 2422502 
1991 2422503 
1992 2422503 
1993 2422503 
1994 2422504 
1995 2422507 
1996 2422508 
1997 2422508 
1998 2422509 
1999 2422509 
2000 2422510 
2001 2422510 
2002 2422510 
2003 2422525 
2004 2422525 
2005 2422533 
2006 2422545 
2007 2422547 
2008 2422566 
2009 2422573 
2010 2422573 
2011 2422580 
2012 2422580 
2013 2422581 
2014 2422581 
2015 2422585 
2016 2422585 
2017 2422585 
2018 2422586 
2019 2422589 
2020 2422589 
2021 2422590 
2022 2422591 
2023 2422593 
2024 2422599 
2025 2422602 
2026 2422602 
2027 2422603 
2028 2422609 
2029 2422617 
2030 2422618 
2031 2422618 
2032 2422619 
2033 2422622 
2034 2422623 
2035 2422625 
2036 2422627 
2037 2422627 
2038 2422627 
2039 2422628 
2040 2422628 
2041 2422628 
2042 2422628 
2043 2422629 
2044 2422629 
2045 2422634 
2046 2422635 
2047 2422642 
2048 2422644 
2049 2422648 
2050 2422648 
2051 2422660 
2052 2422661 
2053 2422661 
2054 2422663 
2055 2422665 
2056 2422665 
2057 2422665 
2058 2422666 
2059 2422671 
2060 2422677 
2061 2422681 
2062 2422683 
2063 2422683 
2064 2422685 
2065 2422694 
2066 2422694 
2067 2422695 
2068 2422695 
2069 2422696 
2070 2422697 
2071 2422697 
2072 2422698 
2073 2422698 
2074 2422702 
2075 2422704 
2076 2422704 
2077 2422704 
2078 2422712 
2079 2422713 
2080 2422723 
2081 2422740 
2082 2422748 
2083 2422761 
2084 2422765 
2085 2422778 
2086 2422784 
2087 2422793 
2088 2422797 
2089 2422800 
