1 2919602 
2 2919604 
3 2919605 
4 2919605 
5 2919605 
6 2919606 
7 2919606 
8 2919608 
9 2919608 
10 2919609 
11 2919610 
12 2919611 
13 2919612 
14 2919613 
15 2919613 
16 2919614 
17 2919614 
18 2919621 
19 2919626 
20 2919632 
21 2919632 
22 2919635 
23 2919639 
24 2919641 
25 2919641 
26 2919642 
27 2919642 
28 2919647 
29 2919650 
30 2919655 
31 2919657 
32 2919658 
33 2919659 
34 2919659 
35 2919661 
36 2919662 
37 2919664 
38 2919670 
39 2919676 
40 2919677 
41 2919679 
42 2919681 
43 2919686 
44 2919688 
45 2919689 
46 2919690 
47 2919696 
48 2919715 
49 2919716 
50 2919716 
51 2919717 
52 2919720 
53 2919720 
54 2919721 
55 2919721 
56 2919721 
57 2919721 
58 2919722 
59 2919722 
60 2919722 
61 2919723 
62 2919723 
63 2919723 
64 2919724 
65 2919724 
66 2919724 
67 2919725 
68 2919725 
69 2919728 
70 2919741 
71 2919744 
72 2919747 
73 2919747 
74 2919748 
75 2919748 
76 2919748 
77 2919748 
78 2919749 
79 2919749 
80 2919750 
81 2919750 
82 2919750 
83 2919751 
84 2919751 
85 2919756 
86 2919756 
87 2919759 
88 2919762 
89 2919778 
90 2919782 
91 2919787 
92 2919787 
93 2919788 
94 2919788 
95 2919791 
96 2919792 
97 2919792 
98 2919793 
99 2919796 
100 2919799 
101 2919815 
102 2919816 
103 2919818 
104 2919823 
105 2919870 
106 2919875 
107 2919902 
108 2919907 
109 2919907 
110 2919912 
111 2919914 
112 2919916 
113 2919918 
114 2919931 
115 2919932 
116 2919940 
117 2919941 
118 2919941 
119 2919947 
120 2919947 
121 2919950 
122 2919950 
123 2919951 
124 2919952 
125 2919952 
126 2919952 
127 2919952 
128 2919953 
129 2919953 
130 2919953 
131 2919954 
132 2919954 
133 2919954 
134 2919954 
135 2919954 
136 2919955 
137 2919955 
138 2919955 
139 2919956 
140 2919956 
141 2919956 
142 2919957 
143 2919957 
144 2919957 
145 2919958 
146 2919958 
147 2919958 
148 2919959 
149 2919959 
150 2919959 
151 2919960 
152 2919960 
153 2919960 
154 2919960 
155 2919961 
156 2919961 
157 2919961 
158 2919962 
159 2919964 
160 2919964 
161 2919964 
162 2919965 
163 2919965 
164 2919965 
165 2919966 
166 2919966 
167 2919966 
168 2919967 
169 2919967 
170 2919967 
171 2919968 
172 2919968 
173 2919968 
174 2919969 
175 2919969 
176 2919969 
177 2919970 
178 2919970 
179 2919970 
180 2919971 
181 2919971 
182 2919971 
183 2919971 
184 2919972 
185 2919972 
186 2919972 
187 2919973 
188 2919973 
189 2919973 
190 2919974 
191 2919974 
192 2919974 
193 2919975 
194 2919975 
195 2919976 
196 2919977 
197 2919977 
198 2919977 
199 2919977 
200 2919980 
201 2919980 
202 2919981 
203 2919982 
204 2919983 
205 2919984 
206 2919984 
207 2919985 
208 2919985 
209 2919998 
210 2920003 
211 2920007 
212 2920009 
213 2920012 
214 2920015 
215 2920015 
216 2920021 
217 2920022 
218 2920026 
219 2920030 
220 2920030 
221 2920033 
222 2920034 
223 2920041 
224 2920068 
225 2920070 
226 2920071 
227 2920085 
228 2920087 
229 2920091 
230 2920097 
231 2920104 
232 2920107 
233 2920109 
234 2920117 
235 2920119 
236 2920143 
237 2920155 
238 2920160 
239 2920162 
240 2920163 
241 2920166 
242 2920171 
243 2920179 
244 2920232 
245 2920296 
246 2920296 
247 2920299 
248 2920299 
249 2920309 
250 2920313 
251 2920315 
252 2920316 
253 2920318 
254 2920322 
255 2920324 
256 2920365 
257 2920367 
258 2920410 
259 2920414 
260 2920414 
261 2920415 
262 2920415 
263 2920415 
264 2920416 
265 2920416 
266 2920417 
267 2920418 
268 2920418 
269 2920418 
270 2920419 
271 2920420 
272 2920420 
273 2920420 
274 2920421 
275 2920421 
276 2920421 
277 2920421 
278 2920422 
279 2920422 
280 2920422 
281 2920423 
282 2920423 
283 2920424 
284 2920424 
285 2920424 
286 2920425 
287 2920426 
288 2920426 
289 2920426 
290 2920427 
291 2920427 
292 2920429 
293 2920429 
294 2920430 
295 2920432 
296 2920433 
297 2920437 
298 2920438 
299 2920438 
300 2920443 
301 2920448 
302 2920460 
303 2920460 
304 2920484 
305 2920490 
306 2920491 
307 2920492 
308 2920495 
309 2920503 
310 2920504 
311 2920506 
312 2920506 
313 2920509 
314 2920524 
315 2920530 
316 2920535 
317 2920535 
318 2920538 
319 2920539 
320 2920543 
321 2920545 
322 2920545 
323 2920546 
324 2920547 
325 2920549 
326 2920551 
327 2920551 
328 2920552 
329 2920553 
330 2920553 
331 2920558 
332 2920566 
333 2920577 
334 2920580 
335 2920582 
336 2920584 
337 2920586 
338 2920601 
339 2920602 
340 2920604 
341 2920606 
342 2920625 
343 2920629 
344 2920633 
345 2920635 
346 2920669 
347 2920676 
348 2920679 
349 2920681 
350 2920681 
351 2920682 
352 2920684 
353 2920715 
354 2920717 
355 2920719 
356 2920722 
357 2920768 
358 2920770 
359 2920773 
360 2920775 
361 2920776 
362 2920779 
363 2920779 
364 2920780 
365 2920780 
366 2920785 
367 2920788 
368 2920789 
369 2920792 
370 2920793 
371 2920794 
372 2920796 
373 2920798 
374 2920802 
375 2920803 
376 2920811 
377 2920815 
378 2920825 
379 2920826 
380 2920851 
381 2920854 
382 2920863 
383 2920863 
384 2920866 
385 2920887 
386 2920888 
387 2920891 
388 2920892 
389 2920898 
390 2920899 
391 2920900 
392 2920900 
393 2920901 
394 2920901 
395 2920917 
396 2920921 
397 2920921 
398 2920921 
399 2920943 
400 2920943 
401 2920945 
402 2920960 
403 2920963 
404 2920966 
405 2920971 
406 2920975 
407 2920978 
408 2920980 
409 2920980 
410 2920982 
411 2920985 
412 2920991 
413 2921016 
414 2921017 
415 2921020 
416 2921021 
417 2921023 
418 2921025 
419 2921026 
420 2921026 
421 2921027 
422 2921030 
423 2921042 
424 2921071 
425 2921077 
426 2921082 
427 2921086 
428 2921093 
429 2921093 
430 2921093 
431 2921121 
432 2921124 
433 2921127 
434 2921129 
435 2921132 
436 2921137 
437 2921138 
438 2921143 
439 2921160 
440 2921173 
441 2921174 
442 2921176 
443 2921178 
444 2921189 
445 2921190 
446 2921190 
447 2921208 
448 2921219 
449 2921219 
450 2921219 
451 2921222 
452 2921227 
453 2921229 
454 2921230 
455 2921230 
456 2921230 
457 2921231 
458 2921241 
459 2921247 
460 2921248 
461 2921248 
462 2921248 
463 2921249 
464 2921264 
465 2921264 
466 2921264 
467 2921269 
468 2921269 
469 2921270 
470 2921270 
471 2921270 
472 2921271 
473 2921272 
474 2921272 
475 2921273 
476 2921274 
477 2921275 
478 2921276 
479 2921276 
480 2921281 
481 2921290 
482 2921290 
483 2921291 
484 2921291 
485 2921291 
486 2921296 
487 2921308 
488 2921308 
489 2921309 
490 2921316 
491 2921316 
492 2921333 
493 2921333 
494 2921333 
495 2921334 
496 2921334 
497 2921334 
498 2921369 
499 2921376 
500 2921376 
501 2921377 
502 2921377 
503 2921390 
504 2921413 
505 2921413 
506 2921416 
507 2921416 
508 2921417 
509 2921418 
510 2921422 
511 2921444 
512 2921444 
513 2921461 
514 2921464 
515 2921471 
516 2921472 
517 2921474 
518 2921476 
519 2921476 
520 2921488 
521 2921488 
522 2921492 
523 2921492 
524 2921492 
525 2921493 
526 2921493 
527 2921493 
528 2921494 
529 2921494 
530 2921494 
531 2921495 
532 2921497 
533 2921498 
534 2921498 
535 2921499 
536 2921499 
537 2921500 
538 2921500 
539 2921500 
540 2921501 
541 2921501 
542 2921502 
543 2921504 
544 2921505 
545 2921505 
546 2921505 
547 2921506 
548 2921506 
549 2921506 
550 2921507 
551 2921508 
552 2921508 
553 2921509 
554 2921509 
555 2921509 
556 2921510 
557 2921510 
558 2921510 
559 2921511 
560 2921511 
561 2921511 
562 2921512 
563 2921512 
564 2921512 
565 2921513 
566 2921513 
567 2921513 
568 2921513 
569 2921514 
570 2921514 
571 2921515 
572 2921516 
573 2921517 
574 2921519 
575 2921523 
576 2921572 
577 2921572 
578 2921572 
579 2921585 
580 2921591 
581 2921608 
582 2921609 
583 2921609 
584 2921610 
585 2921610 
586 2921610 
587 2921611 
588 2921611 
589 2921611 
590 2921612 
591 2921612 
592 2921612 
593 2921613 
594 2921613 
595 2921613 
596 2921614 
597 2921614 
598 2921614 
599 2921615 
600 2921615 
601 2921615 
602 2921616 
603 2921616 
604 2921616 
605 2921617 
606 2921617 
607 2921617 
608 2921618 
609 2921618 
610 2921618 
611 2921619 
612 2921619 
613 2921619 
614 2921620 
615 2921620 
616 2921620 
617 2921621 
618 2921621 
619 2921622 
620 2921622 
621 2921624 
622 2921624 
623 2921624 
624 2921624 
625 2921625 
626 2921627 
627 2921628 
628 2921628 
629 2921633 
630 2921647 
631 2921649 
632 2921650 
633 2921652 
634 2921653 
635 2921653 
636 2921653 
637 2921654 
638 2921654 
639 2921654 
640 2921655 
641 2921655 
642 2921655 
643 2921656 
644 2921659 
645 2921659 
646 2921660 
647 2921662 
648 2921663 
649 2921665 
650 2921666 
651 2921666 
652 2921666 
653 2921667 
654 2921667 
655 2921667 
656 2921668 
657 2921668 
658 2921668 
659 2921669 
660 2921669 
661 2921669 
662 2921670 
663 2921670 
664 2921670 
665 2921671 
666 2921672 
667 2921673 
668 2921673 
669 2921673 
670 2921674 
671 2921677 
672 2921677 
673 2921677 
674 2921678 
675 2921678 
676 2921678 
677 2921679 
678 2921679 
679 2921679 
680 2921680 
681 2921680 
682 2921680 
683 2921681 
684 2921681 
685 2921690 
686 2921692 
687 2921692 
688 2921693 
689 2921693 
690 2921694 
691 2921696 
692 2921700 
693 2921702 
694 2921711 
695 2921719 
696 2921722 
697 2921728 
698 2921731 
699 2921740 
700 2921740 
701 2921742 
702 2921742 
703 2921743 
704 2921743 
705 2921744 
706 2921744 
707 2921744 
708 2921745 
709 2921789 
710 2921796 
711 2921800 
712 2921801 
713 2921814 
714 2921814 
715 2921820 
716 2921821 
717 2921838 
718 2921839 
719 2921839 
720 2921839 
721 2921840 
722 2921840 
723 2921841 
724 2921841 
725 2921841 
726 2921851 
727 2921852 
728 2921859 
729 2921859 
730 2921861 
731 2921861 
732 2921871 
733 2921871 
734 2921872 
735 2921872 
736 2921873 
737 2921878 
738 2921878 
739 2921879 
740 2921879 
741 2921880 
742 2921880 
743 2921881 
744 2921881 
745 2921881 
746 2921882 
747 2921882 
748 2921883 
749 2921883 
750 2921883 
751 2921884 
752 2921884 
753 2921884 
754 2921885 
755 2921885 
756 2921886 
757 2921886 
758 2921886 
759 2921887 
760 2921887 
761 2921888 
762 2921888 
763 2921888 
764 2921889 
765 2921889 
766 2921889 
767 2921890 
768 2921890 
769 2921894 
770 2921894 
771 2921894 
772 2921895 
773 2921896 
774 2921896 
775 2921896 
776 2921896 
777 2921897 
778 2921897 
779 2921897 
780 2921897 
781 2921898 
782 2921898 
783 2921898 
784 2921898 
785 2921898 
786 2921899 
787 2921899 
788 2921899 
789 2921900 
790 2921900 
791 2921900 
792 2921901 
793 2921902 
794 2921902 
795 2921903 
796 2921903 
797 2921904 
798 2921904 
799 2921907 
800 2921909 
801 2921923 
802 2921941 
803 2921941 
804 2921942 
805 2921942 
806 2921943 
807 2921943 
808 2921944 
809 2921945 
810 2921946 
811 2921947 
812 2921947 
813 2921947 
814 2921948 
815 2921948 
816 2921948 
817 2921948 
818 2921949 
819 2921949 
820 2921949 
821 2921950 
822 2921950 
823 2921962 
824 2921963 
825 2921965 
826 2921967 
827 2921969 
828 2921970 
829 2921970 
830 2921972 
831 2921972 
832 2921973 
833 2921973 
834 2921973 
835 2921974 
836 2921974 
837 2921974 
838 2921975 
839 2921975 
840 2921975 
841 2921978 
842 2921979 
843 2921983 
844 2921992 
845 2921992 
846 2921993 
847 2921993 
848 2921994 
849 2921998 
850 2922001 
851 2922014 
852 2922017 
853 2922018 
854 2922018 
855 2922019 
856 2922020 
857 2922020 
858 2922020 
859 2922021 
860 2922021 
861 2922022 
862 2922038 
863 2922038 
864 2922043 
865 2922043 
866 2922046 
867 2922046 
868 2922052 
869 2922054 
870 2922054 
871 2922055 
872 2922055 
873 2922055 
874 2922056 
875 2922056 
876 2922056 
877 2922057 
878 2922060 
879 2922062 
880 2922066 
881 2922067 
882 2922067 
883 2922067 
884 2922068 
885 2922074 
886 2922074 
887 2922074 
888 2922075 
889 2922075 
890 2922075 
891 2922076 
892 2922096 
893 2922209 
894 2922212 
895 2922229 
896 2922231 
897 2922232 
898 2922237 
899 2922238 
900 2922240 
901 2922247 
902 2922275 
903 2922277 
904 2922279 
905 2922281 
906 2922287 
907 2922296 
908 2922299 
909 2922301 
910 2922303 
911 2922303 
912 2922304 
913 2922304 
914 2922304 
915 2922310 
916 2922311 
917 2922314 
918 2922314 
919 2922314 
920 2922315 
921 2922316 
922 2922331 
923 2922342 
924 2922343 
925 2922349 
926 2922349 
927 2922350 
928 2922353 
929 2922353 
930 2922355 
931 2922358 
932 2922360 
933 2922362 
934 2922366 
935 2922373 
936 2922377 
937 2922379 
938 2922388 
939 2922393 
940 2922394 
941 2922394 
942 2922396 
943 2922397 
944 2922397 
945 2922398 
946 2922399 
947 2922400 
948 2922400 
949 2922401 
950 2922408 
951 2922412 
952 2922414 
953 2922415 
954 2922419 
955 2922419 
956 2922420 
957 2922423 
958 2922425 
959 2922426 
960 2922426 
961 2922432 
962 2922438 
963 2922438 
964 2922440 
965 2922441 
966 2922442 
967 2922448 
968 2922448 
969 2922449 
970 2922449 
971 2922450 
972 2922450 
973 2922450 
974 2922451 
975 2922451 
976 2922455 
977 2922455 
978 2922456 
979 2922456 
980 2922456 
981 2922456 
982 2922456 
983 2922457 
984 2922457 
985 2922458 
986 2922458 
987 2922459 
988 2922459 
989 2922460 
990 2922460 
991 2922465 
992 2922466 
993 2922466 
994 2922466 
995 2922467 
996 2922467 
997 2922467 
998 2922468 
999 2922468 
1000 2922468 
1001 2922475 
1002 2922475 
1003 2922476 
1004 2922477 
1005 2922477 
1006 2922478 
1007 2922481 
1008 2922482 
1009 2922484 
1010 2922485 
1011 2922485 
1012 2922485 
1013 2922486 
1014 2922486 
1015 2922486 
1016 2922487 
1017 2922490 
1018 2922491 
1019 2922496 
1020 2922496 
1021 2922497 
1022 2922498 
1023 2922513 
1024 2922513 
1025 2922515 
1026 2922516 
1027 2922516 
1028 2922518 
1029 2922527 
1030 2922533 
1031 2922535 
1032 2922536 
1033 2922537 
1034 2922538 
1035 2922539 
1036 2922541 
1037 2922542 
1038 2922543 
1039 2922548 
1040 2922550 
1041 2922552 
1042 2922554 
1043 2922559 
1044 2922560 
1045 2922562 
1046 2922564 
1047 2922566 
1048 2922569 
1049 2922571 
1050 2922576 
1051 2922590 
1052 2922591 
1053 2922597 
1054 2922599 
1055 2922601 
1056 2922602 
1057 2922603 
1058 2922604 
1059 2922605 
1060 2922606 
1061 2922606 
1062 2922609 
1063 2922610 
1064 2922610 
1065 2922612 
1066 2922612 
1067 2922612 
1068 2922613 
1069 2922614 
1070 2922617 
1071 2922617 
1072 2922617 
1073 2922618 
1074 2922620 
1075 2922620 
1076 2922622 
1077 2922622 
1078 2922623 
1079 2922625 
1080 2922626 
1081 2922626 
1082 2922627 
1083 2922627 
1084 2922627 
1085 2922629 
1086 2922632 
1087 2922635 
1088 2922637 
1089 2922637 
1090 2922637 
1091 2922638 
1092 2922638 
1093 2922638 
1094 2922639 
1095 2922639 
1096 2922639 
1097 2922640 
1098 2922640 
1099 2922640 
1100 2922640 
1101 2922641 
1102 2922641 
1103 2922641 
1104 2922642 
1105 2922642 
1106 2922642 
1107 2922643 
1108 2922643 
1109 2922643 
1110 2922644 
1111 2922644 
1112 2922644 
1113 2922645 
1114 2922645 
1115 2922645 
1116 2922646 
1117 2922646 
1118 2922646 
1119 2922647 
1120 2922647 
1121 2922647 
1122 2922647 
1123 2922648 
1124 2922648 
1125 2922648 
1126 2922649 
1127 2922649 
1128 2922649 
1129 2922649 
1130 2922650 
1131 2922650 
1132 2922650 
1133 2922650 
1134 2922651 
1135 2922651 
1136 2922651 
1137 2922651 
1138 2922652 
1139 2922652 
1140 2922652 
1141 2922653 
1142 2922653 
1143 2922653 
1144 2922654 
1145 2922654 
1146 2922654 
1147 2922655 
1148 2922655 
1149 2922655 
1150 2922655 
1151 2922656 
1152 2922656 
1153 2922656 
1154 2922657 
1155 2922657 
1156 2922657 
1157 2922658 
1158 2922658 
1159 2922658 
1160 2922659 
1161 2922659 
1162 2922659 
1163 2922660 
1164 2922660 
1165 2922660 
1166 2922661 
1167 2922661 
1168 2922661 
1169 2922662 
1170 2922662 
1171 2922662 
1172 2922663 
1173 2922663 
1174 2922663 
1175 2922663 
1176 2922664 
1177 2922664 
1178 2922664 
1179 2922665 
1180 2922665 
1181 2922665 
1182 2922666 
1183 2922666 
1184 2922666 
1185 2922667 
1186 2922667 
1187 2922667 
1188 2922668 
1189 2922668 
1190 2922668 
1191 2922669 
1192 2922669 
1193 2922669 
1194 2922670 
1195 2922670 
1196 2922670 
1197 2922671 
1198 2922671 
1199 2922671 
1200 2922672 
1201 2922679 
1202 2922679 
1203 2922680 
1204 2922681 
1205 2922683 
1206 2922686 
1207 2922699 
1208 2922703 
1209 2922707 
1210 2922709 
1211 2922711 
1212 2922712 
1213 2922714 
1214 2922714 
1215 2922718 
1216 2922729 
1217 2922734 
1218 2922741 
1219 2922742 
1220 2922742 
1221 2922742 
1222 2922743 
1223 2922743 
1224 2922744 
1225 2922750 
1226 2922767 
1227 2922770 
1228 2922789 
1229 2922798 
1230 2922799 
1231 2922801 
1232 2922802 
1233 2922804 
1234 2922806 
1235 2922807 
1236 2922809 
1237 2922817 
1238 2922818 
1239 2922821 
1240 2922825 
1241 2922826 
1242 2922826 
1243 2922827 
1244 2922827 
1245 2922827 
1246 2922828 
1247 2922828 
1248 2922830 
1249 2922832 
1250 2922833 
1251 2922833 
1252 2922833 
1253 2922834 
1254 2922839 
1255 2922844 
1256 2922919 
1257 2922923 
1258 2922923 
1259 2922926 
1260 2922928 
1261 2922930 
1262 2922933 
1263 2922935 
1264 2922936 
1265 2922936 
1266 2922937 
1267 2922937 
1268 2922937 
1269 2922938 
1270 2922938 
1271 2922938 
1272 2922938 
1273 2922939 
1274 2922939 
1275 2922940 
1276 2922940 
1277 2922940 
1278 2922941 
1279 2922941 
1280 2922942 
1281 2922942 
1282 2922943 
1283 2922943 
1284 2922944 
1285 2922944 
1286 2922944 
1287 2922945 
1288 2922945 
1289 2922946 
1290 2922946 
1291 2922951 
1292 2922951 
1293 2922952 
1294 2922954 
1295 2922955 
1296 2922955 
1297 2922956 
1298 2922956 
1299 2922956 
1300 2922957 
1301 2922957 
1302 2922958 
1303 2922958 
1304 2922959 
1305 2922959 
1306 2922959 
1307 2922960 
1308 2922960 
1309 2922961 
1310 2922961 
1311 2922963 
1312 2922963 
1313 2922965 
1314 2922965 
1315 2922966 
1316 2922966 
1317 2922967 
1318 2922967 
1319 2922967 
1320 2922968 
1321 2922968 
1322 2922968 
1323 2922968 
1324 2922969 
1325 2922969 
1326 2922969 
1327 2922970 
1328 2922970 
1329 2922971 
1330 2922971 
1331 2922971 
1332 2922972 
1333 2922972 
1334 2922972 
1335 2922973 
1336 2922973 
1337 2922973 
1338 2922974 
1339 2922974 
1340 2922975 
1341 2922975 
1342 2922975 
1343 2922976 
1344 2922976 
1345 2922976 
1346 2922977 
1347 2922977 
1348 2922977 
1349 2922977 
1350 2922985 
1351 2922985 
1352 2922987 
1353 2922989 
1354 2922993 
1355 2922993 
1356 2922997 
1357 2922999 
1358 2923007 
1359 2923015 
1360 2923016 
1361 2923016 
1362 2923017 
1363 2923018 
1364 2923018 
1365 2923029 
1366 2923037 
1367 2923039 
1368 2923040 
1369 2923042 
1370 2923043 
1371 2923045 
1372 2923053 
1373 2923054 
1374 2923054 
1375 2923055 
1376 2923055 
1377 2923055 
1378 2923059 
1379 2923061 
1380 2923062 
1381 2923062 
1382 2923063 
1383 2923065 
1384 2923072 
1385 2923075 
1386 2923090 
1387 2923092 
1388 2923094 
1389 2923095 
1390 2923098 
1391 2923100 
1392 2923103 
1393 2923109 
1394 2923112 
1395 2923112 
1396 2923115 
1397 2923119 
1398 2923120 
1399 2923121 
1400 2923124 
1401 2923126 
1402 2923128 
1403 2923130 
1404 2923132 
1405 2923134 
1406 2923141 
1407 2923142 
1408 2923142 
1409 2923143 
1410 2923143 
1411 2923144 
1412 2923145 
1413 2923145 
1414 2923146 
1415 2923146 
1416 2923148 
1417 2923149 
1418 2923150 
1419 2923151 
1420 2923160 
1421 2923160 
1422 2923161 
1423 2923161 
1424 2923164 
1425 2923164 
1426 2923164 
1427 2923165 
1428 2923165 
1429 2923165 
1430 2923166 
1431 2923166 
1432 2923166 
1433 2923167 
1434 2923167 
1435 2923167 
1436 2923167 
1437 2923170 
1438 2923172 
1439 2923172 
1440 2923176 
1441 2923182 
1442 2923183 
1443 2923185 
1444 2923185 
1445 2923186 
1446 2923188 
1447 2923188 
1448 2923190 
1449 2923194 
1450 2923194 
1451 2923199 
