1 2743215 
2 2743217 
3 2743221 
4 2743232 
5 2743232 
6 2743233 
7 2743233 
8 2743233 
9 2743234 
10 2743242 
11 2743244 
12 2743247 
13 2743248 
14 2743248 
15 2743248 
16 2743253 
17 2743254 
18 2743255 
19 2743255 
20 2743256 
21 2743262 
22 2743263 
23 2743263 
24 2743269 
25 2743275 
26 2743282 
27 2743282 
28 2743283 
29 2743283 
30 2743286 
31 2743286 
32 2743286 
33 2743288 
34 2743288 
35 2743289 
36 2743289 
37 2743289 
38 2743290 
39 2743290 
40 2743290 
41 2743291 
42 2743291 
43 2743291 
44 2743292 
45 2743292 
46 2743292 
47 2743293 
48 2743298 
49 2743298 
50 2743302 
51 2743303 
52 2743303 
53 2743304 
54 2743306 
55 2743308 
56 2743311 
57 2743315 
58 2743315 
59 2743315 
60 2743316 
61 2743317 
62 2743317 
63 2743328 
64 2743328 
65 2743328 
66 2743330 
67 2743330 
68 2743330 
69 2743331 
70 2743339 
71 2743342 
72 2743347 
73 2743347 
74 2743351 
75 2743351 
76 2743354 
77 2743361 
78 2743361 
79 2743373 
80 2743373 
81 2743379 
82 2743386 
83 2743392 
84 2743409 
85 2743417 
86 2743424 
87 2743424 
88 2743434 
89 2743437 
90 2743440 
91 2743448 
92 2743449 
93 2743452 
94 2743453 
95 2743454 
96 2743456 
97 2743457 
98 2743459 
99 2743491 
100 2743543 
101 2743550 
102 2743590 
103 2743639 
104 2743652 
105 2743656 
106 2743685 
107 2743690 
108 2743714 
109 2743715 
110 2743724 
111 2743733 
112 2743738 
113 2743748 
114 2743782 
115 2743794 
116 2743809 
117 2743813 
118 2743814 
119 2743815 
120 2743815 
121 2743815 
122 2743818 
123 2743819 
124 2743819 
125 2743820 
126 2743820 
127 2743820 
128 2743821 
129 2743823 
130 2743838 
131 2743838 
132 2743843 
133 2743845 
134 2743850 
135 2743855 
136 2743856 
137 2743865 
138 2743866 
139 2743873 
140 2743873 
141 2743873 
142 2743874 
143 2743877 
144 2743877 
145 2743880 
146 2743885 
147 2743885 
148 2743887 
149 2743892 
150 2743892 
151 2743895 
152 2743897 
153 2743897 
154 2743900 
155 2743904 
156 2743908 
157 2743917 
158 2743917 
159 2743918 
160 2743918 
161 2743918 
162 2743919 
163 2743919 
164 2743919 
165 2743920 
166 2743920 
167 2743920 
168 2743921 
169 2743921 
170 2743921 
171 2743922 
172 2743922 
173 2743922 
174 2743922 
175 2743923 
176 2743923 
177 2743923 
178 2743924 
179 2743924 
180 2743924 
181 2743939 
182 2743940 
183 2743942 
184 2743942 
185 2743944 
186 2743944 
187 2743944 
188 2743944 
189 2743945 
190 2743945 
191 2743945 
192 2743947 
193 2743950 
194 2743954 
195 2743961 
196 2743964 
197 2743964 
198 2743965 
199 2743965 
200 2743966 
201 2743966 
202 2743966 
203 2743966 
204 2743967 
205 2743967 
206 2743967 
207 2743968 
208 2743968 
209 2743968 
210 2743969 
211 2743969 
212 2743969 
213 2743970 
214 2743970 
215 2743970 
216 2743971 
217 2743971 
218 2743971 
219 2743972 
220 2743972 
221 2743972 
222 2743972 
223 2743973 
224 2743973 
225 2743973 
226 2743973 
227 2743977 
228 2743978 
229 2743981 
230 2743987 
231 2743989 
232 2743990 
233 2743993 
234 2743997 
235 2744000 
236 2744001 
237 2744002 
238 2744002 
239 2744002 
240 2744003 
241 2744003 
242 2744003 
243 2744004 
244 2744006 
245 2744014 
246 2744017 
247 2744021 
248 2744022 
249 2744026 
250 2744028 
251 2744029 
252 2744029 
253 2744030 
254 2744030 
255 2744030 
256 2744031 
257 2744032 
258 2744039 
259 2744040 
260 2744040 
261 2744040 
262 2744041 
263 2744042 
264 2744043 
265 2744045 
266 2744045 
267 2744055 
268 2744055 
269 2744055 
270 2744057 
271 2744058 
272 2744058 
273 2744058 
274 2744059 
275 2744082 
276 2744084 
277 2744084 
278 2744085 
279 2744085 
280 2744086 
281 2744095 
282 2744098 
283 2744100 
284 2744101 
285 2744102 
286 2744102 
287 2744102 
288 2744114 
289 2744116 
290 2744117 
291 2744118 
292 2744119 
293 2744121 
294 2744137 
295 2744155 
296 2744155 
297 2744156 
298 2744160 
299 2744163 
300 2744163 
301 2744164 
302 2744164 
303 2744164 
304 2744165 
305 2744165 
306 2744165 
307 2744166 
308 2744166 
309 2744166 
310 2744178 
311 2744178 
312 2744179 
313 2744179 
314 2744180 
315 2744180 
316 2744180 
317 2744181 
318 2744181 
319 2744181 
320 2744182 
321 2744182 
322 2744195 
323 2744195 
324 2744206 
325 2744208 
326 2744218 
327 2744235 
328 2744240 
329 2744249 
330 2744250 
331 2744250 
332 2744260 
333 2744262 
334 2744266 
335 2744267 
336 2744267 
337 2744268 
338 2744276 
339 2744276 
340 2744293 
341 2744300 
342 2744303 
343 2744304 
344 2744306 
345 2744308 
346 2744317 
347 2744318 
348 2744319 
349 2744320 
350 2744326 
351 2744326 
352 2744327 
353 2744327 
354 2744327 
355 2744328 
356 2744328 
357 2744328 
358 2744329 
359 2744329 
360 2744329 
361 2744330 
362 2744339 
363 2744343 
364 2744343 
365 2744347 
366 2744347 
367 2744351 
368 2744351 
369 2744364 
370 2744364 
371 2744365 
372 2744373 
373 2744379 
374 2744392 
375 2744402 
376 2744404 
377 2744406 
378 2744412 
379 2744413 
380 2744416 
381 2744416 
382 2744416 
383 2744417 
384 2744418 
385 2744418 
386 2744418 
387 2744419 
388 2744419 
389 2744419 
390 2744420 
391 2744420 
392 2744425 
393 2744428 
394 2744437 
395 2744446 
396 2744448 
397 2744450 
398 2744451 
399 2744458 
400 2744470 
401 2744480 
402 2744485 
403 2744504 
404 2744504 
405 2744505 
406 2744506 
407 2744521 
408 2744522 
409 2744522 
410 2744522 
411 2744522 
412 2744523 
413 2744523 
414 2744523 
415 2744524 
416 2744524 
417 2744524 
418 2744525 
419 2744525 
420 2744525 
421 2744526 
422 2744526 
423 2744527 
424 2744528 
425 2744528 
426 2744528 
427 2744529 
428 2744529 
429 2744529 
430 2744530 
431 2744531 
432 2744531 
433 2744531 
434 2744531 
435 2744534 
436 2744534 
437 2744535 
438 2744575 
439 2744575 
440 2744635 
441 2744647 
442 2744655 
443 2744655 
444 2744657 
445 2744658 
446 2744660 
447 2744661 
448 2744662 
449 2744665 
450 2744667 
451 2744670 
452 2744672 
453 2744673 
454 2744682 
455 2744684 
456 2744685 
457 2744687 
458 2744687 
459 2744688 
460 2744689 
461 2744691 
462 2744691 
463 2744691 
464 2744692 
465 2744695 
466 2744696 
467 2744697 
468 2744697 
469 2744698 
470 2744703 
471 2744704 
472 2744709 
473 2744709 
474 2744709 
475 2744717 
476 2744719 
477 2744721 
478 2744724 
479 2744725 
480 2744734 
481 2744735 
482 2744735 
483 2744736 
484 2744736 
485 2744736 
486 2744748 
487 2744749 
488 2744749 
489 2744749 
490 2744750 
491 2744750 
492 2744750 
493 2744751 
494 2744751 
495 2744751 
496 2744751 
497 2744752 
498 2744752 
499 2744752 
500 2744753 
501 2744753 
502 2744754 
503 2744754 
504 2744755 
505 2744756 
506 2744756 
507 2744776 
508 2744776 
509 2744777 
510 2744783 
511 2744784 
512 2744787 
513 2744787 
514 2744795 
515 2744799 
516 2744827 
517 2744827 
518 2744841 
519 2744842 
520 2744842 
521 2744842 
522 2744843 
523 2744844 
524 2744850 
525 2744850 
526 2744851 
527 2744857 
528 2744857 
529 2744858 
530 2744858 
531 2744858 
532 2744858 
533 2744859 
534 2744859 
535 2744859 
536 2744860 
537 2744860 
538 2744860 
539 2744864 
540 2744864 
541 2744865 
542 2744865 
543 2744866 
544 2744867 
545 2744867 
546 2744868 
547 2744868 
548 2744869 
549 2744869 
550 2744870 
551 2744870 
552 2744871 
553 2744872 
554 2744874 
555 2744874 
556 2744874 
557 2744875 
558 2744875 
559 2744882 
560 2744882 
561 2744889 
562 2744919 
563 2744926 
564 2744933 
565 2744941 
566 2744941 
567 2744942 
568 2744942 
569 2744945 
570 2744950 
571 2744952 
572 2744954 
573 2744959 
574 2744959 
575 2744960 
576 2744960 
577 2744961 
578 2744961 
579 2744962 
580 2744962 
581 2744962 
582 2744962 
583 2744963 
584 2744964 
585 2744964 
586 2744965 
587 2744965 
588 2744965 
589 2744966 
590 2744966 
591 2744967 
592 2744967 
593 2744968 
594 2744969 
595 2744969 
596 2744970 
597 2744970 
598 2744970 
599 2744971 
600 2744971 
601 2744971 
602 2744972 
603 2744972 
604 2744973 
605 2744973 
606 2744974 
607 2744982 
608 2744991 
609 2744997 
610 2745000 
611 2745000 
612 2745000 
613 2745003 
614 2745004 
615 2745004 
616 2745004 
617 2745004 
618 2745005 
619 2745010 
620 2745015 
621 2745016 
622 2745016 
623 2745026 
624 2745032 
625 2745034 
626 2745037 
627 2745042 
628 2745043 
629 2745043 
630 2745045 
631 2745045 
632 2745045 
633 2745052 
634 2745060 
635 2745061 
636 2745061 
637 2745061 
638 2745063 
639 2745063 
640 2745064 
641 2745064 
642 2745064 
643 2745086 
644 2745087 
645 2745093 
646 2745093 
647 2745101 
648 2745107 
649 2745110 
650 2745110 
651 2745111 
652 2745111 
653 2745111 
654 2745112 
655 2745112 
656 2745112 
657 2745113 
658 2745113 
659 2745113 
660 2745114 
661 2745114 
662 2745114 
663 2745115 
664 2745115 
665 2745115 
666 2745116 
667 2745116 
668 2745116 
669 2745117 
670 2745117 
671 2745121 
672 2745122 
673 2745122 
674 2745122 
675 2745122 
676 2745123 
677 2745123 
678 2745124 
679 2745124 
680 2745124 
681 2745149 
682 2745149 
683 2745149 
684 2745150 
685 2745150 
686 2745150 
687 2745155 
688 2745156 
689 2745162 
690 2745162 
691 2745166 
692 2745166 
693 2745170 
694 2745178 
695 2745178 
696 2745207 
697 2745212 
698 2745213 
699 2745214 
700 2745216 
701 2745216 
702 2745217 
703 2745225 
704 2745233 
705 2745256 
706 2745256 
707 2745257 
708 2745258 
709 2745261 
710 2745295 
711 2745296 
712 2745315 
713 2745331 
714 2745331 
715 2745341 
716 2745353 
717 2745380 
718 2745383 
719 2745386 
720 2745388 
721 2745429 
722 2745429 
723 2745430 
724 2745431 
725 2745431 
726 2745443 
727 2745456 
728 2745456 
729 2745457 
730 2745462 
731 2745463 
732 2745463 
733 2745463 
734 2745464 
735 2745464 
736 2745464 
737 2745465 
738 2745465 
739 2745465 
740 2745466 
741 2745466 
742 2745466 
743 2745467 
744 2745467 
745 2745467 
746 2745467 
747 2745468 
748 2745468 
749 2745468 
750 2745469 
751 2745469 
752 2745473 
753 2745483 
754 2745484 
755 2745484 
756 2745484 
757 2745489 
758 2745491 
759 2745494 
760 2745495 
761 2745495 
762 2745495 
763 2745495 
764 2745496 
765 2745496 
766 2745497 
767 2745497 
768 2745497 
769 2745497 
770 2745498 
771 2745498 
772 2745498 
773 2745499 
774 2745499 
775 2745499 
776 2745500 
777 2745500 
778 2745500 
779 2745500 
780 2745501 
781 2745502 
782 2745502 
783 2745502 
784 2745504 
785 2745505 
786 2745505 
787 2745505 
788 2745506 
789 2745506 
790 2745507 
791 2745507 
792 2745507 
793 2745508 
794 2745508 
795 2745510 
796 2745511 
797 2745511 
798 2745511 
799 2745511 
800 2745512 
801 2745512 
802 2745512 
803 2745518 
804 2745518 
805 2745523 
806 2745523 
807 2745524 
808 2745524 
809 2745524 
810 2745525 
811 2745525 
812 2745526 
813 2745528 
814 2745530 
815 2745531 
816 2745534 
817 2745534 
818 2745535 
819 2745536 
820 2745537 
821 2745537 
822 2745538 
823 2745538 
824 2745538 
825 2745539 
826 2745540 
827 2745541 
828 2745541 
829 2745541 
830 2745554 
831 2745556 
832 2745557 
833 2745558 
834 2745558 
835 2745558 
836 2745558 
837 2745559 
838 2745559 
839 2745560 
840 2745560 
841 2745560 
842 2745561 
843 2745561 
844 2745562 
845 2745564 
846 2745564 
847 2745564 
848 2745565 
849 2745565 
850 2745565 
851 2745566 
852 2745566 
853 2745566 
854 2745567 
855 2745567 
856 2745568 
857 2745568 
858 2745568 
859 2745570 
860 2745572 
861 2745573 
862 2745574 
863 2745574 
864 2745575 
865 2745575 
866 2745577 
867 2745577 
868 2745579 
869 2745581 
870 2745582 
871 2745582 
872 2745584 
873 2745585 
874 2745585 
875 2745585 
876 2745585 
877 2745586 
878 2745586 
879 2745586 
880 2745586 
881 2745587 
882 2745587 
883 2745587 
884 2745591 
885 2745594 
886 2745594 
887 2745595 
888 2745597 
889 2745599 
890 2745601 
891 2745601 
892 2745601 
893 2745602 
894 2745602 
895 2745602 
896 2745602 
897 2745603 
898 2745603 
899 2745603 
900 2745604 
901 2745604 
902 2745605 
903 2745606 
904 2745608 
905 2745608 
906 2745608 
907 2745608 
908 2745609 
909 2745609 
910 2745609 
911 2745610 
912 2745610 
913 2745610 
914 2745613 
915 2745614 
916 2745616 
917 2745617 
918 2745618 
919 2745618 
920 2745618 
921 2745619 
922 2745619 
923 2745621 
924 2745621 
925 2745621 
926 2745621 
927 2745622 
928 2745622 
929 2745622 
930 2745626 
931 2745626 
932 2745628 
933 2745630 
934 2745631 
935 2745631 
936 2745631 
937 2745632 
938 2745632 
939 2745632 
940 2745633 
941 2745633 
942 2745633 
943 2745633 
944 2745633 
945 2745634 
946 2745636 
947 2745638 
948 2745638 
949 2745638 
950 2745641 
951 2745642 
952 2745643 
953 2745643 
954 2745644 
955 2745645 
956 2745646 
957 2745646 
958 2745646 
959 2745647 
960 2745649 
961 2745650 
962 2745652 
963 2745653 
964 2745653 
965 2745654 
966 2745656 
967 2745656 
968 2745660 
969 2745664 
970 2745665 
971 2745665 
972 2745666 
973 2745666 
974 2745666 
975 2745666 
976 2745667 
977 2745667 
978 2745667 
979 2745668 
980 2745669 
981 2745669 
982 2745669 
983 2745670 
984 2745670 
985 2745670 
986 2745671 
987 2745671 
988 2745671 
989 2745672 
990 2745672 
991 2745672 
992 2745676 
993 2745679 
994 2745683 
995 2745685 
996 2745685 
997 2745685 
998 2745686 
999 2745687 
1000 2745688 
1001 2745692 
1002 2745692 
1003 2745693 
1004 2745693 
1005 2745703 
1006 2745706 
1007 2745707 
1008 2745714 
1009 2745717 
1010 2745722 
1011 2745733 
1012 2745734 
1013 2745734 
1014 2745734 
1015 2745735 
1016 2745735 
1017 2745735 
1018 2745736 
1019 2745736 
1020 2745736 
1021 2745737 
1022 2745737 
1023 2745738 
1024 2745748 
1025 2745752 
1026 2745755 
1027 2745757 
1028 2745757 
1029 2745764 
1030 2745766 
1031 2745769 
1032 2745769 
1033 2745769 
1034 2745770 
1035 2745770 
1036 2745773 
1037 2745773 
1038 2745775 
1039 2745785 
1040 2745786 
1041 2745786 
1042 2745786 
1043 2745787 
1044 2745787 
1045 2745787 
1046 2745788 
1047 2745788 
1048 2745789 
1049 2745789 
1050 2745789 
1051 2745790 
1052 2745793 
1053 2745793 
1054 2745794 
1055 2745794 
1056 2745794 
1057 2745795 
1058 2745795 
1059 2745795 
1060 2745796 
1061 2745796 
1062 2745801 
1063 2745801 
1064 2745802 
1065 2745802 
1066 2745828 
1067 2745829 
1068 2745838 
1069 2745839 
1070 2745839 
1071 2745839 
1072 2745840 
1073 2745841 
1074 2745842 
1075 2745842 
1076 2745842 
1077 2745843 
1078 2745843 
1079 2745844 
1080 2745920 
1081 2745925 
1082 2745926 
1083 2745930 
1084 2745935 
1085 2745949 
1086 2745950 
1087 2745988 
1088 2745988 
1089 2745989 
1090 2745989 
1091 2745989 
1092 2745990 
1093 2745990 
1094 2745991 
1095 2745991 
1096 2745991 
1097 2746013 
1098 2746014 
1099 2746014 
1100 2746014 
1101 2746019 
1102 2746019 
1103 2746020 
1104 2746020 
1105 2746020 
1106 2746021 
1107 2746038 
1108 2746049 
1109 2746050 
1110 2746053 
1111 2746054 
1112 2746057 
1113 2746058 
1114 2746058 
1115 2746059 
1116 2746060 
1117 2746061 
1118 2746061 
1119 2746062 
1120 2746062 
1121 2746068 
1122 2746069 
1123 2746069 
1124 2746070 
1125 2746070 
1126 2746070 
1127 2746071 
1128 2746071 
1129 2746073 
1130 2746074 
1131 2746074 
1132 2746077 
1133 2746078 
1134 2746082 
1135 2746083 
1136 2746083 
1137 2746084 
1138 2746085 
1139 2746085 
1140 2746086 
1141 2746086 
1142 2746086 
1143 2746089 
1144 2746094 
1145 2746098 
1146 2746098 
1147 2746098 
1148 2746104 
1149 2746105 
1150 2746124 
1151 2746124 
1152 2746124 
1153 2746129 
1154 2746137 
1155 2746140 
1156 2746142 
1157 2746144 
1158 2746148 
1159 2746155 
1160 2746206 
1161 2746207 
1162 2746207 
1163 2746211 
1164 2746212 
1165 2746212 
1166 2746215 
1167 2746216 
1168 2746228 
1169 2746234 
1170 2746245 
1171 2746245 
1172 2746254 
1173 2746256 
1174 2746265 
1175 2746270 
1176 2746270 
1177 2746277 
1178 2746286 
1179 2746288 
1180 2746296 
1181 2746327 
1182 2746327 
1183 2746328 
1184 2746328 
1185 2746328 
1186 2746329 
1187 2746329 
1188 2746376 
1189 2746378 
1190 2746379 
1191 2746382 
1192 2746389 
1193 2746390 
1194 2746390 
1195 2746412 
1196 2746413 
1197 2746413 
1198 2746414 
1199 2746422 
1200 2746426 
1201 2746433 
1202 2746434 
1203 2746436 
1204 2746440 
1205 2746450 
1206 2746450 
1207 2746454 
1208 2746456 
1209 2746463 
1210 2746463 
1211 2746484 
1212 2746486 
1213 2746488 
1214 2746489 
1215 2746511 
1216 2746523 
1217 2746524 
1218 2746524 
1219 2746524 
1220 2746525 
1221 2746525 
1222 2746526 
1223 2746527 
1224 2746527 
1225 2746528 
1226 2746528 
1227 2746528 
1228 2746531 
1229 2746538 
1230 2746538 
1231 2746539 
1232 2746539 
1233 2746540 
1234 2746541 
1235 2746541 
1236 2746542 
1237 2746542 
1238 2746543 
1239 2746543 
1240 2746544 
1241 2746544 
1242 2746544 
1243 2746547 
1244 2746547 
1245 2746555 
1246 2746555 
1247 2746556 
1248 2746563 
1249 2746564 
1250 2746564 
1251 2746570 
1252 2746574 
1253 2746576 
1254 2746576 
1255 2746576 
1256 2746585 
1257 2746593 
1258 2746596 
1259 2746598 
1260 2746598 
1261 2746598 
1262 2746599 
1263 2746599 
1264 2746600 
1265 2746600 
1266 2746600 
1267 2746603 
1268 2746627 
1269 2746628 
1270 2746636 
1271 2746662 
1272 2746712 
1273 2746739 
1274 2746739 
1275 2746740 
1276 2746740 
1277 2746746 
1278 2746748 
1279 2746753 
1280 2746753 
1281 2746753 
1282 2746754 
1283 2746754 
1284 2746755 
1285 2746756 
1286 2746756 
1287 2746757 
1288 2746758 
1289 2746758 
1290 2746758 
1291 2746759 
1292 2746760 
1293 2746761 
1294 2746761 
1295 2746761 
1296 2746762 
1297 2746764 
1298 2746764 
1299 2746765 
1300 2746765 
1301 2746766 
1302 2746766 
1303 2746766 
1304 2746767 
1305 2746767 
1306 2746767 
1307 2746768 
1308 2746768 
1309 2746768 
1310 2746769 
1311 2746769 
1312 2746769 
1313 2746770 
1314 2746771 
1315 2746771 
1316 2746771 
1317 2746772 
1318 2746777 
1319 2746781 
1320 2746783 
1321 2746786 
1322 2746786 
1323 2746795 
1324 2746797 
1325 2746798 
1326 2746798 
1327 2746799 
