1 2937600 
2 2937601 
3 2937601 
4 2937601 
5 2937602 
6 2937602 
7 2937602 
8 2937603 
9 2937603 
10 2937604 
11 2937604 
12 2937604 
13 2937604 
14 2937606 
15 2937606 
16 2937607 
17 2937609 
18 2937610 
19 2937610 
20 2937610 
21 2937611 
22 2937611 
23 2937611 
24 2937612 
25 2937612 
26 2937612 
27 2937613 
28 2937613 
29 2937614 
30 2937614 
31 2937615 
32 2937615 
33 2937615 
34 2937615 
35 2937619 
36 2937620 
37 2937620 
38 2937620 
39 2937621 
40 2937621 
41 2937622 
42 2937622 
43 2937632 
44 2937633 
45 2937634 
46 2937634 
47 2937634 
48 2937635 
49 2937635 
50 2937636 
51 2937636 
52 2937636 
53 2937638 
54 2937641 
55 2937653 
56 2937655 
57 2937657 
58 2937666 
59 2937673 
60 2937674 
61 2937680 
62 2937681 
63 2937682 
64 2937682 
65 2937683 
66 2937683 
67 2937683 
68 2937683 
69 2937684 
70 2937684 
71 2937684 
72 2937686 
73 2937686 
74 2937687 
75 2937687 
76 2937689 
77 2937689 
78 2937689 
79 2937690 
80 2937690 
81 2937690 
82 2937690 
83 2937691 
84 2937691 
85 2937691 
86 2937692 
87 2937692 
88 2937692 
89 2937693 
90 2937693 
91 2937693 
92 2937694 
93 2937694 
94 2937696 
95 2937698 
96 2937698 
97 2937699 
98 2937705 
99 2937710 
100 2937715 
101 2937718 
102 2937720 
103 2937724 
104 2937736 
105 2937738 
106 2937738 
107 2937750 
108 2937750 
109 2937752 
110 2937760 
111 2937760 
112 2937760 
113 2937761 
114 2937762 
115 2937770 
116 2937774 
117 2937778 
118 2937787 
119 2937795 
120 2937802 
121 2937803 
122 2937809 
123 2937809 
124 2937809 
125 2937810 
126 2937811 
127 2937811 
128 2937812 
129 2937812 
130 2937812 
131 2937812 
132 2937813 
133 2937813 
134 2937813 
135 2937814 
136 2937814 
137 2937814 
138 2937815 
139 2937815 
140 2937815 
141 2937816 
142 2937816 
143 2937816 
144 2937816 
145 2937817 
146 2937817 
147 2937817 
148 2937818 
149 2937818 
150 2937818 
151 2937818 
152 2937819 
153 2937819 
154 2937819 
155 2937819 
156 2937820 
157 2937820 
158 2937821 
159 2937821 
160 2937824 
161 2937824 
162 2937825 
163 2937826 
164 2937826 
165 2937827 
166 2937827 
167 2937828 
168 2937829 
169 2937833 
170 2937836 
171 2937839 
172 2937843 
173 2937848 
174 2937860 
175 2937862 
176 2937868 
177 2937869 
178 2937869 
179 2937869 
180 2937870 
181 2937870 
182 2937870 
183 2937871 
184 2937871 
185 2937871 
186 2937871 
187 2937872 
188 2937872 
189 2937872 
190 2937873 
191 2937873 
192 2937873 
193 2937875 
194 2937876 
195 2937878 
196 2937878 
197 2937878 
198 2937879 
199 2937879 
200 2937879 
201 2937880 
202 2937881 
203 2937882 
204 2937882 
205 2937882 
206 2937885 
207 2937885 
208 2937885 
209 2937886 
210 2937886 
211 2937887 
212 2937888 
213 2937889 
214 2937889 
215 2937890 
216 2937890 
217 2937891 
218 2937892 
219 2937892 
220 2937892 
221 2937893 
222 2937893 
223 2937894 
224 2937894 
225 2937895 
226 2937896 
227 2937900 
228 2937900 
229 2937902 
230 2937904 
231 2937904 
232 2937908 
233 2937909 
234 2937909 
235 2937909 
236 2937911 
237 2937916 
238 2937921 
239 2937925 
240 2937927 
241 2937927 
242 2937928 
243 2937928 
244 2937928 
245 2937929 
246 2937929 
247 2937929 
248 2937930 
249 2937930 
250 2937931 
251 2937932 
252 2937934 
253 2937936 
254 2937936 
255 2937938 
256 2937938 
257 2937940 
258 2937942 
259 2937944 
260 2937945 
261 2937945 
262 2937945 
263 2937946 
264 2937950 
265 2937950 
266 2937953 
267 2937954 
268 2937954 
269 2937954 
270 2937955 
271 2937955 
272 2937960 
273 2937960 
274 2937960 
275 2937964 
276 2937965 
277 2937965 
278 2937967 
279 2937968 
280 2937970 
281 2937971 
282 2937973 
283 2937975 
284 2937975 
285 2937976 
286 2937978 
287 2937981 
288 2937981 
289 2937982 
290 2937982 
291 2937982 
292 2937983 
293 2937983 
294 2937984 
295 2937985 
296 2937986 
297 2937986 
298 2937989 
299 2937989 
300 2937989 
301 2937990 
302 2937990 
303 2937990 
304 2937990 
305 2937990 
306 2937991 
307 2937991 
308 2937991 
309 2937991 
310 2937991 
311 2937992 
312 2937993 
313 2937994 
314 2937995 
315 2937995 
316 2937996 
317 2937998 
318 2937998 
319 2937999 
320 2937999 
321 2938001 
322 2938001 
323 2938002 
324 2938002 
325 2938003 
326 2938006 
327 2938007 
328 2938007 
329 2938007 
330 2938016 
331 2938017 
332 2938018 
333 2938019 
334 2938019 
335 2938022 
336 2938023 
337 2938023 
338 2938024 
339 2938024 
340 2938025 
341 2938025 
342 2938025 
343 2938027 
344 2938028 
345 2938030 
346 2938030 
347 2938032 
348 2938032 
349 2938033 
350 2938033 
351 2938037 
352 2938038 
353 2938046 
354 2938047 
355 2938050 
356 2938052 
357 2938054 
358 2938056 
359 2938057 
360 2938057 
361 2938059 
362 2938060 
363 2938061 
364 2938063 
365 2938063 
366 2938064 
367 2938066 
368 2938066 
369 2938067 
370 2938067 
371 2938069 
372 2938070 
373 2938071 
374 2938074 
375 2938075 
376 2938075 
377 2938075 
378 2938076 
379 2938076 
380 2938077 
381 2938077 
382 2938077 
383 2938077 
384 2938078 
385 2938078 
386 2938079 
387 2938081 
388 2938081 
389 2938081 
390 2938082 
391 2938086 
392 2938088 
393 2938089 
394 2938090 
395 2938090 
396 2938090 
397 2938093 
398 2938094 
399 2938094 
400 2938095 
401 2938095 
402 2938095 
403 2938096 
404 2938096 
405 2938096 
406 2938097 
407 2938097 
408 2938097 
409 2938098 
410 2938098 
411 2938098 
412 2938099 
413 2938099 
414 2938100 
415 2938100 
416 2938100 
417 2938101 
418 2938101 
419 2938102 
420 2938102 
421 2938103 
422 2938104 
423 2938105 
424 2938105 
425 2938108 
426 2938108 
427 2938109 
428 2938109 
429 2938109 
430 2938117 
431 2938117 
432 2938118 
433 2938120 
434 2938123 
435 2938123 
436 2938124 
437 2938126 
438 2938126 
439 2938127 
440 2938127 
441 2938127 
442 2938129 
443 2938130 
444 2938133 
445 2938135 
446 2938136 
447 2938136 
448 2938136 
449 2938137 
450 2938137 
451 2938138 
452 2938138 
453 2938138 
454 2938139 
455 2938139 
456 2938139 
457 2938141 
458 2938141 
459 2938142 
460 2938142 
461 2938143 
462 2938143 
463 2938143 
464 2938144 
465 2938144 
466 2938145 
467 2938145 
468 2938145 
469 2938145 
470 2938146 
471 2938146 
472 2938147 
473 2938147 
474 2938147 
475 2938148 
476 2938148 
477 2938148 
478 2938149 
479 2938149 
480 2938149 
481 2938150 
482 2938150 
483 2938150 
484 2938151 
485 2938151 
486 2938151 
487 2938152 
488 2938152 
489 2938153 
490 2938153 
491 2938155 
492 2938157 
493 2938158 
494 2938158 
495 2938158 
496 2938159 
497 2938159 
498 2938159 
499 2938159 
500 2938160 
501 2938160 
502 2938160 
503 2938161 
504 2938161 
505 2938161 
506 2938161 
507 2938161 
508 2938164 
509 2938164 
510 2938165 
511 2938165 
512 2938165 
513 2938167 
514 2938168 
515 2938168 
516 2938168 
517 2938169 
518 2938169 
519 2938169 
520 2938170 
521 2938170 
522 2938170 
523 2938170 
524 2938171 
525 2938173 
526 2938175 
527 2938176 
528 2938183 
529 2938184 
530 2938187 
531 2938188 
532 2938188 
533 2938188 
534 2938189 
535 2938191 
536 2938191 
537 2938199 
538 2938199 
539 2938201 
540 2938201 
541 2938201 
542 2938202 
543 2938203 
544 2938203 
545 2938204 
546 2938204 
547 2938204 
548 2938205 
549 2938205 
550 2938205 
551 2938205 
552 2938206 
553 2938206 
554 2938207 
555 2938207 
556 2938207 
557 2938208 
558 2938208 
559 2938210 
560 2938210 
561 2938210 
562 2938211 
563 2938211 
564 2938211 
565 2938212 
566 2938212 
567 2938212 
568 2938214 
569 2938214 
570 2938214 
571 2938216 
572 2938216 
573 2938217 
574 2938217 
575 2938217 
576 2938217 
577 2938218 
578 2938218 
579 2938218 
580 2938219 
581 2938221 
582 2938221 
583 2938222 
584 2938225 
585 2938225 
586 2938225 
587 2938225 
588 2938226 
589 2938227 
590 2938228 
591 2938230 
592 2938233 
593 2938235 
594 2938240 
595 2938241 
596 2938241 
597 2938242 
598 2938242 
599 2938242 
600 2938244 
601 2938244 
602 2938246 
603 2938247 
604 2938247 
605 2938247 
606 2938248 
607 2938248 
608 2938248 
609 2938249 
610 2938251 
611 2938252 
612 2938254 
613 2938256 
614 2938258 
615 2938259 
616 2938259 
617 2938272 
618 2938277 
619 2938278 
620 2938278 
621 2938278 
622 2938280 
623 2938282 
624 2938282 
625 2938283 
626 2938284 
627 2938284 
628 2938285 
629 2938285 
630 2938286 
631 2938286 
632 2938286 
633 2938287 
634 2938287 
635 2938287 
636 2938288 
637 2938289 
638 2938290 
639 2938293 
640 2938294 
641 2938294 
642 2938295 
643 2938295 
644 2938295 
645 2938295 
646 2938296 
647 2938297 
648 2938298 
649 2938299 
650 2938299 
651 2938299 
652 2938300 
653 2938300 
654 2938300 
655 2938301 
656 2938301 
657 2938301 
658 2938301 
659 2938302 
660 2938305 
661 2938305 
662 2938306 
663 2938307 
664 2938308 
665 2938309 
666 2938309 
667 2938310 
668 2938310 
669 2938310 
670 2938312 
671 2938313 
672 2938313 
673 2938314 
674 2938314 
675 2938315 
676 2938317 
677 2938317 
678 2938321 
679 2938323 
680 2938324 
681 2938328 
682 2938329 
683 2938329 
684 2938329 
685 2938330 
686 2938330 
687 2938330 
688 2938330 
689 2938330 
690 2938331 
691 2938331 
692 2938331 
693 2938331 
694 2938332 
695 2938332 
696 2938332 
697 2938332 
698 2938333 
699 2938333 
700 2938333 
701 2938333 
702 2938334 
703 2938334 
704 2938344 
705 2938344 
706 2938346 
707 2938352 
708 2938353 
709 2938353 
710 2938353 
711 2938355 
712 2938356 
713 2938357 
714 2938358 
715 2938358 
716 2938359 
717 2938359 
718 2938359 
719 2938359 
720 2938363 
721 2938363 
722 2938365 
723 2938367 
724 2938368 
725 2938372 
726 2938373 
727 2938373 
728 2938374 
729 2938374 
730 2938374 
731 2938375 
732 2938377 
733 2938378 
734 2938378 
735 2938379 
736 2938380 
737 2938381 
738 2938381 
739 2938381 
740 2938386 
741 2938389 
742 2938390 
743 2938390 
744 2938390 
745 2938391 
746 2938391 
747 2938391 
748 2938391 
749 2938392 
750 2938392 
751 2938392 
752 2938392 
753 2938393 
754 2938393 
755 2938393 
756 2938394 
757 2938394 
758 2938394 
759 2938394 
760 2938395 
761 2938395 
762 2938395 
763 2938395 
764 2938396 
765 2938396 
766 2938396 
767 2938396 
768 2938397 
769 2938397 
770 2938397 
771 2938398 
772 2938398 
773 2938398 
774 2938398 
775 2938398 
776 2938399 
777 2938399 
778 2938399 
779 2938399 
780 2938400 
781 2938400 
782 2938400 
783 2938400 
784 2938401 
785 2938401 
786 2938401 
787 2938405 
788 2938405 
789 2938406 
790 2938407 
791 2938408 
792 2938409 
793 2938410 
794 2938410 
795 2938410 
796 2938411 
797 2938411 
798 2938413 
799 2938414 
800 2938414 
801 2938414 
802 2938414 
803 2938415 
804 2938415 
805 2938415 
806 2938416 
807 2938416 
808 2938416 
809 2938417 
810 2938417 
811 2938417 
812 2938418 
813 2938418 
814 2938418 
815 2938419 
816 2938419 
817 2938419 
818 2938420 
819 2938420 
820 2938420 
821 2938420 
822 2938421 
823 2938422 
824 2938424 
825 2938425 
826 2938425 
827 2938426 
828 2938426 
829 2938426 
830 2938426 
831 2938426 
832 2938427 
833 2938427 
834 2938427 
835 2938427 
836 2938428 
837 2938428 
838 2938428 
839 2938428 
840 2938429 
841 2938429 
842 2938429 
843 2938429 
844 2938429 
845 2938429 
846 2938430 
847 2938430 
848 2938430 
849 2938430 
850 2938431 
851 2938431 
852 2938431 
853 2938431 
854 2938432 
855 2938432 
856 2938432 
857 2938432 
858 2938433 
859 2938433 
860 2938433 
861 2938433 
862 2938434 
863 2938434 
864 2938434 
865 2938435 
866 2938435 
867 2938435 
868 2938436 
869 2938436 
870 2938436 
871 2938437 
872 2938437 
873 2938437 
874 2938437 
875 2938438 
876 2938438 
877 2938438 
878 2938439 
879 2938439 
880 2938439 
881 2938440 
882 2938440 
883 2938440 
884 2938441 
885 2938441 
886 2938441 
887 2938442 
888 2938442 
889 2938442 
890 2938443 
891 2938443 
892 2938443 
893 2938444 
894 2938444 
895 2938444 
896 2938444 
897 2938445 
898 2938445 
899 2938445 
900 2938445 
901 2938446 
902 2938446 
903 2938446 
904 2938446 
905 2938446 
906 2938447 
907 2938447 
908 2938447 
909 2938447 
910 2938448 
911 2938450 
912 2938450 
913 2938451 
914 2938451 
915 2938451 
916 2938451 
917 2938457 
918 2938457 
919 2938458 
920 2938459 
921 2938460 
922 2938460 
923 2938460 
924 2938461 
925 2938461 
926 2938468 
927 2938475 
928 2938475 
929 2938488 
930 2938490 
931 2938499 
932 2938500 
933 2938500 
934 2938503 
935 2938507 
936 2938513 
937 2938515 
938 2938515 
939 2938519 
940 2938519 
941 2938520 
942 2938520 
943 2938521 
944 2938521 
945 2938522 
946 2938522 
947 2938522 
948 2938522 
949 2938523 
950 2938523 
951 2938523 
952 2938524 
953 2938524 
954 2938525 
955 2938525 
956 2938525 
957 2938525 
958 2938525 
959 2938526 
960 2938526 
961 2938527 
962 2938527 
963 2938527 
964 2938528 
965 2938528 
966 2938528 
967 2938528 
968 2938529 
969 2938536 
970 2938537 
971 2938540 
972 2938540 
973 2938541 
974 2938541 
975 2938541 
976 2938551 
977 2938554 
978 2938554 
979 2938555 
980 2938555 
981 2938556 
982 2938556 
983 2938556 
984 2938557 
985 2938557 
986 2938557 
987 2938558 
988 2938558 
989 2938558 
990 2938559 
991 2938559 
992 2938559 
993 2938559 
994 2938560 
995 2938560 
996 2938566 
997 2938567 
998 2938569 
999 2938572 
1000 2938572 
1001 2938575 
1002 2938578 
1003 2938578 
1004 2938579 
1005 2938580 
1006 2938580 
1007 2938580 
1008 2938582 
1009 2938586 
1010 2938587 
1011 2938587 
1012 2938591 
1013 2938592 
1014 2938595 
1015 2938596 
1016 2938598 
1017 2938598 
1018 2938598 
1019 2938598 
1020 2938599 
1021 2938600 
1022 2938600 
1023 2938600 
1024 2938601 
1025 2938601 
1026 2938601 
1027 2938602 
1028 2938602 
1029 2938602 
1030 2938602 
1031 2938603 
1032 2938603 
1033 2938603 
1034 2938603 
1035 2938604 
1036 2938604 
1037 2938604 
1038 2938604 
1039 2938605 
1040 2938605 
1041 2938607 
1042 2938607 
1043 2938607 
1044 2938608 
1045 2938608 
1046 2938608 
1047 2938609 
1048 2938609 
1049 2938610 
1050 2938610 
1051 2938613 
1052 2938618 
1053 2938618 
1054 2938619 
1055 2938619 
1056 2938620 
1057 2938620 
1058 2938620 
1059 2938621 
1060 2938621 
1061 2938621 
1062 2938628 
1063 2938628 
1064 2938629 
1065 2938637 
1066 2938637 
1067 2938642 
1068 2938643 
1069 2938643 
1070 2938643 
1071 2938644 
1072 2938644 
1073 2938644 
1074 2938645 
1075 2938645 
1076 2938645 
1077 2938646 
1078 2938646 
1079 2938649 
1080 2938650 
1081 2938650 
1082 2938651 
1083 2938654 
1084 2938654 
1085 2938654 
1086 2938654 
1087 2938655 
1088 2938655 
1089 2938655 
1090 2938655 
1091 2938656 
1092 2938656 
1093 2938657 
1094 2938657 
1095 2938657 
1096 2938657 
1097 2938657 
1098 2938658 
1099 2938658 
1100 2938658 
1101 2938658 
1102 2938659 
1103 2938659 
1104 2938659 
1105 2938659 
1106 2938660 
1107 2938660 
1108 2938660 
1109 2938661 
1110 2938661 
1111 2938661 
1112 2938662 
1113 2938662 
1114 2938662 
1115 2938662 
1116 2938669 
1117 2938671 
1118 2938671 
1119 2938672 
1120 2938672 
1121 2938672 
1122 2938674 
1123 2938674 
1124 2938674 
1125 2938675 
1126 2938676 
1127 2938678 
1128 2938680 
1129 2938680 
1130 2938680 
1131 2938680 
1132 2938681 
1133 2938681 
1134 2938683 
1135 2938690 
1136 2938691 
1137 2938692 
1138 2938693 
1139 2938694 
1140 2938694 
1141 2938697 
1142 2938699 
1143 2938700 
1144 2938702 
1145 2938703 
1146 2938703 
1147 2938704 
1148 2938704 
1149 2938704 
1150 2938704 
1151 2938705 
1152 2938709 
1153 2938716 
1154 2938734 
1155 2938734 
1156 2938735 
1157 2938736 
1158 2938736 
1159 2938736 
1160 2938737 
1161 2938737 
1162 2938737 
1163 2938738 
1164 2938738 
1165 2938738 
1166 2938739 
1167 2938739 
1168 2938739 
1169 2938740 
1170 2938740 
1171 2938742 
1172 2938743 
1173 2938745 
1174 2938751 
1175 2938763 
1176 2938765 
1177 2938778 
1178 2938778 
1179 2938782 
1180 2938787 
1181 2938788 
1182 2938790 
1183 2938794 
1184 2938795 
1185 2938795 
1186 2938796 
1187 2938797 
1188 2938798 
1189 2938798 
1190 2938799 
1191 2938800 
1192 2938802 
1193 2938803 
1194 2938806 
1195 2938806 
1196 2938811 
1197 2938816 
1198 2938820 
1199 2938820 
1200 2938822 
1201 2938823 
1202 2938825 
1203 2938825 
1204 2938827 
1205 2938827 
1206 2938828 
1207 2938836 
1208 2938841 
1209 2938842 
1210 2938845 
1211 2938850 
1212 2938854 
1213 2938856 
1214 2938856 
1215 2938857 
1216 2938857 
1217 2938858 
1218 2938858 
1219 2938859 
1220 2938860 
1221 2938860 
1222 2938860 
1223 2938863 
1224 2938864 
1225 2938866 
1226 2938869 
1227 2938872 
1228 2938873 
1229 2938875 
1230 2938875 
1231 2938876 
1232 2938877 
1233 2938877 
1234 2938879 
1235 2938880 
1236 2938880 
1237 2938881 
1238 2938881 
1239 2938881 
1240 2938882 
1241 2938882 
1242 2938884 
1243 2938884 
1244 2938884 
1245 2938885 
1246 2938885 
1247 2938886 
1248 2938886 
1249 2938886 
1250 2938886 
1251 2938887 
1252 2938887 
1253 2938887 
1254 2938887 
1255 2938888 
1256 2938888 
1257 2938888 
1258 2938888 
1259 2938889 
1260 2938889 
1261 2938891 
1262 2938891 
1263 2938891 
1264 2938892 
1265 2938894 
1266 2938898 
1267 2938898 
1268 2938899 
1269 2938900 
1270 2938902 
1271 2938906 
1272 2938906 
1273 2938907 
1274 2938907 
1275 2938908 
1276 2938912 
1277 2938912 
1278 2938912 
1279 2938913 
1280 2938915 
1281 2938916 
1282 2938918 
1283 2938921 
1284 2938924 
1285 2938927 
1286 2938928 
1287 2938929 
1288 2938930 
1289 2938930 
1290 2938931 
1291 2938931 
1292 2938931 
1293 2938931 
1294 2938932 
1295 2938933 
1296 2938938 
1297 2938944 
1298 2938944 
1299 2938949 
1300 2938950 
1301 2938955 
1302 2938955 
1303 2938956 
1304 2938956 
1305 2938964 
1306 2938967 
1307 2938967 
1308 2938969 
1309 2938970 
1310 2938971 
1311 2938971 
1312 2938974 
1313 2938974 
1314 2938975 
1315 2938975 
1316 2938975 
1317 2938976 
1318 2938980 
1319 2938980 
1320 2938981 
1321 2938981 
1322 2938985 
1323 2938986 
1324 2938986 
1325 2938988 
1326 2938989 
1327 2938989 
1328 2938989 
1329 2938989 
1330 2938993 
1331 2938995 
1332 2938997 
1333 2938998 
1334 2938998 
1335 2938998 
1336 2939004 
1337 2939006 
1338 2939006 
1339 2939007 
1340 2939007 
1341 2939007 
1342 2939008 
1343 2939008 
1344 2939012 
1345 2939013 
1346 2939015 
1347 2939016 
1348 2939016 
1349 2939019 
1350 2939024 
1351 2939025 
1352 2939025 
1353 2939027 
1354 2939028 
1355 2939029 
1356 2939029 
1357 2939030 
1358 2939031 
1359 2939031 
1360 2939033 
1361 2939036 
1362 2939041 
1363 2939041 
1364 2939042 
1365 2939042 
1366 2939042 
1367 2939043 
1368 2939043 
1369 2939043 
1370 2939044 
1371 2939044 
1372 2939045 
1373 2939045 
1374 2939045 
1375 2939045 
1376 2939046 
1377 2939046 
1378 2939047 
1379 2939048 
1380 2939048 
1381 2939048 
1382 2939049 
1383 2939049 
1384 2939050 
1385 2939050 
1386 2939050 
1387 2939051 
1388 2939053 
1389 2939054 
1390 2939054 
1391 2939054 
1392 2939064 
1393 2939065 
1394 2939076 
1395 2939085 
1396 2939085 
1397 2939085 
1398 2939086 
1399 2939086 
1400 2939086 
1401 2939087 
1402 2939087 
1403 2939087 
1404 2939088 
1405 2939090 
1406 2939091 
1407 2939094 
1408 2939094 
1409 2939095 
1410 2939095 
1411 2939096 
1412 2939096 
1413 2939097 
1414 2939097 
1415 2939098 
1416 2939098 
1417 2939100 
1418 2939100 
1419 2939101 
1420 2939101 
1421 2939101 
1422 2939102 
1423 2939102 
1424 2939103 
1425 2939106 
1426 2939112 
1427 2939115 
1428 2939115 
1429 2939116 
1430 2939116 
1431 2939116 
1432 2939117 
1433 2939121 
1434 2939122 
1435 2939122 
1436 2939123 
1437 2939123 
1438 2939127 
1439 2939129 
1440 2939130 
1441 2939136 
1442 2939142 
1443 2939144 
1444 2939151 
1445 2939151 
1446 2939172 
1447 2939172 
1448 2939177 
1449 2939196 
1450 2939206 
1451 2939206 
1452 2939207 
1453 2939207 
1454 2939212 
1455 2939285 
1456 2939297 
1457 2939300 
1458 2939309 
1459 2939315 
1460 2939344 
1461 2939351 
1462 2939354 
1463 2939359 
1464 2939362 
1465 2939365 
1466 2939370 
1467 2939372 
1468 2939424 
1469 2939437 
1470 2939457 
1471 2939458 
1472 2939467 
1473 2939469 
1474 2939474 
1475 2939475 
1476 2939475 
1477 2939477 
1478 2939477 
1479 2939492 
1480 2939492 
1481 2939507 
1482 2939524 
1483 2939525 
1484 2939526 
1485 2939562 
1486 2939562 
1487 2939563 
1488 2939566 
1489 2939567 
1490 2939567 
1491 2939568 
1492 2939568 
1493 2939568 
1494 2939569 
1495 2939569 
1496 2939569 
1497 2939578 
1498 2939578 
1499 2939579 
1500 2939580 
1501 2939580 
1502 2939580 
1503 2939581 
1504 2939581 
1505 2939581 
1506 2939592 
1507 2939602 
1508 2939609 
1509 2939618 
1510 2939618 
1511 2939627 
1512 2939641 
1513 2939641 
1514 2939642 
1515 2939642 
1516 2939642 
1517 2939645 
1518 2939651 
1519 2939654 
1520 2939658 
1521 2939659 
1522 2939663 
1523 2939665 
1524 2939666 
1525 2939666 
1526 2939667 
1527 2939667 
1528 2939673 
1529 2939675 
1530 2939685 
1531 2939685 
1532 2939687 
1533 2939688 
1534 2939706 
1535 2939708 
1536 2939721 
1537 2939722 
1538 2939726 
1539 2939726 
1540 2939738 
1541 2939740 
1542 2939748 
1543 2939751 
1544 2939751 
1545 2939752 
1546 2939752 
1547 2939753 
1548 2939753 
1549 2939754 
1550 2939755 
1551 2939757 
1552 2939769 
1553 2939771 
1554 2939771 
1555 2939772 
1556 2939776 
1557 2939776 
1558 2939777 
1559 2939777 
1560 2939779 
1561 2939780 
1562 2939780 
1563 2939781 
1564 2939789 
1565 2939790 
1566 2939792 
1567 2939795 
1568 2939795 
1569 2939796 
1570 2939800 
1571 2939832 
1572 2939832 
1573 2939833 
1574 2939833 
1575 2939833 
1576 2939834 
1577 2939836 
1578 2939836 
1579 2939846 
1580 2939846 
1581 2939878 
1582 2939879 
1583 2939880 
1584 2939884 
1585 2939886 
1586 2939886 
1587 2939887 
1588 2939888 
1589 2939889 
1590 2939889 
1591 2939902 
1592 2939906 
1593 2939907 
1594 2939907 
1595 2939907 
1596 2939908 
1597 2939908 
1598 2939908 
1599 2939909 
1600 2939910 
1601 2939910 
1602 2939911 
1603 2939912 
1604 2939914 
1605 2939914 
1606 2939914 
1607 2939915 
1608 2939916 
1609 2939918 
1610 2939920 
1611 2939933 
1612 2939934 
1613 2939938 
1614 2939942 
1615 2939950 
1616 2939950 
1617 2939962 
1618 2939962 
1619 2939964 
1620 2939965 
1621 2939966 
1622 2939966 
1623 2939976 
1624 2939976 
1625 2939978 
1626 2940033 
1627 2940036 
1628 2940041 
1629 2940041 
1630 2940042 
1631 2940042 
1632 2940045 
1633 2940048 
1634 2940049 
1635 2940050 
1636 2940050 
1637 2940050 
1638 2940051 
1639 2940051 
1640 2940052 
1641 2940052 
1642 2940053 
1643 2940053 
1644 2940053 
1645 2940054 
1646 2940054 
1647 2940054 
1648 2940055 
1649 2940056 
1650 2940056 
1651 2940056 
1652 2940057 
1653 2940057 
1654 2940058 
1655 2940058 
1656 2940059 
1657 2940064 
1658 2940070 
1659 2940070 
1660 2940072 
1661 2940081 
1662 2940081 
1663 2940082 
1664 2940082 
1665 2940082 
1666 2940086 
1667 2940088 
1668 2940093 
1669 2940096 
1670 2940096 
1671 2940096 
1672 2940097 
1673 2940097 
1674 2940100 
1675 2940104 
1676 2940105 
1677 2940106 
1678 2940108 
1679 2940109 
1680 2940114 
1681 2940115 
1682 2940116 
1683 2940116 
1684 2940116 
1685 2940117 
1686 2940117 
1687 2940117 
1688 2940117 
1689 2940118 
1690 2940120 
1691 2940141 
1692 2940141 
1693 2940141 
1694 2940142 
1695 2940148 
1696 2940149 
1697 2940149 
1698 2940149 
1699 2940150 
1700 2940151 
1701 2940151 
1702 2940152 
1703 2940152 
1704 2940152 
1705 2940153 
1706 2940153 
1707 2940193 
1708 2940194 
1709 2940197 
1710 2940203 
1711 2940203 
1712 2940204 
1713 2940204 
1714 2940204 
1715 2940205 
1716 2940211 
1717 2940217 
1718 2940219 
1719 2940221 
1720 2940221 
1721 2940229 
1722 2940244 
1723 2940246 
1724 2940255 
1725 2940255 
1726 2940255 
1727 2940269 
1728 2940269 
1729 2940270 
1730 2940271 
1731 2940271 
1732 2940271 
1733 2940271 
1734 2940272 
1735 2940272 
1736 2940272 
1737 2940273 
1738 2940278 
1739 2940280 
1740 2940287 
1741 2940287 
1742 2940287 
1743 2940288 
1744 2940291 
1745 2940291 
1746 2940294 
1747 2940294 
1748 2940294 
1749 2940295 
1750 2940300 
1751 2940302 
1752 2940303 
1753 2940305 
1754 2940305 
1755 2940306 
1756 2940306 
1757 2940306 
1758 2940315 
1759 2940315 
1760 2940316 
1761 2940316 
1762 2940317 
1763 2940320 
1764 2940320 
1765 2940320 
1766 2940321 
1767 2940321 
1768 2940321 
1769 2940321 
1770 2940322 
1771 2940322 
1772 2940322 
1773 2940323 
1774 2940323 
1775 2940323 
1776 2940323 
1777 2940324 
1778 2940324 
1779 2940324 
1780 2940325 
1781 2940326 
1782 2940327 
1783 2940328 
1784 2940329 
1785 2940329 
1786 2940330 
1787 2940331 
1788 2940335 
1789 2940335 
1790 2940335 
1791 2940336 
1792 2940339 
1793 2940339 
1794 2940344 
1795 2940346 
1796 2940346 
1797 2940346 
1798 2940347 
1799 2940347 
1800 2940348 
1801 2940348 
1802 2940349 
1803 2940351 
1804 2940353 
1805 2940355 
1806 2940355 
1807 2940356 
1808 2940356 
1809 2940356 
1810 2940357 
1811 2940357 
1812 2940368 
1813 2940368 
1814 2940370 
1815 2940371 
1816 2940371 
1817 2940372 
1818 2940372 
1819 2940376 
1820 2940376 
1821 2940380 
1822 2940380 
1823 2940380 
1824 2940384 
1825 2940384 
1826 2940388 
1827 2940388 
1828 2940389 
1829 2940389 
1830 2940394 
1831 2940397 
1832 2940404 
1833 2940405 
1834 2940405 
1835 2940408 
1836 2940408 
1837 2940409 
1838 2940409 
1839 2940410 
1840 2940410 
1841 2940432 
1842 2940437 
1843 2940438 
1844 2940439 
1845 2940439 
1846 2940439 
1847 2940440 
1848 2940440 
1849 2940441 
1850 2940446 
1851 2940446 
1852 2940447 
1853 2940452 
1854 2940453 
1855 2940456 
1856 2940457 
1857 2940457 
1858 2940457 
1859 2940459 
1860 2940460 
1861 2940460 
1862 2940460 
1863 2940460 
1864 2940460 
1865 2940461 
1866 2940461 
1867 2940464 
1868 2940464 
1869 2940465 
1870 2940465 
1871 2940465 
1872 2940466 
1873 2940466 
1874 2940467 
1875 2940467 
1876 2940467 
1877 2940468 
1878 2940468 
1879 2940470 
1880 2940470 
1881 2940470 
1882 2940471 
1883 2940471 
1884 2940471 
1885 2940472 
1886 2940472 
1887 2940473 
1888 2940473 
1889 2940473 
1890 2940474 
1891 2940474 
1892 2940475 
1893 2940475 
1894 2940475 
1895 2940476 
1896 2940476 
1897 2940476 
1898 2940477 
1899 2940477 
1900 2940477 
1901 2940478 
1902 2940478 
1903 2940479 
1904 2940480 
1905 2940480 
1906 2940480 
1907 2940481 
1908 2940481 
1909 2940481 
1910 2940482 
1911 2940482 
1912 2940482 
1913 2940484 
1914 2940485 
1915 2940485 
1916 2940485 
1917 2940486 
1918 2940486 
1919 2940486 
1920 2940487 
1921 2940487 
1922 2940487 
1923 2940488 
1924 2940488 
1925 2940488 
1926 2940488 
1927 2940489 
1928 2940489 
1929 2940489 
1930 2940490 
1931 2940490 
1932 2940490 
1933 2940490 
1934 2940491 
1935 2940491 
1936 2940491 
1937 2940495 
1938 2940495 
1939 2940496 
1940 2940497 
1941 2940497 
1942 2940498 
1943 2940498 
1944 2940499 
1945 2940500 
1946 2940500 
1947 2940500 
1948 2940501 
1949 2940501 
1950 2940501 
1951 2940502 
1952 2940504 
1953 2940504 
1954 2940505 
1955 2940512 
1956 2940512 
1957 2940516 
1958 2940518 
1959 2940520 
1960 2940522 
1961 2940523 
1962 2940523 
1963 2940523 
1964 2940523 
1965 2940524 
1966 2940524 
1967 2940526 
1968 2940526 
1969 2940534 
1970 2940535 
1971 2940536 
1972 2940546 
1973 2940549 
1974 2940554 
1975 2940554 
1976 2940554 
1977 2940555 
1978 2940563 
1979 2940564 
1980 2940564 
1981 2940570 
1982 2940572 
1983 2940572 
1984 2940572 
1985 2940578 
1986 2940579 
1987 2940581 
1988 2940583 
1989 2940584 
1990 2940585 
1991 2940586 
1992 2940586 
1993 2940586 
1994 2940587 
1995 2940587 
1996 2940587 
1997 2940588 
1998 2940594 
1999 2940594 
2000 2940598 
2001 2940599 
2002 2940599 
2003 2940600 
2004 2940606 
2005 2940608 
2006 2940608 
2007 2940608 
2008 2940611 
2009 2940611 
2010 2940612 
2011 2940612 
2012 2940612 
2013 2940612 
2014 2940613 
2015 2940614 
2016 2940614 
2017 2940615 
2018 2940617 
2019 2940618 
2020 2940618 
2021 2940620 
2022 2940622 
2023 2940622 
2024 2940623 
2025 2940623 
2026 2940623 
2027 2940624 
2028 2940626 
2029 2940627 
2030 2940627 
2031 2940628 
2032 2940628 
2033 2940629 
2034 2940629 
2035 2940633 
2036 2940633 
2037 2940634 
2038 2940634 
2039 2940634 
2040 2940635 
2041 2940638 
2042 2940640 
2043 2940640 
2044 2940642 
2045 2940645 
2046 2940645 
2047 2940646 
2048 2940646 
2049 2940646 
2050 2940647 
2051 2940647 
2052 2940647 
2053 2940648 
2054 2940648 
2055 2940648 
2056 2940649 
2057 2940649 
2058 2940649 
2059 2940650 
2060 2940653 
2061 2940654 
2062 2940654 
2063 2940659 
2064 2940660 
2065 2940660 
2066 2940660 
2067 2940661 
2068 2940662 
2069 2940662 
2070 2940662 
2071 2940663 
2072 2940663 
2073 2940663 
2074 2940664 
2075 2940665 
2076 2940665 
2077 2940665 
2078 2940666 
2079 2940666 
2080 2940667 
2081 2940667 
2082 2940667 
2083 2940668 
2084 2940668 
2085 2940669 
2086 2940669 
2087 2940669 
2088 2940670 
2089 2940670 
2090 2940671 
2091 2940671 
2092 2940672 
2093 2940674 
2094 2940675 
2095 2940675 
2096 2940676 
2097 2940676 
2098 2940676 
2099 2940676 
2100 2940677 
2101 2940679 
2102 2940679 
2103 2940679 
2104 2940680 
2105 2940685 
2106 2940685 
2107 2940685 
2108 2940686 
2109 2940686 
2110 2940686 
2111 2940687 
2112 2940687 
2113 2940687 
2114 2940688 
2115 2940688 
2116 2940688 
2117 2940689 
2118 2940693 
2119 2940693 
2120 2940693 
2121 2940694 
2122 2940694 
2123 2940695 
2124 2940695 
2125 2940695 
2126 2940696 
2127 2940697 
2128 2940703 
2129 2940706 
2130 2940706 
2131 2940707 
2132 2940711 
2133 2940716 
2134 2940717 
2135 2940720 
2136 2940721 
2137 2940724 
2138 2940728 
2139 2940730 
2140 2940732 
2141 2940736 
2142 2940745 
2143 2940747 
2144 2940747 
2145 2940748 
2146 2940748 
2147 2940748 
2148 2940760 
2149 2940761 
2150 2940761 
2151 2940761 
2152 2940762 
2153 2940762 
2154 2940765 
2155 2940769 
2156 2940771 
2157 2940774 
2158 2940775 
2159 2940775 
2160 2940775 
2161 2940775 
2162 2940776 
2163 2940776 
2164 2940776 
2165 2940777 
2166 2940779 
2167 2940779 
2168 2940781 
2169 2940782 
2170 2940783 
2171 2940786 
2172 2940793 
2173 2940794 
2174 2940798 
2175 2940799 
2176 2940799 
2177 2940799 
2178 2940799 
2179 2940800 
2180 2940800 
2181 2940800 
2182 2940803 
2183 2940803 
2184 2940804 
2185 2940804 
2186 2940805 
2187 2940808 
2188 2940808 
2189 2940812 
2190 2940812 
2191 2940825 
2192 2940826 
2193 2940826 
2194 2940826 
2195 2940826 
2196 2940827 
2197 2940827 
2198 2940827 
2199 2940827 
2200 2940828 
2201 2940829 
2202 2940831 
2203 2940831 
2204 2940836 
2205 2940842 
2206 2940843 
2207 2940843 
2208 2940843 
2209 2940844 
2210 2940844 
2211 2940844 
2212 2940845 
2213 2940845 
2214 2940847 
2215 2940890 
2216 2940891 
2217 2940891 
2218 2940894 
2219 2940894 
2220 2940895 
2221 2940895 
2222 2940895 
2223 2940896 
2224 2940896 
2225 2940896 
2226 2940897 
2227 2940897 
2228 2940905 
2229 2940907 
2230 2940907 
2231 2940908 
2232 2940911 
2233 2940911 
2234 2940911 
2235 2940919 
2236 2940921 
2237 2940922 
2238 2940922 
2239 2940924 
2240 2940925 
2241 2940926 
2242 2940927 
2243 2940929 
2244 2940929 
2245 2940929 
2246 2940929 
2247 2940930 
2248 2940931 
2249 2940931 
2250 2940931 
2251 2940932 
2252 2940932 
2253 2940932 
2254 2940933 
2255 2940933 
2256 2940942 
2257 2940949 
2258 2940950 
2259 2940953 
2260 2940954 
2261 2940956 
2262 2940957 
2263 2940960 
2264 2940963 
2265 2940963 
2266 2940964 
2267 2940965 
2268 2940965 
2269 2940968 
2270 2940970 
2271 2940970 
2272 2940973 
2273 2940973 
2274 2940975 
2275 2941009 
2276 2941023 
2277 2941033 
2278 2941034 
2279 2941038 
2280 2941038 
2281 2941048 
2282 2941048 
2283 2941054 
2284 2941059 
2285 2941061 
2286 2941062 
2287 2941062 
2288 2941062 
2289 2941063 
2290 2941063 
2291 2941063 
2292 2941064 
2293 2941064 
2294 2941064 
2295 2941065 
2296 2941065 
2297 2941066 
2298 2941068 
2299 2941074 
2300 2941077 
2301 2941077 
2302 2941078 
2303 2941079 
2304 2941081 
2305 2941081 
2306 2941081 
2307 2941081 
2308 2941082 
2309 2941082 
2310 2941082 
2311 2941083 
2312 2941083 
2313 2941084 
2314 2941084 
2315 2941084 
2316 2941085 
2317 2941091 
2318 2941091 
2319 2941092 
2320 2941106 
2321 2941107 
2322 2941108 
2323 2941108 
2324 2941111 
2325 2941112 
2326 2941112 
2327 2941114 
2328 2941114 
2329 2941114 
2330 2941115 
2331 2941115 
2332 2941115 
2333 2941115 
2334 2941116 
2335 2941116 
2336 2941116 
2337 2941116 
2338 2941117 
2339 2941117 
2340 2941117 
2341 2941141 
2342 2941144 
2343 2941144 
2344 2941145 
2345 2941148 
2346 2941163 
2347 2941166 
2348 2941167 
2349 2941170 
2350 2941171 
2351 2941183 
2352 2941184 
2353 2941188 
2354 2941189 
2355 2941189 
2356 2941189 
2357 2941190 
2358 2941190 
2359 2941190 
2360 2941191 
2361 2941191 
2362 2941191 
2363 2941192 
