1 2700001 
2 2700002 
3 2700003 
4 2700005 
5 2700012 
6 2700016 
7 2700018 
8 2700023 
9 2700026 
10 2700026 
11 2700032 
12 2700034 
13 2700035 
14 2700036 
15 2700042 
16 2700042 
17 2700042 
18 2700043 
19 2700055 
20 2700068 
21 2700081 
22 2700083 
23 2700085 
24 2700087 
25 2700096 
26 2700110 
27 2700112 
28 2700112 
29 2700113 
30 2700113 
31 2700116 
32 2700117 
33 2700126 
34 2700132 
35 2700133 
36 2700135 
37 2700138 
38 2700141 
39 2700154 
40 2700162 
41 2700166 
42 2700169 
43 2700172 
44 2700175 
45 2700180 
46 2700181 
47 2700182 
48 2700184 
49 2700184 
50 2700185 
51 2700186 
52 2700189 
53 2700191 
54 2700201 
55 2700202 
56 2700202 
57 2700202 
58 2700202 
59 2700204 
60 2700214 
61 2700226 
62 2700226 
63 2700229 
64 2700229 
65 2700229 
66 2700233 
67 2700234 
68 2700234 
69 2700235 
70 2700240 
71 2700241 
72 2700242 
73 2700244 
74 2700250 
75 2700253 
76 2700259 
77 2700263 
78 2700265 
79 2700267 
80 2700269 
81 2700271 
82 2700271 
83 2700271 
84 2700279 
85 2700293 
86 2700300 
87 2700300 
88 2700301 
89 2700301 
90 2700301 
91 2700302 
92 2700303 
93 2700304 
94 2700310 
95 2700312 
96 2700314 
97 2700314 
98 2700315 
99 2700315 
100 2700315 
101 2700316 
102 2700316 
103 2700316 
104 2700316 
105 2700317 
106 2700317 
107 2700317 
108 2700318 
109 2700318 
110 2700318 
111 2700319 
112 2700319 
113 2700319 
114 2700320 
115 2700320 
116 2700320 
117 2700321 
118 2700321 
119 2700321 
120 2700322 
121 2700322 
122 2700322 
123 2700323 
124 2700323 
125 2700323 
126 2700324 
127 2700324 
128 2700324 
129 2700325 
130 2700325 
131 2700325 
132 2700326 
133 2700326 
134 2700326 
135 2700327 
136 2700330 
137 2700331 
138 2700331 
139 2700332 
140 2700332 
141 2700333 
142 2700333 
143 2700335 
144 2700352 
145 2700354 
146 2700354 
147 2700356 
148 2700356 
149 2700357 
150 2700359 
151 2700362 
152 2700370 
153 2700371 
154 2700371 
155 2700371 
156 2700372 
157 2700372 
158 2700372 
159 2700372 
160 2700373 
161 2700373 
162 2700373 
163 2700375 
164 2700379 
165 2700379 
166 2700381 
167 2700381 
168 2700381 
169 2700382 
170 2700383 
171 2700389 
172 2700396 
173 2700399 
174 2700400 
175 2700401 
176 2700403 
177 2700407 
178 2700409 
179 2700411 
180 2700411 
181 2700412 
182 2700424 
183 2700428 
184 2700429 
185 2700431 
186 2700432 
187 2700434 
188 2700435 
189 2700436 
190 2700436 
191 2700442 
192 2700444 
193 2700446 
194 2700449 
195 2700450 
196 2700455 
197 2700456 
198 2700459 
199 2700459 
200 2700460 
201 2700460 
202 2700460 
203 2700461 
204 2700462 
205 2700463 
206 2700464 
207 2700466 
208 2700466 
209 2700466 
210 2700470 
211 2700481 
212 2700482 
213 2700491 
214 2700493 
215 2700493 
216 2700493 
217 2700494 
218 2700495 
219 2700497 
220 2700498 
221 2700503 
222 2700507 
223 2700509 
224 2700509 
225 2700510 
226 2700510 
227 2700510 
228 2700511 
229 2700511 
230 2700511 
231 2700512 
232 2700512 
233 2700512 
234 2700513 
235 2700522 
236 2700522 
237 2700523 
238 2700530 
239 2700530 
240 2700531 
241 2700532 
242 2700532 
243 2700532 
244 2700533 
245 2700533 
246 2700536 
247 2700537 
248 2700537 
249 2700537 
250 2700538 
251 2700538 
252 2700538 
253 2700541 
254 2700543 
255 2700543 
256 2700543 
257 2700547 
258 2700547 
259 2700547 
260 2700548 
261 2700548 
262 2700548 
263 2700549 
264 2700549 
265 2700549 
266 2700550 
267 2700550 
268 2700550 
269 2700551 
270 2700551 
271 2700551 
272 2700552 
273 2700552 
274 2700552 
275 2700553 
276 2700553 
277 2700553 
278 2700554 
279 2700554 
280 2700556 
281 2700557 
282 2700558 
283 2700559 
284 2700562 
285 2700579 
286 2700579 
287 2700582 
288 2700586 
289 2700587 
290 2700588 
291 2700588 
292 2700589 
293 2700589 
294 2700590 
295 2700590 
296 2700591 
297 2700591 
298 2700591 
299 2700592 
300 2700593 
301 2700593 
302 2700593 
303 2700594 
304 2700594 
305 2700599 
306 2700605 
307 2700605 
308 2700606 
309 2700606 
310 2700607 
311 2700607 
312 2700608 
313 2700608 
314 2700608 
315 2700609 
316 2700609 
317 2700612 
318 2700617 
319 2700625 
320 2700625 
321 2700626 
322 2700632 
323 2700634 
324 2700636 
325 2700636 
326 2700638 
327 2700640 
328 2700652 
329 2700654 
330 2700656 
331 2700657 
332 2700657 
333 2700660 
334 2700661 
335 2700661 
336 2700662 
337 2700662 
338 2700662 
339 2700669 
340 2700673 
341 2700673 
342 2700675 
343 2700678 
344 2700678 
345 2700683 
346 2700694 
347 2700695 
348 2700697 
349 2700698 
350 2700698 
351 2700699 
352 2700699 
353 2700701 
354 2700702 
355 2700704 
356 2700706 
357 2700707 
358 2700714 
359 2700716 
360 2700719 
361 2700721 
362 2700721 
363 2700721 
364 2700721 
365 2700724 
366 2700725 
367 2700726 
368 2700726 
369 2700726 
370 2700727 
371 2700727 
372 2700727 
373 2700727 
374 2700733 
375 2700733 
376 2700737 
377 2700737 
378 2700738 
379 2700748 
380 2700755 
381 2700772 
382 2700773 
383 2700774 
384 2700783 
385 2700785 
386 2700788 
387 2700807 
388 2700807 
389 2700807 
390 2700809 
391 2700810 
392 2700811 
393 2700811 
394 2700812 
395 2700812 
396 2700814 
397 2700820 
398 2700830 
399 2700831 
400 2700832 
401 2700832 
402 2700832 
403 2700834 
404 2700835 
405 2700836 
406 2700836 
407 2700836 
408 2700840 
409 2700843 
410 2700846 
411 2700846 
412 2700847 
413 2700848 
414 2700849 
415 2700851 
416 2700851 
417 2700853 
418 2700856 
419 2700860 
420 2700862 
421 2700862 
422 2700863 
423 2700865 
424 2700868 
425 2700869 
426 2700870 
427 2700870 
428 2700870 
429 2700871 
430 2700871 
431 2700871 
432 2700872 
433 2700872 
434 2700872 
435 2700873 
436 2700873 
437 2700873 
438 2700874 
439 2700874 
440 2700874 
441 2700875 
442 2700875 
443 2700876 
444 2700876 
445 2700876 
446 2700877 
447 2700878 
448 2700878 
449 2700879 
450 2700879 
451 2700879 
452 2700880 
453 2700880 
454 2700880 
455 2700882 
456 2700885 
457 2700902 
458 2700910 
459 2700913 
460 2700915 
461 2700917 
462 2700919 
463 2700920 
464 2700922 
465 2700922 
466 2700923 
467 2700932 
468 2700935 
469 2700941 
470 2700943 
471 2700946 
472 2700946 
473 2700946 
474 2700947 
475 2700947 
476 2700948 
477 2700950 
478 2700951 
479 2700952 
480 2700952 
481 2700952 
482 2700953 
483 2700954 
484 2700959 
485 2700959 
486 2700960 
487 2700969 
488 2700972 
489 2700974 
490 2700976 
491 2700977 
492 2700978 
493 2700980 
494 2700982 
495 2700982 
496 2700982 
497 2700984 
498 2700985 
499 2700985 
500 2700986 
501 2700986 
502 2700986 
503 2700987 
504 2700987 
505 2700987 
506 2700988 
507 2700988 
508 2700989 
509 2700989 
510 2700990 
511 2700990 
512 2700990 
513 2700993 
514 2700995 
515 2700995 
516 2701001 
517 2701004 
518 2701004 
519 2701005 
520 2701007 
521 2701009 
522 2701010 
523 2701011 
524 2701011 
525 2701012 
526 2701014 
527 2701015 
528 2701015 
529 2701019 
530 2701020 
531 2701020 
532 2701025 
533 2701028 
534 2701030 
535 2701031 
536 2701034 
537 2701034 
538 2701035 
539 2701035 
540 2701036 
541 2701036 
542 2701039 
543 2701041 
544 2701043 
545 2701046 
546 2701047 
547 2701047 
548 2701048 
549 2701050 
550 2701050 
551 2701053 
552 2701054 
553 2701055 
554 2701055 
555 2701055 
556 2701056 
557 2701061 
558 2701067 
559 2701067 
560 2701067 
561 2701068 
562 2701068 
563 2701068 
564 2701068 
565 2701069 
566 2701069 
567 2701069 
568 2701070 
569 2701070 
570 2701071 
571 2701081 
572 2701085 
573 2701087 
574 2701094 
575 2701097 
576 2701097 
577 2701099 
578 2701099 
579 2701101 
580 2701101 
581 2701101 
582 2701103 
583 2701103 
584 2701105 
585 2701106 
586 2701109 
587 2701111 
588 2701123 
589 2701127 
590 2701128 
591 2701136 
592 2701136 
593 2701136 
594 2701136 
595 2701137 
596 2701139 
597 2701141 
598 2701142 
599 2701143 
600 2701145 
601 2701150 
602 2701155 
603 2701164 
604 2701167 
605 2701169 
606 2701169 
607 2701172 
608 2701172 
609 2701184 
610 2701184 
611 2701188 
612 2701193 
613 2701193 
614 2701193 
615 2701194 
616 2701194 
617 2701194 
618 2701195 
619 2701195 
620 2701195 
621 2701196 
622 2701196 
623 2701196 
624 2701197 
625 2701197 
626 2701197 
627 2701198 
628 2701198 
629 2701199 
630 2701199 
631 2701199 
632 2701200 
633 2701200 
634 2701201 
635 2701201 
636 2701201 
637 2701201 
638 2701202 
639 2701202 
640 2701203 
641 2701205 
642 2701205 
643 2701205 
644 2701206 
645 2701206 
646 2701207 
647 2701207 
648 2701207 
649 2701208 
650 2701208 
651 2701209 
652 2701209 
653 2701210 
654 2701212 
655 2701213 
656 2701213 
657 2701213 
658 2701214 
659 2701214 
660 2701214 
661 2701216 
662 2701216 
663 2701217 
664 2701223 
665 2701223 
666 2701223 
667 2701223 
668 2701224 
669 2701224 
670 2701225 
671 2701225 
672 2701225 
673 2701226 
674 2701227 
675 2701227 
676 2701227 
677 2701227 
678 2701228 
679 2701228 
680 2701229 
681 2701229 
682 2701229 
683 2701230 
684 2701230 
685 2701231 
686 2701232 
687 2701233 
688 2701234 
689 2701236 
690 2701236 
691 2701237 
692 2701237 
693 2701237 
694 2701241 
695 2701241 
696 2701242 
697 2701242 
698 2701242 
699 2701243 
700 2701243 
701 2701243 
702 2701244 
703 2701244 
704 2701245 
705 2701245 
706 2701245 
707 2701246 
708 2701246 
709 2701246 
710 2701247 
711 2701247 
712 2701248 
713 2701249 
714 2701250 
715 2701251 
716 2701251 
717 2701256 
718 2701256 
719 2701257 
720 2701257 
721 2701258 
722 2701259 
723 2701262 
724 2701262 
725 2701263 
726 2701263 
727 2701263 
728 2701263 
729 2701264 
730 2701266 
731 2701266 
732 2701267 
733 2701267 
734 2701269 
735 2701270 
736 2701272 
737 2701275 
738 2701278 
739 2701278 
740 2701282 
741 2701287 
742 2701292 
743 2701294 
744 2701302 
745 2701303 
746 2701303 
747 2701306 
748 2701309 
749 2701309 
750 2701309 
751 2701311 
752 2701311 
753 2701313 
754 2701323 
755 2701326 
756 2701328 
757 2701329 
758 2701333 
759 2701362 
760 2701371 
761 2701377 
762 2701378 
763 2701378 
764 2701378 
765 2701379 
766 2701380 
767 2701383 
768 2701399 
769 2701405 
770 2701408 
771 2701429 
772 2701431 
773 2701432 
774 2701453 
775 2701453 
776 2701457 
777 2701464 
778 2701465 
779 2701465 
780 2701466 
781 2701466 
782 2701468 
783 2701469 
784 2701469 
785 2701470 
786 2701470 
787 2701475 
788 2701475 
789 2701477 
790 2701477 
791 2701478 
792 2701480 
793 2701489 
794 2701489 
795 2701497 
796 2701497 
797 2701503 
798 2701505 
799 2701507 
800 2701508 
801 2701508 
802 2701511 
803 2701516 
804 2701516 
805 2701520 
806 2701522 
807 2701525 
808 2701525 
809 2701530 
810 2701531 
811 2701531 
812 2701532 
813 2701532 
814 2701532 
815 2701533 
816 2701533 
817 2701533 
818 2701545 
819 2701548 
820 2701556 
821 2701560 
822 2701561 
823 2701563 
824 2701564 
825 2701606 
826 2701607 
827 2701607 
828 2701608 
829 2701615 
830 2701616 
831 2701628 
832 2701632 
833 2701632 
834 2701633 
835 2701633 
836 2701633 
837 2701633 
838 2701634 
839 2701634 
840 2701640 
841 2701640 
842 2701640 
843 2701643 
844 2701648 
845 2701648 
846 2701648 
847 2701652 
848 2701660 
849 2701675 
850 2701679 
851 2701681 
852 2701683 
853 2701684 
854 2701703 
855 2701707 
856 2701714 
857 2701715 
858 2701748 
859 2701755 
860 2701755 
861 2701759 
862 2701761 
863 2701761 
864 2701762 
865 2701762 
866 2701762 
867 2701768 
868 2701769 
869 2701770 
870 2701778 
871 2701780 
872 2701781 
873 2701782 
874 2701782 
875 2701787 
876 2701791 
877 2701792 
878 2701794 
879 2701794 
880 2701796 
881 2701797 
882 2701797 
883 2701799 
884 2701799 
885 2701801 
886 2701801 
887 2701802 
888 2701803 
889 2701803 
890 2701804 
891 2701804 
892 2701804 
893 2701805 
894 2701805 
895 2701805 
896 2701806 
897 2701806 
898 2701806 
899 2701806 
900 2701807 
901 2701807 
902 2701812 
903 2701814 
904 2701814 
905 2701816 
906 2701817 
907 2701819 
908 2701820 
909 2701825 
910 2701831 
911 2701836 
912 2701836 
913 2701836 
914 2701838 
915 2701839 
916 2701841 
917 2701847 
918 2701852 
919 2701852 
920 2701858 
921 2701858 
922 2701858 
923 2701860 
924 2701864 
925 2701865 
926 2701865 
927 2701865 
928 2701866 
929 2701874 
930 2701885 
931 2701886 
932 2701886 
933 2701886 
934 2701887 
935 2701887 
936 2701887 
937 2701887 
938 2701888 
939 2701888 
940 2701888 
941 2701889 
942 2701889 
943 2701889 
944 2701890 
945 2701890 
946 2701890 
947 2701890 
948 2701891 
949 2701891 
950 2701891 
951 2701891 
952 2701895 
953 2701896 
954 2701900 
955 2701902 
956 2701904 
957 2701909 
958 2701910 
959 2701910 
960 2701913 
961 2701913 
962 2701913 
963 2701914 
964 2701914 
965 2701915 
966 2701915 
967 2701919 
968 2701919 
969 2701919 
970 2701920 
971 2701920 
972 2701920 
973 2701921 
974 2701921 
975 2701921 
976 2701922 
977 2701922 
978 2701922 
979 2701923 
980 2701923 
981 2701923 
982 2701924 
983 2701924 
984 2701925 
985 2701925 
986 2701926 
987 2701926 
988 2701926 
989 2701927 
990 2701927 
991 2701933 
992 2701936 
993 2701936 
994 2701936 
995 2701937 
996 2701937 
997 2701937 
998 2701938 
999 2701938 
1000 2701939 
1001 2701939 
1002 2701939 
1003 2701940 
1004 2701940 
1005 2701940 
1006 2701941 
1007 2701941 
1008 2701941 
1009 2701942 
1010 2701942 
1011 2701942 
1012 2701943 
1013 2701943 
1014 2701943 
1015 2701944 
1016 2701944 
1017 2701944 
1018 2701945 
1019 2701945 
1020 2701945 
1021 2701946 
1022 2701946 
1023 2701946 
1024 2701947 
1025 2701947 
1026 2701948 
1027 2701948 
1028 2701948 
1029 2701949 
1030 2701950 
1031 2701950 
1032 2701950 
1033 2701951 
1034 2701951 
1035 2701951 
1036 2701952 
1037 2701952 
1038 2701952 
1039 2701953 
1040 2701953 
1041 2701953 
1042 2701953 
1043 2701954 
1044 2701954 
1045 2701955 
1046 2701955 
1047 2701955 
1048 2701956 
1049 2701957 
1050 2701957 
1051 2701958 
1052 2701958 
1053 2701959 
1054 2701976 
1055 2701987 
1056 2701988 
1057 2701996 
1058 2701996 
1059 2701996 
1060 2702001 
1061 2702001 
1062 2702002 
1063 2702002 
1064 2702003 
1065 2702003 
1066 2702004 
1067 2702005 
1068 2702005 
1069 2702005 
1070 2702006 
1071 2702006 
1072 2702006 
1073 2702007 
1074 2702007 
1075 2702007 
1076 2702008 
1077 2702008 
1078 2702008 
1079 2702009 
1080 2702009 
1081 2702009 
1082 2702009 
1083 2702010 
1084 2702010 
1085 2702010 
1086 2702011 
1087 2702011 
1088 2702011 
1089 2702012 
1090 2702012 
1091 2702012 
1092 2702013 
1093 2702013 
1094 2702013 
1095 2702014 
1096 2702014 
1097 2702020 
1098 2702021 
1099 2702021 
1100 2702021 
1101 2702022 
1102 2702023 
1103 2702023 
1104 2702030 
1105 2702032 
1106 2702032 
1107 2702033 
1108 2702051 
1109 2702055 
1110 2702058 
1111 2702058 
1112 2702058 
1113 2702059 
1114 2702059 
1115 2702059 
1116 2702060 
1117 2702060 
1118 2702060 
1119 2702069 
1120 2702073 
1121 2702074 
1122 2702074 
1123 2702075 
1124 2702076 
1125 2702077 
1126 2702078 
1127 2702078 
1128 2702078 
1129 2702079 
1130 2702081 
1131 2702083 
1132 2702086 
1133 2702086 
1134 2702086 
1135 2702092 
1136 2702103 
1137 2702106 
1138 2702111 
1139 2702120 
1140 2702122 
1141 2702123 
1142 2702127 
1143 2702128 
1144 2702128 
1145 2702131 
1146 2702133 
1147 2702136 
1148 2702159 
1149 2702159 
1150 2702164 
1151 2702164 
1152 2702164 
1153 2702170 
1154 2702173 
1155 2702178 
1156 2702179 
1157 2702180 
1158 2702183 
1159 2702184 
1160 2702184 
1161 2702184 
1162 2702186 
1163 2702186 
1164 2702187 
1165 2702187 
1166 2702188 
1167 2702190 
1168 2702207 
1169 2702218 
1170 2702218 
1171 2702219 
1172 2702219 
1173 2702219 
1174 2702219 
1175 2702220 
1176 2702220 
1177 2702220 
1178 2702221 
1179 2702221 
1180 2702221 
1181 2702222 
1182 2702222 
1183 2702222 
1184 2702222 
1185 2702223 
1186 2702223 
1187 2702223 
1188 2702226 
1189 2702228 
1190 2702228 
1191 2702235 
1192 2702236 
1193 2702236 
1194 2702238 
1195 2702240 
1196 2702240 
1197 2702240 
1198 2702240 
1199 2702252 
1200 2702258 
1201 2702259 
1202 2702268 
1203 2702268 
1204 2702268 
1205 2702269 
1206 2702277 
1207 2702282 
1208 2702282 
1209 2702283 
1210 2702285 
1211 2702287 
1212 2702287 
1213 2702290 
1214 2702296 
1215 2702298 
1216 2702300 
1217 2702301 
1218 2702303 
1219 2702307 
1220 2702307 
1221 2702308 
1222 2702311 
1223 2702312 
1224 2702316 
1225 2702316 
1226 2702317 
1227 2702317 
1228 2702318 
1229 2702324 
1230 2702325 
1231 2702327 
1232 2702331 
1233 2702339 
1234 2702343 
1235 2702343 
1236 2702345 
1237 2702346 
1238 2702348 
1239 2702348 
1240 2702349 
1241 2702350 
1242 2702355 
1243 2702361 
1244 2702361 
1245 2702366 
1246 2702366 
1247 2702392 
1248 2702393 
1249 2702393 
1250 2702393 
1251 2702399 
1252 2702401 
1253 2702401 
1254 2702402 
1255 2702404 
1256 2702414 
1257 2702426 
1258 2702428 
1259 2702429 
1260 2702430 
1261 2702432 
1262 2702434 
1263 2702435 
1264 2702437 
1265 2702438 
1266 2702440 
1267 2702442 
1268 2702446 
1269 2702454 
1270 2702458 
1271 2702460 
1272 2702464 
1273 2702466 
1274 2702468 
1275 2702469 
1276 2702470 
1277 2702472 
1278 2702473 
1279 2702474 
1280 2702479 
1281 2702480 
1282 2702480 
1283 2702488 
1284 2702489 
1285 2702489 
1286 2702489 
1287 2702490 
1288 2702490 
1289 2702491 
1290 2702502 
1291 2702502 
1292 2702503 
1293 2702512 
1294 2702512 
1295 2702513 
1296 2702513 
1297 2702513 
1298 2702513 
1299 2702515 
1300 2702516 
1301 2702517 
1302 2702518 
1303 2702522 
1304 2702524 
1305 2702525 
1306 2702525 
1307 2702527 
1308 2702527 
1309 2702528 
1310 2702528 
1311 2702529 
1312 2702529 
1313 2702530 
1314 2702530 
1315 2702531 
1316 2702532 
1317 2702541 
1318 2702542 
1319 2702542 
1320 2702543 
1321 2702544 
1322 2702547 
1323 2702547 
1324 2702548 
1325 2702551 
1326 2702553 
1327 2702555 
1328 2702555 
1329 2702556 
1330 2702556 
1331 2702556 
1332 2702556 
1333 2702557 
1334 2702558 
1335 2702559 
1336 2702561 
1337 2702561 
1338 2702562 
1339 2702562 
1340 2702562 
1341 2702565 
1342 2702565 
1343 2702567 
1344 2702567 
1345 2702568 
1346 2702568 
1347 2702568 
1348 2702569 
1349 2702570 
1350 2702570 
1351 2702572 
1352 2702572 
1353 2702577 
1354 2702578 
1355 2702579 
1356 2702579 
1357 2702580 
1358 2702581 
1359 2702581 
1360 2702582 
1361 2702582 
1362 2702583 
1363 2702590 
1364 2702597 
1365 2702600 
1366 2702600 
1367 2702602 
1368 2702603 
1369 2702604 
1370 2702604 
1371 2702605 
1372 2702605 
1373 2702605 
1374 2702606 
1375 2702606 
1376 2702606 
1377 2702606 
1378 2702607 
1379 2702607 
1380 2702608 
1381 2702608 
1382 2702611 
1383 2702614 
1384 2702618 
1385 2702623 
1386 2702623 
1387 2702623 
1388 2702624 
1389 2702624 
1390 2702625 
1391 2702627 
1392 2702627 
1393 2702630 
1394 2702630 
1395 2702632 
1396 2702633 
1397 2702634 
1398 2702635 
1399 2702636 
1400 2702639 
1401 2702640 
1402 2702640 
1403 2702643 
1404 2702647 
1405 2702647 
1406 2702648 
1407 2702652 
1408 2702653 
1409 2702654 
1410 2702654 
1411 2702657 
1412 2702660 
1413 2702662 
1414 2702662 
1415 2702662 
1416 2702672 
1417 2702673 
1418 2702673 
1419 2702673 
1420 2702678 
1421 2702681 
1422 2702684 
1423 2702688 
1424 2702692 
1425 2702693 
1426 2702700 
1427 2702704 
1428 2702705 
1429 2702705 
1430 2702705 
1431 2702707 
1432 2702708 
1433 2702709 
1434 2702710 
1435 2702714 
1436 2702716 
1437 2702725 
1438 2702727 
1439 2702728 
1440 2702731 
1441 2702731 
1442 2702732 
1443 2702738 
1444 2702740 
1445 2702742 
1446 2702743 
1447 2702744 
1448 2702753 
1449 2702756 
1450 2702758 
1451 2702762 
1452 2702764 
1453 2702764 
1454 2702764 
1455 2702765 
1456 2702766 
1457 2702766 
1458 2702767 
1459 2702767 
1460 2702769 
1461 2702770 
1462 2702770 
1463 2702777 
1464 2702777 
1465 2702778 
1466 2702782 
1467 2702787 
1468 2702789 
1469 2702794 
1470 2702797 
1471 2702798 
1472 2702799 
1473 2702799 
1474 2702814 
1475 2702816 
1476 2702817 
1477 2702820 
1478 2702823 
1479 2702823 
1480 2702824 
1481 2702824 
1482 2702824 
1483 2702825 
1484 2702825 
1485 2702825 
1486 2702826 
1487 2702826 
1488 2702826 
1489 2702827 
1490 2702827 
1491 2702827 
1492 2702828 
1493 2702828 
1494 2702829 
1495 2702829 
1496 2702829 
1497 2702830 
1498 2702830 
1499 2702845 
1500 2702848 
1501 2702849 
1502 2702850 
1503 2702850 
1504 2702852 
1505 2702856 
1506 2702858 
1507 2702859 
1508 2702860 
1509 2702861 
1510 2702865 
1511 2702868 
1512 2702869 
1513 2702869 
1514 2702870 
1515 2702871 
1516 2702871 
1517 2702875 
1518 2702876 
1519 2702877 
1520 2702880 
1521 2702881 
1522 2702881 
1523 2702884 
1524 2702885 
1525 2702886 
1526 2702895 
1527 2702901 
1528 2702902 
1529 2702903 
1530 2702904 
1531 2702907 
1532 2702907 
1533 2702907 
1534 2702908 
1535 2702908 
1536 2702908 
1537 2702909 
1538 2702909 
1539 2702911 
1540 2702911 
1541 2702912 
1542 2702917 
1543 2702919 
1544 2702919 
1545 2702919 
1546 2702920 
1547 2702920 
1548 2702920 
1549 2702921 
1550 2702921 
1551 2702923 
1552 2702924 
1553 2702924 
1554 2702925 
1555 2702931 
1556 2702942 
1557 2702947 
1558 2702947 
1559 2702948 
1560 2702948 
1561 2702949 
1562 2702953 
1563 2702955 
1564 2702957 
1565 2702957 
1566 2702958 
1567 2702961 
1568 2702961 
1569 2702964 
1570 2702966 
1571 2702974 
1572 2702983 
1573 2702984 
1574 2702988 
1575 2702988 
1576 2702989 
1577 2702990 
1578 2702991 
1579 2702991 
1580 2702992 
1581 2702992 
1582 2702993 
1583 2702993 
1584 2702993 
1585 2702993 
1586 2702994 
1587 2702994 
1588 2702995 
1589 2702995 
1590 2702996 
1591 2702996 
1592 2702996 
1593 2702997 
1594 2702997 
1595 2702998 
1596 2702998 
1597 2702998 
1598 2702999 
1599 2703000 
1600 2703002 
1601 2703002 
1602 2703003 
1603 2703003 
1604 2703004 
1605 2703004 
1606 2703004 
1607 2703004 
1608 2703005 
1609 2703005 
1610 2703008 
1611 2703008 
1612 2703010 
1613 2703012 
1614 2703023 
1615 2703023 
1616 2703024 
1617 2703026 
1618 2703028 
1619 2703030 
1620 2703031 
1621 2703032 
1622 2703033 
1623 2703033 
1624 2703034 
1625 2703035 
1626 2703038 
1627 2703038 
1628 2703040 
1629 2703041 
1630 2703049 
1631 2703050 
1632 2703052 
1633 2703053 
1634 2703054 
1635 2703055 
1636 2703059 
1637 2703061 
1638 2703061 
1639 2703064 
1640 2703067 
1641 2703072 
1642 2703072 
1643 2703082 
1644 2703082 
1645 2703089 
1646 2703106 
1647 2703106 
1648 2703107 
1649 2703107 
1650 2703107 
1651 2703108 
1652 2703108 
1653 2703108 
1654 2703109 
1655 2703113 
1656 2703114 
1657 2703117 
1658 2703119 
1659 2703122 
1660 2703128 
1661 2703134 
1662 2703134 
1663 2703134 
1664 2703135 
1665 2703135 
1666 2703135 
1667 2703136 
1668 2703136 
1669 2703136 
1670 2703137 
1671 2703137 
1672 2703137 
1673 2703137 
1674 2703138 
1675 2703140 
1676 2703140 
1677 2703141 
1678 2703141 
1679 2703141 
1680 2703142 
1681 2703142 
1682 2703142 
1683 2703143 
1684 2703143 
1685 2703143 
1686 2703144 
1687 2703144 
1688 2703144 
1689 2703145 
1690 2703145 
1691 2703146 
1692 2703147 
1693 2703147 
1694 2703147 
1695 2703148 
1696 2703154 
1697 2703154 
1698 2703155 
1699 2703158 
1700 2703158 
1701 2703160 
1702 2703160 
1703 2703160 
1704 2703163 
1705 2703163 
1706 2703163 
1707 2703170 
1708 2703179 
1709 2703184 
1710 2703187 
1711 2703187 
1712 2703188 
1713 2703188 
1714 2703189 
1715 2703189 
1716 2703191 
1717 2703193 
1718 2703193 
1719 2703194 
1720 2703194 
1721 2703196 
1722 2703197 
1723 2703198 
1724 2703200 
1725 2703201 
1726 2703209 
1727 2703209 
1728 2703213 
1729 2703217 
1730 2703217 
1731 2703218 
1732 2703221 
1733 2703222 
1734 2703224 
1735 2703226 
1736 2703229 
1737 2703230 
1738 2703230 
1739 2703231 
1740 2703231 
1741 2703232 
1742 2703232 
1743 2703232 
1744 2703233 
1745 2703233 
1746 2703233 
1747 2703234 
1748 2703234 
1749 2703234 
1750 2703234 
1751 2703235 
1752 2703235 
1753 2703235 
1754 2703236 
1755 2703236 
1756 2703236 
1757 2703237 
1758 2703237 
1759 2703237 
1760 2703237 
1761 2703238 
1762 2703238 
1763 2703238 
1764 2703239 
1765 2703239 
1766 2703239 
1767 2703240 
1768 2703240 
1769 2703240 
1770 2703241 
1771 2703241 
1772 2703242 
1773 2703242 
1774 2703243 
1775 2703244 
1776 2703245 
1777 2703245 
1778 2703247 
1779 2703250 
1780 2703250 
1781 2703251 
1782 2703253 
1783 2703254 
1784 2703255 
1785 2703255 
1786 2703255 
1787 2703256 
1788 2703266 
1789 2703276 
1790 2703278 
1791 2703279 
1792 2703283 
1793 2703283 
1794 2703284 
1795 2703285 
1796 2703286 
1797 2703288 
1798 2703290 
1799 2703292 
1800 2703292 
1801 2703294 
1802 2703296 
1803 2703297 
1804 2703298 
1805 2703298 
1806 2703300 
1807 2703302 
1808 2703305 
1809 2703305 
1810 2703307 
1811 2703309 
1812 2703312 
1813 2703316 
1814 2703317 
1815 2703319 
1816 2703319 
1817 2703320 
1818 2703320 
1819 2703321 
1820 2703322 
1821 2703324 
1822 2703326 
1823 2703328 
1824 2703328 
1825 2703330 
1826 2703330 
1827 2703332 
1828 2703334 
1829 2703336 
1830 2703336 
1831 2703338 
1832 2703338 
1833 2703338 
1834 2703339 
1835 2703339 
1836 2703340 
1837 2703340 
1838 2703340 
1839 2703345 
1840 2703345 
1841 2703345 
1842 2703346 
1843 2703346 
1844 2703346 
1845 2703347 
1846 2703349 
1847 2703351 
1848 2703352 
1849 2703352 
1850 2703353 
1851 2703358 
1852 2703364 
1853 2703365 
1854 2703365 
1855 2703367 
1856 2703368 
1857 2703369 
1858 2703371 
1859 2703371 
1860 2703371 
1861 2703372 
1862 2703372 
1863 2703372 
1864 2703378 
1865 2703381 
1866 2703383 
1867 2703387 
1868 2703387 
1869 2703389 
1870 2703390 
1871 2703391 
1872 2703393 
1873 2703393 
1874 2703393 
1875 2703398 
1876 2703399 
1877 2703400 
1878 2703401 
1879 2703405 
1880 2703411 
1881 2703411 
1882 2703411 
1883 2703411 
1884 2703412 
1885 2703415 
1886 2703415 
1887 2703418 
1888 2703418 
1889 2703421 
1890 2703421 
1891 2703428 
1892 2703429 
1893 2703429 
1894 2703431 
1895 2703434 
1896 2703434 
1897 2703437 
1898 2703439 
1899 2703441 
1900 2703441 
1901 2703442 
1902 2703443 
1903 2703443 
1904 2703444 
1905 2703444 
1906 2703444 
1907 2703445 
1908 2703445 
1909 2703445 
1910 2703446 
1911 2703446 
1912 2703447 
1913 2703447 
1914 2703449 
1915 2703449 
1916 2703452 
1917 2703453 
1918 2703453 
1919 2703457 
1920 2703459 
1921 2703461 
1922 2703461 
1923 2703463 
1924 2703464 
1925 2703464 
1926 2703464 
1927 2703465 
1928 2703465 
1929 2703465 
1930 2703467 
1931 2703470 
1932 2703470 
1933 2703470 
1934 2703471 
1935 2703471 
1936 2703472 
1937 2703472 
1938 2703473 
1939 2703473 
1940 2703473 
1941 2703474 
1942 2703474 
1943 2703474 
1944 2703474 
1945 2703475 
1946 2703475 
1947 2703475 
1948 2703476 
1949 2703476 
1950 2703476 
1951 2703478 
1952 2703478 
1953 2703479 
1954 2703480 
1955 2703480 
1956 2703482 
1957 2703485 
1958 2703491 
1959 2703491 
1960 2703492 
1961 2703492 
1962 2703492 
1963 2703492 
1964 2703493 
1965 2703493 
1966 2703493 
1967 2703494 
1968 2703494 
1969 2703495 
1970 2703497 
1971 2703497 
1972 2703498 
1973 2703498 
1974 2703500 
1975 2703500 
1976 2703501 
1977 2703501 
1978 2703501 
1979 2703504 
1980 2703506 
1981 2703507 
1982 2703508 
1983 2703508 
1984 2703510 
1985 2703510 
1986 2703510 
1987 2703511 
1988 2703511 
1989 2703511 
1990 2703512 
1991 2703512 
1992 2703512 
1993 2703513 
1994 2703514 
1995 2703514 
1996 2703514 
1997 2703515 
1998 2703515 
1999 2703515 
2000 2703518 
2001 2703518 
2002 2703520 
2003 2703522 
2004 2703522 
2005 2703523 
2006 2703523 
2007 2703523 
2008 2703524 
2009 2703524 
2010 2703544 
2011 2703549 
2012 2703551 
2013 2703551 
2014 2703561 
2015 2703561 
2016 2703562 
2017 2703563 
2018 2703564 
2019 2703567 
2020 2703571 
2021 2703573 
2022 2703574 
2023 2703575 
2024 2703575 
2025 2703575 
2026 2703576 
2027 2703576 
2028 2703576 
2029 2703576 
2030 2703581 
2031 2703585 
2032 2703586 
2033 2703586 
2034 2703587 
2035 2703587 
2036 2703587 
2037 2703589 
2038 2703589 
2039 2703590 
2040 2703592 
2041 2703593 
2042 2703595 
2043 2703595 
2044 2703597 
2045 2703597 
