14055 1312 859 659 1328 823 868 319 2103 1674 1133 361 1086 357 1102 2827 1160 609 746 1196 1027 1565 1652 1991 1193 522 394 453 1014 1368 1309 1296 1576 995 1958 1834 563 1859 1806 1629 1918 1439 1034 1216 1811 1158 2390 961 705 1986 354 657 1601 1361 1224 1315 1378 1739 2154
1312 14055 661 1512 2520 1292 1088 742 933 610 839 1317 1512 2300 3376 1905 835 1655 1211 1839 1067 1933 1379 2540 1199 1708 346 1377 2053 1732 783 716 864 1087 1492 598 683 900 1958 965 802 1578 1507 1172 3470 1881 969 3485 2567 1607 1258 363 710 2436 3180 284 1527 686 1468
859 661 14055 848 1027 880 845 305 441 1467 1713 807 667 1646 891 427 634 807 986 721 1026 1494 1079 780 756 1912 1959 1936 1128 1781 1103 1689 1155 515 818 715 1935 1401 21 1042 1015 986 1124 1234 504 670 1156 628 1174 1221 964 2109 2023 1292 488 1603 727 564 1142
659 1512 848 14055 672 1667 1963 626 970 585 187 825 497 1466 483 1108 1540 1372 531 604 745 1070 1431 2006 448 986 924 1871 920 1294 1607 1228 1451 452 948 1164 2042 969 1578 535 665 1109 2208 336 1872 635 1047 1014 1652 946 1194 360 1213 1705 1023 934 752 866 969
1328 2520 1027 672 14055 1501 895 1097 975 785 469 1405 1556 1409 1453 570 1470 1637 1092 1422 1598 1624 1101 1188 715 1247 447 1089 1881 2296 894 646 1347 1155 1736 876 697 671 853 1105 920 1512 1307 1301 1503 2006 2191 2122 1826 2112 2596 639 968 1864 628 772 534 347 709
823 1292 880 1667 1501 14055 1656 812 427 1807 590 1278 838 3734 1043 1324 2072 789 1444 720 732 1157 1147 1550 462 1060 3257 2341 1206 603 1456 2022 462 1459 1112 536 751 1169 721 905 1277 1436 1608 1324 1046 1740 1906 795 2789 1087 1131 239 2060 1411 443 1363 946 1717 1346
868 1088 845 1963 895 1656 14055 670 1087 2419 915 1591 1489 2877 1528 306 2372 2403 1423 2536 1589 925 398 1187 1449 1098 920 2218 1971 1152 2146 426 1566 833 425 473 1524 2193 163 1711 623 607 1189 831 1560 1134 799 1773 1021 797 1821 189 1286 1340 1094 539 449 1472 558
319 742 305 626 1097 812 670 14055 890 902 453 1116 1456 976 376 203 840 808 808 860 748 484 764 911 733 476 686 388 810 1357 654 641 1628 905 377 210 1088 619 450 489 368 575 1238 1040 737 534 645 802 495 695 106 125 671 381 504 368 136 541 433
2103 933 441 970 975 427 1087 890 14055 1776 446 661 1605 612 223 0 1067 388 442 788 2233 542 1244 1065 343 718 616 1202 715 1945 3650 1179 2104 981 2485 507 182 1138 595 1439 2438 1059 1614 1391 964 1881 2407 2108 839 2472 668 352 2881 910 502 169 326 1311 1342
1674 610 1467 585 785 1807 2419 902 1776 14055 1124 1498 1555 2242 2249 1144 946 396 2070 604 1295 1548 1294 1560 586 2497 1354 2201 744 1244 601 1614 725 543 1736 408 726 1534 337 552 1567 1444 1195 1384 665 2199 936 676 1337 1387 919 0 2218 1000 924 851 153 2209 1421
1133 839 1713 187 469 590 915 453 446 1124 14055 1392 1701 346 180 357 115 780 496 1476 1629 1507 860 591 1231 1144 286 488 2497 1570 915 449 1521 291 668 824 886 1072 646 2277 606 1394 1299 1404 730 421 708 809 301 658 449 420 520 472 1071 1025 1151 305 731
361 1317 807 825 1405 1278 1591 1116 661 1498 1392 14055 1698 2555 2933 69 1325 3108 2578 3469 2310 1338 1015 1116 1708 2253 2563 2026 4282 794 2685 2007 3556 1742 1103 86 2225 1969 55 1944 169 2007 1902 1729 1127 1374 310 1536 2063 572 3168 24 206 1852 1358 144 166 141 508
1086 1512 667 497 1556 838 1489 1456 1605 1555 1701 1698 14055 3387 1437 311 1293 1557 1352 847 1005 1282 875 1704 590 1661 1406 2501 2532 1372 1601 1215 3047 1421 970 193 1177 1111 62 1531 1090 1954 1214 1753 1359 2228 878 2286 1504 1318 2007 348 645 1230 1366 287 255 1131 1475
357 2300 1646 1466 1409 3734 2877 976 612 2242 346 2555 3387 14055 2536 501 2943 1718 1604 1888 1108 1699 927 1505 742 3386 4332 4244 1099 299 1911 3018 626 1205 878 5 1233 2435 389 1139 1008 824 1995 1884 2266 1981 1929 2673 2836 454 594 0 2272 2235 3546 299 359 1876 410
1102 3376 891 483 1453 1043 1528 376 223 2249 180 2933 1437 2536 14055 568 521 1086 2130 1607 926 1756 1491 2514 604 2456 1152 1800 626 2231 874 693 633 1508 1546 222 1616 1140 327 502 926 1164 1217 1466 2425 1421 825 1721 1221 1125 1402 220 1741 1398 1411 882 377 1029 1228
2827 1905 427 1108 570 1324 306 203 0 1144 357 69 311 501 568 14055 767 172 1003 209 1122 1276 2574 1781 485 102 0 193 782 660 61 0 0 837 952 1534 195 502 7857 968 1028 644 253 440 3459 767 4571 0 0 1765 852 0 2390 1775 4453 2454 4528 1544 1984
1160 835 634 1540 1470 2072 2372 840 1067 946 115 1325 1293 2943 521 767 14055 801 802 2183 3561 580 2124 1566 1296 735 2110 2491 2488 1937 3176 2170 1594 837 1109 912 772 1162 1018 1681 1150 535 2356 736 1172 808 1125 2457 2322 1567 2163 361 875 2345 1853 714 358 1300 707
609 1655 807 1372 1637 789 2403 808 388 396 780 3108 1557 1718 1086 172 801 14055 2787 2861 1013 703 1328 891 1903 1283 415 1773 3937 556 3437 1289 3373 2045 269 393 1516 2078 185 2668 241 2443 1587 1446 266 684 902 1429 1331 692 2641 299 158 755 443 57 649 769 309
746 1211 986 531 1092 1444 1423 808 442 2070 496 2578 1352 1604 2130 1003 802 2787 14055 1745 1063 935 1185 954 867 1150 850 766 972 907 2214 1463 225 1661 1283 237 1422 1977 291 1280 912 2608 355 963 330 1951 681 855 1054 469 455 174 771 971 675 1349 450 987 1084
1196 1839 721 604 1422 720 2536 860 788 604 1476 3469 847 1888 1607 209 2183 2861 1745 14055 1820 995 450 1070 3669 2463 1331 1156 3732 761 2902 741 2202 908 472 1007 1078 2163 391 2263 1199 1191 1060 960 870 1141 905 499 2034 614 1311 98 570 1199 899 275 283 764 708
1027 1067 1026 745 1598 732 1589 748 2233 1295 1629 2310 1005 1108 926 1122 3561 1013 1063 1820 14055 492 1551 1132 1465 2042 889 1101 2882 1377 2904 779 2124 725 1540 683 1166 1978 1935 2398 1381 1414 2437 1671 2153 1498 1525 2133 870 2185 1402 656 990 1507 1609 1323 900 1132 1092
1565 1933 1494 1070 1624 1157 925 484 542 1548 1507 1338 1282 1699 1756 1276 580 703 935 995 492 14055 712 1563 800 907 405 616 1129 1533 483 344 775 1258 617 943 1122 565 1114 645 1536 1304 991 1320 1790 1144 1219 1536 675 1185 896 1188 970 1513 1916 940 1027 1019 797
1652 1379 1079 1431 1101 1147 398 764 1244 1294 860 1015 875 927 1491 2574 2124 1328 1185 450 1551 712 14055 2168 803 668 1178 1083 383 1805 1175 1246 689 1463 1161 904 1380 505 1512 674 1285 1999 1122 1071 1527 1412 1302 1396 1250 1731 716 270 1952 1684 1383 1746 904 1071 2014
1991 2540 780 2006 1188 1550 1187 911 1065 1560 591 1116 1704 1505 2514 1781 1566 891 954 1070 1132 1563 2168 14055 1177 1623 1676 1647 1035 3847 1377 534 1616 1453 2764 1536 1389 943 1738 872 2271 1439 1502 1078 2220 1595 866 3088 2663 2529 613 313 2214 2179 1401 1970 229 1478 2410
1193 1199 756 448 715 462 1449 733 343 586 1231 1708 590 742 604 485 1296 1903 867 3669 1465 800 803 1177 14055 657 701 795 2454 1376 2148 397 2071 843 917 1232 1397 1838 654 1852 1361 1033 1178 978 545 1815 1530 864 873 1175 294 742 2115 967 524 823 791 1259 652
522 1708 1912 986 1247 1060 1098 476 718 2497 1144 2253 1661 3386 2456 102 735 1283 1150 2463 2042 907 668 1623 657 14055 2199 2148 2305 962 1703 2022 1546 633 1509 542 1572 1427 612 532 1426 648 1150 1993 1723 1641 721 1268 1457 1551 1635 71 1725 1594 1702 786 203 785 960
394 346 1959 924 447 3257 920 686 616 1354 286 2563 1406 4332 1152 0 2110 415 850 1331 889 405 1178 1676 701 2199 14055 4516 2457 474 990 4692 1372 664 1208 256 2220 1327 165 153 1421 499 1587 2388 294 979 784 581 4188 602 2026 284 2870 1723 129 37 444 1166 787
453 1377 1936 1871 1089 2341 2218 388 1202 2201 488 2026 2501 4244 1800 193 2491 1773 766 1156 1101 616 1083 1647 795 2148 4516 14055 3387 769 2595 2831 2476 766 1179 53 1867 1912 156 834 1236 1208 2117 2204 598 1737 1623 963 3426 969 3275 261 2707 951 324 230 281 1188 1074
1014 2053 1128 920 1881 1206 1971 810 715 744 2497 4282 2532 1099 626 782 2488 3937 972 3732 2882 1129 383 1035 2454 2305 2457 3387 14055 1057 3237 653 4516 1011 784 557 1378 1447 1212 1646 868 1589 2340 2081 1011 904 616 868 2367 1080 4082 115 1061 557 907 1014 864 496 293
1368 1732 1781 1294 2296 603 1152 1357 1945 1244 1570 794 1372 299 2231 660 1937 556 907 761 1377 1533 1805 3847 1376 962 474 769 1057 14055 2168 496 1221 1024 3397 574 1265 41 993 762 1733 2027 1091 571 1097 594 1334 2484 1728 3578 492 99 2494 3005 996 1041 459 668 1302
1309 783 1103 1607 894 1456 2146 654 3650 601 915 2685 1601 1911 874 61 3176 3437 2214 2902 2904 483 1175 1377 2148 1703 990 2595 3237 2168 14055 1102 3287 1205 1124 77 1170 4012 89 3616 1486 1548 2982 1264 1240 1381 1717 1808 1651 2693 1220 0 3176 862 1238 61 512 1254 1454
1296 716 1689 1228 646 2022 426 641 1179 1614 449 2007 1215 3018 693 0 2170 1289 1463 741 779 344 1246 534 397 2022 4692 2831 653 496 1102 14055 1808 429 1520 226 1720 2018 219 1375 1112 1468 1828 1700 1372 934 480 2071 3759 663 1239 346 1554 3310 644 2 413 1052 1012
1576 864 1155 1451 1347 462 1566 1628 2104 725 1521 3556 3047 626 633 0 1594 3373 225 2202 2124 775 689 1616 2071 1546 1372 2476 4516 1221 3287 1808 14055 2056 944 0 2237 1942 99 1948 1936 812 3137 1799 0 1680 140 1618 2088 1575 3577 1325 2775 1060 284 0 503 368 2394
995 1087 515 452 1155 1459 833 905 981 543 291 1742 1421 1205 1508 837 837 2045 1661 908 725 1258 1463 1453 843 633 664 766 1011 1024 1205 429 2056 14055 1843 1733 490 176 774 1153 1911 1467 779 1185 453 2439 814 769 1358 1139 1878 862 1012 434 453 2092 1771 1836 1352
1958 1492 818 948 1736 1112 425 377 2485 1736 668 1103 970 878 1546 952 1109 269 1283 472 1540 617 1161 2764 917 1509 1208 1179 784 3397 1124 1520 944 1843 14055 871 1012 596 776 849 3760 1928 1252 865 922 1922 931 2348 1655 2852 937 109 3315 1517 382 1528 1280 1525 3080
1834 598 715 1164 876 536 473 210 507 408 824 86 193 5 222 1534 912 393 237 1007 683 943 904 1536 1232 542 256 53 557 574 77 226 0 1733 871 14055 758 1258 2046 1328 1370 933 634 876 2092 315 1576 193 13 117 299 65 499 1327 1809 4597 1642 1322 107
563 683 1935 2042 697 751 1524 1088 182 726 886 2225 1177 1233 1616 195 772 1516 1422 1078 1166 1122 1380 1389 1397 1572 2220 1867 1378 1265 1170 1720 2237 490 1012 758 14055 1273 312 953 1267 1008 2850 559 932 752 655 1124 1335 1246 824 440 1975 2258 523 277 511 620 757
1859 900 1401 969 671 1169 2193 619 1138 1534 1072 1969 1111 2435 1140 502 1162 2078 1977 2163 1978 565 505 943 1838 1427 1327 1912 1447 41 4012 2018 1942 176 596 1258 1273 14055 145 2978 1337 1212 2228 2069 1819 910 1559 2740 834 1196 329 125 2052 1996 1578 1719 1454 2827 1507
1806 1958 21 1578 853 721 163 450 595 337 646 55 62 389 327 7857 1018 185 291 391 1935 1114 1512 1738 654 612 165 156 1212 993 89 219 99 774 776 2046 312 145 14055 255 768 659 782 461 4266 866 4128 341 445 365 738 1475 372 1804 5046 2566 4496 922 1156
1629 965 1042 535 1105 905 1711 489 1439 552 2277 1944 1531 1139 502 968 1681 2668 1280 2263 2398 645 674 872 1852 532 153 834 1646 762 3616 1375 1948 1153 849 1328 953 2978 255 14055 1146 1899 2263 1414 1294 614 1903 3110 121 1265 39 792 1162 1029 886 1002 2020 599 1615
1918 802 1015 665 920 1277 623 368 2438 1567 606 169 1090 1008 926 1028 1150 241 912 1199 1381 1536 1285 2271 1361 1426 1421 1236 868 1733 1486 1112 1936 1911 3760 1370 1267 1337 768 1146 14055 518 1697 1432 1569 1714 1079 1341 689 2941 728 1081 3027 1474 434 1473 1278 2021 2385
1439 1578 986 1109 1512 1436 607 575 1059 1444 1394 2007 1954 824 1164 644 535 2443 2608 1191 1414 1304 1999 1439 1033 648 499 1208 1589 2027 1548 1468 812 1467 1928 933 1008 1212 659 1899 518 14055 1895 962 2348 901 803 1195 1586 924 1216 330 1275 940 1796 698 781 1207 1776
1034 1507 1124 2208 1307 1608 1189 1238 1614 1195 1299 1902 1214 1995 1217 253 2356 1587 355 1060 2437 991 1122 1502 1178 1150 1587 2117 2340 1091 2982 1828 3137 779 1252 634 2850 2228 782 2263 1697 1895 14055 1960 2206 1312 1190 2748 1589 1916 552 80 2339 2070 1342 494 801 1445 988
1216 1172 1234 336 1301 1324 831 1040 1391 1384 1404 1729 1753 1884 1466 440 736 1446 963 960 1671 1320 1071 1078 978 1993 2388 2204 2081 571 1264 1700 1799 1185 865 876 559 2069 461 1414 1432 962 1960 14055 922 959 1249 1280 1489 1657 1131 15 1154 1470 341 835 660 1609 669
1811 3470 504 1872 1503 1046 1560 737 964 665 730 1127 1359 2266 2425 3459 1172 266 330 870 2153 1790 1527 2220 545 1723 294 598 1011 1097 1240 1372 0 453 922 2092 932 1819 4266 1294 1569 2348 2206 922 14055 1268 3011 3326 692 1444 1252 0 881 3292 5479 2496 1321 2194 1351
1158 1881 670 635 2006 1740 1134 534 1881 2199 421 1374 2228 1981 1421 767 808 684 1951 1141 1498 1144 1412 1595 1815 1641 979 1737 904 594 1381 934 1680 2439 1922 315 752 910 866 614 1714 901 1312 959 1268 14055 3118 1485 2065 1536 2516 440 999 518 1194 1786 683 1124 2493
2390 969 1156 1047 2191 1906 799 645 2407 936 708 310 878 1929 825 4571 1125 902 681 905 1525 1219 1302 866 1530 721 784 1623 616 1334 1717 480 140 814 931 1576 655 1559 4128 1903 1079 803 1190 1249 3011 3118 14055 1119 889 1820 806 0 1027 1465 2361 2699 3025 932 1003
961 3485 628 1014 2122 795 1773 802 2108 676 809 1536 2286 2673 1721 0 2457 1429 855 499 2133 1536 1396 3088 864 1268 581 963 868 2484 1808 2071 1618 769 2348 193 1124 2740 341 3110 1341 1195 2748 1280 3326 1485 1119 14055 2009 3804 939 1477 1286 3834 2728 285 981 1225 1768
705 2567 1174 1652 1826 2789 1021 495 839 1337 301 2063 1504 2836 1221 0 2322 1331 1054 2034 870 675 1250 2663 873 1457 4188 3426 2367 1728 1651 3759 2088 1358 1655 13 1335 834 445 121 689 1586 1589 1489 692 2065 889 2009 14055 1655 2738 488 1332 1529 781 148 435 1018 1740
1986 1607 1221 946 2112 1087 797 695 2472 1387 658 572 1318 454 1125 1765 1567 692 469 614 2185 1185 1731 2529 1175 1551 602 969 1080 3578 2693 663 1575 1139 2852 117 1246 1196 365 1265 2941 924 1916 1657 1444 1536 1820 3804 1655 14055 1193 300 4358 2152 335 0 590 1730 2387
354 1258 964 1194 2596 1131 1821 106 668 919 449 3168 2007 594 1402 852 2163 2641 455 1311 1402 896 716 613 294 1635 2026 3275 4082 492 1220 1239 3577 1878 937 299 824 329 738 39 728 1216 552 1131 1252 2516 806 939 2738 1193 14055 955 17 667 1045 335 639 459 1230
657 363 2109 360 639 239 189 125 352 0 420 24 348 0 220 0 361 299 174 98 656 1188 270 313 742 71 284 261 115 99 0 346 1325 862 109 65 440 125 1475 792 1081 330 80 15 0 440 0 1477 488 300 955 14055 0 147 357 203 153 238 1032
1601 710 2023 1213 968 2060 1286 671 2881 2218 520 206 645 2272 1741 2390 875 158 771 570 990 970 1952 2214 2115 1725 2870 2707 1061 2494 3176 1554 2775 1012 3315 499 1975 2052 372 1162 3027 1275 2339 1154 881 999 1027 1286 1332 4358 17 0 14055 1247 462 266 917 2805 2305
1361 2436 1292 1705 1864 1411 1340 381 910 1000 472 1852 1230 2235 1398 1775 2345 755 971 1199 1507 1513 1684 2179 967 1594 1723 951 557 3005 862 3310 1060 434 1517 1327 2258 1996 1804 1029 1474 940 2070 1470 3292 518 1465 3834 1529 2152 667 147 1247 14055 3030 1201 1468 1184 370
1224 3180 488 1023 628 443 1094 504 502 924 1071 1358 1366 3546 1411 4453 1853 443 675 899 1609 1916 1383 1401 524 1702 129 324 907 996 1238 644 284 453 382 1809 523 1578 5046 886 434 1796 1342 341 5479 1194 2361 2728 781 335 1045 357 462 3030 14055 1205 2581 829 934
1315 284 1603 934 772 1363 539 368 169 851 1025 144 287 299 882 2454 714 57 1349 275 1323 940 1746 1970 823 786 37 230 1014 1041 61 2 0 2092 1528 4597 277 1719 2566 1002 1473 698 494 835 2496 1786 2699 285 148 0 335 203 266 1201 1205 14055 3818 968 1688
1378 1527 727 752 534 946 449 136 326 153 1151 166 255 359 377 4528 358 649 450 283 900 1027 904 229 791 203 444 281 864 459 512 413 503 1771 1280 1642 511 1454 4496 2020 1278 781 801 660 1321 683 3025 981 435 590 639 153 917 1468 2581 3818 14055 848 1507
1739 686 564 866 347 1717 1472 541 1311 2209 305 141 1131 1876 1029 1544 1300 769 987 764 1132 1019 1071 1478 1259 785 1166 1188 496 668 1254 1052 368 1836 1525 1322 620 2827 922 599 2021 1207 1445 1609 2194 1124 932 1225 1018 1730 459 238 2805 1184 829 968 848 14055 1430
2154 1468 1142 969 709 1346 558 433 1342 1421 731 508 1475 410 1228 1984 707 309 1084 708 1092 797 2014 2410 652 960 787 1074 293 1302 1454 1012 2394 1352 3080 107 757 1507 1156 1615 2385 1776 988 669 1351 2493 1003 1768 1740 2387 1230 1032 2305 370 934 1688 1507 1430 14055
