1 2642400 
2 2642400 
3 2642401 
4 2642406 
5 2642408 
6 2642408 
7 2642408 
8 2642408 
9 2642409 
10 2642409 
11 2642409 
12 2642409 
13 2642410 
14 2642411 
15 2642411 
16 2642414 
17 2642414 
18 2642414 
19 2642415 
20 2642415 
21 2642420 
22 2642420 
23 2642420 
24 2642420 
25 2642421 
26 2642421 
27 2642422 
28 2642422 
29 2642423 
30 2642423 
31 2642426 
32 2642426 
33 2642429 
34 2642431 
35 2642435 
36 2642436 
37 2642436 
38 2642436 
39 2642437 
40 2642437 
41 2642437 
42 2642438 
43 2642438 
44 2642438 
45 2642446 
46 2642447 
47 2642447 
48 2642449 
49 2642452 
50 2642452 
51 2642457 
52 2642457 
53 2642457 
54 2642458 
55 2642458 
56 2642458 
57 2642459 
58 2642459 
59 2642459 
60 2642459 
61 2642460 
62 2642460 
63 2642460 
64 2642461 
65 2642464 
66 2642464 
67 2642465 
68 2642465 
69 2642465 
70 2642465 
71 2642466 
72 2642466 
73 2642466 
74 2642466 
75 2642467 
76 2642467 
77 2642467 
78 2642467 
79 2642468 
80 2642468 
81 2642468 
82 2642472 
83 2642473 
84 2642473 
85 2642476 
86 2642476 
87 2642479 
88 2642479 
89 2642480 
90 2642480 
91 2642481 
92 2642481 
93 2642481 
94 2642482 
95 2642482 
96 2642482 
97 2642483 
98 2642483 
99 2642483 
100 2642483 
101 2642484 
102 2642484 
103 2642485 
104 2642485 
105 2642485 
106 2642486 
107 2642486 
108 2642486 
109 2642486 
110 2642486 
111 2642487 
112 2642487 
113 2642487 
114 2642488 
115 2642488 
116 2642488 
117 2642489 
118 2642489 
119 2642490 
120 2642490 
121 2642490 
122 2642491 
123 2642492 
124 2642492 
125 2642492 
126 2642493 
127 2642494 
128 2642494 
129 2642494 
130 2642495 
131 2642495 
132 2642495 
133 2642496 
134 2642497 
135 2642497 
136 2642497 
137 2642497 
138 2642498 
139 2642498 
140 2642498 
141 2642499 
142 2642499 
143 2642499 
144 2642500 
145 2642500 
146 2642500 
147 2642501 
148 2642501 
149 2642501 
150 2642502 
151 2642503 
152 2642503 
153 2642503 
154 2642503 
155 2642504 
156 2642504 
157 2642505 
158 2642505 
159 2642505 
160 2642506 
161 2642506 
162 2642506 
163 2642507 
164 2642507 
165 2642507 
166 2642507 
167 2642508 
168 2642508 
169 2642509 
170 2642509 
171 2642509 
172 2642509 
173 2642510 
174 2642510 
175 2642510 
176 2642511 
177 2642511 
178 2642511 
179 2642512 
180 2642512 
181 2642512 
182 2642513 
183 2642513 
184 2642514 
185 2642515 
186 2642515 
187 2642515 
188 2642515 
189 2642516 
190 2642516 
191 2642517 
192 2642517 
193 2642518 
194 2642518 
195 2642518 
196 2642519 
197 2642519 
198 2642519 
199 2642520 
200 2642520 
201 2642520 
202 2642521 
203 2642521 
204 2642521 
205 2642522 
206 2642522 
207 2642522 
208 2642522 
209 2642523 
210 2642523 
211 2642524 
212 2642525 
213 2642525 
214 2642525 
215 2642526 
216 2642526 
217 2642526 
218 2642527 
219 2642527 
220 2642527 
221 2642528 
222 2642530 
223 2642533 
224 2642534 
225 2642534 
226 2642534 
227 2642535 
228 2642535 
229 2642535 
230 2642536 
231 2642536 
232 2642536 
233 2642536 
234 2642536 
235 2642537 
236 2642537 
237 2642537 
238 2642538 
239 2642538 
240 2642538 
241 2642539 
242 2642539 
243 2642539 
244 2642539 
245 2642540 
246 2642540 
247 2642540 
248 2642541 
249 2642541 
250 2642541 
251 2642542 
252 2642543 
253 2642547 
254 2642547 
255 2642548 
256 2642548 
257 2642548 
258 2642548 
259 2642549 
260 2642549 
261 2642549 
262 2642550 
263 2642550 
264 2642550 
265 2642551 
266 2642551 
267 2642551 
268 2642552 
269 2642553 
270 2642553 
271 2642555 
272 2642555 
273 2642556 
274 2642557 
275 2642558 
276 2642559 
277 2642560 
278 2642560 
279 2642560 
280 2642560 
281 2642561 
282 2642563 
283 2642563 
284 2642563 
285 2642563 
286 2642564 
287 2642564 
288 2642564 
289 2642565 
290 2642565 
291 2642565 
292 2642566 
293 2642566 
294 2642566 
295 2642567 
296 2642567 
297 2642567 
298 2642568 
299 2642568 
300 2642568 
301 2642569 
302 2642569 
303 2642570 
304 2642570 
305 2642571 
306 2642571 
307 2642571 
308 2642572 
309 2642572 
310 2642573 
311 2642573 
312 2642576 
313 2642576 
314 2642576 
315 2642577 
316 2642577 
317 2642579 
318 2642579 
319 2642580 
320 2642580 
321 2642581 
322 2642584 
323 2642586 
324 2642586 
325 2642587 
326 2642587 
327 2642587 
328 2642588 
329 2642588 
330 2642588 
331 2642588 
332 2642589 
333 2642589 
334 2642589 
335 2642590 
336 2642590 
337 2642590 
338 2642591 
339 2642592 
340 2642592 
341 2642593 
342 2642593 
343 2642594 
344 2642594 
345 2642594 
346 2642595 
347 2642595 
348 2642595 
349 2642596 
350 2642596 
351 2642596 
352 2642597 
353 2642598 
354 2642598 
355 2642600 
356 2642600 
357 2642601 
358 2642601 
359 2642602 
360 2642602 
361 2642602 
362 2642602 
363 2642603 
364 2642603 
365 2642604 
366 2642604 
367 2642604 
368 2642605 
369 2642605 
370 2642605 
371 2642605 
372 2642606 
373 2642606 
374 2642606 
375 2642606 
376 2642607 
377 2642607 
378 2642607 
379 2642608 
380 2642610 
381 2642610 
382 2642613 
383 2642613 
384 2642613 
385 2642614 
386 2642614 
387 2642616 
388 2642616 
389 2642616 
390 2642617 
391 2642620 
392 2642621 
393 2642621 
394 2642622 
395 2642622 
396 2642623 
397 2642623 
398 2642627 
399 2642638 
400 2642638 
401 2642638 
402 2642639 
403 2642639 
404 2642639 
405 2642640 
406 2642640 
407 2642640 
408 2642641 
409 2642642 
410 2642642 
411 2642642 
412 2642642 
413 2642643 
414 2642643 
415 2642644 
416 2642644 
417 2642644 
418 2642644 
419 2642645 
420 2642645 
421 2642645 
422 2642646 
423 2642646 
424 2642646 
425 2642647 
426 2642647 
427 2642647 
428 2642648 
429 2642652 
430 2642652 
431 2642653 
432 2642657 
433 2642657 
434 2642658 
435 2642658 
436 2642659 
437 2642659 
438 2642659 
439 2642659 
440 2642660 
441 2642660 
442 2642661 
443 2642661 
444 2642662 
445 2642667 
446 2642668 
447 2642670 
448 2642672 
449 2642678 
450 2642678 
451 2642679 
452 2642679 
453 2642679 
454 2642680 
455 2642680 
456 2642681 
457 2642681 
458 2642681 
459 2642682 
460 2642682 
461 2642682 
462 2642683 
463 2642683 
464 2642683 
465 2642684 
466 2642685 
467 2642686 
468 2642686 
469 2642686 
470 2642688 
471 2642689 
472 2642689 
473 2642692 
474 2642694 
475 2642694 
476 2642695 
477 2642696 
478 2642698 
479 2642698 
480 2642699 
481 2642699 
482 2642699 
483 2642700 
484 2642705 
485 2642706 
486 2642706 
487 2642707 
488 2642707 
489 2642707 
490 2642708 
491 2642708 
492 2642708 
493 2642709 
494 2642710 
495 2642710 
496 2642710 
497 2642711 
498 2642711 
499 2642711 
500 2642711 
501 2642711 
502 2642712 
503 2642718 
504 2642723 
505 2642726 
506 2642738 
507 2642738 
508 2642739 
509 2642739 
510 2642739 
511 2642740 
512 2642740 
513 2642746 
514 2642746 
515 2642746 
516 2642747 
517 2642760 
518 2642760 
519 2642761 
520 2642770 
521 2642770 
522 2642774 
523 2642777 
524 2642784 
525 2642784 
526 2642785 
527 2642785 
528 2642785 
529 2642792 
530 2642792 
531 2642792 
532 2642793 
533 2642793 
534 2642793 
535 2642794 
536 2642794 
537 2642794 
538 2642795 
539 2642795 
540 2642795 
541 2642796 
542 2642796 
543 2642796 
544 2642797 
545 2642797 
546 2642797 
547 2642798 
548 2642798 
549 2642798 
550 2642799 
551 2642805 
552 2642805 
553 2642805 
554 2642806 
555 2642806 
556 2642806 
557 2642807 
558 2642807 
559 2642807 
560 2642808 
561 2642808 
562 2642808 
563 2642809 
564 2642809 
565 2642809 
566 2642821 
567 2642823 
568 2642825 
569 2642825 
570 2642825 
571 2642826 
572 2642828 
573 2642830 
574 2642831 
575 2642834 
576 2642845 
577 2642845 
578 2642846 
579 2642846 
580 2642847 
581 2642851 
582 2642854 
583 2642855 
584 2642855 
585 2642861 
586 2642862 
587 2642863 
588 2642863 
589 2642863 
590 2642864 
591 2642868 
592 2642868 
593 2642869 
594 2642869 
595 2642870 
596 2642874 
597 2642879 
598 2642885 
599 2642885 
600 2642889 
601 2642892 
602 2642893 
603 2642895 
604 2642901 
605 2642901 
606 2642901 
607 2642902 
608 2642902 
609 2642902 
610 2642903 
611 2642903 
612 2642904 
613 2642904 
614 2642905 
615 2642905 
616 2642905 
617 2642906 
618 2642907 
619 2642908 
620 2642908 
621 2642908 
622 2642909 
623 2642909 
624 2642911 
625 2642914 
626 2642914 
627 2642915 
628 2642915 
629 2642919 
630 2642920 
631 2642922 
632 2642926 
633 2642926 
634 2642927 
635 2642927 
636 2642949 
637 2642949 
638 2642949 
639 2642950 
640 2642950 
641 2642950 
642 2642950 
643 2642951 
644 2642951 
645 2642951 
646 2642952 
647 2642952 
648 2642952 
649 2642953 
650 2642953 
651 2642953 
652 2642954 
653 2642954 
654 2642954 
655 2642955 
656 2642955 
657 2642955 
658 2642956 
659 2642957 
660 2642959 
661 2642962 
662 2642965 
663 2642965 
664 2642966 
665 2642966 
666 2642966 
667 2642967 
668 2642967 
669 2642968 
670 2642968 
671 2642968 
672 2642968 
673 2642969 
674 2642969 
675 2642969 
676 2642970 
677 2642970 
678 2642972 
679 2642972 
680 2642974 
681 2642975 
682 2642975 
683 2642976 
684 2642977 
685 2642977 
686 2642978 
687 2642978 
688 2642980 
689 2642980 
690 2642982 
691 2642982 
692 2642982 
693 2642983 
694 2643008 
695 2643010 
696 2643010 
697 2643011 
698 2643081 
699 2643081 
700 2643083 
701 2643087 
702 2643087 
703 2643089 
704 2643104 
705 2643106 
706 2643112 
707 2643114 
708 2643114 
709 2643114 
710 2643115 
711 2643115 
712 2643115 
713 2643116 
714 2643116 
715 2643117 
716 2643117 
717 2643118 
718 2643118 
719 2643119 
720 2643119 
721 2643120 
722 2643121 
723 2643121 
724 2643123 
725 2643123 
726 2643124 
727 2643124 
728 2643124 
729 2643125 
730 2643125 
731 2643126 
732 2643126 
733 2643126 
734 2643126 
735 2643127 
736 2643130 
737 2643130 
738 2643130 
739 2643140 
740 2643140 
741 2643142 
742 2643144 
743 2643146 
744 2643152 
745 2643158 
746 2643160 
747 2643162 
748 2643162 
749 2643164 
750 2643165 
751 2643168 
752 2643179 
753 2643179 
754 2643179 
755 2643180 
756 2643180 
757 2643180 
758 2643181 
759 2643181 
760 2643181 
761 2643182 
762 2643182 
763 2643182 
764 2643183 
765 2643185 
766 2643186 
767 2643188 
768 2643189 
769 2643190 
770 2643195 
771 2643197 
772 2643204 
773 2643206 
774 2643206 
775 2643207 
776 2643207 
777 2643208 
778 2643208 
779 2643209 
780 2643209 
781 2643209 
782 2643210 
783 2643213 
784 2643213 
785 2643214 
786 2643214 
787 2643214 
788 2643215 
789 2643217 
790 2643218 
791 2643237 
792 2643237 
793 2643238 
794 2643238 
795 2643238 
796 2643242 
797 2643243 
798 2643243 
799 2643247 
800 2643247 
801 2643259 
802 2643266 
803 2643267 
804 2643267 
805 2643267 
806 2643268 
807 2643275 
808 2643276 
809 2643280 
810 2643280 
811 2643289 
812 2643292 
813 2643297 
814 2643297 
815 2643300 
816 2643300 
817 2643303 
818 2643304 
819 2643304 
820 2643308 
821 2643318 
822 2643321 
823 2643326 
824 2643326 
825 2643330 
826 2643330 
827 2643330 
828 2643331 
829 2643331 
830 2643331 
831 2643332 
832 2643332 
833 2643333 
834 2643333 
835 2643333 
836 2643334 
837 2643334 
838 2643335 
839 2643336 
840 2643337 
841 2643338 
842 2643338 
843 2643343 
844 2643345 
845 2643345 
846 2643346 
847 2643347 
848 2643347 
849 2643347 
850 2643352 
851 2643352 
852 2643353 
853 2643353 
854 2643359 
855 2643361 
856 2643361 
857 2643366 
858 2643366 
859 2643366 
860 2643367 
861 2643367 
862 2643367 
863 2643382 
864 2643383 
865 2643383 
866 2643384 
867 2643395 
868 2643395 
869 2643395 
870 2643404 
871 2643405 
872 2643410 
873 2643410 
874 2643410 
875 2643412 
876 2643412 
877 2643412 
878 2643414 
879 2643415 
880 2643415 
881 2643416 
882 2643416 
883 2643417 
884 2643417 
885 2643417 
886 2643418 
887 2643418 
888 2643418 
889 2643418 
890 2643419 
891 2643419 
892 2643419 
893 2643420 
894 2643420 
895 2643421 
896 2643426 
897 2643427 
898 2643431 
899 2643433 
900 2643433 
901 2643434 
902 2643434 
903 2643436 
904 2643437 
905 2643437 
906 2643439 
907 2643439 
908 2643439 
909 2643440 
910 2643441 
911 2643442 
912 2643445 
913 2643445 
914 2643446 
915 2643447 
916 2643447 
917 2643447 
918 2643448 
919 2643450 
920 2643451 
921 2643452 
922 2643456 
923 2643456 
924 2643461 
925 2643461 
926 2643465 
927 2643470 
928 2643482 
929 2643483 
930 2643493 
931 2643494 
932 2643495 
933 2643496 
934 2643496 
935 2643496 
936 2643497 
937 2643498 
938 2643499 
939 2643501 
940 2643501 
941 2643501 
942 2643502 
943 2643502 
944 2643503 
945 2643504 
946 2643505 
947 2643505 
948 2643505 
949 2643506 
950 2643513 
951 2643514 
952 2643514 
953 2643514 
954 2643515 
955 2643515 
956 2643516 
957 2643517 
958 2643517 
959 2643517 
960 2643518 
961 2643524 
962 2643529 
963 2643531 
964 2643532 
965 2643534 
966 2643535 
967 2643536 
968 2643536 
969 2643536 
970 2643537 
971 2643537 
972 2643540 
973 2643541 
974 2643541 
975 2643541 
976 2643542 
977 2643542 
978 2643542 
979 2643543 
980 2643543 
981 2643543 
982 2643544 
983 2643545 
984 2643545 
985 2643546 
986 2643546 
987 2643546 
988 2643547 
989 2643547 
990 2643547 
991 2643548 
992 2643548 
993 2643549 
994 2643549 
995 2643549 
996 2643550 
997 2643550 
998 2643556 
999 2643556 
1000 2643557 
1001 2643557 
1002 2643558 
1003 2643558 
1004 2643559 
1005 2643559 
1006 2643567 
1007 2643569 
1008 2643569 
1009 2643585 
1010 2643585 
1011 2643591 
1012 2643591 
1013 2643594 
1014 2643594 
1015 2643594 
1016 2643595 
1017 2643595 
1018 2643596 
1019 2643604 
1020 2643605 
1021 2643605 
1022 2643605 
1023 2643606 
1024 2643607 
1025 2643608 
1026 2643610 
1027 2643611 
1028 2643611 
1029 2643611 
1030 2643613 
1031 2643613 
1032 2643615 
1033 2643615 
1034 2643616 
1035 2643616 
1036 2643616 
1037 2643616 
1038 2643617 
1039 2643617 
1040 2643617 
1041 2643617 
1042 2643618 
1043 2643619 
1044 2643619 
1045 2643621 
1046 2643622 
1047 2643622 
1048 2643623 
1049 2643623 
1050 2643624 
1051 2643627 
1052 2643627 
1053 2643630 
1054 2643631 
1055 2643632 
1056 2643632 
1057 2643633 
1058 2643633 
1059 2643638 
1060 2643639 
1061 2643645 
1062 2643646 
1063 2643646 
1064 2643647 
1065 2643647 
1066 2643647 
1067 2643648 
1068 2643648 
1069 2643651 
1070 2643653 
1071 2643656 
1072 2643657 
1073 2643658 
1074 2643658 
1075 2643659 
1076 2643659 
1077 2643659 
1078 2643660 
1079 2643661 
1080 2643661 
1081 2643662 
1082 2643662 
1083 2643662 
1084 2643665 
1085 2643666 
1086 2643669 
1087 2643669 
1088 2643670 
1089 2643670 
1090 2643682 
1091 2643685 
1092 2643685 
1093 2643686 
1094 2643689 
1095 2643692 
1096 2643692 
1097 2643695 
1098 2643696 
1099 2643696 
1100 2643697 
1101 2643697 
1102 2643698 
1103 2643698 
1104 2643698 
1105 2643699 
1106 2643699 
1107 2643699 
1108 2643699 
1109 2643701 
1110 2643701 
1111 2643702 
1112 2643702 
1113 2643705 
1114 2643706 
1115 2643708 
1116 2643711 
1117 2643712 
1118 2643713 
1119 2643714 
1120 2643715 
1121 2643715 
1122 2643715 
1123 2643716 
1124 2643717 
1125 2643719 
1126 2643719 
1127 2643722 
1128 2643722 
1129 2643724 
1130 2643724 
1131 2643724 
1132 2643725 
1133 2643725 
1134 2643726 
1135 2643727 
1136 2643727 
1137 2643727 
1138 2643728 
1139 2643729 
1140 2643731 
1141 2643732 
1142 2643732 
1143 2643737 
1144 2643752 
1145 2643752 
1146 2643753 
1147 2643753 
1148 2643753 
1149 2643754 
1150 2643754 
1151 2643761 
1152 2643761 
1153 2643766 
1154 2643767 
1155 2643767 
1156 2643767 
1157 2643771 
1158 2643773 
1159 2643773 
1160 2643774 
1161 2643775 
1162 2643775 
1163 2643775 
1164 2643776 
1165 2643776 
1166 2643776 
1167 2643778 
1168 2643779 
1169 2643781 
1170 2643781 
1171 2643782 
1172 2643785 
1173 2643793 
1174 2643802 
1175 2643802 
1176 2643804 
1177 2643805 
1178 2643808 
1179 2643808 
1180 2643809 
1181 2643812 
1182 2643812 
1183 2643815 
1184 2643828 
1185 2643828 
1186 2643828 
1187 2643829 
1188 2643829 
1189 2643837 
1190 2643838 
1191 2643839 
1192 2643839 
1193 2643841 
1194 2643841 
1195 2643845 
1196 2643847 
1197 2643849 
1198 2643850 
1199 2643851 
1200 2643851 
1201 2643856 
1202 2643856 
1203 2643857 
1204 2643860 
1205 2643863 
1206 2643863 
1207 2643863 
1208 2643864 
1209 2643864 
1210 2643864 
1211 2643865 
1212 2643865 
1213 2643865 
1214 2643869 
1215 2643869 
1216 2643875 
1217 2643875 
1218 2643876 
1219 2643880 
1220 2643888 
1221 2643892 
1222 2643893 
1223 2643894 
1224 2643894 
1225 2643894 
1226 2643895 
1227 2643895 
1228 2643895 
1229 2643896 
1230 2643896 
1231 2643896 
1232 2643897 
1233 2643897 
1234 2643900 
1235 2643900 
1236 2643902 
1237 2643904 
1238 2643905 
1239 2643905 
1240 2643906 
1241 2643906 
1242 2643906 
1243 2643907 
1244 2643907 
1245 2643908 
1246 2643909 
1247 2643909 
1248 2643909 
1249 2643910 
1250 2643912 
1251 2643912 
1252 2643912 
1253 2643923 
1254 2643927 
1255 2643931 
1256 2643933 
1257 2643934 
1258 2643934 
1259 2643934 
1260 2643935 
1261 2643937 
1262 2643937 
1263 2643937 
1264 2643938 
1265 2643938 
1266 2643944 
1267 2643954 
1268 2643958 
1269 2643958 
1270 2643958 
1271 2643959 
1272 2643977 
1273 2643977 
1274 2643982 
1275 2643990 
1276 2643996 
1277 2643996 
1278 2643997 
1279 2643997 
1280 2643998 
1281 2644000 
1282 2644002 
1283 2644002 
1284 2644003 
1285 2644003 
1286 2644003 
1287 2644003 
1288 2644004 
1289 2644004 
1290 2644005 
1291 2644006 
1292 2644007 
1293 2644013 
1294 2644013 
1295 2644014 
1296 2644014 
1297 2644014 
1298 2644015 
1299 2644015 
1300 2644015 
1301 2644016 
1302 2644016 
1303 2644016 
1304 2644016 
1305 2644017 
1306 2644017 
1307 2644017 
1308 2644017 
1309 2644018 
1310 2644018 
1311 2644018 
1312 2644019 
1313 2644019 
1314 2644019 
1315 2644020 
1316 2644020 
1317 2644020 
1318 2644021 
1319 2644022 
1320 2644023 
1321 2644027 
1322 2644027 
1323 2644028 
1324 2644037 
1325 2644037 
1326 2644038 
1327 2644038 
1328 2644042 
1329 2644043 
1330 2644044 
1331 2644044 
1332 2644044 
1333 2644045 
1334 2644045 
1335 2644045 
1336 2644046 
1337 2644049 
1338 2644049 
1339 2644050 
1340 2644051 
1341 2644051 
1342 2644051 
1343 2644052 
1344 2644052 
1345 2644064 
1346 2644064 
1347 2644064 
1348 2644065 
1349 2644065 
1350 2644066 
1351 2644066 
1352 2644067 
1353 2644067 
1354 2644067 
1355 2644067 
1356 2644068 
1357 2644068 
1358 2644069 
1359 2644069 
1360 2644069 
1361 2644070 
1362 2644070 
1363 2644071 
1364 2644071 
1365 2644071 
1366 2644072 
1367 2644072 
1368 2644072 
1369 2644073 
1370 2644083 
1371 2644083 
1372 2644084 
1373 2644084 
1374 2644085 
1375 2644085 
1376 2644087 
1377 2644087 
1378 2644089 
1379 2644091 
1380 2644091 
1381 2644092 
1382 2644092 
1383 2644093 
1384 2644093 
1385 2644093 
1386 2644093 
1387 2644095 
1388 2644097 
1389 2644097 
1390 2644098 
1391 2644098 
1392 2644099 
1393 2644101 
1394 2644101 
1395 2644101 
1396 2644103 
1397 2644111 
1398 2644112 
1399 2644112 
1400 2644112 
1401 2644113 
1402 2644113 
1403 2644114 
1404 2644114 
1405 2644114 
1406 2644114 
1407 2644115 
1408 2644115 
1409 2644115 
1410 2644116 
1411 2644116 
1412 2644116 
1413 2644117 
1414 2644118 
1415 2644125 
1416 2644126 
1417 2644128 
1418 2644138 
1419 2644138 
1420 2644145 
1421 2644145 
1422 2644147 
1423 2644148 
1424 2644148 
1425 2644148 
1426 2644149 
1427 2644150 
1428 2644151 
1429 2644151 
1430 2644152 
1431 2644152 
1432 2644152 
1433 2644157 
1434 2644161 
1435 2644161 
1436 2644166 
1437 2644168 
1438 2644168 
1439 2644169 
1440 2644170 
1441 2644170 
1442 2644172 
1443 2644172 
1444 2644173 
1445 2644173 
1446 2644175 
1447 2644176 
1448 2644176 
1449 2644177 
1450 2644177 
1451 2644177 
1452 2644177 
1453 2644178 
1454 2644179 
1455 2644179 
1456 2644179 
1457 2644179 
1458 2644180 
1459 2644180 
1460 2644180 
1461 2644180 
1462 2644181 
1463 2644181 
1464 2644182 
1465 2644182 
1466 2644183 
1467 2644183 
1468 2644184 
1469 2644184 
1470 2644184 
1471 2644185 
1472 2644185 
1473 2644185 
1474 2644186 
1475 2644186 
1476 2644186 
1477 2644186 
1478 2644186 
1479 2644187 
1480 2644187 
1481 2644187 
1482 2644187 
1483 2644187 
1484 2644187 
1485 2644188 
1486 2644188 
1487 2644188 
1488 2644188 
1489 2644189 
1490 2644189 
1491 2644189 
1492 2644189 
1493 2644189 
1494 2644190 
1495 2644190 
1496 2644190 
1497 2644190 
1498 2644191 
1499 2644191 
1500 2644191 
1501 2644191 
1502 2644192 
1503 2644192 
1504 2644192 
1505 2644193 
1506 2644193 
1507 2644193 
1508 2644194 
1509 2644194 
1510 2644194 
1511 2644194 
1512 2644195 
1513 2644195 
1514 2644195 
1515 2644196 
1516 2644196 
1517 2644196 
1518 2644197 
1519 2644197 
1520 2644198 
1521 2644198 
1522 2644198 
1523 2644199 
1524 2644199 
1525 2644199 
1526 2644200 
1527 2644200 
1528 2644200 
1529 2644201 
1530 2644201 
1531 2644201 
1532 2644202 
1533 2644202 
1534 2644203 
1535 2644203 
1536 2644203 
1537 2644203 
1538 2644204 
1539 2644204 
1540 2644204 
1541 2644205 
1542 2644205 
1543 2644206 
1544 2644206 
1545 2644207 
1546 2644207 
1547 2644208 
1548 2644208 
1549 2644208 
1550 2644209 
1551 2644209 
1552 2644209 
1553 2644210 
1554 2644210 
1555 2644211 
1556 2644211 
1557 2644212 
1558 2644214 
1559 2644218 
1560 2644218 
1561 2644218 
1562 2644219 
1563 2644222 
1564 2644223 
1565 2644223 
1566 2644224 
1567 2644224 
1568 2644225 
1569 2644225 
1570 2644230 
1571 2644232 
1572 2644233 
1573 2644233 
1574 2644233 
1575 2644234 
1576 2644234 
1577 2644234 
1578 2644234 
1579 2644235 
1580 2644236 
1581 2644236 
1582 2644239 
1583 2644240 
1584 2644241 
1585 2644241 
1586 2644241 
1587 2644242 
1588 2644242 
1589 2644242 
1590 2644242 
1591 2644243 
1592 2644243 
1593 2644243 
1594 2644243 
1595 2644243 
1596 2644243 
1597 2644244 
1598 2644244 
1599 2644244 
1600 2644244 
1601 2644245 
1602 2644245 
1603 2644245 
1604 2644245 
1605 2644245 
1606 2644246 
1607 2644246 
1608 2644246 
1609 2644247 
1610 2644247 
1611 2644247 
1612 2644247 
1613 2644248 
1614 2644248 
1615 2644248 
1616 2644249 
1617 2644249 
1618 2644249 
1619 2644249 
1620 2644250 
1621 2644250 
1622 2644250 
1623 2644251 
1624 2644252 
1625 2644252 
1626 2644253 
1627 2644253 
1628 2644254 
1629 2644255 
1630 2644255 
1631 2644256 
1632 2644256 
1633 2644257 
1634 2644258 
1635 2644260 
1636 2644264 
1637 2644267 
1638 2644267 
1639 2644267 
1640 2644269 
1641 2644270 
1642 2644270 
1643 2644270 
1644 2644271 
1645 2644271 
1646 2644271 
1647 2644272 
1648 2644272 
1649 2644272 
1650 2644273 
1651 2644273 
1652 2644273 
1653 2644274 
1654 2644274 
1655 2644275 
1656 2644275 
1657 2644275 
1658 2644276 
1659 2644276 
1660 2644277 
1661 2644278 
1662 2644280 
1663 2644281 
1664 2644284 
1665 2644284 
1666 2644284 
1667 2644288 
1668 2644289 
1669 2644289 
1670 2644295 
1671 2644295 
1672 2644296 
1673 2644296 
1674 2644297 
1675 2644297 
1676 2644298 
1677 2644303 
1678 2644306 
1679 2644308 
1680 2644310 
1681 2644316 
1682 2644316 
1683 2644317 
1684 2644317 
1685 2644317 
1686 2644318 
1687 2644318 
1688 2644320 
1689 2644320 
1690 2644321 
1691 2644321 
1692 2644323 
1693 2644323 
1694 2644324 
1695 2644324 
1696 2644326 
1697 2644327 
1698 2644336 
1699 2644336 
1700 2644337 
1701 2644337 
1702 2644337 
1703 2644338 
1704 2644345 
1705 2644348 
1706 2644349 
1707 2644349 
1708 2644350 
1709 2644350 
1710 2644351 
1711 2644351 
1712 2644351 
1713 2644352 
1714 2644356 
1715 2644359 
1716 2644363 
1717 2644368 
1718 2644368 
1719 2644372 
1720 2644376 
1721 2644379 
1722 2644380 
1723 2644381 
1724 2644382 
1725 2644382 
1726 2644383 
1727 2644383 
1728 2644383 
1729 2644384 
1730 2644384 
1731 2644384 
1732 2644385 
1733 2644386 
1734 2644386 
1735 2644387 
1736 2644387 
1737 2644388 
1738 2644391 
1739 2644400 
1740 2644401 
1741 2644408 
1742 2644410 
1743 2644415 
1744 2644415 
1745 2644416 
1746 2644416 
1747 2644416 
1748 2644417 
1749 2644417 
1750 2644417 
1751 2644418 
1752 2644418 
1753 2644418 
1754 2644419 
1755 2644419 
1756 2644419 
1757 2644420 
1758 2644420 
1759 2644420 
1760 2644421 
1761 2644421 
1762 2644421 
1763 2644421 
1764 2644422 
1765 2644422 
1766 2644422 
1767 2644423 
1768 2644423 
1769 2644424 
1770 2644424 
1771 2644425 
1772 2644425 
1773 2644429 
1774 2644431 
1775 2644440 
1776 2644441 
1777 2644441 
1778 2644441 
1779 2644441 
1780 2644442 
1781 2644442 
1782 2644443 
1783 2644444 
1784 2644444 
1785 2644444 
1786 2644445 
1787 2644446 
1788 2644447 
1789 2644447 
1790 2644448 
1791 2644448 
1792 2644448 
1793 2644449 
1794 2644449 
1795 2644450 
1796 2644450 
1797 2644450 
1798 2644451 
1799 2644451 
1800 2644453 
1801 2644454 
1802 2644454 
1803 2644459 
1804 2644461 
1805 2644467 
1806 2644467 
1807 2644467 
1808 2644468 
1809 2644468 
1810 2644468 
1811 2644469 
1812 2644469 
1813 2644469 
1814 2644469 
1815 2644470 
1816 2644470 
1817 2644470 
1818 2644471 
1819 2644471 
1820 2644471 
1821 2644471 
1822 2644472 
1823 2644472 
1824 2644473 
1825 2644473 
1826 2644474 
1827 2644474 
1828 2644475 
1829 2644475 
1830 2644475 
1831 2644475 
1832 2644476 
1833 2644476 
1834 2644476 
1835 2644479 
1836 2644480 
1837 2644481 
1838 2644482 
1839 2644482 
1840 2644483 
1841 2644483 
1842 2644484 
1843 2644484 
1844 2644484 
1845 2644485 
1846 2644485 
1847 2644485 
1848 2644486 
1849 2644486 
1850 2644486 
1851 2644487 
1852 2644487 
1853 2644488 
1854 2644488 
1855 2644488 
1856 2644489 
1857 2644491 
1858 2644492 
1859 2644495 
1860 2644495 
1861 2644496 
1862 2644496 
1863 2644498 
1864 2644498 
1865 2644498 
1866 2644499 
1867 2644500 
1868 2644500 
1869 2644501 
1870 2644501 
1871 2644502 
1872 2644502 
1873 2644503 
1874 2644503 
1875 2644504 
1876 2644505 
1877 2644506 
1878 2644506 
1879 2644507 
1880 2644507 
1881 2644507 
1882 2644508 
1883 2644508 
1884 2644509 
1885 2644509 
1886 2644509 
1887 2644510 
1888 2644510 
1889 2644510 
1890 2644511 
1891 2644511 
1892 2644527 
1893 2644536 
1894 2644538 
1895 2644540 
1896 2644540 
1897 2644545 
1898 2644545 
1899 2644546 
1900 2644546 
1901 2644546 
1902 2644547 
1903 2644547 
1904 2644547 
1905 2644548 
1906 2644548 
1907 2644548 
1908 2644549 
1909 2644549 
1910 2644549 
1911 2644550 
1912 2644550 
1913 2644550 
1914 2644551 
1915 2644551 
1916 2644551 
1917 2644551 
1918 2644552 
1919 2644552 
1920 2644552 
1921 2644552 
1922 2644553 
1923 2644553 
1924 2644553 
1925 2644553 
1926 2644553 
1927 2644554 
1928 2644554 
1929 2644554 
1930 2644554 
1931 2644554 
1932 2644555 
1933 2644555 
1934 2644555 
1935 2644556 
1936 2644556 
1937 2644556 
1938 2644557 
1939 2644557 
1940 2644557 
1941 2644557 
1942 2644558 
1943 2644558 
1944 2644558 
1945 2644559 
1946 2644559 
1947 2644559 
1948 2644562 
1949 2644567 
1950 2644568 
1951 2644568 
1952 2644569 
1953 2644569 
1954 2644576 
1955 2644576 
1956 2644577 
1957 2644577 
1958 2644577 
1959 2644577 
1960 2644578 
1961 2644578 
1962 2644581 
1963 2644582 
1964 2644582 
1965 2644583 
1966 2644583 
1967 2644588 
1968 2644589 
1969 2644593 
1970 2644593 
1971 2644593 
1972 2644594 
1973 2644594 
1974 2644594 
1975 2644595 
1976 2644595 
1977 2644597 
1978 2644597 
1979 2644598 
1980 2644598 
1981 2644599 
1982 2644599 
1983 2644600 
1984 2644600 
1985 2644600 
1986 2644601 
1987 2644601 
1988 2644601 
1989 2644601 
1990 2644602 
1991 2644602 
1992 2644602 
1993 2644602 
1994 2644603 
1995 2644603 
1996 2644603 
1997 2644604 
1998 2644604 
1999 2644604 
2000 2644605 
2001 2644605 
2002 2644605 
2003 2644606 
2004 2644606 
2005 2644606 
2006 2644606 
2007 2644607 
2008 2644607 
2009 2644608 
2010 2644608 
2011 2644608 
2012 2644609 
2013 2644609 
2014 2644609 
2015 2644609 
2016 2644610 
2017 2644610 
2018 2644610 
2019 2644611 
2020 2644611 
2021 2644611 
2022 2644612 
2023 2644612 
2024 2644612 
2025 2644612 
2026 2644613 
2027 2644613 
2028 2644614 
2029 2644614 
2030 2644614 
2031 2644615 
2032 2644615 
2033 2644615 
2034 2644616 
2035 2644616 
2036 2644616 
2037 2644617 
2038 2644617 
2039 2644617 
2040 2644618 
2041 2644618 
2042 2644621 
2043 2644622 
2044 2644622 
2045 2644623 
2046 2644623 
2047 2644623 
2048 2644624 
2049 2644630 
2050 2644630 
2051 2644631 
2052 2644634 
2053 2644634 
2054 2644637 
2055 2644637 
2056 2644642 
2057 2644642 
2058 2644642 
2059 2644643 
2060 2644644 
2061 2644644 
2062 2644645 
2063 2644650 
2064 2644650 
2065 2644650 
2066 2644653 
2067 2644653 
2068 2644654 
2069 2644656 
2070 2644657 
2071 2644662 
2072 2644662 
2073 2644663 
2074 2644663 
2075 2644663 
2076 2644668 
2077 2644671 
2078 2644671 
2079 2644676 
2080 2644678 
2081 2644680 
2082 2644681 
2083 2644696 
2084 2644699 
2085 2644699 
2086 2644699 
2087 2644700 
2088 2644700 
2089 2644700 
2090 2644701 
2091 2644701 
2092 2644701 
2093 2644702 
2094 2644702 
2095 2644702 
2096 2644703 
2097 2644703 
2098 2644703 
2099 2644704 
2100 2644705 
2101 2644706 
2102 2644722 
2103 2644725 
2104 2644725 
2105 2644726 
2106 2644734 
2107 2644734 
2108 2644735 
2109 2644735 
2110 2644735 
2111 2644736 
2112 2644736 
2113 2644737 
2114 2644737 
2115 2644737 
2116 2644738 
2117 2644738 
2118 2644738 
2119 2644739 
2120 2644739 
2121 2644739 
2122 2644740 
2123 2644740 
2124 2644740 
2125 2644741 
2126 2644741 
2127 2644741 
2128 2644742 
2129 2644742 
2130 2644742 
2131 2644743 
2132 2644746 
2133 2644748 
2134 2644749 
2135 2644749 
2136 2644749 
2137 2644751 
2138 2644753 
2139 2644754 
2140 2644754 
2141 2644754 
2142 2644755 
2143 2644755 
2144 2644756 
2145 2644756 
2146 2644756 
2147 2644756 
2148 2644760 
2149 2644760 
2150 2644760 
2151 2644761 
2152 2644768 
2153 2644768 
2154 2644768 
2155 2644770 
2156 2644772 
2157 2644773 
2158 2644773 
2159 2644773 
2160 2644773 
2161 2644775 
2162 2644775 
2163 2644776 
2164 2644776 
2165 2644776 
2166 2644777 
2167 2644777 
2168 2644778 
2169 2644778 
2170 2644779 
2171 2644779 
2172 2644779 
2173 2644779 
2174 2644780 
2175 2644780 
2176 2644781 
2177 2644781 
2178 2644781 
2179 2644781 
2180 2644782 
2181 2644782 
2182 2644785 
2183 2644790 
2184 2644795 
2185 2644805 
2186 2644805 
2187 2644809 
2188 2644810 
2189 2644810 
2190 2644811 
2191 2644811 
2192 2644811 
2193 2644812 
2194 2644812 
2195 2644813 
2196 2644816 
2197 2644816 
2198 2644817 
2199 2644817 
2200 2644818 
2201 2644819 
2202 2644820 
2203 2644821 
2204 2644822 
2205 2644823 
2206 2644824 
2207 2644824 
2208 2644825 
2209 2644825 
2210 2644826 
2211 2644826 
2212 2644826 
2213 2644826 
2214 2644827 
2215 2644827 
2216 2644827 
2217 2644828 
2218 2644828 
2219 2644828 
2220 2644829 
2221 2644829 
2222 2644829 
2223 2644831 
2224 2644831 
2225 2644831 
2226 2644832 
2227 2644833 
2228 2644834 
2229 2644834 
2230 2644835 
2231 2644837 
2232 2644838 
2233 2644839 
2234 2644839 
2235 2644839 
2236 2644839 
2237 2644841 
2238 2644843 
2239 2644843 
2240 2644846 
2241 2644850 
2242 2644850 
2243 2644850 
2244 2644851 
2245 2644851 
2246 2644851 
2247 2644851 
2248 2644852 
2249 2644852 
2250 2644852 
2251 2644853 
2252 2644853 
2253 2644853 
2254 2644854 
2255 2644854 
2256 2644854 
2257 2644855 
2258 2644855 
2259 2644855 
2260 2644856 
2261 2644856 
2262 2644856 
2263 2644857 
2264 2644857 
2265 2644857 
2266 2644858 
2267 2644858 
2268 2644858 
2269 2644859 
2270 2644859 
2271 2644859 
2272 2644860 
2273 2644861 
2274 2644863 
2275 2644863 
2276 2644863 
2277 2644863 
2278 2644864 
2279 2644864 
2280 2644865 
2281 2644865 
2282 2644866 
2283 2644868 
2284 2644869 
2285 2644869 
2286 2644873 
2287 2644873 
2288 2644873 
2289 2644873 
2290 2644874 
2291 2644874 
2292 2644875 
2293 2644875 
2294 2644875 
2295 2644876 
2296 2644876 
2297 2644877 
2298 2644877 
2299 2644878 
2300 2644878 
2301 2644878 
2302 2644887 
2303 2644887 
2304 2644890 
2305 2644892 
2306 2644893 
2307 2644893 
2308 2644894 
2309 2644894 
2310 2644894 
2311 2644896 
2312 2644896 
2313 2644905 
2314 2644905 
2315 2644906 
2316 2644906 
2317 2644907 
2318 2644908 
2319 2644908 
2320 2644909 
2321 2644909 
2322 2644912 
2323 2644915 
2324 2644915 
2325 2644916 
2326 2644916 
2327 2644917 
2328 2644917 
2329 2644919 
2330 2644920 
2331 2644922 
2332 2644922 
2333 2644922 
2334 2644923 
2335 2644923 
2336 2644923 
2337 2644923 
2338 2644924 
2339 2644924 
2340 2644924 
2341 2644924 
2342 2644925 
2343 2644925 
2344 2644925 
2345 2644925 
2346 2644925 
2347 2644926 
2348 2644926 
2349 2644926 
2350 2644927 
2351 2644927 
2352 2644927 
2353 2644928 
2354 2644930 
2355 2644931 
2356 2644931 
2357 2644933 
2358 2644934 
2359 2644935 
2360 2644936 
2361 2644936 
2362 2644936 
2363 2644937 
2364 2644939 
2365 2644939 
2366 2644939 
2367 2644940 
2368 2644940 
2369 2644941 
2370 2644941 
2371 2644941 
2372 2644941 
2373 2644942 
2374 2644942 
2375 2644942 
2376 2644942 
2377 2644943 
2378 2644943 
2379 2644943 
2380 2644944 
2381 2644944 
2382 2644944 
2383 2644945 
2384 2644945 
2385 2644945 
2386 2644946 
2387 2644946 
2388 2644946 
2389 2644947 
2390 2644947 
2391 2644947 
2392 2644948 
2393 2644948 
2394 2644948 
2395 2644948 
2396 2644949 
2397 2644949 
2398 2644950 
2399 2644950 
2400 2644950 
2401 2644950 
2402 2644951 
2403 2644951 
2404 2644951 
2405 2644956 
2406 2644959 
2407 2644960 
2408 2644960 
2409 2644961 
2410 2644961 
2411 2644961 
2412 2644971 
2413 2644971 
2414 2644973 
2415 2644974 
2416 2644975 
2417 2644975 
2418 2644975 
2419 2644976 
2420 2644976 
2421 2644976 
2422 2644977 
2423 2644982 
2424 2644983 
2425 2644986 
2426 2644986 
2427 2644989 
2428 2644997 
2429 2644997 
2430 2644998 
2431 2644999 
2432 2645002 
2433 2645002 
2434 2645002 
2435 2645004 
2436 2645006 
2437 2645006 
2438 2645007 
2439 2645007 
2440 2645007 
2441 2645008 
2442 2645008 
2443 2645008 
2444 2645008 
2445 2645009 
2446 2645009 
2447 2645009 
2448 2645009 
2449 2645010 
2450 2645011 
2451 2645011 
2452 2645012 
2453 2645013 
2454 2645013 
2455 2645014 
2456 2645014 
2457 2645014 
2458 2645015 
2459 2645016 
2460 2645017 
2461 2645019 
2462 2645020 
2463 2645020 
2464 2645020 
2465 2645021 
2466 2645021 
2467 2645022 
2468 2645022 
2469 2645023 
2470 2645023 
2471 2645024 
2472 2645024 
2473 2645024 
2474 2645025 
2475 2645025 
2476 2645025 
2477 2645026 
2478 2645026 
2479 2645027 
2480 2645031 
2481 2645032 
2482 2645033 
2483 2645036 
2484 2645036 
2485 2645036 
2486 2645037 
2487 2645037 
2488 2645038 
2489 2645044 
2490 2645044 
2491 2645045 
2492 2645046 
2493 2645046 
2494 2645049 
2495 2645050 
2496 2645050 
2497 2645052 
2498 2645053 
2499 2645056 
2500 2645056 
2501 2645057 
2502 2645058 
2503 2645060 
2504 2645064 
2505 2645066 
2506 2645067 
2507 2645068 
2508 2645068 
2509 2645070 
2510 2645072 
2511 2645074 
2512 2645075 
2513 2645076 
2514 2645076 
2515 2645076 
2516 2645078 
2517 2645080 
2518 2645081 
2519 2645083 
2520 2645086 
2521 2645089 
2522 2645089 
2523 2645099 
2524 2645100 
2525 2645102 
2526 2645105 
2527 2645106 
2528 2645109 
2529 2645112 
2530 2645112 
2531 2645113 
2532 2645113 
2533 2645113 
2534 2645114 
2535 2645114 
2536 2645114 
2537 2645115 
2538 2645118 
2539 2645119 
2540 2645121 
2541 2645126 
2542 2645130 
2543 2645130 
2544 2645133 
2545 2645135 
2546 2645137 
2547 2645137 
2548 2645137 
2549 2645138 
2550 2645139 
2551 2645140 
2552 2645140 
2553 2645141 
2554 2645146 
2555 2645147 
2556 2645147 
2557 2645148 
2558 2645148 
2559 2645149 
2560 2645149 
2561 2645149 
2562 2645150 
2563 2645150 
2564 2645150 
2565 2645151 
2566 2645151 
2567 2645151 
2568 2645151 
2569 2645152 
2570 2645152 
2571 2645152 
2572 2645152 
2573 2645152 
2574 2645153 
2575 2645153 
2576 2645153 
2577 2645153 
2578 2645154 
2579 2645157 
2580 2645158 
2581 2645160 
2582 2645163 
2583 2645163 
2584 2645164 
2585 2645166 
2586 2645168 
2587 2645169 
2588 2645172 
2589 2645172 
2590 2645172 
2591 2645173 
2592 2645173 
2593 2645174 
2594 2645174 
2595 2645174 
2596 2645175 
2597 2645175 
2598 2645175 
2599 2645176 
2600 2645176 
2601 2645176 
2602 2645176 
2603 2645176 
2604 2645179 
2605 2645179 
2606 2645181 
2607 2645182 
2608 2645182 
2609 2645182 
2610 2645182 
2611 2645183 
2612 2645183 
2613 2645185 
2614 2645185 
2615 2645186 
2616 2645186 
2617 2645186 
2618 2645187 
2619 2645188 
2620 2645188 
2621 2645188 
2622 2645188 
2623 2645188 
2624 2645193 
2625 2645194 
2626 2645205 
2627 2645205 
2628 2645209 
2629 2645210 
2630 2645211 
2631 2645211 
2632 2645213 
2633 2645213 
2634 2645217 
2635 2645220 
2636 2645221 
2637 2645224 
2638 2645226 
2639 2645228 
2640 2645230 
2641 2645239 
2642 2645240 
2643 2645242 
2644 2645243 
2645 2645248 
2646 2645248 
2647 2645249 
2648 2645249 
2649 2645250 
2650 2645250 
2651 2645250 
2652 2645251 
2653 2645251 
2654 2645251 
2655 2645252 
2656 2645252 
2657 2645258 
2658 2645258 
2659 2645258 
2660 2645259 
2661 2645259 
2662 2645261 
2663 2645265 
2664 2645268 
2665 2645268 
2666 2645270 
2667 2645271 
2668 2645271 
2669 2645275 
2670 2645277 
2671 2645278 
2672 2645280 
2673 2645280 
2674 2645281 
2675 2645281 
2676 2645281 
2677 2645281 
2678 2645282 
2679 2645282 
2680 2645282 
2681 2645282 
2682 2645283 
2683 2645283 
2684 2645286 
2685 2645286 
2686 2645287 
2687 2645287 
2688 2645287 
2689 2645288 
2690 2645288 
2691 2645288 
2692 2645289 
2693 2645289 
2694 2645289 
2695 2645289 
2696 2645290 
2697 2645292 
2698 2645292 
2699 2645293 
2700 2645296 
2701 2645297 
2702 2645298 
2703 2645298 
2704 2645299 
2705 2645299 
2706 2645301 
2707 2645303 
2708 2645303 
2709 2645304 
2710 2645304 
2711 2645304 
2712 2645305 
2713 2645305 
2714 2645305 
2715 2645306 
2716 2645306 
2717 2645306 
2718 2645307 
2719 2645308 
2720 2645309 
2721 2645311 
2722 2645311 
2723 2645315 
2724 2645316 
2725 2645317 
2726 2645317 
2727 2645319 
2728 2645324 
2729 2645325 
2730 2645326 
2731 2645328 
2732 2645329 
2733 2645332 
2734 2645332 
2735 2645336 
2736 2645336 
2737 2645337 
2738 2645337 
2739 2645338 
2740 2645342 
2741 2645343 
2742 2645343 
2743 2645343 
2744 2645344 
2745 2645344 
2746 2645344 
2747 2645345 
2748 2645348 
2749 2645348 
2750 2645348 
2751 2645350 
2752 2645357 
2753 2645357 
2754 2645359 
2755 2645359 
2756 2645359 
2757 2645360 
2758 2645360 
2759 2645361 
2760 2645361 
2761 2645361 
2762 2645361 
2763 2645362 
2764 2645362 
2765 2645362 
2766 2645362 
2767 2645363 
2768 2645363 
2769 2645363 
2770 2645363 
2771 2645364 
2772 2645364 
2773 2645365 
2774 2645365 
2775 2645368 
2776 2645369 
2777 2645370 
2778 2645377 
2779 2645380 
2780 2645380 
2781 2645400 
2782 2645412 
2783 2645420 
2784 2645421 
2785 2645422 
2786 2645425 
2787 2645426 
2788 2645427 
2789 2645427 
2790 2645427 
2791 2645431 
2792 2645436 
2793 2645440 
2794 2645442 
2795 2645446 
2796 2645446 
2797 2645450 
2798 2645450 
2799 2645453 
2800 2645456 
2801 2645460 
2802 2645461 
2803 2645461 
2804 2645464 
2805 2645465 
2806 2645466 
2807 2645467 
2808 2645467 
2809 2645469 
2810 2645470 
2811 2645471 
2812 2645471 
2813 2645471 
2814 2645473 
2815 2645478 
2816 2645481 
2817 2645487 
2818 2645491 
2819 2645510 
2820 2645511 
2821 2645512 
2822 2645512 
2823 2645515 
2824 2645525 
2825 2645534 
2826 2645536 
2827 2645536 
2828 2645543 
2829 2645551 
2830 2645552 
2831 2645552 
2832 2645552 
2833 2645556 
2834 2645556 
2835 2645556 
2836 2645557 
2837 2645557 
2838 2645557 
2839 2645558 
2840 2645559 
2841 2645559 
2842 2645560 
2843 2645561 
2844 2645563 
2845 2645563 
2846 2645565 
2847 2645565 
2848 2645565 
2849 2645566 
2850 2645567 
2851 2645567 
2852 2645568 
2853 2645568 
2854 2645568 
2855 2645569 
2856 2645569 
2857 2645571 
2858 2645571 
2859 2645572 
2860 2645572 
2861 2645572 
2862 2645574 
2863 2645574 
2864 2645575 
2865 2645576 
2866 2645576 
2867 2645576 
2868 2645576 
2869 2645577 
2870 2645577 
2871 2645577 
2872 2645578 
2873 2645579 
2874 2645579 
2875 2645582 
2876 2645583 
2877 2645583 
2878 2645584 
2879 2645586 
2880 2645586 
2881 2645587 
2882 2645588 
2883 2645596 
2884 2645596 
2885 2645596 
2886 2645597 
2887 2645601 
2888 2645603 
2889 2645607 
2890 2645613 
2891 2645625 
2892 2645626 
2893 2645627 
2894 2645627 
2895 2645628 
2896 2645628 
2897 2645629 
2898 2645631 
2899 2645642 
2900 2645655 
2901 2645655 
2902 2645659 
2903 2645660 
2904 2645661 
2905 2645662 
2906 2645663 
2907 2645665 
2908 2645665 
2909 2645665 
2910 2645666 
2911 2645666 
2912 2645666 
2913 2645666 
2914 2645667 
2915 2645678 
2916 2645679 
2917 2645679 
2918 2645679 
2919 2645680 
2920 2645681 
2921 2645681 
2922 2645681 
2923 2645682 
2924 2645682 
2925 2645682 
2926 2645682 
2927 2645682 
2928 2645683 
2929 2645683 
2930 2645686 
2931 2645689 
2932 2645692 
2933 2645692 
2934 2645694 
2935 2645694 
2936 2645697 
2937 2645697 
2938 2645697 
2939 2645702 
2940 2645702 
2941 2645708 
2942 2645708 
2943 2645709 
2944 2645712 
2945 2645712 
2946 2645716 
2947 2645717 
2948 2645720 
2949 2645720 
2950 2645720 
2951 2645720 
2952 2645726 
2953 2645726 
2954 2645726 
2955 2645731 
2956 2645731 
2957 2645731 
2958 2645732 
2959 2645732 
2960 2645732 
2961 2645733 
2962 2645733 
2963 2645733 
2964 2645734 
2965 2645737 
2966 2645737 
2967 2645740 
2968 2645741 
2969 2645744 
2970 2645746 
2971 2645750 
2972 2645752 
2973 2645756 
2974 2645757 
2975 2645767 
2976 2645767 
2977 2645768 
2978 2645770 
2979 2645771 
2980 2645772 
2981 2645772 
2982 2645773 
2983 2645774 
2984 2645774 
2985 2645777 
2986 2645777 
2987 2645783 
2988 2645784 
2989 2645784 
2990 2645784 
2991 2645785 
2992 2645785 
2993 2645786 
2994 2645786 
2995 2645786 
2996 2645787 
2997 2645787 
2998 2645788 
2999 2645788 
3000 2645788 
3001 2645789 
3002 2645789 
3003 2645789 
3004 2645790 
3005 2645790 
3006 2645791 
3007 2645791 
3008 2645791 
3009 2645792 
3010 2645792 
3011 2645793 
3012 2645793 
3013 2645793 
3014 2645794 
3015 2645794 
3016 2645794 
3017 2645795 
3018 2645795 
3019 2645796 
3020 2645796 
3021 2645796 
3022 2645797 
3023 2645797 
3024 2645797 
3025 2645798 
3026 2645798 
3027 2645798 
3028 2645799 
3029 2645799 
3030 2645800 
3031 2645800 
3032 2645800 
3033 2645801 
3034 2645801 
3035 2645801 
3036 2645802 
3037 2645802 
3038 2645802 
3039 2645803 
3040 2645803 
3041 2645804 
3042 2645804 
3043 2645804 
3044 2645805 
3045 2645805 
3046 2645805 
3047 2645806 
3048 2645806 
3049 2645806 
3050 2645807 
3051 2645807 
3052 2645808 
3053 2645810 
3054 2645811 
3055 2645813 
3056 2645816 
3057 2645816 
3058 2645816 
3059 2645817 
3060 2645817 
3061 2645818 
3062 2645818 
3063 2645818 
3064 2645819 
3065 2645819 
3066 2645819 
3067 2645820 
3068 2645820 
3069 2645820 
3070 2645821 
3071 2645821 
3072 2645827 
3073 2645843 
3074 2645843 
3075 2645844 
3076 2645844 
3077 2645848 
3078 2645854 
3079 2645855 
3080 2645856 
3081 2645857 
3082 2645859 
3083 2645868 
3084 2645869 
3085 2645877 
3086 2645878 
3087 2645892 
3088 2645892 
3089 2645901 
3090 2645908 
3091 2645909 
3092 2645909 
3093 2645910 
3094 2645910 
3095 2645910 
3096 2645911 
3097 2645911 
3098 2645911 
3099 2645912 
3100 2645912 
3101 2645912 
3102 2645913 
3103 2645913 
3104 2645913 
3105 2645914 
3106 2645914 
3107 2645915 
3108 2645915 
3109 2645915 
3110 2645916 
3111 2645916 
3112 2645916 
3113 2645917 
3114 2645917 
3115 2645918 
3116 2645918 
3117 2645919 
3118 2645919 
3119 2645920 
3120 2645920 
3121 2645920 
3122 2645921 
3123 2645921 
3124 2645921 
3125 2645929 
3126 2645929 
3127 2645930 
3128 2645948 
3129 2645950 
3130 2645954 
3131 2645956 
3132 2645957 
3133 2645957 
3134 2645957 
3135 2645958 
3136 2645966 
3137 2645973 
3138 2645993 
