1794 66 221 1746 2 4 1746 4 0 289 1746 4 633 624 1746 33 4 4 1740 4 1746 4 816 4 1746 4 1746 4 1561 4 4 4 4 2 7 4 4 1746 4 1087 1746 476 139 4 4 4 4 1746 4 1746 4 944 4 1746 1746 1746 4 1746 1438
66 1794 114 114 218 1680 114 1680 0 1078 114 1704 224 103 114 1680 1680 418 59 1680 114 1453 706 1680 114 1680 114 1680 299 1680 1680 1680 1225 1083 1680 1680 1662 114 1680 114 114 76 1545 1680 1680 1680 1680 114 1386 114 1680 774 718 114 114 114 1680 114 145
221 114 1794 269 5 0 269 0 0 82 269 24 176 0 269 0 0 6 214 0 269 34 275 0 269 0 269 0 269 0 0 0 27 96 0 0 1 269 0 269 269 27 0 0 0 0 0 269 28 269 0 132 25 269 269 269 0 269 281
1746 114 269 1794 0 0 1794 0 0 285 1794 24 629 624 1794 0 0 0 1739 0 1794 0 864 0 1794 0 1794 0 1609 0 0 0 9 0 0 0 0 1794 0 1135 1794 472 135 0 0 0 0 1794 0 1794 0 992 0 1794 1794 1794 0 1794 1486
2 218 5 0 1794 218 0 218 0 55 0 218 82 4 0 219 218 798 2 218 0 329 268 218 0 218 0 218 185 218 218 218 226 481 219 218 200 0 218 25 0 129 83 218 218 218 218 0 262 0 218 135 449 0 0 0 218 0 17
4 1680 0 0 218 1794 0 1794 0 1192 0 1770 338 103 0 1732 1794 490 19 1794 0 1567 592 1794 0 1794 0 1794 185 1794 1794 1794 1321 1083 1737 1794 1776 0 1794 0 0 190 1659 1794 1794 1794 1794 0 1500 0 1794 664 832 0 0 0 1794 0 31
1746 114 269 1794 0 0 1794 0 0 285 1794 24 629 624 1794 0 0 0 1739 0 1794 0 864 0 1794 0 1794 0 1609 0 0 0 9 0 0 0 0 1794 0 1135 1794 472 135 0 0 0 0 1794 0 1794 0 992 0 1794 1794 1794 0 1794 1486
4 1680 0 0 218 1794 0 1794 0 1192 0 1770 338 103 0 1732 1794 490 19 1794 0 1567 592 1794 0 1794 0 1794 185 1794 1794 1794 1321 1083 1737 1794 1776 0 1794 0 0 190 1659 1794 1794 1794 1794 0 1500 0 1794 664 832 0 0 0 1794 0 31
0 0 0 0 0 0 0 0 1794 53 0 0 100 97 0 0 0 75 0 0 0 0 0 0 0 0 0 0 0 0 0 0 58 0 0 0 0 0 0 0 0 0 0 0 0 0 0 0 0 0 0 0 20 0 0 0 0 0 0
289 1078 82 285 55 1192 285 1192 53 1794 285 1168 338 106 285 1130 1192 237 304 1192 285 1192 150 1192 285 1192 285 1192 295 1192 1192 1192 719 684 1135 1192 1193 285 1192 40 285 259 1183 1192 1192 1192 1192 285 1048 285 1192 949 558 285 285 285 1192 285 309
1746 114 269 1794 0 0 1794 0 0 285 1794 24 629 624 1794 0 0 0 1739 0 1794 0 864 0 1794 0 1794 0 1609 0 0 0 9 0 0 0 0 1794 0 1135 1794 472 135 0 0 0 0 1794 0 1794 0 992 0 1794 1794 1794 0 1794 1486
4 1704 24 24 218 1770 24 1770 0 1168 24 1794 314 103 24 1732 1770 466 3 1770 24 1543 616 1770 24 1770 24 1770 209 1770 1770 1770 1315 1083 1737 1770 1752 24 1770 24 24 166 1635 1770 1770 1770 1770 24 1476 24 1770 688 808 24 24 24 1770 24 55
633 224 176 629 82 338 629 338 100 338 629 314 1794 1136 629 276 338 79 648 338 629 352 538 338 629 338 629 338 624 338 338 338 294 171 281 338 339 629 338 628 629 171 338 338 338 338 338 629 271 629 338 70 272 629 629 629 338 629 630
624 103 0 624 4 103 624 103 97 106 624 103 1136 1794 624 103 103 9 624 103 624 103 541 103 624 103 624 103 625 103 103 103 67 35 103 103 100 624 103 621 624 3 103 103 103 103 103 624 103 624 103 18 104 624 624 624 103 624 766
1746 114 269 1794 0 0 1794 0 0 285 1794 24 629 624 1794 0 0 0 1739 0 1794 0 864 0 1794 0 1794 0 1609 0 0 0 9 0 0 0 0 1794 0 1135 1794 472 135 0 0 0 0 1794 0 1794 0 992 0 1794 1794 1794 0 1794 1486
33 1680 0 0 219 1732 0 1732 0 1130 0 1732 276 103 0 1794 1732 428 2 1732 0 1505 592 1732 0 1732 0 1732 185 1732 1732 1732 1268 1084 1732 1732 1714 0 1732 0 0 128 1597 1732 1732 1732 1732 0 1438 0 1732 664 770 0 0 0 1732 0 31
4 1680 0 0 218 1794 0 1794 0 1192 0 1770 338 103 0 1732 1794 490 19 1794 0 1567 592 1794 0 1794 0 1794 185 1794 1794 1794 1321 1083 1737 1794 1776 0 1794 0 0 190 1659 1794 1794 1794 1794 0 1500 0 1794 664 832 0 0 0 1794 0 31
4 418 6 0 798 490 0 490 75 237 0 466 79 9 0 428 490 1794 19 490 0 601 552 490 0 490 0 490 185 490 490 490 458 426 433 490 472 0 490 1 0 333 355 490 490 490 490 0 655 0 490 83 818 0 0 0 490 0 31
1740 59 214 1739 2 19 1739 19 0 304 1739 3 648 624 1739 2 19 19 1794 19 1739 19 809 19 1739 19 1739 19 1554 19 19 19 10 2 3 19 19 1739 19 1080 1739 491 154 19 19 19 19 1739 19 1739 19 937 19 1739 1739 1739 19 1739 1431
4 1680 0 0 218 1794 0 1794 0 1192 0 1770 338 103 0 1732 1794 490 19 1794 0 1567 592 1794 0 1794 0 1794 185 1794 1794 1794 1321 1083 1737 1794 1776 0 1794 0 0 190 1659 1794 1794 1794 1794 0 1500 0 1794 664 832 0 0 0 1794 0 31
1746 114 269 1794 0 0 1794 0 0 285 1794 24 629 624 1794 0 0 0 1739 0 1794 0 864 0 1794 0 1794 0 1609 0 0 0 9 0 0 0 0 1794 0 1135 1794 472 135 0 0 0 0 1794 0 1794 0 992 0 1794 1794 1794 0 1794 1486
4 1453 34 0 329 1567 0 1567 0 1192 0 1543 352 103 0 1505 1567 601 19 1567 0 1794 419 1567 0 1567 0 1567 185 1567 1567 1567 1094 856 1510 1567 1549 0 1567 14 0 250 1432 1567 1567 1567 1567 0 1319 0 1567 664 937 0 0 0 1567 0 31
816 706 275 864 268 592 864 592 0 150 864 616 538 541 864 592 592 552 809 592 864 419 1794 592 864 592 864 592 1049 592 592 592 601 434 592 592 574 864 592 865 864 280 457 592 592 592 592 864 845 864 592 149 713 864 864 864 592 864 895
4 1680 0 0 218 1794 0 1794 0 1192 0 1770 338 103 0 1732 1794 490 19 1794 0 1567 592 1794 0 1794 0 1794 185 1794 1794 1794 1321 1083 1737 1794 1776 0 1794 0 0 190 1659 1794 1794 1794 1794 0 1500 0 1794 664 832 0 0 0 1794 0 31
1746 114 269 1794 0 0 1794 0 0 285 1794 24 629 624 1794 0 0 0 1739 0 1794 0 864 0 1794 0 1794 0 1609 0 0 0 9 0 0 0 0 1794 0 1135 1794 472 135 0 0 0 0 1794 0 1794 0 992 0 1794 1794 1794 0 1794 1486
4 1680 0 0 218 1794 0 1794 0 1192 0 1770 338 103 0 1732 1794 490 19 1794 0 1567 592 1794 0 1794 0 1794 185 1794 1794 1794 1321 1083 1737 1794 1776 0 1794 0 0 190 1659 1794 1794 1794 1794 0 1500 0 1794 664 832 0 0 0 1794 0 31
1746 114 269 1794 0 0 1794 0 0 285 1794 24 629 624 1794 0 0 0 1739 0 1794 0 864 0 1794 0 1794 0 1609 0 0 0 9 0 0 0 0 1794 0 1135 1794 472 135 0 0 0 0 1794 0 1794 0 992 0 1794 1794 1794 0 1794 1486
4 1680 0 0 218 1794 0 1794 0 1192 0 1770 338 103 0 1732 1794 490 19 1794 0 1567 592 1794 0 1794 0 1794 185 1794 1794 1794 1321 1083 1737 1794 1776 0 1794 0 0 190 1659 1794 1794 1794 1794 0 1500 0 1794 664 832 0 0 0 1794 0 31
1561 299 269 1609 185 185 1609 185 0 295 1609 209 624 625 1609 185 185 185 1554 185 1609 185 1049 185 1609 185 1609 185 1794 185 185 185 194 27 185 185 167 1609 185 1135 1609 287 50 185 185 185 185 1609 185 1609 185 807 185 1609 1609 1609 185 1609 1486
4 1680 0 0 218 1794 0 1794 0 1192 0 1770 338 103 0 1732 1794 490 19 1794 0 1567 592 1794 0 1794 0 1794 185 1794 1794 1794 1321 1083 1737 1794 1776 0 1794 0 0 190 1659 1794 1794 1794 1794 0 1500 0 1794 664 832 0 0 0 1794 0 31
4 1680 0 0 218 1794 0 1794 0 1192 0 1770 338 103 0 1732 1794 490 19 1794 0 1567 592 1794 0 1794 0 1794 185 1794 1794 1794 1321 1083 1737 1794 1776 0 1794 0 0 190 1659 1794 1794 1794 1794 0 1500 0 1794 664 832 0 0 0 1794 0 31
4 1680 0 0 218 1794 0 1794 0 1192 0 1770 338 103 0 1732 1794 490 19 1794 0 1567 592 1794 0 1794 0 1794 185 1794 1794 1794 1321 1083 1737 1794 1776 0 1794 0 0 190 1659 1794 1794 1794 1794 0 1500 0 1794 664 832 0 0 0 1794 0 31
4 1225 27 9 226 1321 9 1321 58 719 9 1315 294 67 9 1268 1321 458 10 1321 9 1094 601 1321 9 1321 9 1321 194 1321 1321 1321 1794 887 1273 1321 1303 9 1321 9 9 181 1186 1321 1321 1321 1321 9 1027 9 1321 273 804 9 9 9 1321 9 40
2 1083 96 0 481 1083 0 1083 0 684 0 1083 171 35 0 1084 1083 426 2 1083 0 856 434 1083 0 1083 0 1083 27 1083 1083 1083 887 1794 1084 1083 1084 0 1083 9 0 28 1064 1083 1083 1083 1083 0 789 0 1083 515 254 0 0 0 1083 0 66
7 1680 0 0 219 1737 0 1737 0 1135 0 1737 281 103 0 1732 1737 433 3 1737 0 1510 592 1737 0 1737 0 1737 185 1737 1737 1737 1273 1084 1794 1737 1719 0 1737 0 0 133 1602 1737 1737 1737 1737 0 1443 0 1737 664 775 0 0 0 1737 0 31
4 1680 0 0 218 1794 0 1794 0 1192 0 1770 338 103 0 1732 1794 490 19 1794 0 1567 592 1794 0 1794 0 1794 185 1794 1794 1794 1321 1083 1737 1794 1776 0 1794 0 0 190 1659 1794 1794 1794 1794 0 1500 0 1794 664 832 0 0 0 1794 0 31
4 1662 1 0 200 1776 0 1776 0 1193 0 1752 339 100 0 1714 1776 472 19 1776 0 1549 574 1776 0 1776 0 1776 167 1776 1776 1776 1303 1084 1719 1776 1794 0 1776 1 0 190 1641 1776 1776 1776 1776 0 1482 0 1776 664 814 0 0 0 1776 0 31
1746 114 269 1794 0 0 1794 0 0 285 1794 24 629 624 1794 0 0 0 1739 0 1794 0 864 0 1794 0 1794 0 1609 0 0 0 9 0 0 0 0 1794 0 1135 1794 472 135 0 0 0 0 1794 0 1794 0 992 0 1794 1794 1794 0 1794 1486
4 1680 0 0 218 1794 0 1794 0 1192 0 1770 338 103 0 1732 1794 490 19 1794 0 1567 592 1794 0 1794 0 1794 185 1794 1794 1794 1321 1083 1737 1794 1776 0 1794 0 0 190 1659 1794 1794 1794 1794 0 1500 0 1794 664 832 0 0 0 1794 0 31
1087 114 269 1135 25 0 1135 0 0 40 1135 24 628 621 1135 0 0 1 1080 0 1135 14 865 0 1135 0 1135 0 1135 0 0 0 9 9 0 0 1 1135 0 1794 1135 2 0 0 0 0 0 1135 1 1135 0 333 14 1135 1135 1135 0 1135 1154
1746 114 269 1794 0 0 1794 0 0 285 1794 24 629 624 1794 0 0 0 1739 0 1794 0 864 0 1794 0 1794 0 1609 0 0 0 9 0 0 0 0 1794 0 1135 1794 472 135 0 0 0 0 1794 0 1794 0 992 0 1794 1794 1794 0 1794 1486
476 76 27 472 129 190 472 190 0 259 472 166 171 3 472 128 190 333 491 190 472 250 280 190 472 190 472 190 287 190 190 190 181 28 133 190 190 472 190 2 472 1794 325 190 190 190 190 472 444 472 190 505 497 472 472 472 190 472 164
139 1545 0 135 83 1659 135 1659 0 1183 135 1635 338 103 135 1597 1659 355 154 1659 135 1432 457 1659 135 1659 135 1659 50 1659 1659 1659 1186 1064 1602 1659 1641 135 1659 0 135 325 1794 1659 1659 1659 1659 135 1365 135 1659 799 697 135 135 135 1659 135 31
4 1680 0 0 218 1794 0 1794 0 1192 0 1770 338 103 0 1732 1794 490 19 1794 0 1567 592 1794 0 1794 0 1794 185 1794 1794 1794 1321 1083 1737 1794 1776 0 1794 0 0 190 1659 1794 1794 1794 1794 0 1500 0 1794 664 832 0 0 0 1794 0 31
4 1680 0 0 218 1794 0 1794 0 1192 0 1770 338 103 0 1732 1794 490 19 1794 0 1567 592 1794 0 1794 0 1794 185 1794 1794 1794 1321 1083 1737 1794 1776 0 1794 0 0 190 1659 1794 1794 1794 1794 0 1500 0 1794 664 832 0 0 0 1794 0 31
4 1680 0 0 218 1794 0 1794 0 1192 0 1770 338 103 0 1732 1794 490 19 1794 0 1567 592 1794 0 1794 0 1794 185 1794 1794 1794 1321 1083 1737 1794 1776 0 1794 0 0 190 1659 1794 1794 1794 1794 0 1500 0 1794 664 832 0 0 0 1794 0 31
4 1680 0 0 218 1794 0 1794 0 1192 0 1770 338 103 0 1732 1794 490 19 1794 0 1567 592 1794 0 1794 0 1794 185 1794 1794 1794 1321 1083 1737 1794 1776 0 1794 0 0 190 1659 1794 1794 1794 1794 0 1500 0 1794 664 832 0 0 0 1794 0 31
1746 114 269 1794 0 0 1794 0 0 285 1794 24 629 624 1794 0 0 0 1739 0 1794 0 864 0 1794 0 1794 0 1609 0 0 0 9 0 0 0 0 1794 0 1135 1794 472 135 0 0 0 0 1794 0 1794 0 992 0 1794 1794 1794 0 1794 1486
4 1386 28 0 262 1500 0 1500 0 1048 0 1476 271 103 0 1438 1500 655 19 1500 0 1319 845 1500 0 1500 0 1500 185 1500 1500 1500 1027 789 1443 1500 1482 0 1500 1 0 444 1365 1500 1500 1500 1500 0 1794 0 1500 647 1085 0 0 0 1500 0 31
1746 114 269 1794 0 0 1794 0 0 285 1794 24 629 624 1794 0 0 0 1739 0 1794 0 864 0 1794 0 1794 0 1609 0 0 0 9 0 0 0 0 1794 0 1135 1794 472 135 0 0 0 0 1794 0 1794 0 992 0 1794 1794 1794 0 1794 1486
4 1680 0 0 218 1794 0 1794 0 1192 0 1770 338 103 0 1732 1794 490 19 1794 0 1567 592 1794 0 1794 0 1794 185 1794 1794 1794 1321 1083 1737 1794 1776 0 1794 0 0 190 1659 1794 1794 1794 1794 0 1500 0 1794 664 832 0 0 0 1794 0 31
944 774 132 992 135 664 992 664 0 949 992 688 70 18 992 664 664 83 937 664 992 664 149 664 992 664 992 664 807 664 664 664 273 515 664 664 664 992 664 333 992 505 799 664 664 664 664 992 647 992 664 1794 157 992 992 992 664 992 684
4 718 25 0 449 832 0 832 20 558 0 808 272 104 0 770 832 818 19 832 0 937 713 832 0 832 0 832 185 832 832 832 804 254 775 832 814 0 832 14 0 497 697 832 832 832 832 0 1085 0 832 157 1794 0 0 0 832 0 31
1746 114 269 1794 0 0 1794 0 0 285 1794 24 629 624 1794 0 0 0 1739 0 1794 0 864 0 1794 0 1794 0 1609 0 0 0 9 0 0 0 0 1794 0 1135 1794 472 135 0 0 0 0 1794 0 1794 0 992 0 1794 1794 1794 0 1794 1486
1746 114 269 1794 0 0 1794 0 0 285 1794 24 629 624 1794 0 0 0 1739 0 1794 0 864 0 1794 0 1794 0 1609 0 0 0 9 0 0 0 0 1794 0 1135 1794 472 135 0 0 0 0 1794 0 1794 0 992 0 1794 1794 1794 0 1794 1486
1746 114 269 1794 0 0 1794 0 0 285 1794 24 629 624 1794 0 0 0 1739 0 1794 0 864 0 1794 0 1794 0 1609 0 0 0 9 0 0 0 0 1794 0 1135 1794 472 135 0 0 0 0 1794 0 1794 0 992 0 1794 1794 1794 0 1794 1486
4 1680 0 0 218 1794 0 1794 0 1192 0 1770 338 103 0 1732 1794 490 19 1794 0 1567 592 1794 0 1794 0 1794 185 1794 1794 1794 1321 1083 1737 1794 1776 0 1794 0 0 190 1659 1794 1794 1794 1794 0 1500 0 1794 664 832 0 0 0 1794 0 31
1746 114 269 1794 0 0 1794 0 0 285 1794 24 629 624 1794 0 0 0 1739 0 1794 0 864 0 1794 0 1794 0 1609 0 0 0 9 0 0 0 0 1794 0 1135 1794 472 135 0 0 0 0 1794 0 1794 0 992 0 1794 1794 1794 0 1794 1486
1438 145 281 1486 17 31 1486 31 0 309 1486 55 630 766 1486 31 31 31 1431 31 1486 31 895 31 1486 31 1486 31 1486 31 31 31 40 66 31 31 31 1486 31 1154 1486 164 31 31 31 31 31 1486 31 1486 31 684 31 1486 1486 1486 31 1486 1794
