1 2516400 
2 2516400 
3 2516401 
4 2516401 
5 2516402 
6 2516403 
7 2516403 
8 2516404 
9 2516404 
10 2516405 
11 2516405 
12 2516405 
13 2516408 
14 2516409 
15 2516409 
16 2516410 
17 2516410 
18 2516411 
19 2516411 
20 2516412 
21 2516413 
22 2516413 
23 2516414 
24 2516414 
25 2516414 
26 2516415 
27 2516415 
28 2516415 
29 2516416 
30 2516416 
31 2516418 
32 2516418 
33 2516424 
34 2516425 
35 2516425 
36 2516425 
37 2516426 
38 2516426 
39 2516427 
40 2516427 
41 2516428 
42 2516428 
43 2516428 
44 2516429 
45 2516429 
46 2516429 
47 2516430 
48 2516430 
49 2516431 
50 2516431 
51 2516431 
52 2516432 
53 2516432 
54 2516432 
55 2516433 
56 2516433 
57 2516433 
58 2516434 
59 2516434 
60 2516434 
61 2516435 
62 2516435 
63 2516436 
64 2516436 
65 2516436 
66 2516437 
67 2516437 
68 2516437 
69 2516437 
70 2516438 
71 2516438 
72 2516438 
73 2516439 
74 2516440 
75 2516440 
76 2516440 
77 2516441 
78 2516441 
79 2516441 
80 2516442 
81 2516443 
82 2516444 
83 2516444 
84 2516444 
85 2516445 
86 2516445 
87 2516445 
88 2516446 
89 2516446 
90 2516447 
91 2516448 
92 2516448 
93 2516449 
94 2516458 
95 2516462 
96 2516462 
97 2516462 
98 2516468 
99 2516473 
100 2516474 
101 2516474 
102 2516474 
103 2516475 
104 2516486 
105 2516493 
106 2516494 
107 2516494 
108 2516496 
109 2516496 
110 2516497 
111 2516497 
112 2516498 
113 2516500 
114 2516501 
115 2516501 
116 2516502 
117 2516504 
118 2516505 
119 2516505 
120 2516505 
121 2516506 
122 2516506 
123 2516507 
124 2516507 
125 2516507 
126 2516508 
127 2516508 
128 2516512 
129 2516512 
130 2516516 
131 2516516 
132 2516517 
133 2516517 
134 2516517 
135 2516518 
136 2516518 
137 2516518 
138 2516519 
139 2516519 
140 2516520 
141 2516520 
142 2516521 
143 2516521 
144 2516525 
145 2516526 
146 2516535 
147 2516535 
148 2516536 
149 2516546 
150 2516548 
151 2516548 
152 2516549 
153 2516549 
154 2516549 
155 2516550 
156 2516550 
157 2516550 
158 2516551 
159 2516551 
160 2516552 
161 2516552 
162 2516553 
163 2516553 
164 2516554 
165 2516555 
166 2516555 
167 2516582 
168 2516582 
169 2516583 
170 2516583 
171 2516583 
172 2516584 
173 2516584 
174 2516585 
175 2516585 
176 2516586 
177 2516590 
178 2516590 
179 2516590 
180 2516591 
181 2516591 
182 2516593 
183 2516593 
184 2516593 
185 2516594 
186 2516594 
187 2516597 
188 2516603 
189 2516604 
190 2516607 
191 2516612 
192 2516613 
193 2516613 
194 2516621 
195 2516627 
196 2516628 
197 2516628 
198 2516628 
199 2516628 
200 2516628 
201 2516629 
202 2516629 
203 2516629 
204 2516629 
205 2516630 
206 2516642 
207 2516662 
208 2516669 
209 2516685 
210 2516705 
211 2516717 
212 2516717 
213 2516718 
214 2516718 
215 2516718 
216 2516719 
217 2516719 
218 2516719 
219 2516719 
220 2516720 
221 2516720 
222 2516720 
223 2516721 
224 2516721 
225 2516721 
226 2516722 
227 2516723 
228 2516724 
229 2516724 
230 2516724 
231 2516725 
232 2516725 
233 2516725 
234 2516725 
235 2516726 
236 2516726 
237 2516727 
238 2516727 
239 2516728 
240 2516728 
241 2516730 
242 2516730 
243 2516732 
244 2516733 
245 2516733 
246 2516733 
247 2516734 
248 2516734 
249 2516735 
250 2516743 
251 2516743 
252 2516748 
253 2516748 
254 2516749 
255 2516749 
256 2516750 
257 2516754 
258 2516756 
259 2516756 
260 2516757 
261 2516757 
262 2516758 
263 2516758 
264 2516759 
265 2516760 
266 2516761 
267 2516768 
268 2516813 
269 2516816 
270 2516822 
271 2516827 
272 2516827 
273 2516829 
274 2516832 
275 2516832 
276 2516832 
277 2516833 
278 2516834 
279 2516834 
280 2516856 
281 2516856 
282 2516866 
283 2516889 
284 2516893 
285 2516894 
286 2516894 
287 2516894 
288 2516895 
289 2516895 
290 2516896 
291 2516897 
292 2516899 
293 2516900 
294 2516900 
295 2516900 
296 2516901 
297 2516901 
298 2516901 
299 2516902 
300 2516905 
301 2516906 
302 2516906 
303 2516907 
304 2516907 
305 2516907 
306 2516908 
307 2516931 
308 2516951 
309 2516952 
310 2516952 
311 2516953 
312 2516953 
313 2516953 
314 2516954 
315 2516954 
316 2516955 
317 2516955 
318 2516955 
319 2516956 
320 2516956 
321 2516956 
322 2516957 
323 2516957 
324 2516968 
325 2516969 
326 2516970 
327 2516971 
328 2516971 
329 2516984 
330 2516998 
331 2517000 
332 2517001 
333 2517007 
334 2517008 
335 2517008 
336 2517009 
337 2517009 
338 2517009 
339 2517010 
340 2517010 
341 2517011 
342 2517012 
343 2517012 
344 2517012 
345 2517014 
346 2517014 
347 2517015 
348 2517015 
349 2517015 
350 2517017 
351 2517017 
352 2517017 
353 2517020 
354 2517021 
355 2517024 
356 2517024 
357 2517024 
358 2517025 
359 2517025 
360 2517025 
361 2517026 
362 2517026 
363 2517029 
364 2517037 
365 2517037 
366 2517038 
367 2517038 
368 2517043 
369 2517044 
370 2517047 
371 2517050 
372 2517054 
373 2517054 
374 2517055 
375 2517060 
376 2517061 
377 2517061 
378 2517061 
379 2517062 
380 2517062 
381 2517062 
382 2517062 
383 2517063 
384 2517063 
385 2517064 
386 2517065 
387 2517065 
388 2517067 
389 2517067 
390 2517071 
391 2517075 
392 2517077 
393 2517078 
394 2517118 
395 2517122 
396 2517122 
397 2517125 
398 2517130 
399 2517148 
400 2517149 
401 2517150 
402 2517150 
403 2517155 
404 2517160 
405 2517160 
406 2517164 
407 2517170 
408 2517171 
409 2517171 
410 2517172 
411 2517172 
412 2517172 
413 2517173 
414 2517173 
415 2517174 
416 2517174 
417 2517177 
418 2517181 
419 2517182 
420 2517182 
421 2517182 
422 2517183 
423 2517183 
424 2517185 
425 2517185 
426 2517189 
427 2517191 
428 2517205 
429 2517210 
430 2517210 
431 2517211 
432 2517211 
433 2517212 
434 2517212 
435 2517212 
436 2517212 
437 2517212 
438 2517213 
439 2517213 
440 2517214 
441 2517218 
442 2517218 
443 2517218 
444 2517219 
445 2517219 
446 2517220 
447 2517221 
448 2517228 
449 2517229 
450 2517229 
451 2517230 
452 2517231 
453 2517231 
454 2517232 
455 2517232 
456 2517232 
457 2517233 
458 2517233 
459 2517233 
460 2517245 
461 2517247 
462 2517247 
463 2517248 
464 2517248 
465 2517248 
466 2517249 
467 2517261 
468 2517266 
469 2517284 
470 2517291 
471 2517291 
472 2517298 
473 2517301 
474 2517301 
475 2517303 
476 2517303 
477 2517304 
478 2517304 
479 2517304 
480 2517305 
481 2517305 
482 2517305 
483 2517305 
484 2517306 
485 2517306 
486 2517306 
487 2517307 
488 2517307 
489 2517307 
490 2517308 
491 2517308 
492 2517308 
493 2517309 
494 2517309 
495 2517309 
496 2517310 
497 2517310 
498 2517310 
499 2517311 
500 2517311 
501 2517311 
502 2517316 
503 2517316 
504 2517317 
505 2517317 
506 2517317 
507 2517318 
508 2517318 
509 2517318 
510 2517318 
511 2517319 
512 2517331 
513 2517331 
514 2517331 
515 2517331 
516 2517332 
517 2517332 
518 2517336 
519 2517339 
520 2517344 
521 2517346 
522 2517347 
523 2517350 
524 2517366 
525 2517374 
526 2517388 
527 2517391 
528 2517392 
529 2517392 
530 2517402 
531 2517403 
532 2517411 
533 2517412 
534 2517412 
535 2517413 
536 2517413 
537 2517414 
538 2517417 
539 2517417 
540 2517418 
541 2517418 
542 2517419 
543 2517419 
544 2517420 
545 2517425 
546 2517425 
547 2517426 
548 2517452 
549 2517476 
550 2517484 
551 2517485 
552 2517494 
553 2517502 
554 2517502 
555 2517504 
556 2517512 
557 2517515 
558 2517521 
559 2517525 
560 2517528 
561 2517534 
562 2517535 
563 2517541 
564 2517542 
565 2517542 
566 2517543 
567 2517543 
568 2517543 
569 2517544 
570 2517544 
571 2517560 
572 2517560 
573 2517561 
574 2517562 
575 2517565 
576 2517567 
577 2517590 
578 2517590 
579 2517591 
580 2517591 
581 2517593 
582 2517600 
583 2517604 
584 2517604 
585 2517605 
586 2517608 
587 2517642 
588 2517649 
589 2517652 
590 2517653 
591 2517654 
592 2517654 
593 2517655 
594 2517657 
595 2517657 
596 2517658 
597 2517658 
598 2517660 
599 2517660 
600 2517663 
601 2517664 
602 2517667 
603 2517670 
604 2517678 
605 2517678 
606 2517679 
607 2517681 
608 2517689 
609 2517697 
610 2517708 
611 2517714 
612 2517717 
613 2517721 
614 2517721 
615 2517725 
616 2517728 
617 2517728 
618 2517728 
619 2517729 
620 2517729 
621 2517730 
622 2517731 
623 2517731 
624 2517732 
625 2517751 
626 2517762 
627 2517762 
628 2517763 
629 2517765 
630 2517773 
631 2517773 
632 2517773 
633 2517775 
634 2517776 
635 2517776 
636 2517776 
637 2517777 
638 2517777 
639 2517777 
640 2517778 
641 2517778 
642 2517779 
643 2517779 
644 2517779 
645 2517781 
646 2517781 
647 2517781 
648 2517873 
649 2517886 
650 2517887 
651 2517887 
652 2517888 
653 2517898 
654 2517899 
655 2517917 
656 2517919 
657 2517923 
658 2517928 
659 2517928 
660 2517938 
661 2517938 
662 2517938 
663 2517938 
664 2517939 
665 2517942 
666 2517943 
667 2517943 
668 2517944 
669 2517946 
670 2517947 
671 2517952 
672 2517954 
673 2517955 
674 2517955 
675 2517956 
676 2517968 
677 2517969 
678 2517970 
679 2517972 
680 2517973 
681 2517982 
682 2518004 
683 2518007 
684 2518007 
685 2518008 
686 2518008 
687 2518008 
688 2518024 
689 2518037 
690 2518037 
691 2518042 
692 2518042 
693 2518042 
694 2518042 
695 2518043 
696 2518043 
697 2518068 
698 2518068 
699 2518068 
700 2518069 
701 2518086 
702 2518086 
703 2518086 
704 2518092 
705 2518093 
706 2518107 
707 2518146 
708 2518153 
709 2518153 
710 2518154 
711 2518154 
712 2518154 
713 2518155 
714 2518155 
715 2518155 
716 2518156 
717 2518156 
718 2518156 
719 2518157 
720 2518163 
721 2518172 
722 2518172 
723 2518187 
724 2518200 
725 2518201 
726 2518201 
727 2518201 
728 2518202 
729 2518202 
730 2518202 
731 2518203 
732 2518204 
733 2518204 
734 2518205 
735 2518205 
736 2518205 
737 2518206 
738 2518206 
739 2518207 
740 2518207 
741 2518207 
742 2518208 
743 2518208 
744 2518208 
745 2518209 
746 2518209 
747 2518210 
748 2518210 
749 2518212 
750 2518220 
751 2518222 
752 2518222 
753 2518223 
754 2518230 
755 2518230 
756 2518231 
757 2518231 
758 2518231 
759 2518232 
760 2518232 
761 2518232 
762 2518243 
763 2518252 
764 2518253 
765 2518253 
766 2518253 
767 2518260 
768 2518260 
769 2518260 
770 2518261 
771 2518261 
772 2518261 
773 2518262 
774 2518266 
775 2518273 
776 2518293 
777 2518297 
778 2518299 
779 2518324 
780 2518326 
781 2518327 
782 2518329 
783 2518330 
784 2518330 
785 2518331 
786 2518331 
787 2518331 
788 2518337 
789 2518341 
790 2518347 
791 2518347 
792 2518347 
793 2518347 
794 2518348 
795 2518355 
796 2518359 
797 2518359 
798 2518359 
799 2518359 
800 2518360 
801 2518361 
802 2518361 
803 2518364 
804 2518364 
805 2518365 
806 2518365 
807 2518365 
808 2518365 
809 2518366 
810 2518369 
811 2518371 
812 2518371 
813 2518375 
814 2518375 
815 2518376 
816 2518380 
817 2518380 
818 2518381 
819 2518381 
820 2518384 
821 2518385 
822 2518385 
823 2518386 
824 2518386 
825 2518386 
826 2518387 
827 2518387 
828 2518387 
829 2518389 
830 2518389 
831 2518390 
832 2518390 
833 2518390 
834 2518391 
835 2518391 
836 2518392 
837 2518395 
838 2518395 
839 2518396 
840 2518396 
841 2518397 
842 2518401 
843 2518403 
844 2518403 
845 2518403 
846 2518404 
847 2518404 
848 2518404 
849 2518405 
850 2518405 
851 2518405 
852 2518407 
853 2518423 
854 2518439 
855 2518443 
856 2518450 
857 2518453 
858 2518454 
859 2518454 
860 2518461 
861 2518462 
862 2518462 
863 2518462 
864 2518463 
865 2518476 
866 2518482 
867 2518483 
868 2518483 
869 2518483 
870 2518484 
871 2518489 
872 2518489 
873 2518498 
874 2518504 
875 2518505 
876 2518532 
877 2518545 
878 2518573 
879 2518574 
880 2518574 
881 2518575 
882 2518578 
883 2518597 
884 2518604 
885 2518618 
886 2518619 
887 2518627 
888 2518632 
889 2518657 
890 2518672 
891 2518679 
892 2518679 
893 2518680 
894 2518684 
895 2518689 
896 2518691 
897 2518693 
898 2518708 
899 2518709 
900 2518735 
901 2518735 
902 2518735 
903 2518736 
904 2518745 
905 2518745 
906 2518746 
907 2518768 
908 2518770 
909 2518770 
910 2518790 
911 2518804 
912 2518811 
913 2518816 
914 2518820 
915 2518820 
916 2518824 
917 2518827 
918 2518842 
919 2518855 
920 2518860 
921 2518863 
922 2518866 
923 2518871 
924 2518873 
925 2518877 
926 2518881 
927 2518891 
928 2518893 
929 2518897 
930 2518897 
931 2518899 
932 2518901 
933 2518902 
934 2518903 
935 2518906 
936 2518908 
937 2518909 
938 2518917 
939 2518919 
940 2518919 
941 2518920 
942 2518920 
943 2518926 
944 2518926 
945 2518927 
946 2518927 
947 2518927 
948 2518938 
949 2518947 
950 2518950 
951 2518953 
952 2518954 
953 2518954 
954 2518954 
955 2518955 
956 2518955 
957 2518956 
958 2518956 
959 2518956 
960 2518957 
961 2518957 
962 2518957 
963 2518958 
964 2518958 
965 2518964 
966 2518976 
967 2518984 
968 2518985 
969 2518985 
970 2518986 
971 2518986 
972 2519007 
973 2519008 
974 2519008 
975 2519008 
976 2519009 
977 2519076 
978 2519122 
979 2519122 
980 2519126 
981 2519142 
982 2519142 
983 2519143 
984 2519160 
985 2519160 
986 2519171 
987 2519175 
988 2519179 
989 2519185 
990 2519229 
991 2519230 
992 2519236 
993 2519239 
994 2519239 
995 2519247 
996 2519270 
997 2519272 
998 2519279 
999 2519282 
1000 2519284 
1001 2519292 
1002 2519299 
1003 2519311 
1004 2519317 
1005 2519319 
1006 2519324 
1007 2519324 
1008 2519327 
1009 2519341 
1010 2519341 
1011 2519342 
1012 2519346 
1013 2519350 
1014 2519350 
1015 2519356 
1016 2519359 
1017 2519362 
1018 2519365 
1019 2519368 
1020 2519369 
1021 2519369 
1022 2519371 
1023 2519376 
1024 2519377 
1025 2519378 
1026 2519378 
1027 2519378 
1028 2519378 
1029 2519379 
1030 2519379 
1031 2519379 
1032 2519380 
1033 2519380 
1034 2519382 
1035 2519382 
1036 2519382 
1037 2519382 
1038 2519383 
1039 2519384 
1040 2519384 
1041 2519386 
1042 2519386 
1043 2519388 
1044 2519393 
1045 2519394 
1046 2519394 
1047 2519398 
1048 2519398 
1049 2519401 
1050 2519401 
1051 2519402 
1052 2519403 
1053 2519404 
1054 2519404 
1055 2519405 
1056 2519408 
1057 2519415 
1058 2519419 
1059 2519421 
1060 2519422 
1061 2519422 
1062 2519423 
1063 2519423 
1064 2519424 
1065 2519424 
1066 2519424 
1067 2519424 
1068 2519425 
1069 2519425 
1070 2519425 
1071 2519425 
1072 2519426 
1073 2519426 
1074 2519426 
1075 2519426 
1076 2519427 
1077 2519427 
1078 2519427 
1079 2519428 
1080 2519428 
1081 2519429 
1082 2519430 
1083 2519436 
1084 2519436 
1085 2519449 
1086 2519449 
1087 2519449 
1088 2519450 
1089 2519470 
1090 2519488 
1091 2519492 
1092 2519494 
1093 2519494 
1094 2519497 
1095 2519501 
1096 2519515 
1097 2519526 
1098 2519528 
1099 2519530 
1100 2519530 
1101 2519531 
1102 2519531 
1103 2519536 
1104 2519536 
1105 2519536 
1106 2519537 
1107 2519537 
1108 2519537 
1109 2519538 
1110 2519538 
1111 2519538 
1112 2519539 
1113 2519539 
1114 2519539 
1115 2519541 
1116 2519541 
1117 2519541 
1118 2519542 
1119 2519545 
1120 2519552 
1121 2519553 
1122 2519553 
1123 2519554 
1124 2519555 
1125 2519556 
1126 2519558 
1127 2519560 
1128 2519577 
1129 2519602 
1130 2519742 
1131 2519750 
1132 2519750 
1133 2519751 
1134 2519751 
1135 2519761 
1136 2519764 
1137 2519793 
1138 2519794 
1139 2519796 
1140 2519800 
1141 2519801 
1142 2519806 
1143 2519806 
1144 2519810 
1145 2519811 
1146 2519811 
1147 2519814 
1148 2519828 
1149 2519832 
1150 2519836 
1151 2519840 
1152 2519867 
1153 2519883 
1154 2519893 
1155 2519897 
1156 2519898 
1157 2519901 
1158 2519909 
1159 2519909 
1160 2519909 
1161 2519910 
1162 2519923 
1163 2519926 
1164 2519927 
1165 2519927 
1166 2519928 
1167 2519928 
1168 2519929 
1169 2519929 
1170 2519929 
1171 2519930 
1172 2519930 
1173 2519930 
1174 2519947 
1175 2519952 
1176 2519952 
1177 2519988 
1178 2519989 
1179 2519989 
1180 2519989 
1181 2519990 
1182 2519990 
