1 2646002 
2 2646005 
3 2646008 
4 2646008 
5 2646009 
6 2646009 
7 2646010 
8 2646010 
9 2646010 
10 2646011 
11 2646011 
12 2646014 
13 2646016 
14 2646018 
15 2646019 
16 2646019 
17 2646020 
18 2646022 
19 2646022 
20 2646023 
21 2646023 
22 2646023 
23 2646024 
24 2646024 
25 2646024 
26 2646025 
27 2646025 
28 2646025 
29 2646026 
30 2646026 
31 2646027 
32 2646027 
33 2646027 
34 2646028 
35 2646028 
36 2646028 
37 2646029 
38 2646029 
39 2646030 
40 2646030 
41 2646030 
42 2646031 
43 2646031 
44 2646037 
45 2646037 
46 2646038 
47 2646038 
48 2646044 
49 2646050 
50 2646050 
51 2646054 
52 2646056 
53 2646057 
54 2646058 
55 2646069 
56 2646078 
57 2646078 
58 2646078 
59 2646078 
60 2646085 
61 2646093 
62 2646106 
63 2646106 
64 2646107 
65 2646107 
66 2646119 
67 2646119 
68 2646120 
69 2646120 
70 2646121 
71 2646121 
72 2646132 
73 2646133 
74 2646133 
75 2646134 
76 2646134 
77 2646134 
78 2646135 
79 2646135 
80 2646135 
81 2646136 
82 2646136 
83 2646136 
84 2646136 
85 2646136 
86 2646137 
87 2646137 
88 2646138 
89 2646138 
90 2646138 
91 2646138 
92 2646139 
93 2646139 
94 2646139 
95 2646139 
96 2646140 
97 2646140 
98 2646140 
99 2646140 
100 2646141 
101 2646141 
102 2646142 
103 2646142 
104 2646142 
105 2646143 
106 2646143 
107 2646143 
108 2646144 
109 2646144 
110 2646144 
111 2646144 
112 2646145 
113 2646145 
114 2646145 
115 2646146 
116 2646146 
117 2646146 
118 2646147 
119 2646147 
120 2646147 
121 2646148 
122 2646148 
123 2646148 
124 2646149 
125 2646149 
126 2646149 
127 2646149 
128 2646150 
129 2646150 
130 2646150 
131 2646150 
132 2646151 
133 2646151 
134 2646151 
135 2646152 
136 2646152 
137 2646152 
138 2646152 
139 2646153 
140 2646153 
141 2646153 
142 2646154 
143 2646154 
144 2646154 
145 2646155 
146 2646155 
147 2646155 
148 2646156 
149 2646156 
150 2646157 
151 2646157 
152 2646157 
153 2646158 
154 2646158 
155 2646158 
156 2646159 
157 2646159 
158 2646159 
159 2646160 
160 2646160 
161 2646161 
162 2646161 
163 2646161 
164 2646162 
165 2646162 
166 2646162 
167 2646162 
168 2646163 
169 2646163 
170 2646163 
171 2646164 
172 2646164 
173 2646164 
174 2646168 
175 2646168 
176 2646168 
177 2646173 
178 2646179 
179 2646179 
180 2646179 
181 2646180 
182 2646180 
183 2646181 
184 2646181 
185 2646182 
186 2646184 
187 2646184 
188 2646187 
189 2646192 
190 2646193 
191 2646206 
192 2646206 
193 2646207 
194 2646207 
195 2646209 
196 2646209 
197 2646209 
198 2646210 
199 2646215 
200 2646216 
201 2646218 
202 2646218 
203 2646218 
204 2646219 
205 2646219 
206 2646226 
207 2646230 
208 2646230 
209 2646230 
210 2646231 
211 2646241 
212 2646242 
213 2646242 
214 2646242 
215 2646243 
216 2646244 
217 2646244 
218 2646244 
219 2646245 
220 2646250 
221 2646250 
222 2646250 
223 2646251 
224 2646253 
225 2646255 
226 2646256 
227 2646262 
228 2646267 
229 2646268 
230 2646268 
231 2646269 
232 2646269 
233 2646269 
234 2646269 
235 2646272 
236 2646283 
237 2646283 
238 2646285 
239 2646285 
240 2646287 
241 2646287 
242 2646288 
243 2646288 
244 2646288 
245 2646289 
246 2646290 
247 2646291 
248 2646292 
249 2646294 
250 2646295 
251 2646302 
252 2646308 
253 2646309 
254 2646315 
255 2646321 
256 2646330 
257 2646332 
258 2646336 
259 2646337 
260 2646337 
261 2646337 
262 2646338 
263 2646339 
264 2646341 
265 2646344 
266 2646349 
267 2646349 
268 2646349 
269 2646350 
270 2646351 
271 2646355 
272 2646365 
273 2646371 
274 2646371 
275 2646376 
276 2646378 
277 2646378 
278 2646382 
279 2646383 
280 2646384 
281 2646384 
282 2646385 
283 2646386 
284 2646386 
285 2646387 
286 2646388 
287 2646388 
288 2646389 
289 2646390 
290 2646392 
291 2646393 
292 2646394 
293 2646395 
294 2646395 
295 2646398 
296 2646399 
297 2646400 
298 2646400 
299 2646401 
300 2646402 
301 2646402 
302 2646402 
303 2646402 
304 2646403 
305 2646403 
306 2646403 
307 2646405 
308 2646406 
309 2646406 
310 2646409 
311 2646410 
312 2646422 
313 2646435 
314 2646436 
315 2646436 
316 2646437 
317 2646437 
318 2646444 
319 2646446 
320 2646454 
321 2646457 
322 2646459 
323 2646471 
324 2646471 
325 2646477 
326 2646477 
327 2646481 
328 2646482 
329 2646483 
330 2646485 
331 2646485 
332 2646486 
333 2646486 
334 2646486 
335 2646486 
336 2646487 
337 2646487 
338 2646487 
339 2646488 
340 2646488 
341 2646488 
342 2646489 
343 2646489 
344 2646489 
345 2646490 
346 2646490 
347 2646490 
348 2646491 
349 2646491 
350 2646491 
351 2646491 
352 2646495 
353 2646495 
354 2646496 
355 2646496 
356 2646497 
357 2646497 
358 2646498 
359 2646507 
360 2646507 
361 2646507 
362 2646508 
363 2646508 
364 2646508 
365 2646509 
366 2646509 
367 2646510 
368 2646518 
369 2646518 
370 2646525 
371 2646525 
372 2646525 
373 2646526 
374 2646529 
375 2646529 
376 2646544 
377 2646549 
378 2646550 
379 2646550 
380 2646550 
381 2646551 
382 2646573 
383 2646575 
384 2646591 
385 2646591 
386 2646592 
387 2646592 
388 2646593 
389 2646593 
390 2646593 
391 2646594 
392 2646594 
393 2646594 
394 2646595 
395 2646595 
396 2646595 
397 2646596 
398 2646596 
399 2646596 
400 2646597 
401 2646597 
402 2646597 
403 2646598 
404 2646598 
405 2646598 
406 2646615 
407 2646628 
408 2646629 
409 2646629 
410 2646630 
411 2646630 
412 2646630 
413 2646631 
414 2646648 
415 2646651 
416 2646654 
417 2646654 
418 2646660 
419 2646661 
420 2646661 
421 2646662 
422 2646662 
423 2646670 
424 2646677 
425 2646685 
426 2646695 
427 2646700 
428 2646704 
429 2646709 
430 2646710 
431 2646710 
432 2646710 
433 2646711 
434 2646714 
435 2646715 
436 2646716 
437 2646718 
438 2646719 
439 2646722 
440 2646722 
441 2646726 
442 2646738 
443 2646738 
444 2646741 
445 2646741 
446 2646742 
447 2646742 
448 2646765 
449 2646768 
450 2646769 
451 2646770 
452 2646770 
453 2646770 
454 2646771 
455 2646780 
456 2646780 
457 2646786 
458 2646786 
459 2646787 
460 2646787 
461 2646788 
462 2646788 
463 2646788 
464 2646788 
465 2646792 
466 2646800 
467 2646802 
468 2646802 
469 2646803 
470 2646803 
471 2646805 
472 2646806 
473 2646807 
474 2646808 
475 2646824 
476 2646827 
477 2646828 
478 2646828 
479 2646839 
480 2646847 
481 2646847 
482 2646848 
483 2646848 
484 2646849 
485 2646850 
486 2646850 
487 2646850 
488 2646851 
489 2646851 
490 2646858 
491 2646858 
492 2646861 
493 2646862 
494 2646862 
495 2646864 
496 2646864 
497 2646865 
498 2646865 
499 2646865 
500 2646866 
501 2646866 
502 2646867 
503 2646869 
504 2646870 
505 2646871 
506 2646871 
507 2646872 
508 2646887 
509 2646893 
510 2646894 
511 2646898 
512 2646899 
513 2646899 
514 2646901 
515 2646902 
516 2646902 
517 2646902 
518 2646903 
519 2646903 
520 2646904 
521 2646904 
522 2646904 
523 2646905 
524 2646905 
525 2646906 
526 2646906 
527 2646906 
528 2646907 
529 2646907 
530 2646907 
531 2646908 
532 2646910 
533 2646910 
534 2646911 
535 2646911 
536 2646912 
537 2646913 
538 2646913 
539 2646914 
540 2646915 
541 2646915 
542 2646925 
543 2646925 
544 2646926 
545 2646927 
546 2646928 
547 2646929 
548 2646933 
549 2646934 
550 2646937 
551 2646937 
552 2646937 
553 2646938 
554 2646938 
555 2646939 
556 2646943 
557 2646943 
558 2646943 
559 2646944 
560 2646944 
561 2646944 
562 2646945 
563 2646946 
564 2646946 
565 2646946 
566 2646947 
567 2646949 
568 2646949 
569 2646949 
570 2646950 
571 2646950 
572 2646950 
573 2646951 
574 2646951 
575 2646956 
576 2646956 
577 2646956 
578 2646957 
579 2646957 
580 2646957 
581 2646958 
582 2646966 
583 2646966 
584 2646967 
585 2646968 
586 2646968 
587 2646970 
588 2646970 
589 2646971 
590 2646971 
591 2646978 
592 2646979 
593 2646979 
594 2646979 
595 2646980 
596 2646980 
597 2646983 
598 2646983 
599 2646984 
600 2646986 
601 2646987 
602 2646987 
603 2646987 
604 2646992 
605 2646993 
606 2646993 
607 2646994 
608 2646994 
609 2646994 
610 2646995 
611 2646995 
612 2646996 
613 2647001 
614 2647008 
615 2647008 
616 2647009 
617 2647009 
618 2647009 
619 2647010 
620 2647010 
621 2647010 
622 2647012 
623 2647014 
624 2647018 
625 2647020 
626 2647022 
627 2647023 
628 2647029 
629 2647029 
630 2647030 
631 2647030 
632 2647030 
633 2647032 
634 2647037 
635 2647037 
636 2647042 
637 2647042 
638 2647043 
639 2647043 
640 2647046 
641 2647046 
642 2647047 
643 2647047 
644 2647051 
645 2647067 
646 2647067 
647 2647067 
648 2647068 
649 2647068 
650 2647068 
651 2647068 
652 2647069 
653 2647069 
654 2647069 
655 2647070 
656 2647070 
657 2647071 
658 2647077 
659 2647079 
660 2647079 
661 2647081 
662 2647082 
663 2647082 
664 2647083 
665 2647084 
666 2647085 
667 2647086 
668 2647086 
669 2647087 
670 2647087 
671 2647088 
672 2647088 
673 2647088 
674 2647089 
675 2647089 
676 2647090 
677 2647090 
678 2647092 
679 2647094 
680 2647097 
681 2647098 
682 2647099 
683 2647099 
684 2647100 
685 2647101 
686 2647101 
687 2647101 
688 2647101 
689 2647102 
690 2647102 
691 2647102 
692 2647103 
693 2647103 
694 2647103 
695 2647104 
696 2647104 
697 2647104 
698 2647105 
699 2647105 
700 2647106 
701 2647106 
702 2647107 
703 2647109 
704 2647109 
705 2647114 
706 2647115 
707 2647116 
708 2647117 
709 2647117 
710 2647117 
711 2647118 
712 2647118 
713 2647118 
714 2647118 
715 2647119 
716 2647119 
717 2647119 
718 2647119 
719 2647120 
720 2647120 
721 2647121 
722 2647121 
723 2647121 
724 2647122 
725 2647126 
726 2647129 
727 2647132 
728 2647132 
729 2647133 
730 2647133 
731 2647134 
732 2647134 
733 2647134 
734 2647134 
735 2647135 
736 2647137 
737 2647137 
738 2647138 
739 2647138 
740 2647139 
741 2647139 
742 2647139 
743 2647139 
744 2647140 
745 2647140 
746 2647140 
747 2647141 
748 2647141 
749 2647141 
750 2647141 
751 2647142 
752 2647142 
753 2647142 
754 2647143 
755 2647143 
756 2647143 
757 2647146 
758 2647147 
759 2647147 
760 2647148 
761 2647149 
762 2647149 
763 2647149 
764 2647149 
765 2647150 
766 2647152 
767 2647152 
768 2647152 
769 2647153 
770 2647153 
771 2647154 
772 2647154 
773 2647154 
774 2647155 
775 2647155 
776 2647155 
777 2647156 
778 2647156 
779 2647158 
780 2647159 
781 2647160 
782 2647160 
783 2647161 
784 2647161 
785 2647162 
786 2647163 
787 2647164 
788 2647164 
789 2647164 
790 2647165 
791 2647165 
792 2647165 
793 2647166 
794 2647166 
795 2647166 
796 2647167 
797 2647170 
798 2647171 
799 2647171 
800 2647173 
801 2647174 
802 2647175 
803 2647182 
804 2647185 
805 2647185 
806 2647185 
807 2647186 
808 2647186 
809 2647186 
810 2647187 
811 2647187 
812 2647188 
813 2647188 
814 2647188 
815 2647189 
816 2647189 
817 2647191 
818 2647191 
819 2647193 
820 2647193 
821 2647194 
822 2647195 
823 2647197 
824 2647197 
825 2647198 
826 2647200 
827 2647200 
828 2647200 
829 2647201 
830 2647201 
831 2647201 
832 2647202 
833 2647202 
834 2647202 
835 2647203 
836 2647203 
837 2647203 
838 2647203 
839 2647204 
840 2647204 
841 2647204 
842 2647205 
843 2647205 
844 2647205 
845 2647205 
846 2647207 
847 2647209 
848 2647212 
849 2647216 
850 2647217 
851 2647217 
852 2647218 
853 2647218 
854 2647218 
855 2647219 
856 2647219 
857 2647219 
858 2647219 
859 2647219 
860 2647220 
861 2647220 
862 2647220 
863 2647222 
864 2647222 
865 2647222 
866 2647223 
867 2647223 
868 2647225 
869 2647225 
870 2647226 
871 2647227 
872 2647228 
873 2647228 
874 2647228 
875 2647229 
876 2647229 
877 2647229 
878 2647230 
879 2647230 
880 2647230 
881 2647231 
882 2647231 
883 2647231 
884 2647231 
885 2647232 
886 2647232 
887 2647233 
888 2647233 
889 2647234 
890 2647234 
891 2647234 
892 2647235 
893 2647235 
894 2647235 
895 2647236 
896 2647236 
897 2647237 
898 2647237 
899 2647237 
900 2647238 
901 2647238 
902 2647239 
903 2647239 
904 2647239 
905 2647240 
906 2647240 
907 2647240 
908 2647240 
909 2647242 
910 2647242 
911 2647243 
912 2647243 
913 2647243 
914 2647244 
915 2647244 
916 2647244 
917 2647244 
918 2647245 
919 2647245 
920 2647245 
921 2647246 
922 2647246 
923 2647246 
924 2647247 
925 2647247 
926 2647250 
927 2647250 
928 2647251 
929 2647251 
930 2647252 
931 2647252 
932 2647252 
933 2647253 
934 2647253 
935 2647253 
936 2647253 
937 2647254 
938 2647254 
939 2647254 
940 2647254 
941 2647255 
942 2647255 
943 2647255 
944 2647255 
945 2647256 
946 2647256 
947 2647256 
948 2647257 
949 2647257 
950 2647258 
951 2647258 
952 2647258 
953 2647258 
954 2647259 
955 2647259 
956 2647261 
957 2647261 
958 2647261 
959 2647275 
960 2647276 
961 2647277 
962 2647278 
963 2647278 
964 2647279 
965 2647279 
966 2647280 
967 2647289 
968 2647289 
969 2647289 
970 2647290 
971 2647290 
972 2647291 
973 2647294 
974 2647298 
975 2647298 
976 2647299 
977 2647301 
978 2647302 
979 2647303 
980 2647304 
981 2647304 
982 2647355 
983 2647355 
984 2647355 
985 2647358 
986 2647361 
987 2647371 
988 2647380 
989 2647381 
990 2647384 
991 2647390 
992 2647391 
993 2647391 
994 2647392 
995 2647393 
996 2647395 
997 2647398 
998 2647399 
999 2647399 
1000 2647400 
1001 2647401 
1002 2647401 
1003 2647402 
1004 2647402 
1005 2647407 
1006 2647407 
1007 2647407 
1008 2647408 
1009 2647408 
1010 2647409 
1011 2647409 
1012 2647409 
1013 2647410 
1014 2647410 
1015 2647411 
1016 2647411 
1017 2647411 
1018 2647412 
1019 2647412 
1020 2647412 
1021 2647413 
1022 2647413 
1023 2647413 
1024 2647413 
1025 2647414 
1026 2647414 
1027 2647414 
1028 2647415 
1029 2647415 
1030 2647416 
1031 2647417 
1032 2647424 
1033 2647425 
1034 2647425 
1035 2647441 
1036 2647441 
1037 2647441 
1038 2647442 
1039 2647442 
1040 2647442 
1041 2647443 
1042 2647443 
1043 2647443 
1044 2647444 
1045 2647444 
1046 2647444 
1047 2647445 
1048 2647445 
1049 2647446 
1050 2647446 
1051 2647447 
1052 2647447 
1053 2647447 
1054 2647448 
1055 2647448 
1056 2647448 
1057 2647449 
1058 2647449 
1059 2647449 
1060 2647450 
1061 2647450 
1062 2647450 
1063 2647451 
1064 2647451 
1065 2647451 
1066 2647452 
1067 2647452 
1068 2647452 
1069 2647453 
1070 2647453 
1071 2647453 
1072 2647453 
1073 2647454 
1074 2647454 
1075 2647454 
1076 2647455 
1077 2647455 
1078 2647455 
1079 2647456 
1080 2647457 
1081 2647457 
1082 2647457 
1083 2647458 
1084 2647458 
1085 2647458 
1086 2647459 
1087 2647459 
1088 2647459 
1089 2647459 
1090 2647460 
1091 2647460 
1092 2647461 
1093 2647461 
1094 2647461 
1095 2647462 
1096 2647462 
1097 2647462 
1098 2647463 
1099 2647463 
1100 2647463 
1101 2647464 
1102 2647464 
1103 2647464 
1104 2647464 
1105 2647465 
1106 2647465 
1107 2647465 
1108 2647465 
1109 2647466 
1110 2647466 
1111 2647467 
1112 2647467 
1113 2647467 
1114 2647468 
1115 2647468 
1116 2647468 
1117 2647469 
1118 2647469 
1119 2647469 
1120 2647470 
1121 2647470 
1122 2647470 
1123 2647470 
1124 2647471 
1125 2647471 
1126 2647471 
1127 2647472 
1128 2647472 
1129 2647472 
1130 2647473 
1131 2647473 
1132 2647474 
1133 2647474 
1134 2647474 
1135 2647475 
1136 2647475 
1137 2647475 
1138 2647476 
1139 2647476 
1140 2647476 
1141 2647477 
1142 2647477 
1143 2647478 
1144 2647486 
1145 2647486 
1146 2647487 
1147 2647487 
1148 2647490 
1149 2647494 
1150 2647494 
1151 2647495 
1152 2647495 
1153 2647495 
1154 2647496 
1155 2647496 
1156 2647496 
1157 2647497 
1158 2647497 
1159 2647497 
1160 2647498 
1161 2647498 
1162 2647498 
1163 2647499 
1164 2647499 
1165 2647499 
1166 2647500 
1167 2647500 
1168 2647500 
1169 2647501 
1170 2647501 
1171 2647501 
1172 2647502 
1173 2647502 
1174 2647502 
1175 2647503 
1176 2647504 
1177 2647509 
1178 2647509 
1179 2647512 
1180 2647512 
1181 2647514 
1182 2647516 
1183 2647516 
1184 2647517 
1185 2647517 
1186 2647518 
1187 2647520 
1188 2647520 
1189 2647521 
1190 2647521 
1191 2647521 
1192 2647522 
1193 2647527 
1194 2647528 
1195 2647529 
1196 2647529 
1197 2647529 
1198 2647530 
1199 2647530 
1200 2647531 
1201 2647531 
1202 2647531 
1203 2647533 
1204 2647536 
1205 2647537 
1206 2647537 
1207 2647538 
1208 2647538 
1209 2647538 
1210 2647541 
1211 2647542 
1212 2647542 
1213 2647542 
1214 2647543 
1215 2647543 
1216 2647543 
1217 2647544 
1218 2647544 
1219 2647544 
1220 2647545 
1221 2647545 
1222 2647545 
1223 2647546 
1224 2647546 
1225 2647546 
1226 2647547 
1227 2647547 
1228 2647547 
1229 2647548 
1230 2647548 
1231 2647548 
1232 2647549 
1233 2647549 
1234 2647549 
1235 2647550 
1236 2647550 
1237 2647550 
1238 2647551 
1239 2647551 
1240 2647551 
1241 2647552 
1242 2647552 
1243 2647553 
1244 2647554 
1245 2647554 
1246 2647555 
1247 2647555 
1248 2647556 
1249 2647556 
1250 2647556 
1251 2647557 
1252 2647557 
1253 2647557 
1254 2647558 
1255 2647558 
1256 2647558 
1257 2647559 
1258 2647559 
1259 2647559 
1260 2647561 
1261 2647561 
1262 2647562 
1263 2647563 
1264 2647563 
1265 2647564 
1266 2647564 
1267 2647564 
1268 2647565 
1269 2647565 
1270 2647565 
1271 2647566 
1272 2647566 
1273 2647567 
1274 2647567 
1275 2647567 
1276 2647568 
1277 2647568 
1278 2647568 
1279 2647569 
1280 2647569 
1281 2647570 
1282 2647570 
1283 2647570 
1284 2647573 
1285 2647573 
1286 2647574 
1287 2647574 
1288 2647577 
1289 2647578 
1290 2647578 
1291 2647578 
1292 2647579 
1293 2647582 
1294 2647583 
1295 2647583 
1296 2647583 
1297 2647584 
1298 2647584 
1299 2647584 
1300 2647585 
1301 2647585 
1302 2647593 
1303 2647594 
1304 2647594 
1305 2647594 
1306 2647595 
1307 2647595 
1308 2647596 
1309 2647596 
1310 2647596 
1311 2647597 
1312 2647597 
1313 2647598 
1314 2647598 
1315 2647599 
1316 2647599 
1317 2647600 
1318 2647600 
1319 2647600 
1320 2647601 
1321 2647601 
1322 2647601 
1323 2647602 
1324 2647602 
1325 2647602 
1326 2647603 
1327 2647603 
1328 2647604 
1329 2647604 
1330 2647605 
1331 2647607 
1332 2647616 
1333 2647618 
1334 2647618 
1335 2647618 
1336 2647619 
1337 2647620 
1338 2647620 
1339 2647623 
1340 2647624 
1341 2647626 
1342 2647626 
1343 2647627 
1344 2647627 
1345 2647628 
1346 2647628 
1347 2647628 
1348 2647629 
1349 2647629 
1350 2647629 
1351 2647630 
1352 2647630 
1353 2647630 
1354 2647631 
1355 2647631 
1356 2647631 
1357 2647632 
1358 2647633 
1359 2647633 
1360 2647637 
1361 2647638 
1362 2647643 
1363 2647643 
1364 2647645 
1365 2647646 
1366 2647646 
1367 2647647 
1368 2647648 
1369 2647648 
1370 2647648 
1371 2647649 
1372 2647649 
1373 2647650 
1374 2647661 
1375 2647662 
1376 2647667 
1377 2647676 
1378 2647691 
1379 2647693 
1380 2647694 
1381 2647695 
1382 2647695 
1383 2647697 
1384 2647697 
1385 2647698 
1386 2647698 
1387 2647699 
1388 2647699 
1389 2647699 
1390 2647699 
1391 2647700 
1392 2647705 
1393 2647705 
1394 2647705 
1395 2647706 
1396 2647706 
1397 2647706 
1398 2647707 
1399 2647707 
1400 2647707 
1401 2647708 
1402 2647708 
1403 2647708 
1404 2647709 
1405 2647709 
1406 2647709 
1407 2647710 
1408 2647710 
1409 2647710 
1410 2647711 
1411 2647711 
1412 2647711 
1413 2647712 
1414 2647712 
1415 2647712 
1416 2647713 
1417 2647715 
1418 2647715 
1419 2647716 
1420 2647716 
1421 2647717 
1422 2647717 
1423 2647717 
1424 2647717 
1425 2647718 
1426 2647718 
1427 2647718 
1428 2647719 
1429 2647719 
1430 2647719 
1431 2647720 
1432 2647720 
1433 2647720 
1434 2647721 
1435 2647721 
1436 2647721 
1437 2647722 
1438 2647722 
1439 2647722 
1440 2647723 
1441 2647723 
1442 2647723 
1443 2647724 
1444 2647724 
1445 2647724 
1446 2647725 
1447 2647725 
1448 2647725 
1449 2647726 
1450 2647726 
1451 2647727 
1452 2647727 
1453 2647727 
1454 2647727 
1455 2647728 
1456 2647728 
1457 2647729 
1458 2647729 
1459 2647730 
1460 2647730 
1461 2647730 
1462 2647730 
1463 2647731 
1464 2647731 
1465 2647731 
1466 2647731 
1467 2647732 
1468 2647732 
1469 2647732 
1470 2647733 
1471 2647733 
1472 2647733 
1473 2647734 
1474 2647734 
1475 2647734 
1476 2647735 
1477 2647735 
1478 2647735 
1479 2647735 
1480 2647736 
1481 2647738 
1482 2647739 
1483 2647739 
1484 2647739 
1485 2647740 
1486 2647740 
1487 2647740 
1488 2647741 
1489 2647741 
1490 2647741 
1491 2647742 
1492 2647742 
1493 2647742 
1494 2647743 
1495 2647743 
1496 2647744 
1497 2647744 
1498 2647744 
1499 2647744 
1500 2647745 
1501 2647745 
1502 2647745 
1503 2647746 
1504 2647750 
1505 2647750 
1506 2647750 
1507 2647751 
1508 2647751 
1509 2647751 
1510 2647751 
1511 2647752 
1512 2647752 
1513 2647752 
1514 2647753 
1515 2647753 
1516 2647753 
1517 2647753 
1518 2647754 
1519 2647754 
1520 2647754 
1521 2647755 
1522 2647755 
1523 2647756 
1524 2647758 
1525 2647759 
1526 2647759 
1527 2647759 
1528 2647760 
1529 2647760 
1530 2647760 
1531 2647761 
1532 2647761 
1533 2647761 
1534 2647762 
1535 2647763 
1536 2647764 
1537 2647764 
1538 2647764 
1539 2647764 
1540 2647765 
1541 2647765 
1542 2647765 
1543 2647765 
1544 2647766 
1545 2647771 
1546 2647771 
1547 2647772 
1548 2647772 
1549 2647772 
1550 2647772 
1551 2647773 
1552 2647773 
1553 2647773 
1554 2647773 
1555 2647774 
1556 2647774 
1557 2647774 
1558 2647774 
1559 2647775 
1560 2647775 
1561 2647775 
1562 2647775 
1563 2647776 
1564 2647776 
1565 2647776 
1566 2647776 
1567 2647777 
1568 2647777 
1569 2647777 
1570 2647777 
1571 2647778 
1572 2647778 
1573 2647778 
1574 2647779 
1575 2647779 
1576 2647779 
1577 2647779 
1578 2647780 
1579 2647780 
1580 2647780 
1581 2647781 
1582 2647781 
1583 2647781 
1584 2647781 
1585 2647782 
1586 2647782 
1587 2647782 
1588 2647783 
1589 2647783 
1590 2647783 
1591 2647784 
1592 2647784 
1593 2647784 
1594 2647784 
1595 2647784 
1596 2647785 
1597 2647785 
1598 2647785 
1599 2647785 
1600 2647786 
1601 2647786 
1602 2647786 
1603 2647786 
1604 2647787 
1605 2647787 
1606 2647787 
1607 2647788 
1608 2647788 
1609 2647788 
1610 2647789 
1611 2647789 
1612 2647789 
1613 2647790 
1614 2647790 
1615 2647790 
1616 2647790 
1617 2647791 
1618 2647791 
1619 2647791 
1620 2647792 
1621 2647792 
1622 2647792 
1623 2647792 
1624 2647793 
1625 2647793 
1626 2647794 
1627 2647794 
1628 2647795 
1629 2647795 
1630 2647795 
1631 2647796 
1632 2647796 
1633 2647796 
1634 2647797 
1635 2647797 
1636 2647797 
1637 2647797 
1638 2647798 
1639 2647798 
1640 2647798 
1641 2647799 
1642 2647799 
1643 2647799 
1644 2647800 
1645 2647803 
1646 2647803 
1647 2647804 
1648 2647805 
1649 2647805 
1650 2647806 
1651 2647806 
1652 2647807 
1653 2647807 
1654 2647813 
1655 2647815 
1656 2647815 
1657 2647816 
1658 2647816 
1659 2647816 
1660 2647817 
1661 2647817 
1662 2647822 
1663 2647822 
1664 2647823 
1665 2647855 
1666 2647855 
1667 2647856 
1668 2647856 
1669 2647856 
1670 2647857 
1671 2647857 
1672 2647858 
1673 2647858 
1674 2647859 
1675 2647859 
1676 2647860 
1677 2647860 
1678 2647860 
1679 2647865 
1680 2647866 
1681 2647866 
1682 2647867 
1683 2647867 
1684 2647867 
1685 2647868 
1686 2647868 
1687 2647869 
1688 2647869 
1689 2647869 
1690 2647870 
1691 2647870 
1692 2647871 
1693 2647871 
1694 2647871 
1695 2647872 
1696 2647872 
1697 2647873 
1698 2647874 
1699 2647877 
1700 2647877 
1701 2647880 
1702 2647880 
1703 2647880 
1704 2647881 
1705 2647881 
1706 2647881 
1707 2647882 
1708 2647882 
1709 2647882 
1710 2647883 
1711 2647883 
1712 2647883 
1713 2647884 
1714 2647884 
1715 2647884 
1716 2647885 
1717 2647885 
1718 2647886 
1719 2647886 
1720 2647899 
1721 2647899 
1722 2647899 
1723 2647900 
1724 2647904 
1725 2647904 
1726 2647908 
1727 2647909 
1728 2647909 
1729 2647909 
1730 2647910 
1731 2647910 
1732 2647910 
1733 2647911 
1734 2647912 
1735 2647919 
1736 2647920 
1737 2647920 
1738 2647920 
1739 2647921 
1740 2647921 
1741 2647922 
1742 2647922 
1743 2647922 
1744 2647923 
1745 2647923 
1746 2647923 
1747 2647923 
1748 2647924 
1749 2647924 
1750 2647924 
1751 2647929 
1752 2647939 
1753 2647940 
1754 2647940 
1755 2647947 
1756 2647947 
1757 2647960 
1758 2647961 
1759 2647961 
1760 2647961 
1761 2647962 
1762 2647962 
1763 2647993 
1764 2647996 
1765 2647997 
1766 2647998 
1767 2647998 
1768 2647998 
1769 2647999 
1770 2648001 
1771 2648002 
1772 2648018 
1773 2648021 
1774 2648022 
1775 2648026 
1776 2648033 
1777 2648033 
1778 2648034 
1779 2648034 
1780 2648034 
1781 2648035 
1782 2648035 
1783 2648036 
1784 2648037 
1785 2648038 
1786 2648039 
1787 2648041 
1788 2648044 
1789 2648046 
1790 2648048 
1791 2648051 
1792 2648056 
1793 2648059 
1794 2648061 
1795 2648062 
1796 2648062 
1797 2648062 
1798 2648062 
1799 2648063 
1800 2648064 
1801 2648064 
1802 2648066 
1803 2648066 
1804 2648067 
1805 2648067 
1806 2648067 
1807 2648068 
1808 2648068 
1809 2648068 
1810 2648069 
1811 2648069 
1812 2648069 
1813 2648070 
1814 2648070 
1815 2648071 
1816 2648071 
1817 2648073 
1818 2648073 
1819 2648074 
1820 2648075 
1821 2648075 
1822 2648076 
1823 2648076 
1824 2648076 
1825 2648076 
1826 2648077 
1827 2648077 
1828 2648077 
1829 2648078 
1830 2648078 
1831 2648078 
1832 2648080 
1833 2648080 
1834 2648088 
1835 2648090 
1836 2648090 
1837 2648091 
1838 2648094 
1839 2648094 
1840 2648102 
1841 2648102 
1842 2648103 
1843 2648105 
1844 2648105 
1845 2648117 
1846 2648124 
1847 2648125 
1848 2648126 
1849 2648126 
1850 2648128 
1851 2648129 
1852 2648130 
1853 2648130 
1854 2648131 
1855 2648131 
1856 2648131 
1857 2648132 
1858 2648132 
1859 2648132 
1860 2648133 
1861 2648133 
1862 2648136 
1863 2648136 
1864 2648137 
1865 2648138 
1866 2648138 
1867 2648139 
1868 2648139 
1869 2648139 
1870 2648139 
1871 2648140 
1872 2648140 
1873 2648140 
1874 2648140 
1875 2648141 
1876 2648141 
1877 2648142 
1878 2648142 
1879 2648142 
1880 2648143 
1881 2648143 
1882 2648143 
1883 2648143 
1884 2648144 
1885 2648144 
1886 2648144 
1887 2648145 
1888 2648145 
1889 2648146 
1890 2648146 
1891 2648147 
1892 2648147 
1893 2648147 
1894 2648147 
1895 2648148 
1896 2648148 
1897 2648148 
1898 2648149 
1899 2648149 
1900 2648149 
1901 2648150 
1902 2648150 
1903 2648151 
1904 2648151 
1905 2648151 
1906 2648152 
1907 2648152 
1908 2648152 
1909 2648153 
1910 2648153 
1911 2648153 
1912 2648154 
1913 2648156 
1914 2648156 
1915 2648157 
1916 2648157 
1917 2648158 
1918 2648158 
1919 2648159 
1920 2648160 
1921 2648161 
1922 2648161 
1923 2648163 
1924 2648164 
1925 2648165 
1926 2648165 
1927 2648166 
1928 2648168 
1929 2648168 
1930 2648168 
1931 2648169 
1932 2648169 
1933 2648169 
1934 2648170 
1935 2648170 
1936 2648170 
1937 2648171 
1938 2648171 
1939 2648171 
1940 2648171 
1941 2648172 
1942 2648172 
1943 2648172 
1944 2648173 
1945 2648173 
1946 2648173 
1947 2648176 
1948 2648179 
1949 2648181 
1950 2648181 
1951 2648184 
1952 2648184 
1953 2648187 
1954 2648187 
1955 2648188 
1956 2648188 
1957 2648188 
1958 2648189 
1959 2648189 
1960 2648189 
1961 2648190 
1962 2648190 
1963 2648191 
1964 2648192 
1965 2648192 
1966 2648192 
1967 2648192 
1968 2648193 
1969 2648195 
1970 2648198 
1971 2648198 
1972 2648199 
1973 2648202 
1974 2648202 
1975 2648202 
1976 2648203 
1977 2648203 
1978 2648204 
1979 2648204 
1980 2648210 
1981 2648212 
1982 2648212 
1983 2648212 
1984 2648213 
1985 2648213 
1986 2648213 
1987 2648214 
1988 2648216 
1989 2648217 
1990 2648217 
1991 2648217 
1992 2648217 
1993 2648220 
1994 2648221 
1995 2648221 
1996 2648221 
1997 2648222 
1998 2648222 
1999 2648223 
2000 2648223 
2001 2648224 
2002 2648224 
2003 2648224 
2004 2648227 
2005 2648229 
2006 2648232 
2007 2648233 
2008 2648233 
2009 2648233 
2010 2648234 
2011 2648234 
2012 2648234 
2013 2648236 
2014 2648236 
2015 2648238 
2016 2648238 
2017 2648239 
2018 2648239 
2019 2648239 
2020 2648240 
2021 2648240 
2022 2648241 
2023 2648242 
2024 2648242 
2025 2648242 
2026 2648243 
2027 2648243 
2028 2648243 
2029 2648244 
2030 2648244 
2031 2648244 
2032 2648245 
2033 2648245 
2034 2648246 
2035 2648248 
2036 2648248 
2037 2648250 
2038 2648250 
2039 2648251 
2040 2648251 
2041 2648252 
2042 2648256 
2043 2648258 
2044 2648259 
2045 2648263 
2046 2648263 
2047 2648279 
2048 2648279 
2049 2648334 
2050 2648334 
2051 2648335 
2052 2648335 
2053 2648335 
2054 2648336 
2055 2648336 
2056 2648336 
2057 2648348 
2058 2648353 
2059 2648353 
2060 2648353 
2061 2648358 
2062 2648360 
2063 2648366 
2064 2648373 
2065 2648373 
2066 2648374 
2067 2648374 
2068 2648374 
2069 2648375 
2070 2648382 
2071 2648382 
2072 2648383 
2073 2648383 
2074 2648383 
2075 2648384 
2076 2648384 
2077 2648384 
2078 2648385 
2079 2648385 
2080 2648386 
2081 2648387 
2082 2648390 
2083 2648390 
2084 2648393 
2085 2648393 
2086 2648394 
2087 2648394 
2088 2648394 
2089 2648395 
2090 2648396 
2091 2648396 
2092 2648397 
2093 2648399 
2094 2648399 
2095 2648400 
2096 2648408 
2097 2648417 
2098 2648417 
2099 2648418 
2100 2648418 
2101 2648418 
2102 2648423 
2103 2648423 
2104 2648424 
2105 2648424 
2106 2648425 
2107 2648425 
2108 2648434 
2109 2648434 
2110 2648434 
2111 2648438 
2112 2648439 
2113 2648439 
2114 2648439 
2115 2648440 
2116 2648440 
2117 2648442 
2118 2648442 
2119 2648443 
2120 2648444 
2121 2648455 
2122 2648470 
2123 2648492 
2124 2648492 
2125 2648493 
2126 2648493 
2127 2648493 
2128 2648494 
2129 2648494 
2130 2648495 
2131 2648495 
2132 2648495 
2133 2648520 
2134 2648520 
2135 2648529 
2136 2648530 
2137 2648531 
2138 2648532 
2139 2648534 
2140 2648535 
2141 2648538 
2142 2648538 
2143 2648539 
2144 2648542 
2145 2648543 
2146 2648544 
2147 2648544 
2148 2648544 
2149 2648545 
2150 2648545 
2151 2648546 
2152 2648546 
2153 2648546 
2154 2648547 
2155 2648547 
2156 2648547 
2157 2648548 
2158 2648548 
2159 2648548 
2160 2648549 
2161 2648549 
2162 2648550 
2163 2648550 
2164 2648550 
2165 2648551 
2166 2648551 
2167 2648551 
2168 2648553 
2169 2648553 
2170 2648554 
2171 2648555 
2172 2648558 
2173 2648558 
2174 2648558 
2175 2648559 
2176 2648559 
2177 2648560 
2178 2648560 
2179 2648563 
2180 2648563 
2181 2648565 
2182 2648566 
2183 2648566 
2184 2648567 
2185 2648567 
2186 2648568 
2187 2648569 
2188 2648569 
2189 2648569 
2190 2648570 
2191 2648571 
2192 2648572 
2193 2648572 
2194 2648572 
2195 2648573 
2196 2648573 
2197 2648573 
2198 2648574 
2199 2648574 
2200 2648647 
2201 2648648 
2202 2648648 
2203 2648648 
2204 2648649 
2205 2648649 
2206 2648649 
2207 2648649 
2208 2648650 
2209 2648656 
2210 2648656 
2211 2648656 
2212 2648668 
2213 2648675 
2214 2648743 
2215 2648751 
2216 2648883 
2217 2648884 
2218 2648884 
2219 2648892 
2220 2648895 
2221 2648895 
2222 2648896 
2223 2648897 
2224 2648897 
2225 2648898 
2226 2648901 
2227 2648905 
2228 2648905 
2229 2648906 
2230 2648906 
2231 2648907 
2232 2648907 
2233 2648914 
2234 2648914 
2235 2648916 
2236 2648918 
2237 2648919 
2238 2648923 
2239 2648923 
2240 2648923 
2241 2648924 
2242 2648924 
2243 2648925 
2244 2648925 
2245 2648925 
2246 2648925 
2247 2648926 
2248 2648926 
2249 2648927 
2250 2648928 
2251 2648928 
2252 2648930 
2253 2648932 
2254 2648933 
2255 2648935 
2256 2648936 
2257 2648936 
2258 2648937 
2259 2648937 
2260 2648937 
2261 2648938 
2262 2648942 
2263 2648943 
2264 2648943 
2265 2648944 
2266 2648945 
2267 2648945 
2268 2648946 
2269 2648947 
2270 2648951 
2271 2648952 
2272 2648953 
2273 2648953 
2274 2648954 
2275 2648956 
2276 2648957 
2277 2648960 
2278 2648975 
2279 2648980 
2280 2649008 
2281 2649024 
2282 2649026 
2283 2649027 
2284 2649027 
2285 2649027 
2286 2649028 
2287 2649028 
2288 2649029 
2289 2649063 
2290 2649063 
2291 2649065 
2292 2649066 
2293 2649066 
2294 2649067 
2295 2649067 
2296 2649067 
2297 2649068 
2298 2649068 
2299 2649069 
2300 2649069 
2301 2649069 
2302 2649070 
2303 2649070 
2304 2649070 
2305 2649071 
2306 2649071 
2307 2649072 
2308 2649074 
2309 2649092 
2310 2649092 
2311 2649093 
2312 2649093 
2313 2649093 
2314 2649104 
2315 2649104 
2316 2649104 
2317 2649105 
2318 2649105 
2319 2649105 
2320 2649106 
2321 2649106 
2322 2649107 
2323 2649107 
2324 2649107 
2325 2649108 
2326 2649108 
2327 2649108 
2328 2649122 
2329 2649123 
2330 2649123 
2331 2649123 
2332 2649124 
2333 2649124 
2334 2649124 
2335 2649125 
2336 2649125 
2337 2649126 
2338 2649139 
2339 2649139 
2340 2649140 
2341 2649142 
2342 2649142 
2343 2649142 
2344 2649143 
2345 2649150 
2346 2649150 
2347 2649150 
2348 2649151 
2349 2649151 
2350 2649152 
2351 2649152 
2352 2649152 
2353 2649158 
2354 2649165 
2355 2649165 
2356 2649176 
2357 2649176 
2358 2649177 
2359 2649177 
2360 2649178 
2361 2649178 
2362 2649178 
2363 2649180 
2364 2649183 
2365 2649188 
2366 2649226 
2367 2649234 
2368 2649236 
2369 2649238 
2370 2649242 
2371 2649242 
2372 2649242 
2373 2649243 
2374 2649243 
2375 2649243 
2376 2649250 
2377 2649252 
2378 2649253 
2379 2649260 
2380 2649261 
2381 2649261 
2382 2649262 
2383 2649262 
2384 2649262 
2385 2649263 
2386 2649263 
2387 2649264 
2388 2649264 
2389 2649265 
2390 2649266 
2391 2649272 
2392 2649280 
2393 2649281 
2394 2649285 
2395 2649285 
2396 2649285 
2397 2649292 
2398 2649292 
2399 2649298 
2400 2649403 
2401 2649404 
2402 2649404 
2403 2649405 
2404 2649463 
2405 2649463 
2406 2649465 
2407 2649473 
2408 2649473 
2409 2649477 
2410 2649478 
2411 2649480 
2412 2649485 
2413 2649487 
2414 2649492 
2415 2649503 
2416 2649507 
2417 2649510 
2418 2649510 
2419 2649512 
2420 2649523 
2421 2649525 
2422 2649527 
2423 2649528 
2424 2649531 
2425 2649537 
2426 2649542 
2427 2649546 
2428 2649547 
2429 2649550 
2430 2649552 
2431 2649557 
2432 2649576 
2433 2649577 
2434 2649578 
2435 2649580 
2436 2649582 
2437 2649596 
