2669 2442 31 8 61 2442 0 2442 0 0 2442 2442 2442 2442 192 2301 8 0 0 147 200 436 0 260 3 2340 1665 0 2442 0 2442 0 1539 1584 2442 20 1242 0 0 127 2138 2442 2442 0 2442 75 0 2442 1078 2442 2442 0 0 2442 371 0 0 0 2442
2442 2669 23 0 7 2669 0 2669 0 0 2669 2669 2669 2669 0 2528 0 0 0 147 6 270 0 177 3 2567 1892 0 2669 0 2669 0 1766 1724 2669 0 1283 0 0 127 1946 2669 2669 0 2669 75 0 2669 1305 2669 2669 0 0 2669 449 0 0 0 2669
31 23 2669 720 935 23 934 23 0 934 23 23 23 23 31 29 720 934 0 44 563 36 934 961 38 24 623 934 23 934 23 934 926 64 23 2 37 934 934 793 30 23 23 934 23 23 934 23 7 23 23 934 934 23 511 839 934 934 23
8 0 720 2669 1 0 0 0 0 0 0 0 0 0 16 6 2669 0 0 43 50 16 0 23 0 1 0 0 0 0 0 0 0 10 0 0 16 0 0 0 15 0 0 0 0 91 0 0 834 0 0 0 0 0 25 12 0 0 0
61 7 935 1 2669 7 2057 7 0 2057 7 7 7 7 705 10 1 2057 0 16 160 309 2057 1724 746 14 607 2057 7 2057 7 2057 910 413 7 2 35 2057 2057 1916 168 7 7 2057 7 111 2057 7 7 7 7 2057 2057 7 763 1425 2057 2057 7
2442 2669 23 0 7 2669 0 2669 0 0 2669 2669 2669 2669 0 2528 0 0 0 147 6 270 0 177 3 2567 1892 0 2669 0 2669 0 1766 1724 2669 0 1283 0 0 127 1946 2669 2669 0 2669 75 0 2669 1305 2669 2669 0 0 2669 449 0 0 0 2669
0 0 934 0 2057 0 2669 0 0 2669 0 0 0 0 338 0 0 2669 0 236 45 22 2669 1716 1358 0 600 2669 0 2669 0 2669 903 95 0 0 130 2669 2669 2528 259 0 0 2669 0 207 2669 0 0 0 0 2669 2669 0 926 1425 2669 2669 0
2442 2669 23 0 7 2669 0 2669 0 0 2669 2669 2669 2669 0 2528 0 0 0 147 6 270 0 177 3 2567 1892 0 2669 0 2669 0 1766 1724 2669 0 1283 0 0 127 1946 2669 2669 0 2669 75 0 2669 1305 2669 2669 0 0 2669 449 0 0 0 2669
0 0 0 0 0 0 0 0 2669 0 0 0 0 0 78 0 0 0 0 321 36 0 0 0 0 58 0 0 0 0 0 0 0 0 0 0 82 0 0 0 0 0 0 0 0 990 0 0 0 0 0 0 0 0 0 0 0 0 0
0 0 934 0 2057 0 2669 0 0 2669 0 0 0 0 338 0 0 2669 0 236 45 22 2669 1716 1358 0 600 2669 0 2669 0 2669 903 95 0 0 130 2669 2669 2528 259 0 0 2669 0 207 2669 0 0 0 0 2669 2669 0 926 1425 2669 2669 0
2442 2669 23 0 7 2669 0 2669 0 0 2669 2669 2669 2669 0 2528 0 0 0 147 6 270 0 177 3 2567 1892 0 2669 0 2669 0 1766 1724 2669 0 1283 0 0 127 1946 2669 2669 0 2669 75 0 2669 1305 2669 2669 0 0 2669 449 0 0 0 2669
2442 2669 23 0 7 2669 0 2669 0 0 2669 2669 2669 2669 0 2528 0 0 0 147 6 270 0 177 3 2567 1892 0 2669 0 2669 0 1766 1724 2669 0 1283 0 0 127 1946 2669 2669 0 2669 75 0 2669 1305 2669 2669 0 0 2669 449 0 0 0 2669
2442 2669 23 0 7 2669 0 2669 0 0 2669 2669 2669 2669 0 2528 0 0 0 147 6 270 0 177 3 2567 1892 0 2669 0 2669 0 1766 1724 2669 0 1283 0 0 127 1946 2669 2669 0 2669 75 0 2669 1305 2669 2669 0 0 2669 449 0 0 0 2669
2442 2669 23 0 7 2669 0 2669 0 0 2669 2669 2669 2669 0 2528 0 0 0 147 6 270 0 177 3 2567 1892 0 2669 0 2669 0 1766 1724 2669 0 1283 0 0 127 1946 2669 2669 0 2669 75 0 2669 1305 2669 2669 0 0 2669 449 0 0 0 2669
192 0 31 16 705 0 338 0 78 338 0 0 0 0 2669 3 16 338 130 165 1149 867 338 581 37 7 0 338 0 338 0 338 0 647 0 37 84 338 338 339 363 0 0 338 0 46 338 0 34 0 0 338 338 0 12 21 338 338 0
2301 2528 29 6 10 2528 0 2528 0 0 2528 2528 2528 2528 3 2669 6 0 0 147 6 146 0 36 3 2530 1751 0 2528 0 2528 0 1625 1727 2528 1 1283 0 0 127 1946 2528 2528 0 2528 75 0 2528 1164 2528 2528 0 0 2528 308 0 0 0 2528
8 0 720 2669 1 0 0 0 0 0 0 0 0 0 16 6 2669 0 0 43 50 16 0 23 0 1 0 0 0 0 0 0 0 10 0 0 16 0 0 0 15 0 0 0 0 91 0 0 834 0 0 0 0 0 25 12 0 0 0
0 0 934 0 2057 0 2669 0 0 2669 0 0 0 0 338 0 0 2669 0 236 45 22 2669 1716 1358 0 600 2669 0 2669 0 2669 903 95 0 0 130 2669 2669 2528 259 0 0 2669 0 207 2669 0 0 0 0 2669 2669 0 926 1425 2669 2669 0
0 0 0 0 0 0 0 0 0 0 0 0 0 0 130 0 0 0 2669 2 0 138 0 12 0 0 0 0 0 0 0 0 0 18 0 0 17 0 0 0 0 0 0 0 0 40 0 0 0 0 0 0 0 0 145 1 0 0 0
147 147 44 43 16 147 236 147 321 236 147 147 147 147 165 147 43 236 2 2669 36 23 236 44 237 147 238 236 147 236 147 236 144 197 147 184 37 236 236 236 303 147 147 236 147 201 236 147 146 147 147 236 236 147 108 0 236 236 147
200 6 563 50 160 6 45 6 36 45 6 6 6 6 1149 6 50 45 0 36 2669 877 45 286 160 11 6 45 6 45 6 45 6 252 6 121 61 45 45 47 310 6 6 45 6 65 45 6 45 6 6 45 45 6 50 195 45 45 6
436 270 36 16 309 270 22 270 0 22 270 270 270 270 867 146 16 22 138 23 877 2669 22 320 22 168 270 22 270 22 270 22 270 335 270 34 61 22 22 24 395 270 270 22 270 108 22 270 270 270 270 22 22 270 272 23 22 22 270
0 0 934 0 2057 0 2669 0 0 2669 0 0 0 0 338 0 0 2669 0 236 45 22 2669 1716 1358 0 600 2669 0 2669 0 2669 903 95 0 0 130 2669 2669 2528 259 0 0 2669 0 207 2669 0 0 0 0 2669 2669 0 926 1425 2669 2669 0
260 177 961 23 1724 177 1716 177 0 1716 177 177 177 177 581 36 23 1716 12 44 286 320 1716 2669 405 75 777 1716 177 1716 177 1716 1080 61 177 348 43 1716 1716 1575 109 177 177 1716 177 136 1716 177 177 177 177 1716 1716 177 670 1205 1716 1716 177
3 3 38 0 746 3 1358 3 0 1358 3 3 3 3 37 3 0 1358 0 237 160 22 1358 405 2669 3 3 1358 3 1358 3 1358 3 68 3 1254 134 1358 1358 1359 262 3 3 1358 3 207 1358 3 421 3 3 1358 1358 3 441 592 1358 1358 3
2340 2567 24 1 14 2567 0 2567 58 0 2567 2567 2567 2567 7 2530 1 0 0 147 11 168 0 75 3 2669 1790 0 2567 0 2567 0 1664 1731 2567 3 1301 0 0 127 1946 2567 2567 0 2567 75 0 2567 1203 2567 2567 0 0 2567 347 5 0 0 2567
1665 1892 623 0 607 1892 600 1892 0 600 1892 1892 1892 1892 0 1751 0 600 0 238 6 270 600 777 3 1790 2669 600 1892 600 1892 600 2366 1322 1892 0 506 600 600 459 1169 1892 1892 600 1892 65 600 1892 1305 1892 1892 600 600 1892 945 600 600 600 1892
0 0 934 0 2057 0 2669 0 0 2669 0 0 0 0 338 0 0 2669 0 236 45 22 2669 1716 1358 0 600 2669 0 2669 0 2669 903 95 0 0 130 2669 2669 2528 259 0 0 2669 0 207 2669 0 0 0 0 2669 2669 0 926 1425 2669 2669 0
2442 2669 23 0 7 2669 0 2669 0 0 2669 2669 2669 2669 0 2528 0 0 0 147 6 270 0 177 3 2567 1892 0 2669 0 2669 0 1766 1724 2669 0 1283 0 0 127 1946 2669 2669 0 2669 75 0 2669 1305 2669 2669 0 0 2669 449 0 0 0 2669
0 0 934 0 2057 0 2669 0 0 2669 0 0 0 0 338 0 0 2669 0 236 45 22 2669 1716 1358 0 600 2669 0 2669 0 2669 903 95 0 0 130 2669 2669 2528 259 0 0 2669 0 207 2669 0 0 0 0 2669 2669 0 926 1425 2669 2669 0
2442 2669 23 0 7 2669 0 2669 0 0 2669 2669 2669 2669 0 2528 0 0 0 147 6 270 0 177 3 2567 1892 0 2669 0 2669 0 1766 1724 2669 0 1283 0 0 127 1946 2669 2669 0 2669 75 0 2669 1305 2669 2669 0 0 2669 449 0 0 0 2669
0 0 934 0 2057 0 2669 0 0 2669 0 0 0 0 338 0 0 2669 0 236 45 22 2669 1716 1358 0 600 2669 0 2669 0 2669 903 95 0 0 130 2669 2669 2528 259 0 0 2669 0 207 2669 0 0 0 0 2669 2669 0 926 1425 2669 2669 0
1539 1766 926 0 910 1766 903 1766 0 903 1766 1766 1766 1766 0 1625 0 903 0 144 6 270 903 1080 3 1664 2366 903 1766 903 1766 903 2669 1346 1766 0 380 903 903 762 1043 1766 1766 903 1766 65 903 1766 1305 1766 1766 903 903 1766 945 839 903 903 1766
1584 1724 64 10 413 1724 95 1724 0 95 1724 1724 1724 1724 647 1727 10 95 18 197 252 335 95 61 68 1731 1322 95 1724 95 1724 95 1346 2669 1724 22 876 95 95 222 1520 1724 1724 95 1724 17 95 1724 865 1724 1724 95 95 1724 13 9 95 95 1724
2442 2669 23 0 7 2669 0 2669 0 0 2669 2669 2669 2669 0 2528 0 0 0 147 6 270 0 177 3 2567 1892 0 2669 0 2669 0 1766 1724 2669 0 1283 0 0 127 1946 2669 2669 0 2669 75 0 2669 1305 2669 2669 0 0 2669 449 0 0 0 2669
20 0 2 0 2 0 0 0 0 0 0 0 0 0 37 1 0 0 0 184 121 34 0 348 1254 3 0 0 0 0 0 0 0 22 0 2669 30 0 0 1 21 0 0 0 0 2 0 0 529 0 0 0 0 0 316 18 0 0 0
1242 1283 37 16 35 1283 130 1283 82 130 1283 1283 1283 1283 84 1283 16 130 17 37 61 61 130 43 134 1301 506 130 1283 130 1283 130 380 876 1283 30 2669 130 130 257 1242 1283 1283 130 1283 73 130 1283 54 1283 1283 130 130 1283 5 137 130 130 1283
0 0 934 0 2057 0 2669 0 0 2669 0 0 0 0 338 0 0 2669 0 236 45 22 2669 1716 1358 0 600 2669 0 2669 0 2669 903 95 0 0 130 2669 2669 2528 259 0 0 2669 0 207 2669 0 0 0 0 2669 2669 0 926 1425 2669 2669 0
0 0 934 0 2057 0 2669 0 0 2669 0 0 0 0 338 0 0 2669 0 236 45 22 2669 1716 1358 0 600 2669 0 2669 0 2669 903 95 0 0 130 2669 2669 2528 259 0 0 2669 0 207 2669 0 0 0 0 2669 2669 0 926 1425 2669 2669 0
127 127 793 0 1916 127 2528 127 0 2528 127 127 127 127 339 127 0 2528 0 236 47 24 2528 1575 1359 127 459 2528 127 2528 127 2528 762 222 127 1 257 2528 2528 2669 386 127 127 2528 127 218 2528 127 0 127 127 2528 2528 127 785 1284 2528 2528 127
2138 1946 30 15 168 1946 259 1946 0 259 1946 1946 1946 1946 363 1946 15 259 0 303 310 395 259 109 262 1946 1169 259 1946 259 1946 259 1043 1520 1946 21 1242 259 259 386 2669 1946 1946 259 1946 113 259 1946 582 1946 1946 259 259 1946 0 37 259 259 1946
2442 2669 23 0 7 2669 0 2669 0 0 2669 2669 2669 2669 0 2528 0 0 0 147 6 270 0 177 3 2567 1892 0 2669 0 2669 0 1766 1724 2669 0 1283 0 0 127 1946 2669 2669 0 2669 75 0 2669 1305 2669 2669 0 0 2669 449 0 0 0 2669
2442 2669 23 0 7 2669 0 2669 0 0 2669 2669 2669 2669 0 2528 0 0 0 147 6 270 0 177 3 2567 1892 0 2669 0 2669 0 1766 1724 2669 0 1283 0 0 127 1946 2669 2669 0 2669 75 0 2669 1305 2669 2669 0 0 2669 449 0 0 0 2669
0 0 934 0 2057 0 2669 0 0 2669 0 0 0 0 338 0 0 2669 0 236 45 22 2669 1716 1358 0 600 2669 0 2669 0 2669 903 95 0 0 130 2669 2669 2528 259 0 0 2669 0 207 2669 0 0 0 0 2669 2669 0 926 1425 2669 2669 0
2442 2669 23 0 7 2669 0 2669 0 0 2669 2669 2669 2669 0 2528 0 0 0 147 6 270 0 177 3 2567 1892 0 2669 0 2669 0 1766 1724 2669 0 1283 0 0 127 1946 2669 2669 0 2669 75 0 2669 1305 2669 2669 0 0 2669 449 0 0 0 2669
75 75 23 91 111 75 207 75 990 207 75 75 75 75 46 75 91 207 40 201 65 108 207 136 207 75 65 207 75 207 75 207 65 17 75 2 73 207 207 218 113 75 75 207 75 2669 207 75 153 75 75 207 207 75 82 278 207 207 75
0 0 934 0 2057 0 2669 0 0 2669 0 0 0 0 338 0 0 2669 0 236 45 22 2669 1716 1358 0 600 2669 0 2669 0 2669 903 95 0 0 130 2669 2669 2528 259 0 0 2669 0 207 2669 0 0 0 0 2669 2669 0 926 1425 2669 2669 0
2442 2669 23 0 7 2669 0 2669 0 0 2669 2669 2669 2669 0 2528 0 0 0 147 6 270 0 177 3 2567 1892 0 2669 0 2669 0 1766 1724 2669 0 1283 0 0 127 1946 2669 2669 0 2669 75 0 2669 1305 2669 2669 0 0 2669 449 0 0 0 2669
1078 1305 7 834 7 1305 0 1305 0 0 1305 1305 1305 1305 34 1164 834 0 0 146 45 270 0 177 421 1203 1305 0 1305 0 1305 0 1305 865 1305 529 54 0 0 0 582 1305 1305 0 1305 153 0 1305 2669 1305 1305 0 0 1305 449 14 0 0 1305
2442 2669 23 0 7 2669 0 2669 0 0 2669 2669 2669 2669 0 2528 0 0 0 147 6 270 0 177 3 2567 1892 0 2669 0 2669 0 1766 1724 2669 0 1283 0 0 127 1946 2669 2669 0 2669 75 0 2669 1305 2669 2669 0 0 2669 449 0 0 0 2669
2442 2669 23 0 7 2669 0 2669 0 0 2669 2669 2669 2669 0 2528 0 0 0 147 6 270 0 177 3 2567 1892 0 2669 0 2669 0 1766 1724 2669 0 1283 0 0 127 1946 2669 2669 0 2669 75 0 2669 1305 2669 2669 0 0 2669 449 0 0 0 2669
0 0 934 0 2057 0 2669 0 0 2669 0 0 0 0 338 0 0 2669 0 236 45 22 2669 1716 1358 0 600 2669 0 2669 0 2669 903 95 0 0 130 2669 2669 2528 259 0 0 2669 0 207 2669 0 0 0 0 2669 2669 0 926 1425 2669 2669 0
0 0 934 0 2057 0 2669 0 0 2669 0 0 0 0 338 0 0 2669 0 236 45 22 2669 1716 1358 0 600 2669 0 2669 0 2669 903 95 0 0 130 2669 2669 2528 259 0 0 2669 0 207 2669 0 0 0 0 2669 2669 0 926 1425 2669 2669 0
2442 2669 23 0 7 2669 0 2669 0 0 2669 2669 2669 2669 0 2528 0 0 0 147 6 270 0 177 3 2567 1892 0 2669 0 2669 0 1766 1724 2669 0 1283 0 0 127 1946 2669 2669 0 2669 75 0 2669 1305 2669 2669 0 0 2669 449 0 0 0 2669
371 449 511 25 763 449 926 449 0 926 449 449 449 449 12 308 25 926 145 108 50 272 926 670 441 347 945 926 449 926 449 926 945 13 449 316 5 926 926 785 0 449 449 926 449 82 926 449 449 449 449 926 926 449 2669 662 926 926 449
0 0 839 12 1425 0 1425 0 0 1425 0 0 0 0 21 0 12 1425 1 0 195 23 1425 1205 592 5 600 1425 0 1425 0 1425 839 9 0 18 137 1425 1425 1284 37 0 0 1425 0 278 1425 0 14 0 0 1425 1425 0 662 2669 1425 1425 0
0 0 934 0 2057 0 2669 0 0 2669 0 0 0 0 338 0 0 2669 0 236 45 22 2669 1716 1358 0 600 2669 0 2669 0 2669 903 95 0 0 130 2669 2669 2528 259 0 0 2669 0 207 2669 0 0 0 0 2669 2669 0 926 1425 2669 2669 0
0 0 934 0 2057 0 2669 0 0 2669 0 0 0 0 338 0 0 2669 0 236 45 22 2669 1716 1358 0 600 2669 0 2669 0 2669 903 95 0 0 130 2669 2669 2528 259 0 0 2669 0 207 2669 0 0 0 0 2669 2669 0 926 1425 2669 2669 0
2442 2669 23 0 7 2669 0 2669 0 0 2669 2669 2669 2669 0 2528 0 0 0 147 6 270 0 177 3 2567 1892 0 2669 0 2669 0 1766 1724 2669 0 1283 0 0 127 1946 2669 2669 0 2669 75 0 2669 1305 2669 2669 0 0 2669 449 0 0 0 2669
