1 2617221 
2 2617221 
3 2617225 
4 2617225 
5 2617234 
6 2617243 
7 2617253 
8 2617257 
9 2617257 
10 2617258 
11 2617259 
12 2617259 
13 2617260 
14 2617264 
15 2617265 
16 2617266 
17 2617266 
18 2617277 
19 2617279 
20 2617279 
21 2617280 
22 2617280 
23 2617284 
24 2617284 
25 2617285 
26 2617285 
27 2617285 
28 2617286 
29 2617286 
30 2617287 
31 2617295 
32 2617298 
33 2617322 
34 2617329 
35 2617344 
36 2617345 
37 2617345 
38 2617345 
39 2617346 
40 2617346 
41 2617346 
42 2617347 
43 2617377 
44 2617394 
45 2617396 
46 2617401 
47 2617402 
48 2617402 
49 2617402 
50 2617403 
51 2617404 
52 2617404 
53 2617404 
54 2617405 
55 2617405 
56 2617405 
57 2617406 
58 2617406 
59 2617406 
60 2617418 
61 2617419 
62 2617419 
63 2617427 
64 2617427 
65 2617427 
66 2617428 
67 2617430 
68 2617440 
69 2617443 
70 2617445 
71 2617448 
72 2617451 
73 2617455 
74 2617458 
75 2617458 
76 2617464 
77 2617472 
78 2617475 
79 2617475 
80 2617477 
81 2617478 
82 2617480 
83 2617487 
84 2617487 
85 2617492 
86 2617492 
87 2617494 
88 2617496 
89 2617496 
90 2617498 
91 2617501 
92 2617502 
93 2617504 
94 2617506 
95 2617511 
96 2617513 
97 2617516 
98 2617519 
99 2617521 
100 2617522 
101 2617522 
102 2617559 
103 2617559 
104 2617571 
105 2617573 
106 2617593 
107 2617595 
108 2617597 
109 2617598 
110 2617663 
111 2617711 
112 2617818 
113 2617974 
114 2617974 
115 2617975 
116 2617975 
117 2618017 
118 2618017 
119 2618018 
120 2618108 
121 2618112 
122 2618120 
123 2618121 
124 2618122 
125 2618128 
126 2618128 
127 2618129 
128 2618141 
129 2618148 
130 2618154 
131 2618155 
132 2618171 
133 2618177 
134 2618207 
135 2618207 
136 2618207 
137 2618273 
138 2618273 
139 2618274 
140 2618274 
141 2618275 
142 2618275 
143 2618285 
144 2618286 
145 2618286 
146 2618289 
147 2618289 
148 2618290 
149 2618316 
150 2618350 
151 2618350 
152 2618356 
153 2618357 
154 2618360 
155 2618380 
156 2618386 
157 2618389 
158 2618394 
159 2618394 
160 2618395 
161 2618412 
162 2618412 
163 2618415 
164 2618418 
165 2618425 
166 2618429 
167 2618435 
168 2618456 
169 2618525 
170 2618548 
171 2618549 
172 2618549 
173 2618555 
174 2618556 
175 2618556 
176 2618559 
177 2618561 
178 2618567 
179 2618567 
180 2618569 
181 2618571 
182 2618573 
183 2618575 
184 2618576 
185 2618581 
186 2618588 
187 2618588 
188 2618588 
189 2618589 
190 2618589 
191 2618589 
192 2618590 
193 2618590 
194 2618590 
195 2618591 
196 2618591 
197 2618591 
198 2618592 
199 2618592 
200 2618593 
201 2618593 
202 2618596 
203 2618601 
204 2618603 
205 2618603 
206 2618606 
207 2618609 
208 2618614 
209 2618614 
210 2618621 
211 2618626 
212 2618626 
213 2618627 
214 2618632 
215 2618634 
216 2618638 
217 2618641 
218 2618647 
219 2618651 
220 2618658 
221 2618658 
222 2618668 
223 2618668 
224 2618668 
225 2618669 
226 2618672 
227 2618674 
228 2618682 
229 2618734 
230 2618734 
231 2618735 
232 2618735 
233 2618735 
234 2618744 
235 2618763 
236 2618770 
237 2618770 
238 2618770 
239 2618771 
240 2618772 
241 2618773 
242 2618773 
243 2618773 
244 2618774 
245 2618774 
246 2618774 
247 2618775 
248 2618775 
249 2618775 
250 2618776 
251 2618779 
252 2618781 
253 2618783 
254 2618788 
255 2618954 
256 2618954 
257 2618954 
258 2618955 
259 2618955 
260 2618970 
261 2618970 
262 2618976 
263 2618976 
264 2618977 
265 2618977 
266 2618977 
267 2618978 
268 2618978 
269 2618979 
270 2618979 
271 2618979 
272 2618980 
273 2618980 
274 2618980 
275 2618981 
276 2618981 
277 2618981 
278 2618982 
279 2618982 
280 2618982 
281 2618983 
282 2618983 
283 2618983 
284 2618984 
285 2618984 
286 2618984 
287 2618985 
288 2618985 
289 2618985 
290 2618986 
291 2618986 
292 2618989 
293 2618989 
294 2618990 
295 2618990 
296 2618991 
297 2619003 
298 2619006 
299 2619006 
300 2619007 
301 2619007 
302 2619016 
303 2619072 
304 2619094 
305 2619165 
306 2619168 
307 2619181 
308 2619183 
309 2619187 
310 2619198 
311 2619203 
312 2619215 
313 2619217 
314 2619220 
315 2619227 
316 2619238 
317 2619238 
318 2619243 
319 2619243 
320 2619333 
321 2619334 
322 2619334 
323 2619334 
324 2619338 
325 2619346 
326 2619355 
327 2619358 
328 2619358 
329 2619358 
330 2619359 
331 2619359 
332 2619360 
333 2619362 
334 2619362 
335 2619363 
336 2619367 
337 2619367 
338 2619370 
339 2619370 
340 2619379 
341 2619383 
342 2619389 
343 2619390 
344 2619393 
345 2619395 
346 2619397 
347 2619405 
348 2619440 
349 2619440 
350 2619440 
351 2619441 
352 2619441 
353 2619441 
354 2619442 
355 2619442 
356 2619442 
357 2619443 
358 2619443 
359 2619443 
360 2619444 
361 2619467 
362 2619491 
363 2619508 
364 2619585 
365 2619589 
366 2619606 
367 2619613 
368 2619651 
369 2619653 
370 2619658 
371 2619664 
372 2619665 
373 2619665 
374 2619665 
375 2619665 
376 2619666 
377 2619666 
378 2619667 
379 2619667 
380 2619667 
381 2619667 
382 2619668 
383 2619668 
384 2619669 
385 2619669 
386 2619669 
387 2619669 
388 2619670 
389 2619670 
390 2619670 
391 2619671 
392 2619671 
393 2619672 
394 2619672 
395 2619672 
396 2619672 
397 2619675 
398 2619690 
399 2619690 
400 2619693 
401 2619726 
402 2619727 
403 2619727 
404 2619783 
405 2619784 
406 2619809 
407 2619813 
408 2619816 
409 2619830 
410 2619842 
411 2619886 
412 2619898 
413 2619898 
414 2619914 
415 2619925 
416 2619925 
417 2619925 
418 2619929 
419 2619929 
420 2619930 
421 2619936 
422 2619936 
423 2619936 
424 2620122 
425 2620123 
426 2620182 
427 2620187 
428 2620187 
429 2620188 
430 2620188 
431 2620188 
432 2620189 
433 2620189 
434 2620204 
435 2620204 
436 2620204 
437 2620206 
438 2620239 
439 2620241 
440 2620241 
441 2620242 
442 2620370 
443 2620398 
444 2620444 
445 2620445 
446 2620508 
447 2620513 
448 2620514 
449 2620516 
450 2620518 
451 2620522 
452 2620559 
453 2620562 
454 2620563 
455 2620563 
456 2620587 
457 2620622 
458 2620632 
459 2620639 
460 2620644 
461 2620644 
462 2620652 
463 2620669 
464 2620675 
465 2620679 
466 2620686 
