1 2401206 
2 2401206 
3 2401206 
4 2401207 
5 2401207 
6 2401207 
7 2401207 
8 2401208 
9 2401208 
10 2401208 
11 2401209 
12 2401209 
13 2401209 
14 2401210 
15 2401210 
16 2401210 
17 2401210 
18 2401211 
19 2401213 
20 2401214 
21 2401215 
22 2401216 
23 2401219 
24 2401220 
25 2401220 
26 2401221 
27 2401221 
28 2401223 
29 2401223 
30 2401225 
31 2401225 
32 2401226 
33 2401226 
34 2401227 
35 2401228 
36 2401228 
37 2401228 
38 2401229 
39 2401229 
40 2401229 
41 2401230 
42 2401230 
43 2401230 
44 2401231 
45 2401231 
46 2401231 
47 2401232 
48 2401233 
49 2401233 
50 2401233 
51 2401234 
52 2401235 
53 2401237 
54 2401237 
55 2401238 
56 2401238 
57 2401238 
58 2401241 
59 2401242 
60 2401242 
61 2401244 
62 2401244 
63 2401244 
64 2401245 
65 2401245 
66 2401245 
67 2401245 
68 2401246 
69 2401246 
70 2401247 
71 2401247 
72 2401247 
73 2401247 
74 2401248 
75 2401248 
76 2401249 
77 2401249 
78 2401251 
79 2401253 
80 2401253 
81 2401253 
82 2401253 
83 2401254 
84 2401254 
85 2401254 
86 2401255 
87 2401255 
88 2401255 
89 2401256 
90 2401256 
91 2401256 
92 2401258 
93 2401258 
94 2401259 
95 2401259 
96 2401260 
97 2401260 
98 2401260 
99 2401261 
100 2401261 
101 2401262 
102 2401262 
103 2401262 
104 2401262 
105 2401263 
106 2401264 
107 2401264 
108 2401264 
109 2401265 
110 2401265 
111 2401266 
112 2401266 
113 2401268 
114 2401268 
115 2401268 
116 2401269 
117 2401269 
118 2401269 
119 2401269 
120 2401270 
121 2401270 
122 2401270 
123 2401270 
124 2401271 
125 2401271 
126 2401272 
127 2401272 
128 2401272 
129 2401272 
130 2401275 
131 2401275 
132 2401276 
133 2401276 
134 2401276 
135 2401277 
136 2401277 
137 2401277 
138 2401278 
139 2401278 
140 2401278 
141 2401279 
142 2401283 
143 2401288 
144 2401289 
145 2401290 
146 2401290 
147 2401291 
148 2401291 
149 2401291 
150 2401292 
151 2401292 
152 2401292 
153 2401293 
154 2401293 
155 2401297 
156 2401297 
157 2401298 
158 2401298 
159 2401298 
160 2401299 
161 2401299 
162 2401300 
163 2401300 
164 2401301 
165 2401301 
166 2401301 
167 2401302 
168 2401302 
169 2401303 
170 2401303 
171 2401305 
172 2401305 
173 2401305 
174 2401306 
175 2401307 
176 2401307 
177 2401307 
178 2401308 
179 2401308 
180 2401308 
181 2401309 
182 2401309 
183 2401310 
184 2401310 
185 2401314 
186 2401321 
187 2401330 
188 2401333 
189 2401336 
190 2401336 
191 2401336 
192 2401341 
193 2401343 
194 2401343 
195 2401346 
196 2401349 
197 2401349 
198 2401354 
199 2401358 
200 2401358 
201 2401361 
202 2401362 
203 2401362 
204 2401363 
205 2401368 
206 2401368 
207 2401372 
208 2401373 
209 2401374 
210 2401374 
211 2401375 
212 2401376 
213 2401377 
214 2401377 
215 2401379 
216 2401379 
217 2401380 
218 2401380 
219 2401386 
220 2401387 
221 2401391 
222 2401392 
223 2401395 
224 2401396 
225 2401398 
226 2401404 
227 2401404 
228 2401404 
229 2401405 
230 2401405 
231 2401408 
232 2401423 
233 2401424 
234 2401424 
235 2401426 
236 2401426 
237 2401426 
238 2401426 
239 2401433 
240 2401435 
241 2401437 
242 2401437 
243 2401438 
244 2401438 
245 2401438 
246 2401440 
247 2401440 
248 2401441 
249 2401441 
250 2401441 
251 2401442 
252 2401442 
253 2401445 
254 2401458 
255 2401459 
256 2401459 
257 2401459 
258 2401467 
259 2401469 
260 2401471 
261 2401472 
262 2401473 
263 2401473 
264 2401474 
265 2401478 
266 2401479 
267 2401480 
268 2401480 
269 2401480 
270 2401481 
271 2401481 
272 2401482 
273 2401482 
274 2401482 
275 2401482 
276 2401483 
277 2401486 
278 2401488 
279 2401490 
280 2401490 
281 2401492 
282 2401493 
283 2401493 
284 2401493 
285 2401494 
286 2401494 
287 2401494 
288 2401495 
289 2401495 
290 2401496 
291 2401496 
292 2401511 
293 2401512 
294 2401513 
295 2401513 
296 2401513 
297 2401518 
298 2401519 
299 2401521 
300 2401523 
301 2401524 
302 2401524 
303 2401524 
304 2401526 
305 2401531 
306 2401532 
307 2401532 
308 2401532 
309 2401534 
310 2401536 
311 2401536 
312 2401537 
313 2401549 
314 2401549 
315 2401557 
316 2401558 
317 2401558 
318 2401558 
319 2401559 
320 2401561 
321 2401561 
322 2401562 
323 2401562 
324 2401562 
325 2401563 
326 2401563 
327 2401563 
328 2401564 
329 2401564 
330 2401565 
331 2401565 
332 2401566 
333 2401566 
334 2401566 
335 2401567 
336 2401567 
337 2401567 
338 2401567 
339 2401568 
340 2401568 
341 2401568 
342 2401569 
343 2401569 
344 2401569 
345 2401569 
346 2401569 
347 2401570 
348 2401570 
349 2401570 
350 2401571 
351 2401571 
352 2401571 
353 2401572 
354 2401572 
355 2401573 
356 2401577 
357 2401578 
358 2401578 
359 2401578 
360 2401578 
361 2401579 
362 2401579 
363 2401579 
364 2401580 
365 2401580 
366 2401583 
367 2401585 
368 2401595 
369 2401595 
370 2401595 
371 2401596 
372 2401596 
373 2401596 
374 2401597 
375 2401597 
376 2401598 
377 2401604 
378 2401604 
379 2401605 
380 2401605 
381 2401605 
382 2401610 
383 2401615 
384 2401615 
385 2401615 
386 2401615 
387 2401616 
388 2401617 
389 2401619 
390 2401622 
391 2401623 
392 2401623 
393 2401624 
394 2401624 
395 2401625 
396 2401627 
397 2401628 
398 2401628 
399 2401628 
400 2401628 
401 2401629 
402 2401629 
403 2401630 
404 2401630 
405 2401630 
406 2401631 
407 2401631 
408 2401631 
409 2401631 
410 2401632 
411 2401632 
412 2401633 
413 2401633 
414 2401633 
415 2401634 
416 2401634 
417 2401635 
418 2401635 
419 2401636 
420 2401636 
421 2401636 
422 2401637 
423 2401637 
424 2401638 
425 2401643 
426 2401647 
427 2401653 
428 2401662 
429 2401662 
430 2401664 
431 2401670 
432 2401671 
433 2401671 
434 2401671 
435 2401672 
436 2401672 
437 2401672 
438 2401673 
439 2401673 
440 2401673 
441 2401673 
442 2401674 
443 2401674 
444 2401675 
445 2401675 
446 2401677 
447 2401677 
448 2401678 
449 2401678 
450 2401678 
451 2401679 
452 2401679 
453 2401679 
454 2401680 
455 2401680 
456 2401685 
457 2401687 
458 2401687 
459 2401689 
460 2401689 
461 2401695 
462 2401700 
463 2401700 
464 2401704 
465 2401705 
466 2401705 
467 2401705 
468 2401705 
469 2401706 
470 2401706 
471 2401706 
472 2401707 
473 2401707 
474 2401707 
475 2401707 
476 2401708 
477 2401708 
478 2401708 
479 2401708 
480 2401709 
481 2401709 
482 2401709 
483 2401710 
484 2401710 
485 2401710 
486 2401711 
487 2401712 
488 2401714 
489 2401717 
490 2401718 
491 2401724 
492 2401725 
493 2401725 
494 2401726 
495 2401726 
496 2401726 
497 2401726 
498 2401727 
499 2401727 
500 2401727 
501 2401727 
502 2401728 
503 2401728 
504 2401731 
505 2401732 
506 2401732 
507 2401732 
508 2401733 
509 2401734 
510 2401735 
511 2401735 
512 2401736 
513 2401737 
514 2401738 
515 2401738 
516 2401738 
517 2401739 
518 2401741 
519 2401742 
520 2401742 
521 2401743 
522 2401743 
523 2401743 
524 2401744 
525 2401744 
526 2401746 
527 2401747 
528 2401748 
529 2401749 
530 2401749 
531 2401749 
532 2401750 
533 2401750 
534 2401751 
535 2401751 
536 2401751 
537 2401751 
538 2401752 
539 2401752 
540 2401752 
541 2401753 
542 2401753 
543 2401753 
544 2401753 
545 2401754 
546 2401754 
547 2401754 
548 2401755 
549 2401755 
550 2401755 
551 2401756 
552 2401760 
553 2401761 
554 2401761 
555 2401762 
556 2401762 
557 2401763 
558 2401764 
559 2401764 
560 2401764 
561 2401765 
562 2401766 
563 2401766 
564 2401767 
565 2401767 
566 2401768 
567 2401769 
568 2401769 
569 2401769 
570 2401778 
571 2401778 
572 2401778 
573 2401779 
574 2401780 
575 2401780 
576 2401787 
577 2401788 
578 2401788 
579 2401789 
580 2401790 
581 2401790 
582 2401790 
583 2401791 
584 2401791 
585 2401792 
586 2401792 
587 2401792 
588 2401793 
589 2401793 
590 2401793 
591 2401794 
592 2401794 
593 2401794 
594 2401795 
595 2401798 
596 2401801 
597 2401802 
598 2401803 
599 2401803 
600 2401803 
601 2401804 
602 2401804 
603 2401811 
604 2401811 
605 2401811 
606 2401812 
607 2401815 
608 2401822 
609 2401824 
610 2401825 
611 2401826 
612 2401827 
613 2401827 
614 2401827 
615 2401828 
616 2401828 
617 2401828 
618 2401829 
619 2401829 
620 2401829 
621 2401829 
622 2401833 
623 2401834 
624 2401834 
625 2401834 
626 2401835 
627 2401839 
628 2401849 
629 2401849 
630 2401850 
631 2401854 
632 2401854 
633 2401858 
634 2401864 
635 2401865 
636 2401865 
637 2401865 
638 2401866 
639 2401872 
640 2401872 
641 2401872 
642 2401872 
643 2401873 
644 2401873 
645 2401873 
646 2401874 
647 2401874 
648 2401875 
649 2401886 
650 2401889 
651 2401890 
652 2401890 
653 2401890 
654 2401891 
655 2401895 
656 2401896 
657 2401897 
658 2401907 
659 2401911 
660 2401912 
661 2401914 
662 2401915 
663 2401917 
664 2401917 
665 2401917 
666 2401918 
667 2401918 
668 2401918 
669 2401919 
670 2401919 
671 2401920 
672 2401922 
673 2401922 
674 2401926 
675 2401938 
676 2401938 
677 2401938 
678 2401944 
679 2401945 
680 2401952 
681 2401953 
682 2401953 
683 2401956 
684 2401956 
685 2401961 
686 2401962 
687 2401962 
688 2401989 
689 2401992 
690 2401992 
691 2401993 
692 2401993 
693 2401993 
694 2401994 
695 2401994 
696 2401994 
697 2401995 
698 2401995 
699 2401995 
700 2401996 
701 2401996 
702 2401996 
703 2401997 
704 2401999 
705 2401999 
706 2402000 
707 2402001 
708 2402002 
709 2402013 
710 2402013 
711 2402014 
712 2402014 
713 2402014 
714 2402015 
715 2402016 
716 2402018 
717 2402018 
718 2402019 
719 2402027 
720 2402027 
721 2402029 
722 2402030 
723 2402030 
724 2402030 
725 2402031 
726 2402031 
727 2402031 
728 2402032 
729 2402032 
730 2402033 
731 2402033 
732 2402033 
733 2402033 
734 2402034 
735 2402034 
736 2402036 
737 2402036 
738 2402038 
739 2402041 
740 2402042 
741 2402042 
742 2402043 
743 2402044 
744 2402045 
745 2402046 
746 2402047 
747 2402047 
748 2402048 
749 2402049 
750 2402050 
751 2402051 
752 2402052 
753 2402053 
754 2402058 
755 2402064 
756 2402069 
757 2402070 
758 2402071 
759 2402071 
760 2402073 
761 2402074 
762 2402080 
763 2402080 
764 2402080 
765 2402083 
766 2402084 
767 2402084 
768 2402086 
769 2402087 
770 2402091 
771 2402092 
772 2402092 
773 2402094 
774 2402094 
775 2402096 
776 2402098 
777 2402099 
778 2402100 
779 2402105 
780 2402105 
781 2402105 
782 2402107 
783 2402109 
784 2402110 
785 2402110 
786 2402111 
787 2402111 
788 2402112 
789 2402112 
790 2402114 
791 2402115 
792 2402115 
793 2402116 
794 2402116 
795 2402117 
796 2402117 
797 2402117 
798 2402118 
799 2402118 
800 2402119 
801 2402119 
802 2402119 
803 2402119 
804 2402120 
805 2402120 
806 2402120 
807 2402121 
808 2402121 
809 2402121 
810 2402121 
811 2402122 
812 2402122 
813 2402122 
814 2402123 
815 2402123 
816 2402123 
817 2402124 
818 2402125 
819 2402125 
820 2402125 
821 2402126 
822 2402126 
823 2402126 
824 2402126 
825 2402127 
826 2402127 
827 2402128 
828 2402128 
829 2402129 
830 2402129 
831 2402130 
832 2402130 
833 2402130 
834 2402130 
835 2402130 
836 2402131 
837 2402132 
838 2402133 
839 2402134 
840 2402134 
841 2402136 
842 2402138 
843 2402138 
844 2402143 
845 2402143 
846 2402144 
847 2402146 
848 2402146 
849 2402147 
850 2402149 
851 2402149 
852 2402150 
853 2402150 
854 2402150 
855 2402151 
856 2402151 
857 2402151 
858 2402152 
859 2402152 
860 2402153 
861 2402153 
862 2402157 
863 2402158 
864 2402161 
865 2402163 
866 2402165 
867 2402167 
868 2402168 
869 2402169 
870 2402172 
871 2402173 
872 2402173 
873 2402177 
874 2402177 
875 2402181 
876 2402181 
877 2402181 
878 2402181 
879 2402182 
880 2402182 
881 2402182 
882 2402182 
883 2402183 
884 2402184 
885 2402184 
886 2402186 
887 2402186 
888 2402187 
889 2402187 
890 2402190 
891 2402193 
892 2402193 
893 2402194 
894 2402194 
895 2402194 
896 2402195 
897 2402197 
898 2402198 
899 2402199 
900 2402199 
901 2402201 
902 2402201 
903 2402204 
904 2402204 
905 2402205 
906 2402207 
907 2402209 
908 2402219 
909 2402220 
910 2402230 
911 2402236 
912 2402236 
913 2402236 
914 2402237 
915 2402238 
916 2402240 
917 2402244 
918 2402244 
919 2402244 
920 2402245 
921 2402246 
922 2402246 
923 2402247 
924 2402247 
925 2402251 
926 2402251 
927 2402252 
928 2402253 
929 2402253 
930 2402253 
931 2402254 
932 2402254 
933 2402256 
934 2402256 
935 2402256 
936 2402256 
937 2402257 
938 2402257 
939 2402258 
940 2402258 
941 2402261 
942 2402261 
943 2402262 
944 2402262 
945 2402262 
946 2402263 
947 2402263 
948 2402263 
949 2402263 
950 2402264 
951 2402264 
952 2402264 
953 2402267 
954 2402267 
955 2402274 
956 2402278 
957 2402279 
958 2402279 
959 2402280 
960 2402280 
961 2402280 
962 2402281 
963 2402281 
964 2402281 
965 2402282 
966 2402282 
967 2402282 
968 2402282 
969 2402283 
970 2402283 
971 2402284 
972 2402284 
973 2402285 
974 2402285 
975 2402285 
976 2402287 
977 2402296 
978 2402296 
979 2402297 
980 2402297 
981 2402298 
982 2402302 
983 2402306 
984 2402307 
985 2402307 
986 2402308 
987 2402308 
988 2402309 
989 2402309 
990 2402311 
991 2402311 
992 2402311 
993 2402312 
994 2402312 
995 2402312 
996 2402312 
997 2402313 
998 2402313 
999 2402313 
1000 2402313 
1001 2402314 
1002 2402314 
1003 2402314 
1004 2402315 
1005 2402315 
1006 2402316 
1007 2402316 
1008 2402316 
1009 2402317 
1010 2402317 
1011 2402317 
1012 2402318 
1013 2402318 
1014 2402318 
1015 2402319 
1016 2402319 
1017 2402323 
1018 2402323 
1019 2402323 
1020 2402329 
1021 2402331 
1022 2402335 
1023 2402335 
1024 2402336 
1025 2402336 
1026 2402336 
1027 2402337 
1028 2402337 
1029 2402337 
1030 2402338 
1031 2402338 
1032 2402338 
1033 2402339 
1034 2402339 
1035 2402339 
1036 2402340 
1037 2402340 
1038 2402341 
1039 2402342 
1040 2402343 
1041 2402343 
1042 2402343 
1043 2402344 
1044 2402344 
1045 2402344 
1046 2402344 
1047 2402345 
1048 2402345 
1049 2402345 
1050 2402348 
1051 2402351 
1052 2402354 
1053 2402357 
1054 2402357 
1055 2402358 
1056 2402358 
1057 2402358 
1058 2402361 
1059 2402362 
1060 2402364 
1061 2402367 
1062 2402369 
1063 2402369 
1064 2402370 
1065 2402370 
1066 2402370 
1067 2402370 
1068 2402370 
1069 2402371 
1070 2402371 
1071 2402371 
1072 2402371 
1073 2402372 
1074 2402372 
1075 2402373 
1076 2402373 
1077 2402373 
1078 2402374 
1079 2402374 
1080 2402374 
1081 2402375 
1082 2402375 
1083 2402379 
1084 2402384 
1085 2402386 
1086 2402388 
1087 2402389 
1088 2402391 
1089 2402391 
1090 2402391 
1091 2402392 
1092 2402393 
1093 2402393 
1094 2402394 
1095 2402395 
1096 2402395 
1097 2402395 
1098 2402395 
1099 2402396 
1100 2402396 
1101 2402398 
1102 2402401 
1103 2402402 
1104 2402402 
1105 2402405 
1106 2402405 
1107 2402405 
1108 2402406 
1109 2402406 
1110 2402407 
1111 2402408 
1112 2402408 
1113 2402409 
1114 2402409 
1115 2402412 
1116 2402413 
1117 2402413 
1118 2402413 
1119 2402414 
1120 2402415 
1121 2402416 
1122 2402417 
1123 2402417 
1124 2402418 
1125 2402418 
1126 2402423 
1127 2402424 
1128 2402425 
1129 2402425 
1130 2402425 
1131 2402430 
1132 2402430 
1133 2402432 
1134 2402432 
1135 2402433 
1136 2402433 
1137 2402437 
1138 2402437 
1139 2402437 
1140 2402437 
1141 2402438 
1142 2402438 
1143 2402439 
1144 2402439 
1145 2402439 
1146 2402439 
1147 2402440 
1148 2402440 
1149 2402440 
1150 2402441 
1151 2402441 
1152 2402441 
1153 2402442 
1154 2402442 
1155 2402442 
1156 2402442 
1157 2402443 
1158 2402443 
1159 2402443 
1160 2402443 
1161 2402444 
1162 2402444 
1163 2402444 
1164 2402445 
1165 2402445 
1166 2402446 
1167 2402446 
1168 2402446 
1169 2402447 
1170 2402447 
1171 2402447 
1172 2402448 
1173 2402450 
1174 2402452 
1175 2402453 
1176 2402453 
1177 2402454 
1178 2402455 
1179 2402457 
1180 2402458 
1181 2402458 
1182 2402458 
1183 2402458 
1184 2402459 
1185 2402459 
1186 2402459 
1187 2402460 
1188 2402461 
1189 2402461 
1190 2402461 
1191 2402461 
1192 2402462 
1193 2402462 
1194 2402462 
1195 2402463 
1196 2402463 
1197 2402463 
1198 2402464 
1199 2402464 
1200 2402464 
1201 2402465 
1202 2402465 
1203 2402465 
1204 2402466 
1205 2402466 
1206 2402466 
1207 2402467 
1208 2402467 
1209 2402467 
1210 2402468 
1211 2402469 
1212 2402470 
1213 2402471 
1214 2402471 
1215 2402471 
1216 2402471 
1217 2402472 
1218 2402472 
1219 2402473 
1220 2402473 
1221 2402474 
1222 2402474 
1223 2402474 
1224 2402475 
1225 2402475 
1226 2402480 
1227 2402481 
1228 2402481 
1229 2402481 
1230 2402481 
1231 2402482 
1232 2402482 
1233 2402482 
1234 2402486 
1235 2402488 
1236 2402488 
1237 2402489 
1238 2402489 
1239 2402489 
1240 2402490 
1241 2402491 
1242 2402492 
1243 2402493 
1244 2402493 
1245 2402493 
1246 2402494 
1247 2402494 
1248 2402494 
1249 2402495 
1250 2402496 
1251 2402498 
1252 2402498 
1253 2402498 
1254 2402499 
1255 2402499 
1256 2402499 
1257 2402500 
1258 2402503 
1259 2402503 
1260 2402503 
1261 2402504 
1262 2402504 
1263 2402504 
1264 2402506 
1265 2402506 
1266 2402513 
1267 2402513 
1268 2402513 
1269 2402514 
1270 2402516 
1271 2402517 
1272 2402517 
1273 2402517 
1274 2402518 
1275 2402519 
1276 2402522 
1277 2402522 
1278 2402522 
1279 2402523 
1280 2402523 
1281 2402523 
1282 2402526 
1283 2402527 
1284 2402530 
1285 2402532 
1286 2402535 
1287 2402536 
1288 2402543 
1289 2402544 
1290 2402546 
1291 2402546 
1292 2402546 
1293 2402547 
1294 2402547 
1295 2402553 
1296 2402553 
1297 2402554 
1298 2402557 
1299 2402560 
1300 2402560 
1301 2402562 
1302 2402566 
1303 2402568 
1304 2402569 
1305 2402570 
1306 2402570 
1307 2402570 
1308 2402571 
1309 2402571 
1310 2402572 
1311 2402572 
1312 2402572 
1313 2402573 
1314 2402573 
1315 2402573 
1316 2402573 
1317 2402573 
1318 2402574 
1319 2402574 
1320 2402575 
1321 2402577 
1322 2402578 
1323 2402578 
1324 2402579 
1325 2402579 
1326 2402582 
1327 2402594 
1328 2402595 
1329 2402595 
1330 2402595 
1331 2402595 
1332 2402596 
1333 2402597 
1334 2402598 
1335 2402599 
1336 2402599 
1337 2402600 
1338 2402600 
1339 2402600 
1340 2402600 
1341 2402601 
1342 2402601 
1343 2402601 
1344 2402602 
1345 2402602 
1346 2402602 
1347 2402603 
1348 2402603 
1349 2402603 
1350 2402604 
1351 2402604 
1352 2402604 
1353 2402607 
1354 2402607 
1355 2402607 
1356 2402607 
1357 2402608 
1358 2402608 
1359 2402609 
1360 2402610 
1361 2402610 
1362 2402611 
1363 2402611 
1364 2402612 
1365 2402612 
1366 2402614 
1367 2402614 
1368 2402615 
1369 2402615 
1370 2402615 
1371 2402616 
1372 2402616 
1373 2402616 
1374 2402617 
1375 2402617 
1376 2402617 
1377 2402618 
1378 2402618 
1379 2402620 
1380 2402620 
1381 2402621 
1382 2402621 
1383 2402621 
1384 2402621 
1385 2402622 
1386 2402622 
1387 2402622 
1388 2402623 
1389 2402627 
1390 2402629 
1391 2402629 
1392 2402630 
1393 2402632 
1394 2402632 
1395 2402643 
1396 2402643 
1397 2402643 
1398 2402644 
1399 2402645 
1400 2402646 
1401 2402646 
1402 2402650 
1403 2402651 
1404 2402651 
1405 2402652 
1406 2402652 
1407 2402653 
1408 2402658 
1409 2402659 
1410 2402659 
1411 2402659 
1412 2402660 
1413 2402660 
1414 2402660 
1415 2402661 
1416 2402663 
1417 2402663 
1418 2402663 
1419 2402664 
1420 2402664 
1421 2402664 
1422 2402665 
1423 2402666 
1424 2402666 
1425 2402666 
1426 2402666 
1427 2402667 
1428 2402667 
1429 2402667 
1430 2402668 
1431 2402668 
1432 2402668 
1433 2402669 
1434 2402669 
1435 2402671 
1436 2402671 
1437 2402672 
1438 2402672 
1439 2402675 
1440 2402677 
1441 2402677 
1442 2402677 
1443 2402678 
1444 2402679 
1445 2402679 
1446 2402679 
1447 2402680 
1448 2402682 
1449 2402683 
1450 2402683 
1451 2402683 
1452 2402684 
1453 2402693 
1454 2402693 
1455 2402693 
1456 2402693 
1457 2402694 
1458 2402695 
1459 2402696 
1460 2402696 
1461 2402696 
1462 2402697 
1463 2402697 
1464 2402700 
1465 2402704 
1466 2402704 
1467 2402704 
1468 2402705 
1469 2402705 
1470 2402706 
1471 2402706 
1472 2402706 
1473 2402708 
1474 2402708 
1475 2402708 
1476 2402709 
1477 2402709 
1478 2402713 
1479 2402713 
1480 2402716 
1481 2402717 
1482 2402722 
1483 2402722 
1484 2402724 
1485 2402724 
1486 2402726 
1487 2402726 
1488 2402731 
1489 2402737 
1490 2402738 
1491 2402738 
1492 2402738 
1493 2402748 
1494 2402748 
1495 2402748 
1496 2402748 
1497 2402749 
1498 2402749 
1499 2402749 
1500 2402750 
1501 2402759 
1502 2402759 
1503 2402760 
1504 2402760 
1505 2402760 
1506 2402761 
1507 2402761 
1508 2402761 
1509 2402761 
1510 2402761 
1511 2402762 
1512 2402762 
1513 2402762 
1514 2402763 
1515 2402763 
1516 2402763 
1517 2402763 
1518 2402764 
1519 2402764 
1520 2402764 
1521 2402764 
1522 2402764 
1523 2402765 
1524 2402765 
1525 2402765 
1526 2402765 
1527 2402766 
1528 2402766 
1529 2402766 
1530 2402768 
1531 2402768 
1532 2402768 
1533 2402769 
1534 2402769 
1535 2402770 
1536 2402771 
1537 2402777 
1538 2402777 
1539 2402777 
1540 2402778 
1541 2402778 
1542 2402778 
1543 2402780 
1544 2402780 
1545 2402781 
1546 2402782 
1547 2402783 
1548 2402783 
1549 2402783 
1550 2402783 
1551 2402784 
1552 2402784 
1553 2402786 
1554 2402786 
1555 2402786 
1556 2402787 
1557 2402787 
1558 2402787 
1559 2402787 
1560 2402788 
1561 2402794 
1562 2402798 
1563 2402799 
1564 2402800 
1565 2402801 
1566 2402801 
1567 2402805 
1568 2402805 
1569 2402805 
1570 2402806 
1571 2402806 
1572 2402815 
1573 2402815 
1574 2402819 
1575 2402825 
1576 2402831 
1577 2402832 
1578 2402832 
1579 2402838 
1580 2402838 
1581 2402838 
1582 2402839 
1583 2402839 
1584 2402839 
1585 2402840 
1586 2402840 
1587 2402840 
1588 2402841 
1589 2402842 
1590 2402842 
1591 2402843 
1592 2402843 
1593 2402843 
1594 2402843 
1595 2402844 
1596 2402844 
1597 2402845 
1598 2402846 
1599 2402846 
1600 2402846 
1601 2402846 
1602 2402847 
1603 2402847 
1604 2402847 
1605 2402848 
1606 2402848 
1607 2402848 
1608 2402849 
1609 2402851 
1610 2402851 
1611 2402852 
1612 2402852 
1613 2402852 
1614 2402853 
1615 2402853 
1616 2402856 
1617 2402857 
1618 2402857 
1619 2402857 
1620 2402858 
1621 2402858 
1622 2402859 
1623 2402859 
1624 2402861 
1625 2402861 
1626 2402861 
1627 2402862 
1628 2402862 
1629 2402863 
1630 2402866 
1631 2402872 
1632 2402872 
1633 2402874 
1634 2402875 
1635 2402875 
1636 2402880 
1637 2402881 
1638 2402892 
1639 2402892 
1640 2402893 
1641 2402893 
1642 2402894 
1643 2402894 
1644 2402895 
1645 2402895 
1646 2402896 
1647 2402896 
1648 2402896 
1649 2402897 
1650 2402904 
1651 2402905 
1652 2402905 
1653 2402910 
1654 2402910 
1655 2402911 
1656 2402911 
1657 2402911 
1658 2402912 
1659 2402912 
1660 2402913 
1661 2402914 
1662 2402916 
1663 2402916 
1664 2402916 
1665 2402918 
1666 2402918 
1667 2402918 
1668 2402919 
1669 2402920 
1670 2402920 
1671 2402920 
1672 2402920 
1673 2402921 
1674 2402921 
1675 2402921 
1676 2402924 
1677 2402924 
1678 2402924 
1679 2402925 
1680 2402925 
1681 2402925 
1682 2402928 
1683 2402928 
1684 2402928 
1685 2402929 
1686 2402929 
1687 2402929 
1688 2402930 
1689 2402930 
1690 2402930 
1691 2402930 
1692 2402931 
1693 2402931 
1694 2402931 
1695 2402931 
1696 2402931 
1697 2402932 
1698 2402932 
1699 2402932 
1700 2402933 
1701 2402933 
1702 2402933 
1703 2402934 
1704 2402935 
1705 2402935 
1706 2402936 
1707 2402937 
1708 2402937 
1709 2402940 
1710 2402941 
1711 2402941 
1712 2402941 
1713 2402942 
1714 2402942 
1715 2402943 
1716 2402943 
1717 2402943 
1718 2402943 
1719 2402944 
1720 2402944 
1721 2402944 
1722 2402945 
1723 2402946 
1724 2402946 
1725 2402946 
1726 2402947 
1727 2402949 
1728 2402950 
1729 2402950 
1730 2402950 
1731 2402950 
1732 2402951 
1733 2402951 
1734 2402951 
1735 2402952 
1736 2402952 
1737 2402953 
1738 2402953 
1739 2402953 
1740 2402955 
1741 2402956 
1742 2402956 
1743 2402956 
1744 2402956 
1745 2402957 
1746 2402957 
1747 2402958 
1748 2402964 
1749 2402965 
1750 2402966 
1751 2402966 
1752 2402967 
1753 2402967 
1754 2402967 
1755 2402968 
1756 2402968 
1757 2402968 
1758 2402969 
1759 2402975 
1760 2402975 
1761 2402975 
1762 2402975 
1763 2402976 
1764 2402976 
1765 2402977 
1766 2402977 
1767 2402977 
1768 2402978 
1769 2402978 
1770 2402978 
1771 2402979 
1772 2402979 
1773 2402979 
1774 2402979 
1775 2402980 
1776 2402981 
1777 2402982 
1778 2402983 
1779 2402984 
1780 2402984 
1781 2402985 
1782 2402985 
1783 2402985 
1784 2402987 
1785 2402991 
1786 2402992 
1787 2402995 
1788 2402995 
1789 2402995 
1790 2402996 
1791 2402996 
1792 2402997 
1793 2402997 
1794 2402999 
1795 2402999 
1796 2403001 
1797 2403003 
1798 2403005 
1799 2403005 
1800 2403006 
1801 2403010 
1802 2403011 
1803 2403011 
1804 2403011 
1805 2403012 
1806 2403013 
1807 2403013 
1808 2403014 
1809 2403015 
1810 2403015 
1811 2403023 
1812 2403024 
1813 2403024 
1814 2403024 
1815 2403025 
1816 2403025 
1817 2403030 
1818 2403032 
1819 2403033 
1820 2403034 
1821 2403035 
1822 2403038 
1823 2403039 
1824 2403040 
1825 2403040 
1826 2403055 
1827 2403056 
1828 2403056 
1829 2403056 
1830 2403057 
1831 2403058 
1832 2403059 
1833 2403059 
1834 2403059 
1835 2403060 
1836 2403060 
1837 2403060 
1838 2403061 
1839 2403062 
1840 2403063 
1841 2403064 
1842 2403064 
1843 2403064 
1844 2403068 
1845 2403068 
1846 2403070 
1847 2403073 
1848 2403073 
1849 2403073 
1850 2403074 
1851 2403077 
1852 2403077 
1853 2403078 
1854 2403079 
1855 2403079 
1856 2403082 
1857 2403084 
1858 2403087 
1859 2403088 
1860 2403090 
1861 2403090 
1862 2403092 
1863 2403092 
1864 2403094 
1865 2403094 
1866 2403097 
1867 2403100 
1868 2403100 
1869 2403101 
1870 2403101 
1871 2403102 
1872 2403102 
1873 2403103 
1874 2403104 
1875 2403104 
1876 2403104 
1877 2403105 
1878 2403105 
1879 2403107 
1880 2403108 
1881 2403108 
1882 2403108 
1883 2403108 
1884 2403109 
1885 2403109 
1886 2403109 
1887 2403110 
1888 2403110 
1889 2403110 
1890 2403111 
1891 2403111 
1892 2403111 
1893 2403112 
1894 2403112 
1895 2403113 
1896 2403114 
1897 2403114 
1898 2403114 
1899 2403115 
1900 2403115 
1901 2403115 
1902 2403116 
1903 2403116 
1904 2403117 
1905 2403117 
1906 2403117 
1907 2403118 
1908 2403118 
1909 2403118 
1910 2403119 
1911 2403119 
1912 2403120 
1913 2403121 
1914 2403121 
1915 2403121 
1916 2403123 
1917 2403123 
1918 2403124 
1919 2403124 
1920 2403124 
1921 2403124 
1922 2403125 
1923 2403125 
1924 2403125 
1925 2403125 
1926 2403126 
1927 2403126 
1928 2403126 
1929 2403127 
1930 2403127 
1931 2403127 
1932 2403127 
1933 2403127 
1934 2403128 
1935 2403128 
1936 2403128 
1937 2403129 
1938 2403129 
1939 2403130 
1940 2403130 
1941 2403130 
1942 2403130 
1943 2403131 
1944 2403131 
1945 2403132 
1946 2403134 
1947 2403134 
1948 2403135 
1949 2403136 
1950 2403137 
1951 2403137 
1952 2403137 
1953 2403138 
1954 2403138 
1955 2403141 
1956 2403141 
1957 2403142 
1958 2403142 
1959 2403143 
1960 2403143 
1961 2403144 
1962 2403144 
1963 2403145 
1964 2403145 
1965 2403146 
1966 2403146 
1967 2403147 
1968 2403147 
1969 2403148 
1970 2403148 
1971 2403151 
1972 2403151 
1973 2403152 
1974 2403153 
1975 2403154 
1976 2403154 
1977 2403154 
1978 2403155 
1979 2403155 
1980 2403155 
1981 2403156 
1982 2403156 
1983 2403156 
1984 2403157 
1985 2403157 
1986 2403157 
1987 2403158 
1988 2403159 
1989 2403159 
1990 2403159 
1991 2403160 
1992 2403160 
1993 2403160 
1994 2403160 
1995 2403161 
1996 2403161 
1997 2403162 
1998 2403162 
1999 2403162 
2000 2403162 
2001 2403163 
2002 2403167 
2003 2403170 
2004 2403170 
2005 2403171 
2006 2403171 
2007 2403171 
2008 2403172 
2009 2403172 
2010 2403174 
2011 2403174 
2012 2403175 
2013 2403175 
2014 2403175 
2015 2403176 
2016 2403176 
2017 2403177 
2018 2403177 
2019 2403178 
2020 2403178 
2021 2403180 
2022 2403180 
2023 2403181 
2024 2403181 
2025 2403181 
2026 2403182 
2027 2403182 
2028 2403182 
2029 2403182 
2030 2403182 
2031 2403183 
2032 2403183 
2033 2403183 
2034 2403184 
2035 2403184 
2036 2403185 
2037 2403186 
2038 2403186 
2039 2403187 
2040 2403187 
2041 2403189 
2042 2403189 
2043 2403189 
2044 2403190 
2045 2403190 
2046 2403190 
2047 2403190 
2048 2403190 
2049 2403191 
2050 2403191 
2051 2403191 
2052 2403191 
2053 2403192 
2054 2403192 
2055 2403192 
2056 2403192 
2057 2403192 
2058 2403193 
2059 2403198 
2060 2403198 
2061 2403198 
2062 2403199 
2063 2403199 
2064 2403199 
2065 2403199 
2066 2403200 
2067 2403200 
2068 2403200 
2069 2403200 
2070 2403201 
2071 2403202 
2072 2403203 
2073 2403203 
2074 2403203 
2075 2403208 
2076 2403208 
2077 2403208 
2078 2403209 
2079 2403209 
2080 2403209 
2081 2403211 
2082 2403211 
2083 2403212 
2084 2403212 
2085 2403213 
2086 2403213 
2087 2403214 
2088 2403214 
2089 2403217 
2090 2403218 
2091 2403222 
2092 2403222 
2093 2403223 
2094 2403223 
2095 2403223 
2096 2403224 
2097 2403224 
2098 2403224 
2099 2403224 
2100 2403225 
2101 2403225 
2102 2403225 
2103 2403226 
2104 2403226 
2105 2403227 
2106 2403227 
2107 2403227 
2108 2403228 
2109 2403228 
2110 2403228 
2111 2403228 
2112 2403230 
2113 2403230 
2114 2403230 
2115 2403230 
2116 2403231 
2117 2403231 
2118 2403231 
2119 2403231 
2120 2403232 
2121 2403232 
2122 2403233 
2123 2403233 
2124 2403233 
2125 2403233 
2126 2403234 
2127 2403234 
2128 2403234 
2129 2403235 
2130 2403235 
2131 2403235 
2132 2403237 
2133 2403237 
2134 2403238 
2135 2403238 
2136 2403240 
2137 2403241 
2138 2403241 
2139 2403241 
2140 2403242 
2141 2403242 
2142 2403242 
2143 2403243 
2144 2403243 
2145 2403244 
2146 2403244 
2147 2403244 
2148 2403245 
2149 2403245 
2150 2403245 
2151 2403245 
2152 2403245 
2153 2403246 
2154 2403246 
2155 2403246 
2156 2403247 
2157 2403247 
2158 2403248 
2159 2403248 
2160 2403248 
2161 2403249 
2162 2403250 
2163 2403250 
2164 2403250 
2165 2403250 
2166 2403251 
2167 2403251 
2168 2403252 
2169 2403252 
2170 2403252 
2171 2403253 
2172 2403253 
2173 2403253 
2174 2403254 
2175 2403254 
2176 2403254 
2177 2403254 
2178 2403255 
2179 2403257 
2180 2403257 
2181 2403257 
2182 2403258 
2183 2403259 
2184 2403259 
2185 2403260 
2186 2403260 
2187 2403261 
2188 2403261 
2189 2403261 
2190 2403262 
2191 2403262 
2192 2403263 
2193 2403263 
2194 2403264 
2195 2403264 
2196 2403264 
2197 2403264 
2198 2403264 
2199 2403265 
2200 2403265 
2201 2403267 
2202 2403267 
2203 2403268 
2204 2403268 
2205 2403268 
2206 2403268 
2207 2403269 
2208 2403269 
2209 2403269 
2210 2403270 
2211 2403270 
2212 2403270 
2213 2403271 
2214 2403272 
2215 2403273 
2216 2403273 
2217 2403274 
2218 2403274 
2219 2403274 
2220 2403278 
2221 2403279 
2222 2403280 
2223 2403280 
2224 2403281 
2225 2403281 
2226 2403282 
2227 2403282 
2228 2403282 
2229 2403282 
2230 2403283 
2231 2403283 
2232 2403284 
2233 2403291 
2234 2403292 
2235 2403293 
2236 2403294 
2237 2403294 
2238 2403299 
2239 2403300 
2240 2403303 
2241 2403303 
2242 2403305 
2243 2403306 
2244 2403307 
2245 2403308 
2246 2403308 
2247 2403308 
2248 2403309 
2249 2403310 
2250 2403310 
2251 2403312 
2252 2403313 
2253 2403313 
2254 2403313 
2255 2403314 
2256 2403314 
2257 2403314 
2258 2403315 
2259 2403315 
2260 2403315 
2261 2403315 
2262 2403315 
2263 2403316 
2264 2403316 
2265 2403316 
2266 2403317 
2267 2403317 
2268 2403317 
2269 2403317 
2270 2403317 
2271 2403318 
2272 2403318 
2273 2403318 
2274 2403319 
2275 2403319 
2276 2403319 
2277 2403319 
2278 2403320 
2279 2403320 
2280 2403320 
2281 2403320 
2282 2403321 
2283 2403321 
2284 2403321 
2285 2403322 
2286 2403322 
2287 2403322 
2288 2403322 
2289 2403323 
2290 2403323 
2291 2403323 
2292 2403323 
2293 2403323 
2294 2403323 
2295 2403324 
2296 2403324 
2297 2403324 
2298 2403324 
2299 2403325 
2300 2403325 
2301 2403325 
2302 2403325 
2303 2403326 
2304 2403326 
2305 2403326 
2306 2403326 
2307 2403326 
2308 2403327 
2309 2403327 
2310 2403327 
2311 2403327 
2312 2403328 
2313 2403328 
2314 2403328 
2315 2403329 
2316 2403329 
2317 2403329 
2318 2403335 
2319 2403335 
2320 2403336 
2321 2403336 
2322 2403336 
2323 2403336 
2324 2403337 
2325 2403337 
2326 2403338 
2327 2403338 
2328 2403339 
2329 2403339 
2330 2403341 
2331 2403345 
2332 2403350 
2333 2403351 
2334 2403351 
2335 2403357 
2336 2403357 
2337 2403358 
2338 2403359 
2339 2403359 
2340 2403359 
2341 2403360 
2342 2403360 
2343 2403363 
2344 2403365 
2345 2403365 
2346 2403365 
2347 2403366 
2348 2403367 
2349 2403367 
2350 2403367 
2351 2403368 
2352 2403374 
2353 2403374 
2354 2403375 
2355 2403376 
2356 2403376 
2357 2403376 
2358 2403377 
2359 2403377 
2360 2403377 
2361 2403377 
2362 2403377 
2363 2403377 
2364 2403378 
2365 2403378 
2366 2403378 
2367 2403378 
2368 2403379 
2369 2403379 
2370 2403379 
2371 2403380 
2372 2403380 
2373 2403380 
2374 2403381 
2375 2403381 
2376 2403381 
2377 2403381 
2378 2403382 
2379 2403382 
2380 2403382 
2381 2403383 
2382 2403383 
2383 2403385 
2384 2403386 
2385 2403386 
2386 2403387 
2387 2403388 
2388 2403389 
2389 2403391 
2390 2403392 
2391 2403392 
2392 2403392 
2393 2403393 
2394 2403395 
2395 2403395 
2396 2403395 
2397 2403396 
2398 2403396 
2399 2403398 
2400 2403399 
2401 2403399 
2402 2403399 
2403 2403400 
2404 2403401 
2405 2403401 
2406 2403402 
2407 2403402 
2408 2403402 
2409 2403403 
2410 2403403 
2411 2403403 
2412 2403403 
2413 2403403 
2414 2403404 
2415 2403404 
2416 2403404 
2417 2403407 
2418 2403408 
2419 2403408 
2420 2403408 
2421 2403408 
2422 2403409 
2423 2403409 
2424 2403409 
2425 2403409 
2426 2403410 
2427 2403410 
2428 2403410 
2429 2403410 
2430 2403412 
2431 2403412 
2432 2403413 
2433 2403413 
2434 2403413 
2435 2403414 
2436 2403414 
2437 2403414 
2438 2403415 
2439 2403415 
2440 2403415 
2441 2403416 
2442 2403416 
2443 2403416 
2444 2403416 
2445 2403417 
2446 2403418 
2447 2403418 
2448 2403418 
2449 2403418 
2450 2403418 
2451 2403419 
2452 2403419 
2453 2403424 
2454 2403425 
2455 2403426 
2456 2403426 
2457 2403428 
2458 2403428 
2459 2403429 
2460 2403429 
2461 2403429 
2462 2403431 
2463 2403434 
2464 2403434 
2465 2403436 
2466 2403437 
2467 2403437 
2468 2403437 
2469 2403438 
2470 2403439 
2471 2403441 
2472 2403442 
2473 2403442 
2474 2403443 
2475 2403444 
2476 2403445 
2477 2403445 
2478 2403445 
2479 2403446 
2480 2403447 
2481 2403447 
2482 2403447 
2483 2403450 
2484 2403452 
2485 2403452 
2486 2403453 
2487 2403454 
2488 2403454 
2489 2403455 
2490 2403455 
2491 2403456 
2492 2403456 
2493 2403456 
2494 2403457 
2495 2403457 
2496 2403457 
2497 2403457 
2498 2403458 
2499 2403458 
2500 2403458 
2501 2403459 
2502 2403459 
2503 2403459 
2504 2403462 
2505 2403462 
2506 2403462 
2507 2403463 
2508 2403463 
2509 2403464 
2510 2403464 
2511 2403468 
2512 2403470 
2513 2403474 
2514 2403474 
2515 2403474 
2516 2403475 
2517 2403475 
2518 2403476 
2519 2403478 
2520 2403478 
2521 2403484 
2522 2403490 
2523 2403498 
2524 2403500 
2525 2403501 
2526 2403515 
2527 2403516 
2528 2403516 
2529 2403516 
2530 2403517 
2531 2403517 
2532 2403517 
2533 2403518 
2534 2403520 
2535 2403520 
2536 2403520 
2537 2403521 
2538 2403521 
2539 2403521 
2540 2403527 
2541 2403527 
2542 2403528 
2543 2403528 
2544 2403530 
2545 2403534 
2546 2403536 
2547 2403539 
2548 2403539 
2549 2403539 
2550 2403540 
2551 2403540 
2552 2403540 
2553 2403541 
2554 2403541 
2555 2403541 
2556 2403542 
2557 2403542 
2558 2403542 
2559 2403543 
2560 2403543 
2561 2403543 
2562 2403544 
2563 2403544 
2564 2403544 
2565 2403544 
2566 2403549 
2567 2403550 
2568 2403550 
2569 2403550 
2570 2403551 
2571 2403551 
2572 2403551 
2573 2403552 
2574 2403557 
2575 2403563 
2576 2403563 
2577 2403563 
2578 2403564 
2579 2403567 
2580 2403567 
2581 2403567 
2582 2403568 
2583 2403568 
2584 2403569 
2585 2403569 
2586 2403569 
2587 2403570 
2588 2403570 
2589 2403571 
2590 2403572 
2591 2403573 
2592 2403573 
2593 2403573 
2594 2403574 
2595 2403575 
2596 2403576 
2597 2403576 
2598 2403578 
2599 2403579 
2600 2403579 
2601 2403579 
2602 2403580 
2603 2403580 
2604 2403581 
2605 2403581 
2606 2403581 
2607 2403582 
2608 2403582 
2609 2403582 
2610 2403584 
2611 2403586 
2612 2403589 
2613 2403590 
2614 2403590 
2615 2403591 
2616 2403591 
2617 2403593 
2618 2403594 
2619 2403594 
2620 2403595 
2621 2403595 
2622 2403595 
2623 2403596 
2624 2403597 
2625 2403599 
2626 2403599 
2627 2403600 
2628 2403600 
2629 2403601 
2630 2403601 
2631 2403601 
2632 2403602 
2633 2403602 
2634 2403603 
2635 2403603 
2636 2403604 
2637 2403605 
2638 2403605 
2639 2403606 
2640 2403606 
2641 2403606 
2642 2403611 
2643 2403616 
2644 2403616 
2645 2403624 
2646 2403624 
2647 2403624 
2648 2403625 
2649 2403625 
2650 2403625 
2651 2403626 
2652 2403626 
2653 2403627 
2654 2403627 
2655 2403627 
2656 2403627 
2657 2403629 
2658 2403630 
2659 2403630 
2660 2403632 
2661 2403632 
2662 2403640 
2663 2403641 
2664 2403641 
2665 2403646 
2666 2403647 
2667 2403659 
2668 2403660 
2669 2403669 
2670 2403672 
2671 2403672 
2672 2403676 
2673 2403679 
2674 2403679 
2675 2403680 
2676 2403680 
2677 2403680 
2678 2403681 
2679 2403681 
2680 2403682 
2681 2403682 
2682 2403684 
2683 2403685 
2684 2403687 
2685 2403690 
2686 2403690 
2687 2403690 
2688 2403691 
2689 2403691 
2690 2403691 
2691 2403692 
2692 2403692 
2693 2403693 
2694 2403695 
2695 2403696 
2696 2403698 
2697 2403699 
2698 2403699 
2699 2403700 
2700 2403700 
2701 2403701 
2702 2403702 
2703 2403702 
2704 2403702 
2705 2403703 
2706 2403703 
2707 2403704 
2708 2403704 
2709 2403705 
2710 2403705 
2711 2403705 
2712 2403706 
2713 2403706 
2714 2403706 
2715 2403706 
2716 2403707 
2717 2403711 
2718 2403713 
2719 2403719 
2720 2403723 
2721 2403723 
2722 2403724 
2723 2403725 
2724 2403726 
2725 2403726 
2726 2403726 
2727 2403727 
2728 2403727 
2729 2403735 
2730 2403735 
2731 2403735 
2732 2403736 
2733 2403737 
2734 2403737 
2735 2403737 
2736 2403739 
2737 2403740 
2738 2403740 
2739 2403741 
2740 2403743 
2741 2403745 
2742 2403745 
2743 2403746 
2744 2403746 
2745 2403746 
2746 2403746 
2747 2403747 
2748 2403748 
2749 2403748 
2750 2403748 
2751 2403749 
2752 2403750 
2753 2403762 
2754 2403780 
2755 2403780 
2756 2403781 
2757 2403784 
2758 2403785 
2759 2403788 
2760 2403788 
2761 2403792 
2762 2403792 
2763 2403793 
2764 2403811 
2765 2403811 
2766 2403812 
2767 2403813 
2768 2403813 
2769 2403813 
2770 2403813 
2771 2403813 
2772 2403814 
2773 2403817 
2774 2403818 
2775 2403819 
2776 2403819 
2777 2403820 
2778 2403821 
2779 2403821 
2780 2403825 
2781 2403825 
2782 2403826 
2783 2403826 
2784 2403826 
2785 2403827 
2786 2403827 
2787 2403827 
2788 2403827 
2789 2403827 
2790 2403828 
2791 2403828 
2792 2403828 
2793 2403828 
2794 2403829 
2795 2403829 
2796 2403829 
2797 2403829 
2798 2403830 
2799 2403832 
2800 2403832 
2801 2403833 
2802 2403833 
2803 2403834 
2804 2403834 
2805 2403834 
2806 2403835 
2807 2403835 
2808 2403835 
2809 2403836 
2810 2403836 
2811 2403836 
2812 2403837 
2813 2403837 
2814 2403838 
2815 2403840 
2816 2403840 
2817 2403840 
2818 2403841 
2819 2403841 
2820 2403842 
2821 2403843 
2822 2403844 
2823 2403845 
2824 2403845 
2825 2403846 
2826 2403846 
2827 2403846 
2828 2403854 
2829 2403854 
2830 2403854 
2831 2403856 
2832 2403856 
2833 2403865 
2834 2403866 
2835 2403867 
2836 2403867 
2837 2403868 
2838 2403871 
2839 2403871 
2840 2403872 
2841 2403873 
2842 2403873 
2843 2403874 
2844 2403879 
2845 2403881 
2846 2403881 
2847 2403881 
2848 2403882 
2849 2403883 
2850 2403885 
2851 2403886 
2852 2403886 
2853 2403886 
2854 2403887 
2855 2403887 
2856 2403887 
2857 2403892 
2858 2403892 
2859 2403894 
2860 2403895 
2861 2403898 
2862 2403905 
2863 2403905 
2864 2403906 
2865 2403906 
2866 2403907 
2867 2403907 
2868 2403907 
2869 2403907 
2870 2403910 
2871 2403910 
2872 2403916 
2873 2403919 
2874 2403920 
2875 2403921 
2876 2403921 
2877 2403921 
2878 2403922 
2879 2403922 
2880 2403922 
2881 2403924 
2882 2403924 
2883 2403924 
2884 2403925 
2885 2403925 
2886 2403925 
2887 2403926 
2888 2403929 
2889 2403929 
2890 2403930 
2891 2403933 
2892 2403934 
2893 2403934 
2894 2403935 
2895 2403935 
2896 2403936 
2897 2403936 
2898 2403940 
2899 2403940 
2900 2403942 
2901 2403943 
2902 2403946 
2903 2403946 
2904 2403950 
2905 2403951 
2906 2403951 
2907 2403953 
2908 2403953 
2909 2403954 
2910 2403954 
2911 2403955 
2912 2403960 
2913 2403960 
2914 2403965 
2915 2403965 
2916 2403965 
2917 2403966 
2918 2403966 
2919 2403967 
2920 2403967 
2921 2403968 
2922 2403968 
2923 2403973 
2924 2403973 
2925 2403974 
2926 2403974 
2927 2403974 
2928 2403975 
2929 2403975 
2930 2403975 
2931 2403976 
2932 2403976 
2933 2403977 
2934 2403977 
2935 2403977 
2936 2403978 
2937 2403978 
2938 2403978 
2939 2403979 
2940 2403979 
2941 2403979 
2942 2403980 
2943 2403980 
2944 2403980 
2945 2403981 
2946 2403981 
2947 2403981 
2948 2403982 
2949 2403982 
2950 2403984 
2951 2403985 
2952 2403985 
2953 2403985 
2954 2403988 
2955 2403989 
2956 2403989 
2957 2403989 
2958 2403990 
2959 2403990 
2960 2403990 
2961 2403991 
2962 2403991 
2963 2403991 
2964 2403991 
2965 2403992 
2966 2403992 
2967 2403992 
2968 2403993 
2969 2403993 
2970 2403993 
2971 2403994 
2972 2403994 
2973 2403995 
2974 2403995 
2975 2403995 
2976 2403996 
2977 2403996 
2978 2403996 
2979 2403997 
2980 2403997 
2981 2403998 
2982 2403998 
2983 2403999 
2984 2403999 
2985 2403999 
2986 2403999 
2987 2404000 
2988 2404000 
2989 2404008 
2990 2404011 
2991 2404011 
2992 2404011 
2993 2404015 
2994 2404017 
2995 2404017 
2996 2404018 
2997 2404018 
2998 2404018 
2999 2404019 
3000 2404019 
3001 2404019 
3002 2404019 
3003 2404019 
3004 2404020 
3005 2404020 
3006 2404020 
3007 2404021 
3008 2404021 
3009 2404021 
3010 2404022 
3011 2404022 
3012 2404022 
3013 2404022 
3014 2404023 
3015 2404023 
3016 2404023 
3017 2404030 
3018 2404030 
3019 2404030 
3020 2404031 
3021 2404032 
3022 2404032 
3023 2404032 
3024 2404037 
3025 2404037 
3026 2404044 
3027 2404045 
3028 2404045 
3029 2404045 
3030 2404046 
3031 2404046 
3032 2404046 
3033 2404046 
3034 2404047 
3035 2404047 
3036 2404047 
3037 2404048 
3038 2404048 
3039 2404049 
3040 2404049 
3041 2404061 
3042 2404067 
3043 2404067 
3044 2404074 
3045 2404074 
3046 2404082 
3047 2404082 
3048 2404082 
3049 2404082 
3050 2404083 
3051 2404083 
3052 2404083 
3053 2404084 
3054 2404084 
3055 2404085 
3056 2404100 
3057 2404101 
3058 2404101 
3059 2404101 
3060 2404105 
3061 2404105 
3062 2404106 
3063 2404106 
3064 2404106 
3065 2404120 
3066 2404121 
3067 2404121 
3068 2404121 
3069 2404122 
3070 2404122 
3071 2404122 
3072 2404125 
3073 2404125 
3074 2404127 
3075 2404127 
3076 2404127 
3077 2404129 
3078 2404137 
3079 2404138 
3080 2404138 
3081 2404138 
3082 2404138 
3083 2404143 
3084 2404143 
3085 2404143 
3086 2404144 
3087 2404145 
3088 2404146 
3089 2404146 
3090 2404147 
3091 2404147 
3092 2404147 
3093 2404148 
3094 2404148 
3095 2404148 
3096 2404148 
3097 2404149 
3098 2404149 
3099 2404149 
3100 2404150 
3101 2404150 
3102 2404151 
3103 2404151 
3104 2404151 
3105 2404152 
3106 2404153 
3107 2404153 
3108 2404156 
3109 2404156 
3110 2404156 
3111 2404157 
3112 2404159 
3113 2404160 
3114 2404161 
3115 2404167 
3116 2404181 
3117 2404181 
3118 2404181 
3119 2404182 
3120 2404182 
3121 2404182 
3122 2404183 
3123 2404183 
3124 2404183 
3125 2404184 
3126 2404188 
3127 2404189 
3128 2404192 
3129 2404193 
3130 2404193 
3131 2404193 
3132 2404194 
3133 2404194 
3134 2404195 
3135 2404197 
3136 2404197 
3137 2404198 
3138 2404198 
3139 2404198 
3140 2404203 
3141 2404203 
3142 2404203 
3143 2404204 
3144 2404213 
3145 2404213 
3146 2404218 
3147 2404218 
3148 2404221 
3149 2404223 
3150 2404224 
3151 2404225 
3152 2404225 
3153 2404225 
3154 2404225 
3155 2404226 
3156 2404226 
3157 2404226 
3158 2404227 
3159 2404227 
3160 2404227 
3161 2404228 
3162 2404228 
3163 2404231 
3164 2404232 
3165 2404236 
3166 2404237 
3167 2404241 
3168 2404241 
3169 2404245 
3170 2404245 
3171 2404245 
3172 2404246 
3173 2404251 
3174 2404256 
3175 2404257 
3176 2404258 
3177 2404258 
3178 2404259 
3179 2404265 
3180 2404265 
3181 2404269 
3182 2404270 
3183 2404271 
3184 2404272 
3185 2404272 
3186 2404272 
3187 2404272 
3188 2404273 
3189 2404273 
3190 2404274 
3191 2404274 
3192 2404274 
3193 2404274 
3194 2404275 
3195 2404275 
3196 2404276 
3197 2404276 
3198 2404278 
3199 2404278 
3200 2404295 
3201 2404296 
3202 2404296 
3203 2404297 
3204 2404297 
3205 2404297 
3206 2404298 
3207 2404299 
3208 2404300 
3209 2404320 
3210 2404320 
3211 2404321 
3212 2404322 
3213 2404322 
3214 2404323 
3215 2404323 
3216 2404323 
3217 2404324 
3218 2404324 
3219 2404324 
3220 2404325 
3221 2404325 
3222 2404325 
3223 2404326 
3224 2404326 
3225 2404326 
3226 2404327 
3227 2404327 
3228 2404327 
3229 2404328 
3230 2404328 
3231 2404328 
3232 2404329 
3233 2404329 
3234 2404329 
3235 2404330 
3236 2404330 
3237 2404331 
3238 2404331 
3239 2404331 
3240 2404332 
3241 2404332 
3242 2404332 
3243 2404341 
3244 2404341 
3245 2404342 
3246 2404342 
3247 2404345 
3248 2404345 
3249 2404350 
3250 2404353 
3251 2404353 
3252 2404353 
3253 2404353 
3254 2404358 
3255 2404360 
3256 2404361 
3257 2404361 
3258 2404365 
3259 2404365 
3260 2404368 
3261 2404368 
3262 2404369 
3263 2404370 
3264 2404370 
3265 2404373 
3266 2404373 
3267 2404373 
3268 2404376 
3269 2404377 
3270 2404377 
3271 2404378 
3272 2404378 
3273 2404379 
3274 2404379 
3275 2404380 
3276 2404380 
3277 2404380 
3278 2404381 
3279 2404382 
3280 2404383 
3281 2404383 
3282 2404383 
3283 2404386 
3284 2404387 
3285 2404387 
3286 2404387 
3287 2404387 
3288 2404388 
3289 2404388 
3290 2404389 
3291 2404401 
3292 2404402 
3293 2404402 
3294 2404402 
3295 2404405 
3296 2404406 
3297 2404406 
3298 2404406 
3299 2404407 
3300 2404407 
3301 2404407 
3302 2404408 
3303 2404408 
3304 2404409 
3305 2404409 
3306 2404409 
3307 2404410 
3308 2404410 
3309 2404410 
3310 2404411 
3311 2404411 
3312 2404411 
3313 2404415 
3314 2404415 
3315 2404416 
3316 2404416 
3317 2404416 
3318 2404417 
3319 2404419 
3320 2404419 
3321 2404420 
3322 2404420 
3323 2404420 
3324 2404420 
3325 2404421 
3326 2404421 
3327 2404422 
3328 2404422 
3329 2404423 
3330 2404425 
3331 2404425 
3332 2404426 
3333 2404426 
3334 2404426 
3335 2404427 
3336 2404427 
3337 2404427 
3338 2404427 
3339 2404432 
3340 2404432 
3341 2404432 
3342 2404433 
3343 2404437 
3344 2404439 
3345 2404440 
3346 2404442 
3347 2404442 
3348 2404443 
3349 2404443 
3350 2404443 
3351 2404445 
3352 2404446 
3353 2404455 
3354 2404456 
3355 2404456 
3356 2404458 
3357 2404472 
3358 2404472 
3359 2404475 
3360 2404476 
3361 2404480 
3362 2404481 
3363 2404481 
3364 2404481 
3365 2404481 
3366 2404488 
3367 2404493 
3368 2404494 
3369 2404494 
3370 2404494 
3371 2404495 
3372 2404495 
3373 2404495 
3374 2404496 
3375 2404496 
3376 2404500 
3377 2404501 
3378 2404503 
3379 2404505 
3380 2404505 
3381 2404505 
3382 2404510 
3383 2404511 
3384 2404511 
3385 2404512 
3386 2404512 
3387 2404513 
3388 2404513 
3389 2404513 
3390 2404514 
3391 2404515 
3392 2404515 
3393 2404515 
3394 2404519 
3395 2404520 
3396 2404520 
3397 2404520 
3398 2404521 
3399 2404521 
3400 2404524 
3401 2404525 
3402 2404526 
3403 2404526 
3404 2404527 
3405 2404527 
3406 2404533 
3407 2404533 
3408 2404542 
3409 2404542 
3410 2404542 
3411 2404542 
3412 2404543 
3413 2404543 
3414 2404543 
3415 2404544 
3416 2404544 
3417 2404544 
3418 2404545 
3419 2404545 
3420 2404545 
3421 2404546 
3422 2404546 
3423 2404546 
3424 2404547 
3425 2404547 
3426 2404547 
3427 2404548 
3428 2404548 
3429 2404549 
3430 2404549 
3431 2404549 
3432 2404550 
3433 2404550 
3434 2404550 
3435 2404551 
3436 2404551 
3437 2404551 
3438 2404552 
3439 2404552 
3440 2404552 
3441 2404553 
3442 2404553 
3443 2404554 
3444 2404565 
3445 2404565 
3446 2404566 
3447 2404566 
3448 2404571 
3449 2404571 
3450 2404573 
3451 2404573 
3452 2404574 
3453 2404574 
3454 2404574 
3455 2404575 
3456 2404577 
3457 2404577 
3458 2404578 
3459 2404579 
3460 2404579 
3461 2404579 
3462 2404580 
3463 2404580 
3464 2404580 
3465 2404580 
3466 2404581 
3467 2404584 
3468 2404584 
3469 2404584 
3470 2404585 
3471 2404585 
3472 2404585 
3473 2404585 
3474 2404586 
3475 2404586 
3476 2404586 
3477 2404587 
3478 2404587 
3479 2404588 
3480 2404588 
3481 2404588 
3482 2404589 
3483 2404589 
3484 2404592 
3485 2404592 
3486 2404592 
3487 2404593 
3488 2404595 
3489 2404597 
3490 2404598 
3491 2404598 
3492 2404599 
3493 2404599 
3494 2404599 
3495 2404600 
3496 2404600 
3497 2404601 
3498 2404601 
3499 2404601 
3500 2404602 
3501 2404602 
3502 2404603 
3503 2404603 
3504 2404603 
3505 2404603 
3506 2404604 
3507 2404604 
3508 2404607 
3509 2404620 
3510 2404621 
3511 2404621 
3512 2404621 
3513 2404622 
3514 2404622 
3515 2404626 
3516 2404627 
3517 2404627 
3518 2404631 
3519 2404631 
3520 2404632 
3521 2404632 
3522 2404636 
3523 2404637 
3524 2404638 
3525 2404640 
3526 2404641 
3527 2404641 
3528 2404641 
3529 2404641 
3530 2404647 
3531 2404647 
3532 2404647 
3533 2404648 
3534 2404648 
3535 2404648 
3536 2404649 
3537 2404649 
3538 2404649 
3539 2404650 
3540 2404650 
3541 2404650 
3542 2404650 
3543 2404651 
3544 2404653 
3545 2404653 
3546 2404653 
3547 2404659 
3548 2404666 
3549 2404667 
3550 2404667 
3551 2404668 
3552 2404668 
3553 2404671 
3554 2404672 
3555 2404682 
3556 2404682 
3557 2404682 
3558 2404683 
3559 2404691 
3560 2404691 
3561 2404691 
3562 2404701 
3563 2404701 
3564 2404701 
3565 2404702 
3566 2404706 
3567 2404708 
3568 2404711 
3569 2404711 
3570 2404711 
3571 2404717 
3572 2404719 
3573 2404719 
3574 2404724 
3575 2404724 
3576 2404725 
3577 2404725 
3578 2404725 
3579 2404726 
3580 2404726 
3581 2404726 
3582 2404726 
3583 2404727 
3584 2404728 
3585 2404733 
3586 2404737 
3587 2404737 
3588 2404737 
3589 2404738 
3590 2404738 
3591 2404738 
3592 2404738 
3593 2404738 
3594 2404739 
3595 2404739 
3596 2404739 
3597 2404740 
3598 2404740 
3599 2404740 
3600 2404740 
3601 2404740 
3602 2404740 
3603 2404741 
3604 2404741 
3605 2404741 
3606 2404741 
3607 2404742 
3608 2404752 
3609 2404752 
3610 2404753 
3611 2404753 
3612 2404753 
3613 2404754 
3614 2404755 
3615 2404755 
3616 2404755 
3617 2404756 
3618 2404757 
3619 2404759 
3620 2404759 
3621 2404759 
3622 2404762 
3623 2404763 
3624 2404766 
3625 2404766 
3626 2404768 
3627 2404768 
3628 2404769 
3629 2404769 
3630 2404771 
3631 2404771 
3632 2404772 
3633 2404772 
3634 2404775 
3635 2404776 
3636 2404776 
3637 2404777 
3638 2404777 
3639 2404777 
3640 2404787 
3641 2404787 
3642 2404787 
3643 2404790 
3644 2404790 
3645 2404791 
3646 2404791 
3647 2404791 
3648 2404792 
3649 2404795 
3650 2404795 
3651 2404796 
3652 2404796 
3653 2404796 
