1 2415600 
2 2415600 
3 2415600 
4 2415600 
5 2415601 
6 2415601 
7 2415601 
8 2415602 
9 2415602 
10 2415602 
11 2415603 
12 2415607 
13 2415608 
14 2415608 
15 2415614 
16 2415614 
17 2415614 
18 2415615 
19 2415615 
20 2415616 
21 2415616 
22 2415616 
23 2415617 
24 2415617 
25 2415617 
26 2415618 
27 2415618 
28 2415618 
29 2415619 
30 2415619 
31 2415620 
32 2415620 
33 2415621 
34 2415624 
35 2415625 
36 2415625 
37 2415626 
38 2415626 
39 2415626 
40 2415631 
41 2415631 
42 2415632 
43 2415633 
44 2415634 
45 2415634 
46 2415634 
47 2415635 
48 2415635 
49 2415635 
50 2415635 
51 2415636 
52 2415639 
53 2415641 
54 2415641 
55 2415643 
56 2415643 
57 2415644 
58 2415645 
59 2415650 
60 2415651 
61 2415651 
62 2415652 
63 2415652 
64 2415652 
65 2415655 
66 2415656 
67 2415656 
68 2415658 
69 2415658 
70 2415661 
71 2415662 
72 2415664 
73 2415665 
74 2415666 
75 2415666 
76 2415666 
77 2415669 
78 2415673 
79 2415673 
80 2415677 
81 2415677 
82 2415679 
83 2415682 
84 2415684 
85 2415684 
86 2415685 
87 2415685 
88 2415685 
89 2415686 
90 2415686 
91 2415689 
92 2415691 
93 2415692 
94 2415692 
95 2415693 
96 2415696 
97 2415701 
98 2415706 
99 2415706 
100 2415708 
101 2415708 
102 2415709 
103 2415712 
104 2415713 
105 2415713 
106 2415714 
107 2415716 
108 2415716 
109 2415722 
110 2415723 
111 2415729 
112 2415729 
113 2415729 
114 2415730 
115 2415730 
116 2415730 
117 2415744 
118 2415744 
119 2415753 
120 2415754 
121 2415760 
122 2415779 
123 2415779 
124 2415780 
125 2415780 
126 2415781 
127 2415786 
128 2415786 
129 2415799 
130 2415800 
131 2415800 
132 2415800 
133 2415800 
134 2415803 
135 2415804 
136 2415806 
137 2415807 
138 2415807 
139 2415808 
140 2415813 
141 2415817 
142 2415822 
143 2415823 
144 2415830 
145 2415839 
146 2415840 
147 2415848 
148 2415852 
149 2415862 
150 2415862 
151 2415887 
152 2415887 
153 2415888 
154 2415888 
155 2415890 
156 2415890 
157 2415891 
158 2415891 
159 2415894 
160 2415897 
161 2415898 
162 2415904 
163 2415905 
164 2415911 
165 2415917 
166 2415919 
167 2415920 
168 2415922 
169 2415923 
170 2415923 
171 2415925 
172 2415926 
173 2415926 
174 2415933 
175 2415933 
176 2415933 
177 2415933 
178 2415934 
179 2415934 
180 2415935 
181 2415936 
182 2415951 
183 2415952 
184 2415964 
185 2415964 
186 2415965 
187 2415965 
188 2415965 
189 2415966 
190 2415966 
191 2415970 
192 2415971 
193 2415971 
194 2415972 
195 2415972 
196 2415976 
197 2416005 
198 2416006 
199 2416041 
200 2416041 
201 2416056 
202 2416064 
203 2416071 
204 2416072 
205 2416088 
206 2416095 
207 2416098 
208 2416099 
209 2416112 
210 2416117 
211 2416117 
212 2416118 
213 2416119 
214 2416119 
215 2416119 
216 2416120 
217 2416120 
218 2416120 
219 2416121 
220 2416122 
221 2416125 
222 2416125 
223 2416126 
224 2416128 
225 2416128 
226 2416128 
227 2416131 
228 2416131 
229 2416132 
230 2416133 
231 2416135 
232 2416139 
233 2416139 
234 2416148 
235 2416155 
236 2416155 
237 2416155 
238 2416159 
239 2416159 
240 2416159 
241 2416160 
242 2416167 
243 2416168 
244 2416170 
245 2416171 
246 2416171 
247 2416172 
248 2416173 
249 2416173 
250 2416173 
251 2416174 
252 2416174 
253 2416184 
254 2416186 
255 2416187 
256 2416187 
257 2416187 
258 2416188 
259 2416194 
260 2416195 
261 2416195 
262 2416198 
263 2416202 
264 2416202 
265 2416213 
266 2416225 
267 2416230 
268 2416235 
269 2416235 
270 2416236 
271 2416236 
272 2416236 
273 2416237 
274 2416237 
275 2416237 
276 2416238 
277 2416239 
278 2416239 
279 2416242 
280 2416242 
281 2416242 
282 2416243 
283 2416243 
284 2416245 
285 2416246 
286 2416246 
287 2416247 
288 2416247 
289 2416248 
290 2416248 
291 2416248 
292 2416249 
293 2416249 
294 2416249 
295 2416250 
296 2416250 
297 2416250 
298 2416251 
299 2416251 
300 2416251 
301 2416252 
302 2416252 
303 2416252 
304 2416253 
305 2416253 
306 2416253 
307 2416253 
308 2416254 
309 2416254 
310 2416255 
311 2416255 
312 2416257 
313 2416257 
314 2416257 
315 2416265 
316 2416265 
317 2416265 
318 2416265 
319 2416269 
320 2416271 
321 2416271 
322 2416273 
323 2416274 
324 2416281 
325 2416281 
326 2416284 
327 2416298 
328 2416304 
329 2416309 
330 2416328 
331 2416342 
332 2416353 
333 2416354 
334 2416359 
335 2416368 
336 2416376 
337 2416377 
338 2416385 
339 2416388 
340 2416389 
341 2416389 
342 2416396 
343 2416396 
344 2416396 
345 2416397 
346 2416397 
347 2416397 
348 2416398 
349 2416398 
350 2416398 
351 2416405 
352 2416410 
353 2416424 
354 2416426 
355 2416430 
356 2416432 
357 2416437 
358 2416437 
359 2416442 
360 2416443 
361 2416443 
362 2416447 
363 2416449 
364 2416452 
365 2416455 
366 2416460 
367 2416478 
368 2416478 
369 2416478 
370 2416479 
371 2416480 
372 2416480 
373 2416481 
374 2416481 
375 2416482 
376 2416486 
377 2416490 
378 2416498 
379 2416507 
380 2416508 
381 2416531 
382 2416535 
383 2416541 
384 2416553 
385 2416558 
386 2416559 
387 2416560 
388 2416560 
389 2416560 
390 2416562 
391 2416562 
392 2416562 
393 2416563 
394 2416563 
395 2416564 
396 2416564 
397 2416564 
398 2416565 
399 2416565 
400 2416565 
401 2416574 
402 2416576 
403 2416576 
404 2416582 
405 2416582 
406 2416594 
407 2416597 
408 2416603 
409 2416607 
410 2416616 
411 2416637 
412 2416637 
413 2416641 
414 2416646 
415 2416654 
416 2416656 
417 2416663 
418 2416663 
419 2416670 
420 2416675 
421 2416676 
422 2416676 
423 2416676 
424 2416678 
425 2416681 
426 2416698 
427 2416698 
428 2416698 
429 2416702 
430 2416714 
431 2416715 
432 2416716 
433 2416717 
434 2416718 
435 2416721 
436 2416729 
437 2416740 
438 2416758 
439 2416759 
440 2416763 
441 2416763 
442 2416764 
443 2416764 
444 2416764 
445 2416765 
446 2416765 
447 2416766 
448 2416766 
449 2416785 
450 2416796 
451 2416808 
452 2416808 
453 2416809 
454 2416810 
455 2416816 
456 2416818 
457 2416821 
458 2416825 
459 2416825 
460 2416825 
461 2416826 
462 2416826 
463 2416826 
464 2416827 
465 2416827 
466 2416828 
467 2416828 
468 2416828 
469 2416829 
470 2416830 
471 2416830 
472 2416831 
473 2416833 
474 2416833 
475 2416835 
476 2416835 
477 2416836 
478 2416836 
479 2416837 
480 2416837 
481 2416838 
482 2416839 
483 2416839 
484 2416841 
485 2416846 
486 2416847 
487 2416847 
488 2416847 
489 2416848 
490 2416855 
491 2416865 
492 2416877 
493 2416883 
494 2416883 
495 2416884 
496 2416884 
497 2416884 
498 2416888 
499 2416888 
500 2416888 
501 2416925 
502 2416925 
503 2416930 
504 2416934 
505 2416941 
506 2416942 
507 2416948 
508 2416967 
509 2416967 
510 2416968 
511 2416968 
512 2416968 
513 2416969 
514 2416969 
515 2416972 
516 2416972 
517 2416991 
518 2416991 
519 2416993 
520 2416993 
521 2416994 
522 2416998 
523 2416999 
524 2417005 
525 2417015 
526 2417015 
527 2417016 
528 2417016 
529 2417017 
530 2417017 
531 2417017 
532 2417018 
533 2417018 
534 2417018 
535 2417019 
536 2417019 
537 2417019 
538 2417019 
539 2417020 
540 2417020 
541 2417020 
542 2417021 
543 2417021 
544 2417021 
545 2417022 
546 2417022 
547 2417022 
548 2417023 
549 2417028 
550 2417030 
551 2417031 
552 2417038 
553 2417040 
554 2417040 
555 2417044 
556 2417051 
557 2417055 
558 2417061 
559 2417083 
560 2417085 
561 2417087 
562 2417093 
563 2417105 
564 2417109 
565 2417110 
566 2417110 
567 2417110 
568 2417119 
569 2417122 
570 2417123 
571 2417124 
572 2417124 
573 2417124 
574 2417125 
575 2417125 
576 2417125 
577 2417128 
578 2417128 
579 2417128 
580 2417129 
581 2417131 
582 2417131 
583 2417132 
584 2417132 
585 2417137 
586 2417138 
587 2417138 
588 2417139 
589 2417139 
590 2417140 
591 2417140 
592 2417140 
593 2417140 
594 2417141 
595 2417141 
596 2417144 
597 2417144 
598 2417145 
599 2417145 
600 2417145 
601 2417146 
602 2417146 
603 2417146 
604 2417147 
605 2417147 
606 2417147 
607 2417148 
608 2417148 
609 2417149 
610 2417150 
611 2417150 
612 2417150 
613 2417151 
614 2417151 
615 2417152 
616 2417152 
617 2417152 
618 2417153 
619 2417153 
620 2417153 
621 2417153 
622 2417154 
623 2417154 
624 2417154 
625 2417155 
626 2417155 
627 2417155 
628 2417156 
629 2417156 
630 2417157 
631 2417157 
632 2417157 
633 2417158 
634 2417158 
635 2417158 
636 2417159 
637 2417159 
638 2417160 
639 2417160 
640 2417160 
641 2417161 
642 2417161 
643 2417162 
644 2417162 
645 2417162 
646 2417163 
647 2417163 
648 2417163 
649 2417164 
650 2417164 
651 2417164 
652 2417165 
653 2417165 
654 2417166 
655 2417166 
656 2417166 
657 2417167 
658 2417167 
659 2417167 
660 2417168 
661 2417168 
662 2417168 
663 2417169 
664 2417169 
665 2417170 
666 2417171 
667 2417171 
668 2417181 
669 2417181 
670 2417181 
671 2417182 
672 2417182 
673 2417182 
674 2417183 
675 2417184 
676 2417184 
677 2417185 
678 2417185 
679 2417186 
680 2417186 
681 2417186 
682 2417186 
683 2417187 
684 2417187 
685 2417187 
686 2417188 
687 2417188 
688 2417189 
689 2417189 
690 2417196 
691 2417197 
692 2417197 
693 2417198 
694 2417198 
695 2417198 
696 2417198 
697 2417199 
698 2417199 
699 2417200 
700 2417201 
701 2417201 
702 2417201 
703 2417202 
704 2417203 
705 2417203 
706 2417204 
707 2417204 
708 2417204 
709 2417205 
710 2417207 
711 2417208 
712 2417210 
713 2417210 
714 2417210 
715 2417211 
716 2417211 
717 2417211 
718 2417212 
719 2417212 
720 2417212 
721 2417213 
722 2417213 
723 2417214 
724 2417214 
725 2417214 
726 2417215 
727 2417215 
728 2417226 
729 2417261 
730 2417263 
731 2417263 
732 2417276 
733 2417278 
734 2417279 
735 2417279 
736 2417280 
737 2417280 
738 2417281 
739 2417288 
740 2417288 
741 2417293 
742 2417293 
743 2417293 
744 2417294 
745 2417294 
746 2417294 
747 2417295 
748 2417295 
749 2417295 
750 2417295 
751 2417296 
752 2417296 
753 2417296 
754 2417302 
755 2417303 
756 2417303 
757 2417303 
758 2417304 
759 2417304 
760 2417304 
761 2417305 
762 2417305 
763 2417306 
764 2417306 
765 2417307 
766 2417307 
767 2417308 
768 2417308 
769 2417308 
770 2417309 
771 2417309 
772 2417309 
773 2417310 
774 2417310 
775 2417311 
776 2417311 
777 2417311 
778 2417312 
779 2417312 
780 2417312 
781 2417313 
782 2417315 
783 2417315 
784 2417315 
785 2417316 
786 2417316 
787 2417316 
788 2417317 
789 2417317 
790 2417324 
791 2417325 
792 2417326 
793 2417332 
794 2417337 
795 2417340 
796 2417340 
797 2417347 
798 2417347 
799 2417357 
800 2417364 
801 2417369 
802 2417375 
803 2417376 
804 2417377 
805 2417378 
806 2417378 
807 2417379 
808 2417379 
809 2417382 
810 2417382 
811 2417382 
812 2417383 
813 2417385 
814 2417385 
815 2417388 
816 2417390 
817 2417391 
818 2417395 
819 2417396 
820 2417397 
821 2417397 
822 2417402 
823 2417402 
824 2417411 
825 2417412 
826 2417418 
827 2417418 
828 2417418 
829 2417419 
830 2417419 
831 2417419 
832 2417420 
833 2417429 
834 2417440 
835 2417443 
836 2417449 
837 2417452 
838 2417452 
839 2417453 
840 2417453 
841 2417453 
842 2417457 
843 2417457 
844 2417457 
845 2417457 
846 2417458 
847 2417458 
848 2417462 
849 2417464 
850 2417467 
851 2417468 
852 2417468 
853 2417469 
854 2417469 
855 2417470 
856 2417470 
857 2417470 
858 2417471 
859 2417471 
860 2417471 
861 2417472 
862 2417472 
863 2417473 
864 2417473 
865 2417474 
866 2417474 
867 2417478 
868 2417485 
869 2417485 
870 2417486 
871 2417486 
872 2417486 
873 2417487 
874 2417487 
875 2417488 
876 2417490 
877 2417491 
878 2417495 
879 2417498 
880 2417503 
881 2417504 
882 2417506 
883 2417507 
884 2417508 
885 2417508 
886 2417508 
887 2417509 
888 2417509 
889 2417509 
890 2417510 
891 2417511 
892 2417513 
893 2417516 
894 2417518 
895 2417518 
896 2417519 
897 2417520 
898 2417520 
899 2417520 
900 2417520 
901 2417521 
902 2417522 
903 2417522 
904 2417522 
905 2417522 
906 2417523 
907 2417523 
908 2417524 
909 2417524 
910 2417524 
911 2417524 
912 2417525 
913 2417525 
914 2417525 
915 2417526 
916 2417526 
917 2417526 
918 2417526 
919 2417527 
920 2417527 
921 2417527 
922 2417528 
923 2417528 
924 2417529 
925 2417531 
926 2417531 
927 2417532 
928 2417532 
929 2417532 
930 2417533 
931 2417533 
932 2417533 
933 2417534 
934 2417539 
935 2417539 
936 2417540 
937 2417540 
938 2417541 
939 2417541 
940 2417542 
941 2417543 
942 2417547 
943 2417547 
944 2417548 
945 2417550 
946 2417550 
947 2417551 
948 2417552 
949 2417552 
950 2417552 
951 2417564 
952 2417564 
953 2417567 
954 2417569 
955 2417573 
956 2417575 
957 2417575 
958 2417576 
959 2417581 
960 2417588 
961 2417588 
962 2417588 
963 2417589 
964 2417589 
965 2417589 
966 2417590 
967 2417590 
968 2417591 
969 2417591 
970 2417591 
971 2417596 
972 2417597 
973 2417597 
974 2417597 
975 2417600 
976 2417604 
977 2417605 
978 2417605 
979 2417605 
980 2417605 
981 2417610 
982 2417610 
983 2417612 
984 2417613 
985 2417613 
986 2417615 
987 2417622 
988 2417624 
989 2417624 
990 2417625 
991 2417625 
992 2417625 
993 2417626 
994 2417630 
995 2417630 
996 2417636 
997 2417639 
998 2417646 
999 2417650 
1000 2417654 
1001 2417655 
1002 2417656 
1003 2417656 
1004 2417660 
1005 2417660 
1006 2417660 
1007 2417662 
1008 2417667 
1009 2417674 
1010 2417676 
1011 2417677 
1012 2417677 
1013 2417677 
1014 2417677 
1015 2417678 
1016 2417678 
1017 2417678 
1018 2417679 
1019 2417685 
1020 2417693 
1021 2417701 
1022 2417706 
1023 2417706 
1024 2417708 
1025 2417708 
1026 2417717 
1027 2417718 
1028 2417719 
1029 2417719 
1030 2417719 
1031 2417720 
1032 2417720 
1033 2417720 
1034 2417721 
1035 2417721 
1036 2417722 
1037 2417722 
1038 2417722 
1039 2417723 
1040 2417723 
1041 2417724 
1042 2417724 
1043 2417724 
1044 2417730 
1045 2417730 
1046 2417731 
1047 2417731 
1048 2417731 
1049 2417732 
1050 2417733 
1051 2417734 
1052 2417734 
1053 2417734 
1054 2417736 
1055 2417737 
1056 2417738 
1057 2417738 
1058 2417738 
1059 2417739 
1060 2417742 
1061 2417742 
1062 2417742 
1063 2417743 
1064 2417744 
1065 2417744 
1066 2417744 
1067 2417745 
1068 2417745 
1069 2417747 
1070 2417747 
1071 2417748 
1072 2417749 
1073 2417749 
1074 2417749 
1075 2417750 
1076 2417750 
1077 2417750 
1078 2417751 
1079 2417751 
1080 2417751 
1081 2417751 
1082 2417752 
1083 2417752 
1084 2417752 
1085 2417753 
1086 2417753 
1087 2417754 
1088 2417754 
1089 2417754 
1090 2417755 
1091 2417755 
1092 2417761 
1093 2417762 
1094 2417762 
1095 2417762 
1096 2417762 
1097 2417775 
1098 2417776 
1099 2417776 
1100 2417782 
1101 2417782 
1102 2417783 
1103 2417783 
1104 2417784 
1105 2417786 
1106 2417786 
1107 2417786 
1108 2417788 
1109 2417801 
1110 2417811 
1111 2417822 
1112 2417823 
1113 2417831 
1114 2417842 
1115 2417842 
1116 2417842 
1117 2417854 
1118 2417855 
1119 2417855 
1120 2417856 
1121 2417856 
1122 2417856 
1123 2417857 
1124 2417857 
1125 2417857 
1126 2417858 
1127 2417858 
1128 2417858 
1129 2417863 
1130 2417866 
1131 2417866 
1132 2417866 
1133 2417867 
1134 2417867 
1135 2417867 
1136 2417868 
1137 2417874 
1138 2417874 
1139 2417874 
1140 2417875 
1141 2417875 
1142 2417875 
1143 2417876 
1144 2417876 
1145 2417876 
1146 2417877 
1147 2417877 
1148 2417877 
1149 2417878 
1150 2417878 
1151 2417879 
1152 2417879 
1153 2417881 
1154 2417882 
1155 2417882 
1156 2417882 
1157 2417883 
1158 2417883 
1159 2417890 
1160 2417890 
1161 2417895 
1162 2417896 
1163 2417896 
1164 2417896 
1165 2417897 
1166 2417897 
1167 2417897 
1168 2417898 
1169 2417898 
1170 2417898 
1171 2417899 
1172 2417900 
1173 2417901 
1174 2417901 
1175 2417901 
1176 2417902 
1177 2417902 
1178 2417902 
1179 2417903 
1180 2417903 
1181 2417903 
1182 2417904 
1183 2417904 
1184 2417904 
1185 2417905 
1186 2417905 
1187 2417905 
1188 2417906 
1189 2417906 
1190 2417907 
1191 2417907 
1192 2417907 
1193 2417908 
1194 2417908 
1195 2417909 
1196 2417919 
1197 2417919 
1198 2417919 
1199 2417931 
1200 2417946 
1201 2417946 
1202 2417959 
1203 2417960 
1204 2417964 
1205 2417968 
1206 2417968 
1207 2417969 
1208 2417973 
1209 2417978 
1210 2417981 
1211 2417984 
1212 2417984 
1213 2417988 
1214 2418000 
1215 2418000 
1216 2418000 
1217 2418004 
1218 2418029 
1219 2418036 
1220 2418036 
1221 2418039 
1222 2418039 
1223 2418040 
1224 2418040 
1225 2418041 
1226 2418041 
1227 2418041 
1228 2418042 
1229 2418042 
1230 2418042 
1231 2418047 
1232 2418047 
1233 2418047 
1234 2418059 
1235 2418059 
1236 2418064 
1237 2418069 
1238 2418069 
1239 2418069 
1240 2418073 
1241 2418078 
1242 2418078 
1243 2418078 
1244 2418079 
1245 2418088 
1246 2418088 
1247 2418092 
1248 2418092 
1249 2418093 
1250 2418093 
1251 2418093 
1252 2418096 
1253 2418096 
1254 2418097 
1255 2418097 
1256 2418098 
1257 2418098 
1258 2418098 
1259 2418098 
1260 2418099 
1261 2418099 
1262 2418099 
1263 2418106 
1264 2418107 
1265 2418108 
1266 2418109 
1267 2418110 
1268 2418111 
1269 2418111 
1270 2418111 
1271 2418112 
1272 2418112 
1273 2418112 
1274 2418113 
1275 2418113 
1276 2418113 
1277 2418116 
1278 2418116 
1279 2418117 
1280 2418118 
1281 2418121 
1282 2418126 
1283 2418128 
1284 2418137 
1285 2418142 
1286 2418142 
1287 2418145 
1288 2418146 
1289 2418147 
1290 2418150 
1291 2418155 
1292 2418156 
1293 2418156 
1294 2418156 
1295 2418157 
1296 2418157 
1297 2418158 
1298 2418158 
1299 2418158 
1300 2418159 
1301 2418159 
1302 2418162 
1303 2418162 
1304 2418163 
1305 2418163 
1306 2418164 
1307 2418165 
1308 2418165 
1309 2418165 
1310 2418166 
1311 2418168 
1312 2418168 
1313 2418170 
1314 2418170 
1315 2418171 
1316 2418171 
1317 2418171 
1318 2418171 
1319 2418177 
1320 2418178 
1321 2418178 
1322 2418179 
1323 2418184 
1324 2418185 
1325 2418188 
1326 2418188 
1327 2418193 
1328 2418193 
1329 2418193 
1330 2418194 
1331 2418194 
1332 2418194 
1333 2418194 
1334 2418195 
1335 2418195 
1336 2418195 
1337 2418198 
1338 2418198 
1339 2418198 
1340 2418199 
1341 2418199 
1342 2418200 
1343 2418200 
1344 2418203 
1345 2418206 
1346 2418207 
1347 2418207 
1348 2418213 
1349 2418213 
1350 2418214 
1351 2418215 
1352 2418216 
1353 2418217 
1354 2418222 
1355 2418223 
1356 2418224 
1357 2418224 
1358 2418224 
1359 2418225 
1360 2418225 
1361 2418232 
1362 2418238 
1363 2418239 
1364 2418239 
1365 2418239 
1366 2418240 
1367 2418240 
1368 2418240 
1369 2418242 
1370 2418242 
1371 2418242 
1372 2418245 
1373 2418245 
1374 2418245 
1375 2418246 
1376 2418246 
1377 2418246 
1378 2418247 
1379 2418247 
1380 2418247 
1381 2418248 
1382 2418250 
1383 2418253 
1384 2418254 
1385 2418254 
1386 2418257 
1387 2418257 
1388 2418263 
1389 2418264 
1390 2418271 
1391 2418271 
1392 2418271 
1393 2418272 
1394 2418272 
1395 2418275 
1396 2418276 
1397 2418276 
1398 2418276 
1399 2418277 
1400 2418277 
1401 2418277 
1402 2418278 
1403 2418278 
1404 2418279 
1405 2418279 
1406 2418279 
1407 2418280 
1408 2418280 
1409 2418280 
1410 2418281 
1411 2418281 
1412 2418283 
1413 2418285 
1414 2418285 
1415 2418294 
1416 2418298 
1417 2418301 
1418 2418305 
1419 2418312 
1420 2418314 
1421 2418314 
1422 2418315 
1423 2418318 
1424 2418318 
1425 2418322 
1426 2418326 
1427 2418327 
1428 2418327 
1429 2418330 
1430 2418330 
1431 2418331 
1432 2418331 
1433 2418331 
1434 2418332 
1435 2418332 
1436 2418332 
1437 2418333 
1438 2418334 
1439 2418334 
1440 2418334 
1441 2418339 
1442 2418340 
1443 2418340 
1444 2418340 
1445 2418341 
1446 2418342 
1447 2418342 
1448 2418345 
1449 2418346 
1450 2418347 
1451 2418347 
1452 2418349 
1453 2418350 
1454 2418350 
1455 2418352 
1456 2418353 
1457 2418354 
1458 2418354 
1459 2418354 
1460 2418354 
1461 2418355 
1462 2418358 
1463 2418361 
1464 2418364 
1465 2418373 
1466 2418374 
1467 2418374 
1468 2418377 
1469 2418379 
1470 2418386 
1471 2418391 
1472 2418392 
1473 2418392 
1474 2418394 
1475 2418400 
1476 2418400 
1477 2418403 
1478 2418408 
1479 2418408 
1480 2418409 
1481 2418416 
1482 2418417 
1483 2418418 
1484 2418418 
1485 2418421 
1486 2418422 
1487 2418422 
1488 2418428 
1489 2418429 
1490 2418430 
1491 2418430 
1492 2418430 
1493 2418431 
1494 2418431 
1495 2418431 
1496 2418432 
1497 2418433 
1498 2418433 
1499 2418433 
1500 2418434 
1501 2418436 
1502 2418439 
1503 2418446 
1504 2418446 
1505 2418447 
1506 2418447 
1507 2418447 
1508 2418448 
1509 2418450 
1510 2418461 
1511 2418464 
1512 2418465 
1513 2418467 
1514 2418467 
1515 2418479 
1516 2418479 
1517 2418483 
1518 2418484 
1519 2418486 
1520 2418486 
1521 2418486 
1522 2418489 
1523 2418490 
1524 2418493 
1525 2418496 
1526 2418497 
1527 2418499 
1528 2418500 
1529 2418501 
1530 2418501 
1531 2418504 
1532 2418509 
1533 2418509 
1534 2418511 
1535 2418512 
1536 2418512 
1537 2418512 
1538 2418517 
1539 2418518 
1540 2418518 
1541 2418518 
1542 2418519 
1543 2418519 
1544 2418519 
1545 2418520 
1546 2418527 
1547 2418528 
1548 2418531 
1549 2418531 
1550 2418534 
1551 2418534 
1552 2418552 
1553 2418553 
1554 2418554 
1555 2418554 
1556 2418555 
1557 2418562 
1558 2418562 
1559 2418566 
1560 2418571 
1561 2418575 
1562 2418576 
1563 2418577 
1564 2418577 
1565 2418577 
1566 2418577 
1567 2418577 
1568 2418579 
1569 2418579 
1570 2418579 
1571 2418580 
1572 2418580 
1573 2418580 
1574 2418583 
1575 2418584 
1576 2418584 
1577 2418585 
1578 2418598 
1579 2418598 
1580 2418598 
1581 2418599 
1582 2418599 
1583 2418599 
1584 2418600 
1585 2418600 
1586 2418603 
1587 2418604 
1588 2418604 
1589 2418604 
1590 2418604 
1591 2418609 
1592 2418611 
1593 2418614 
1594 2418616 
1595 2418618 
1596 2418622 
1597 2418622 
1598 2418623 
1599 2418623 
1600 2418623 
1601 2418624 
1602 2418624 
1603 2418624 
1604 2418627 
1605 2418628 
1606 2418628 
1607 2418631 
1608 2418631 
1609 2418637 
1610 2418638 
1611 2418638 
1612 2418642 
1613 2418642 
1614 2418643 
1615 2418643 
1616 2418643 
1617 2418645 
1618 2418648 
1619 2418649 
1620 2418649 
1621 2418649 
1622 2418653 
1623 2418653 
1624 2418664 
1625 2418665 
1626 2418665 
1627 2418665 
1628 2418666 
1629 2418667 
1630 2418667 
1631 2418667 
1632 2418668 
1633 2418669 
1634 2418669 
1635 2418672 
1636 2418678 
1637 2418678 
1638 2418679 
1639 2418680 
1640 2418681 
1641 2418683 
1642 2418684 
1643 2418684 
1644 2418684 
1645 2418685 
1646 2418685 
1647 2418686 
1648 2418686 
1649 2418686 
1650 2418686 
1651 2418687 
1652 2418687 
1653 2418687 
1654 2418687 
1655 2418688 
1656 2418689 
1657 2418689 
1658 2418702 
1659 2418706 
1660 2418710 
1661 2418716 
1662 2418723 
1663 2418729 
1664 2418734 
1665 2418736 
1666 2418740 
1667 2418741 
1668 2418750 
1669 2418757 
1670 2418758 
1671 2418758 
1672 2418760 
1673 2418771 
1674 2418771 
1675 2418775 
1676 2418775 
1677 2418775 
1678 2418776 
1679 2418777 
1680 2418777 
1681 2418779 
1682 2418782 
1683 2418784 
1684 2418787 
1685 2418792 
1686 2418793 
1687 2418796 
1688 2418796 
1689 2418797 
1690 2418797 
1691 2418798 
1692 2418798 
1693 2418798 
1694 2418799 
1695 2418799 
1696 2418805 
1697 2418808 
1698 2418810 
1699 2418814 
1700 2418814 
1701 2418818 
1702 2418821 
1703 2418821 
1704 2418845 
1705 2418846 
1706 2418847 
1707 2418849 
1708 2418857 
1709 2418857 
1710 2418857 
1711 2418857 
1712 2418858 
1713 2418858 
1714 2418859 
1715 2418859 
1716 2418859 
1717 2418863 
1718 2418863 
1719 2418864 
1720 2418864 
1721 2418869 
1722 2418869 
1723 2418870 
1724 2418870 
1725 2418870 
1726 2418870 
1727 2418879 
1728 2418879 
1729 2418884 
1730 2418887 
1731 2418893 
1732 2418893 
1733 2418898 
1734 2418899 
1735 2418899 
1736 2418899 
1737 2418900 
1738 2418903 
1739 2418903 
1740 2418904 
1741 2418906 
1742 2418907 
1743 2418908 
1744 2418908 
1745 2418908 
1746 2418908 
1747 2418909 
1748 2418909 
1749 2418928 
1750 2418928 
1751 2418931 
1752 2418931 
1753 2418938 
1754 2418947 
1755 2418951 
1756 2418956 
1757 2418958 
1758 2418959 
1759 2418961 
1760 2418961 
1761 2418962 
1762 2418962 
1763 2418962 
1764 2418962 
1765 2418963 
1766 2418963 
1767 2418963 
1768 2418964 
1769 2418964 
1770 2418965 
1771 2418974 
1772 2418975 
1773 2418975 
1774 2418979 
1775 2418979 
1776 2418979 
1777 2418980 
1778 2418980 
1779 2418984 
1780 2418988 
1781 2418988 
1782 2418989 
1783 2418989 
1784 2418992 
1785 2418992 
1786 2418993 
1787 2418994 
1788 2418994 
1789 2418995 
1790 2418995 
1791 2418995 
1792 2418996 
1793 2418996 
1794 2418996 
1795 2419001 
1796 2419003 
1797 2419003 
1798 2419004 
1799 2419007 
1800 2419007 
1801 2419008 
1802 2419008 
1803 2419008 
1804 2419009 
1805 2419009 
1806 2419009 
1807 2419010 
1808 2419015 
1809 2419017 
1810 2419017 
1811 2419020 
1812 2419022 
1813 2419022 
1814 2419028 
1815 2419029 
1816 2419035 
1817 2419035 
1818 2419035 
1819 2419036 
1820 2419038 
1821 2419040 
1822 2419041 
1823 2419042 
1824 2419046 
1825 2419046 
1826 2419046 
1827 2419047 
1828 2419047 
1829 2419050 
1830 2419050 
1831 2419050 
1832 2419051 
1833 2419059 
1834 2419059 
1835 2419059 
1836 2419066 
1837 2419066 
1838 2419068 
1839 2419068 
1840 2419069 
1841 2419073 
1842 2419074 
1843 2419076 
1844 2419076 
1845 2419077 
1846 2419080 
1847 2419080 
1848 2419083 
1849 2419083 
1850 2419083 
1851 2419089 
1852 2419097 
1853 2419097 
1854 2419098 
1855 2419100 
1856 2419100 
1857 2419100 
1858 2419101 
1859 2419101 
1860 2419101 
1861 2419102 
1862 2419102 
1863 2419102 
1864 2419102 
1865 2419102 
1866 2419103 
1867 2419104 
1868 2419106 
1869 2419107 
1870 2419107 
1871 2419107 
1872 2419107 
1873 2419108 
1874 2419108 
1875 2419108 
1876 2419109 
1877 2419109 
1878 2419109 
1879 2419109 
1880 2419109 
1881 2419111 
1882 2419112 
1883 2419112 
1884 2419113 
1885 2419114 
1886 2419114 
1887 2419114 
1888 2419115 
1889 2419115 
1890 2419115 
1891 2419115 
1892 2419116 
1893 2419116 
1894 2419131 
1895 2419131 
1896 2419143 
1897 2419143 
1898 2419155 
1899 2419155 
1900 2419155 
1901 2419156 
1902 2419156 
1903 2419159 
1904 2419160 
1905 2419160 
1906 2419160 
1907 2419165 
1908 2419172 
1909 2419172 
1910 2419172 
1911 2419172 
1912 2419176 
1913 2419177 
1914 2419178 
1915 2419178 
1916 2419178 
1917 2419180 
1918 2419181 
1919 2419181 
1920 2419187 
1921 2419190 
1922 2419192 
1923 2419192 
1924 2419193 
1925 2419193 
1926 2419196 
1927 2419197 
1928 2419198 
