1106 1106 0 0 1106 634 1106 1106 0 85 1106 0 665 0 1106 1075 0 1106 851 657 1106 0 1106 1106 0 1044 0 910 1106 0 74 1106 1106 15 0 439 1106 1106 1106 579 1106 0 1106 69 1106 31 1106 1106 0 0 3 0 419 751 1106 1005 1053 1106 1106
1106 1106 0 0 1106 634 1106 1106 0 85 1106 0 665 0 1106 1075 0 1106 851 657 1106 0 1106 1106 0 1044 0 910 1106 0 74 1106 1106 15 0 439 1106 1106 1106 579 1106 0 1106 69 1106 31 1106 1106 0 0 3 0 419 751 1106 1005 1053 1106 1106
0 0 1106 1106 0 17 0 0 0 646 0 1106 419 442 0 0 1106 0 204 12 0 1059 0 0 1106 0 791 1 0 1106 348 0 0 165 1106 1 0 0 0 473 0 1106 0 37 0 1075 0 0 0 1106 825 0 202 0 0 1 1 0 0
0 0 1106 1106 0 17 0 0 0 646 0 1106 419 442 0 0 1106 0 204 12 0 1059 0 0 1106 0 791 1 0 1106 348 0 0 165 1106 1 0 0 0 473 0 1106 0 37 0 1075 0 0 0 1106 825 0 202 0 0 1 1 0 0
1106 1106 0 0 1106 634 1106 1106 0 85 1106 0 665 0 1106 1075 0 1106 851 657 1106 0 1106 1106 0 1044 0 910 1106 0 74 1106 1106 15 0 439 1106 1106 1106 579 1106 0 1106 69 1106 31 1106 1106 0 0 3 0 419 751 1106 1005 1053 1106 1106
634 634 17 17 634 1106 634 634 0 80 634 17 634 0 634 634 17 634 634 185 634 17 634 634 17 572 3 438 634 17 75 634 634 17 17 439 634 634 634 588 634 17 634 69 634 48 634 634 1 17 22 0 209 279 634 634 634 634 634
1106 1106 0 0 1106 634 1106 1106 0 85 1106 0 665 0 1106 1075 0 1106 851 657 1106 0 1106 1106 0 1044 0 910 1106 0 74 1106 1106 15 0 439 1106 1106 1106 579 1106 0 1106 69 1106 31 1106 1106 0 0 3 0 419 751 1106 1005 1053 1106 1106
1106 1106 0 0 1106 634 1106 1106 0 85 1106 0 665 0 1106 1075 0 1106 851 657 1106 0 1106 1106 0 1044 0 910 1106 0 74 1106 1106 15 0 439 1106 1106 1106 579 1106 0 1106 69 1106 31 1106 1106 0 0 3 0 419 751 1106 1005 1053 1106 1106
0 0 0 0 0 0 0 0 1106 12 0 0 0 0 0 0 0 0 0 0 0 0 0 0 0 1 0 61 0 0 0 0 0 0 0 0 0 0 0 0 0 0 0 0 0 0 0 0 0 0 16 0 32 0 0 0 0 0 0
85 85 646 646 85 80 85 85 12 1106 85 646 401 369 85 85 646 85 289 32 85 665 85 85 646 85 348 34 85 646 338 85 85 1 646 103 85 85 85 455 85 646 85 15 85 646 85 85 4 646 407 9 230 38 85 86 86 85 85
1106 1106 0 0 1106 634 1106 1106 0 85 1106 0 665 0 1106 1075 0 1106 851 657 1106 0 1106 1106 0 1044 0 910 1106 0 74 1106 1106 15 0 439 1106 1106 1106 579 1106 0 1106 69 1106 31 1106 1106 0 0 3 0 419 751 1106 1005 1053 1106 1106
0 0 1106 1106 0 17 0 0 0 646 0 1106 419 442 0 0 1106 0 204 12 0 1059 0 0 1106 0 791 1 0 1106 348 0 0 165 1106 1 0 0 0 473 0 1106 0 37 0 1075 0 0 0 1106 825 0 202 0 0 1 1 0 0
665 665 419 419 665 634 665 665 0 401 665 419 1106 419 665 665 419 665 869 216 665 399 665 665 419 603 231 469 665 419 394 665 665 15 419 439 665 665 665 998 665 419 665 69 665 450 665 665 0 419 138 0 442 310 665 666 666 665 665
0 0 442 442 0 0 0 0 0 369 0 442 419 1106 0 0 442 0 204 422 0 422 0 0 442 0 221 32 0 442 649 0 0 0 442 124 0 0 0 443 0 442 0 274 0 442 0 0 0 442 161 0 202 0 0 1 1 0 0
1106 1106 0 0 1106 634 1106 1106 0 85 1106 0 665 0 1106 1075 0 1106 851 657 1106 0 1106 1106 0 1044 0 910 1106 0 74 1106 1106 15 0 439 1106 1106 1106 579 1106 0 1106 69 1106 31 1106 1106 0 0 3 0 419 751 1106 1005 1053 1106 1106
1075 1075 0 0 1075 634 1075 1075 0 85 1075 0 665 0 1075 1106 0 1075 820 626 1075 0 1075 1075 0 1013 0 879 1075 0 74 1075 1075 24 0 439 1075 1075 1075 579 1075 0 1075 69 1075 31 1075 1075 19 0 3 0 388 720 1075 974 1022 1075 1075
0 0 1106 1106 0 17 0 0 0 646 0 1106 419 442 0 0 1106 0 204 12 0 1059 0 0 1106 0 791 1 0 1106 348 0 0 165 1106 1 0 0 0 473 0 1106 0 37 0 1075 0 0 0 1106 825 0 202 0 0 1 1 0 0
1106 1106 0 0 1106 634 1106 1106 0 85 1106 0 665 0 1106 1075 0 1106 851 657 1106 0 1106 1106 0 1044 0 910 1106 0 74 1106 1106 15 0 439 1106 1106 1106 579 1106 0 1106 69 1106 31 1106 1106 0 0 3 0 419 751 1106 1005 1053 1106 1106
851 851 204 204 851 634 851 851 0 289 851 204 869 204 851 820 204 851 1106 402 851 204 851 851 204 789 5 655 851 204 278 851 851 15 204 443 851 851 851 783 851 204 851 73 851 235 851 851 0 204 22 0 621 496 851 852 852 851 851
657 657 12 12 657 185 657 657 0 32 657 12 216 422 657 626 12 657 402 1106 657 4 657 657 12 657 12 680 657 12 139 657 657 0 12 1 657 657 657 130 657 12 657 43 657 12 657 657 0 12 15 0 395 649 657 556 604 657 657
1106 1106 0 0 1106 634 1106 1106 0 85 1106 0 665 0 1106 1075 0 1106 851 657 1106 0 1106 1106 0 1044 0 910 1106 0 74 1106 1106 15 0 439 1106 1106 1106 579 1106 0 1106 69 1106 31 1106 1106 0 0 3 0 419 751 1106 1005 1053 1106 1106
0 0 1059 1059 0 17 0 0 0 665 0 1059 399 422 0 0 1059 0 204 4 0 1106 0 0 1059 0 744 1 0 1059 337 0 0 165 1059 19 0 0 0 453 0 1059 0 45 0 1028 0 0 0 1059 778 8 202 0 0 1 1 0 0
1106 1106 0 0 1106 634 1106 1106 0 85 1106 0 665 0 1106 1075 0 1106 851 657 1106 0 1106 1106 0 1044 0 910 1106 0 74 1106 1106 15 0 439 1106 1106 1106 579 1106 0 1106 69 1106 31 1106 1106 0 0 3 0 419 751 1106 1005 1053 1106 1106
1106 1106 0 0 1106 634 1106 1106 0 85 1106 0 665 0 1106 1075 0 1106 851 657 1106 0 1106 1106 0 1044 0 910 1106 0 74 1106 1106 15 0 439 1106 1106 1106 579 1106 0 1106 69 1106 31 1106 1106 0 0 3 0 419 751 1106 1005 1053 1106 1106
0 0 1106 1106 0 17 0 0 0 646 0 1106 419 442 0 0 1106 0 204 12 0 1059 0 0 1106 0 791 1 0 1106 348 0 0 165 1106 1 0 0 0 473 0 1106 0 37 0 1075 0 0 0 1106 825 0 202 0 0 1 1 0 0
1044 1044 0 0 1044 572 1044 1044 1 85 1044 0 603 0 1044 1013 0 1044 789 657 1044 0 1044 1044 0 1106 0 910 1044 0 74 1044 1044 15 0 377 1044 1044 1044 517 1044 0 1044 47 1044 0 1044 1044 1 0 3 0 419 689 1044 943 991 1044 1044
0 0 791 791 0 3 0 0 0 348 0 791 231 221 0 0 791 0 5 12 0 744 0 0 791 0 1106 1 0 791 146 0 0 165 791 7 0 0 0 239 0 791 0 43 0 760 0 0 1 791 698 60 6 0 0 0 0 0 0
910 910 1 1 910 438 910 910 61 34 910 1 469 32 910 879 1 910 655 680 910 1 910 910 1 910 1 1106 910 1 3 910 910 25 1 243 910 910 910 383 910 1 910 53 910 1 910 910 27 1 4 2 446 662 910 809 857 910 910
1106 1106 0 0 1106 634 1106 1106 0 85 1106 0 665 0 1106 1075 0 1106 851 657 1106 0 1106 1106 0 1044 0 910 1106 0 74 1106 1106 15 0 439 1106 1106 1106 579 1106 0 1106 69 1106 31 1106 1106 0 0 3 0 419 751 1106 1005 1053 1106 1106
0 0 1106 1106 0 17 0 0 0 646 0 1106 419 442 0 0 1106 0 204 12 0 1059 0 0 1106 0 791 1 0 1106 348 0 0 165 1106 1 0 0 0 473 0 1106 0 37 0 1075 0 0 0 1106 825 0 202 0 0 1 1 0 0
74 74 348 348 74 75 74 74 0 338 74 348 394 649 74 74 348 74 278 139 74 337 74 74 348 74 146 3 74 348 1106 74 74 14 348 157 74 74 74 395 74 348 74 237 74 348 74 74 0 348 67 0 202 3 74 75 75 74 74
1106 1106 0 0 1106 634 1106 1106 0 85 1106 0 665 0 1106 1075 0 1106 851 657 1106 0 1106 1106 0 1044 0 910 1106 0 74 1106 1106 15 0 439 1106 1106 1106 579 1106 0 1106 69 1106 31 1106 1106 0 0 3 0 419 751 1106 1005 1053 1106 1106
1106 1106 0 0 1106 634 1106 1106 0 85 1106 0 665 0 1106 1075 0 1106 851 657 1106 0 1106 1106 0 1044 0 910 1106 0 74 1106 1106 15 0 439 1106 1106 1106 579 1106 0 1106 69 1106 31 1106 1106 0 0 3 0 419 751 1106 1005 1053 1106 1106
15 15 165 165 15 17 15 15 0 1 15 165 15 0 15 24 165 15 15 0 15 165 15 15 165 15 165 25 15 165 14 15 15 1106 165 15 15 15 15 15 15 165 15 52 15 134 15 15 347 165 168 0 220 0 15 15 15 15 15
0 0 1106 1106 0 17 0 0 0 646 0 1106 419 442 0 0 1106 0 204 12 0 1059 0 0 1106 0 791 1 0 1106 348 0 0 165 1106 1 0 0 0 473 0 1106 0 37 0 1075 0 0 0 1106 825 0 202 0 0 1 1 0 0
439 439 1 1 439 439 439 439 0 103 439 1 439 124 439 439 1 439 443 1 439 19 439 439 1 377 7 243 439 1 157 439 439 15 1 1106 439 439 439 440 439 1 439 583 439 32 439 439 0 1 11 0 59 102 439 536 439 439 439
1106 1106 0 0 1106 634 1106 1106 0 85 1106 0 665 0 1106 1075 0 1106 851 657 1106 0 1106 1106 0 1044 0 910 1106 0 74 1106 1106 15 0 439 1106 1106 1106 579 1106 0 1106 69 1106 31 1106 1106 0 0 3 0 419 751 1106 1005 1053 1106 1106
1106 1106 0 0 1106 634 1106 1106 0 85 1106 0 665 0 1106 1075 0 1106 851 657 1106 0 1106 1106 0 1044 0 910 1106 0 74 1106 1106 15 0 439 1106 1106 1106 579 1106 0 1106 69 1106 31 1106 1106 0 0 3 0 419 751 1106 1005 1053 1106 1106
1106 1106 0 0 1106 634 1106 1106 0 85 1106 0 665 0 1106 1075 0 1106 851 657 1106 0 1106 1106 0 1044 0 910 1106 0 74 1106 1106 15 0 439 1106 1106 1106 579 1106 0 1106 69 1106 31 1106 1106 0 0 3 0 419 751 1106 1005 1053 1106 1106
579 579 473 473 579 588 579 579 0 455 579 473 998 443 579 579 473 579 783 130 579 453 579 579 473 517 239 383 579 473 395 579 579 15 473 440 579 579 579 1106 579 473 579 70 579 504 579 579 0 473 192 0 356 224 579 580 580 579 579
1106 1106 0 0 1106 634 1106 1106 0 85 1106 0 665 0 1106 1075 0 1106 851 657 1106 0 1106 1106 0 1044 0 910 1106 0 74 1106 1106 15 0 439 1106 1106 1106 579 1106 0 1106 69 1106 31 1106 1106 0 0 3 0 419 751 1106 1005 1053 1106 1106
0 0 1106 1106 0 17 0 0 0 646 0 1106 419 442 0 0 1106 0 204 12 0 1059 0 0 1106 0 791 1 0 1106 348 0 0 165 1106 1 0 0 0 473 0 1106 0 37 0 1075 0 0 0 1106 825 0 202 0 0 1 1 0 0
1106 1106 0 0 1106 634 1106 1106 0 85 1106 0 665 0 1106 1075 0 1106 851 657 1106 0 1106 1106 0 1044 0 910 1106 0 74 1106 1106 15 0 439 1106 1106 1106 579 1106 0 1106 69 1106 31 1106 1106 0 0 3 0 419 751 1106 1005 1053 1106 1106
69 69 37 37 69 69 69 69 0 15 69 37 69 274 69 69 37 69 73 43 69 45 69 69 37 47 43 53 69 37 237 69 69 52 37 583 69 69 69 70 69 37 69 1106 69 10 69 69 17 37 47 1 61 26 69 166 69 69 69
1106 1106 0 0 1106 634 1106 1106 0 85 1106 0 665 0 1106 1075 0 1106 851 657 1106 0 1106 1106 0 1044 0 910 1106 0 74 1106 1106 15 0 439 1106 1106 1106 579 1106 0 1106 69 1106 31 1106 1106 0 0 3 0 419 751 1106 1005 1053 1106 1106
31 31 1075 1075 31 48 31 31 0 646 31 1075 450 442 31 31 1075 31 235 12 31 1028 31 31 1075 0 760 1 31 1075 348 31 31 134 1075 32 31 31 31 504 31 1075 31 10 31 1106 31 31 0 1075 794 0 202 31 31 32 32 31 31
1106 1106 0 0 1106 634 1106 1106 0 85 1106 0 665 0 1106 1075 0 1106 851 657 1106 0 1106 1106 0 1044 0 910 1106 0 74 1106 1106 15 0 439 1106 1106 1106 579 1106 0 1106 69 1106 31 1106 1106 0 0 3 0 419 751 1106 1005 1053 1106 1106
1106 1106 0 0 1106 634 1106 1106 0 85 1106 0 665 0 1106 1075 0 1106 851 657 1106 0 1106 1106 0 1044 0 910 1106 0 74 1106 1106 15 0 439 1106 1106 1106 579 1106 0 1106 69 1106 31 1106 1106 0 0 3 0 419 751 1106 1005 1053 1106 1106
0 0 0 0 0 1 0 0 0 4 0 0 0 0 0 19 0 0 0 0 0 0 0 0 0 1 1 27 0 0 0 0 0 347 0 0 0 0 0 0 0 0 0 17 0 0 0 0 1106 0 35 0 342 0 0 0 0 0 0
0 0 1106 1106 0 17 0 0 0 646 0 1106 419 442 0 0 1106 0 204 12 0 1059 0 0 1106 0 791 1 0 1106 348 0 0 165 1106 1 0 0 0 473 0 1106 0 37 0 1075 0 0 0 1106 825 0 202 0 0 1 1 0 0
3 3 825 825 3 22 3 3 16 407 3 825 138 161 3 3 825 3 22 15 3 778 3 3 825 3 698 4 3 825 67 3 3 168 825 11 3 3 3 192 3 825 3 47 3 794 3 3 35 825 1106 8 22 3 3 13 28 3 3
0 0 0 0 0 0 0 0 0 9 0 0 0 0 0 0 0 0 0 0 0 8 0 0 0 0 60 2 0 0 0 0 0 0 0 0 0 0 0 0 0 0 0 1 0 0 0 0 0 0 8 1106 1 0 0 1 0 0 0
419 419 202 202 419 209 419 419 32 230 419 202 442 202 419 388 202 419 621 395 419 202 419 419 202 419 6 446 419 202 202 419 419 220 202 59 419 419 419 356 419 202 419 61 419 202 419 419 342 202 22 1 1106 387 419 420 420 419 419
751 751 0 0 751 279 751 751 0 38 751 0 310 0 751 720 0 751 496 649 751 0 751 751 0 689 0 662 751 0 3 751 751 0 0 102 751 751 751 224 751 0 751 26 751 31 751 751 0 0 3 0 387 1106 751 650 698 751 751
1106 1106 0 0 1106 634 1106 1106 0 85 1106 0 665 0 1106 1075 0 1106 851 657 1106 0 1106 1106 0 1044 0 910 1106 0 74 1106 1106 15 0 439 1106 1106 1106 579 1106 0 1106 69 1106 31 1106 1106 0 0 3 0 419 751 1106 1005 1053 1106 1106
1005 1005 1 1 1005 634 1005 1005 0 86 1005 1 666 1 1005 974 1 1005 852 556 1005 1 1005 1005 1 943 0 809 1005 1 75 1005 1005 15 1 536 1005 1005 1005 580 1005 1 1005 166 1005 32 1005 1005 0 1 13 1 420 650 1005 1106 1005 1005 1005
1053 1053 1 1 1053 634 1053 1053 0 86 1053 1 666 1 1053 1022 1 1053 852 604 1053 1 1053 1053 1 991 0 857 1053 1 75 1053 1053 15 1 439 1053 1053 1053 580 1053 1 1053 69 1053 32 1053 1053 0 1 28 0 420 698 1053 1005 1106 1053 1053
1106 1106 0 0 1106 634 1106 1106 0 85 1106 0 665 0 1106 1075 0 1106 851 657 1106 0 1106 1106 0 1044 0 910 1106 0 74 1106 1106 15 0 439 1106 1106 1106 579 1106 0 1106 69 1106 31 1106 1106 0 0 3 0 419 751 1106 1005 1053 1106 1106
1106 1106 0 0 1106 634 1106 1106 0 85 1106 0 665 0 1106 1075 0 1106 851 657 1106 0 1106 1106 0 1044 0 910 1106 0 74 1106 1106 15 0 439 1106 1106 1106 579 1106 0 1106 69 1106 31 1106 1106 0 0 3 0 419 751 1106 1005 1053 1106 1106
