1 2703604 
2 2703607 
3 2703608 
4 2703609 
5 2703610 
6 2703611 
7 2703614 
8 2703615 
9 2703615 
10 2703616 
11 2703617 
12 2703617 
13 2703618 
14 2703618 
15 2703618 
16 2703621 
17 2703622 
18 2703626 
19 2703626 
20 2703626 
21 2703627 
22 2703627 
23 2703628 
24 2703628 
25 2703629 
26 2703629 
27 2703630 
28 2703631 
29 2703650 
30 2703655 
31 2703655 
32 2703658 
33 2703658 
34 2703658 
35 2703660 
36 2703660 
37 2703660 
38 2703660 
39 2703661 
40 2703661 
41 2703668 
42 2703671 
43 2703673 
44 2703673 
45 2703675 
46 2703677 
47 2703678 
48 2703681 
49 2703681 
50 2703682 
51 2703682 
52 2703682 
53 2703683 
54 2703683 
55 2703683 
56 2703684 
57 2703685 
58 2703685 
59 2703685 
60 2703686 
61 2703687 
62 2703687 
63 2703690 
64 2703693 
65 2703700 
66 2703702 
67 2703703 
68 2703705 
69 2703706 
70 2703709 
71 2703735 
72 2703738 
73 2703743 
74 2703744 
75 2703744 
76 2703745 
77 2703746 
78 2703747 
79 2703747 
80 2703748 
81 2703749 
82 2703753 
83 2703753 
84 2703754 
85 2703754 
86 2703757 
87 2703758 
88 2703761 
89 2703765 
90 2703766 
91 2703768 
92 2703769 
93 2703785 
94 2703787 
95 2703788 
96 2703791 
97 2703796 
98 2703810 
99 2703810 
100 2703811 
101 2703811 
102 2703812 
103 2703814 
104 2703815 
105 2703817 
106 2703827 
107 2703837 
108 2703838 
109 2703838 
110 2703839 
111 2703840 
112 2703840 
113 2703840 
114 2703841 
115 2703841 
116 2703841 
117 2703842 
118 2703842 
119 2703849 
120 2703849 
121 2703854 
122 2703854 
123 2703855 
124 2703855 
125 2703855 
126 2703856 
127 2703856 
128 2703856 
129 2703857 
130 2703857 
131 2703857 
132 2703859 
133 2703863 
134 2703865 
135 2703865 
136 2703869 
137 2703872 
138 2703872 
139 2703873 
140 2703873 
141 2703874 
142 2703874 
143 2703874 
144 2703875 
145 2703877 
146 2703877 
147 2703883 
148 2703889 
149 2703889 
150 2703892 
151 2703892 
152 2703894 
153 2703894 
154 2703896 
155 2703899 
156 2703900 
157 2703901 
158 2703902 
159 2703902 
160 2703903 
161 2703904 
162 2703910 
163 2703910 
164 2703910 
165 2703911 
166 2703917 
167 2703918 
168 2703918 
169 2703918 
170 2703919 
171 2703919 
172 2703920 
173 2703920 
174 2703920 
175 2703921 
176 2703921 
177 2703921 
178 2703922 
179 2703922 
180 2703922 
181 2703923 
182 2703923 
183 2703923 
184 2703924 
185 2703924 
186 2703924 
187 2703924 
188 2703925 
189 2703925 
190 2703925 
191 2703926 
192 2703926 
193 2703926 
194 2703930 
195 2703933 
196 2703938 
197 2703938 
198 2703939 
199 2703939 
200 2703939 
201 2703940 
202 2703942 
203 2703945 
204 2703945 
205 2703945 
206 2703946 
207 2703946 
208 2703947 
209 2703948 
210 2703952 
211 2703955 
212 2704001 
213 2704001 
214 2704001 
215 2704002 
216 2704004 
217 2704005 
218 2704005 
219 2704006 
220 2704006 
221 2704006 
222 2704011 
223 2704011 
224 2704011 
225 2704011 
226 2704013 
227 2704014 
228 2704014 
229 2704059 
230 2704059 
231 2704060 
232 2704065 
233 2704069 
234 2704076 
235 2704087 
236 2704090 
237 2704099 
238 2704101 
239 2704101 
240 2704101 
241 2704107 
242 2704117 
243 2704117 
244 2704117 
245 2704118 
246 2704152 
247 2704165 
248 2704165 
249 2704166 
250 2704171 
251 2704171 
252 2704171 
253 2704173 
254 2704175 
255 2704177 
256 2704179 
257 2704190 
258 2704201 
259 2704202 
260 2704202 
261 2704202 
262 2704203 
263 2704203 
264 2704203 
265 2704204 
266 2704220 
267 2704227 
268 2704227 
269 2704228 
270 2704228 
271 2704228 
272 2704229 
273 2704229 
274 2704229 
275 2704230 
276 2704230 
277 2704231 
278 2704232 
279 2704240 
280 2704245 
281 2704256 
282 2704259 
283 2704265 
284 2704292 
285 2704292 
286 2704294 
287 2704311 
288 2704344 
289 2704350 
290 2704352 
291 2704361 
292 2704377 
293 2704404 
294 2704404 
295 2704405 
296 2704409 
297 2704411 
298 2704413 
299 2704419 
300 2704478 
301 2704478 
302 2704479 
303 2704481 
304 2704482 
305 2704482 
306 2704495 
307 2704519 
308 2704519 
309 2704629 
310 2704631 
311 2704633 
312 2704633 
313 2704639 
314 2704647 
315 2704649 
316 2704651 
317 2704654 
318 2704657 
319 2704663 
320 2704664 
321 2704664 
322 2704665 
323 2704665 
324 2704665 
325 2704666 
326 2704666 
327 2704666 
328 2704667 
329 2704667 
330 2704667 
331 2704668 
332 2704670 
333 2704670 
334 2704673 
335 2704673 
336 2704682 
337 2704687 
338 2704694 
339 2704702 
340 2704702 
341 2704702 
342 2704703 
343 2704704 
344 2704704 
345 2704704 
346 2704712 
347 2704717 
348 2704724 
349 2704726 
350 2704739 
351 2704741 
352 2704741 
353 2704742 
354 2704742 
355 2704743 
356 2704743 
357 2704744 
358 2704747 
359 2704747 
360 2704748 
361 2704748 
362 2704748 
363 2704755 
364 2704756 
365 2704756 
366 2704756 
367 2704757 
368 2704757 
369 2704757 
370 2704758 
371 2704758 
372 2704759 
373 2704759 
374 2704759 
375 2704795 
376 2704796 
377 2704796 
378 2704796 
379 2704800 
380 2704800 
381 2704801 
382 2704805 
383 2704811 
384 2704811 
385 2704823 
386 2704833 
387 2704833 
388 2704846 
389 2704849 
390 2704850 
391 2704852 
392 2704853 
393 2704853 
394 2704854 
395 2704854 
396 2704856 
397 2704857 
398 2704859 
399 2704860 
400 2704860 
401 2704863 
402 2704864 
403 2704864 
404 2704866 
405 2704867 
406 2704867 
407 2704867 
408 2704868 
409 2704873 
410 2704875 
411 2704876 
412 2704876 
413 2704876 
414 2704877 
415 2704879 
416 2704879 
417 2704880 
418 2704880 
419 2704880 
420 2704882 
421 2704882 
422 2704885 
423 2704886 
424 2704886 
425 2704886 
426 2704889 
427 2704893 
428 2704898 
429 2704900 
430 2704903 
431 2704906 
432 2704907 
433 2704912 
434 2704914 
435 2704914 
436 2704914 
437 2704915 
438 2704915 
439 2704915 
440 2704916 
441 2704916 
442 2704917 
443 2704919 
444 2704919 
445 2704919 
446 2704926 
447 2704928 
448 2704931 
449 2704933 
450 2704937 
451 2704937 
452 2704938 
453 2704938 
454 2704938 
455 2704939 
456 2704941 
457 2704943 
458 2704943 
459 2704944 
460 2704944 
461 2704947 
462 2704950 
463 2704950 
464 2704950 
465 2704953 
466 2704953 
467 2704954 
468 2704954 
469 2704954 
470 2704957 
471 2704961 
472 2704962 
473 2704964 
474 2704967 
475 2704970 
476 2704970 
477 2704971 
478 2704971 
479 2704971 
480 2704974 
481 2704975 
482 2704975 
483 2704976 
484 2704977 
485 2704982 
486 2704983 
487 2704983 
488 2704983 
489 2704984 
490 2704985 
491 2704985 
492 2704988 
493 2704989 
494 2704990 
495 2704990 
496 2704992 
497 2704992 
498 2704993 
499 2704995 
500 2704995 
501 2704996 
502 2704996 
503 2704998 
504 2705000 
505 2705001 
506 2705003 
507 2705009 
508 2705010 
509 2705012 
510 2705012 
511 2705012 
512 2705012 
513 2705013 
514 2705014 
515 2705014 
516 2705014 
517 2705019 
518 2705020 
519 2705022 
520 2705025 
521 2705028 
522 2705030 
523 2705031 
524 2705034 
525 2705039 
526 2705040 
527 2705062 
528 2705066 
529 2705069 
530 2705071 
531 2705072 
532 2705077 
533 2705090 
534 2705091 
535 2705091 
536 2705091 
537 2705092 
538 2705100 
539 2705101 
540 2705113 
541 2705113 
542 2705114 
543 2705114 
544 2705114 
545 2705115 
546 2705128 
547 2705129 
548 2705129 
549 2705129 
550 2705129 
551 2705130 
552 2705130 
553 2705130 
554 2705131 
555 2705131 
556 2705131 
557 2705132 
558 2705132 
559 2705132 
560 2705133 
561 2705133 
562 2705133 
563 2705134 
564 2705134 
565 2705134 
566 2705135 
567 2705135 
568 2705135 
569 2705136 
570 2705136 
571 2705136 
572 2705137 
573 2705137 
574 2705137 
575 2705137 
576 2705138 
577 2705139 
578 2705141 
579 2705141 
580 2705142 
581 2705154 
582 2705156 
583 2705156 
584 2705157 
585 2705157 
586 2705157 
587 2705158 
588 2705158 
589 2705158 
590 2705159 
591 2705161 
592 2705161 
593 2705161 
594 2705162 
595 2705175 
596 2705175 
597 2705205 
598 2705205 
599 2705205 
600 2705209 
601 2705209 
602 2705209 
603 2705292 
604 2705293 
605 2705450 
606 2705473 
607 2705477 
608 2705490 
609 2705492 
610 2705512 
611 2705551 
612 2705555 
613 2705557 
614 2705559 
615 2705561 
616 2705654 
617 2705654 
618 2705781 
619 2705790 
620 2705790 
621 2705791 
622 2705791 
623 2705792 
624 2705792 
625 2705792 
626 2705793 
627 2705793 
628 2705793 
629 2705796 
630 2705800 
631 2705801 
632 2705801 
633 2705805 
634 2705809 
635 2705814 
636 2705817 
637 2705818 
638 2705825 
639 2705834 
640 2705847 
641 2705873 
642 2705876 
643 2705881 
644 2705883 
645 2705885 
646 2705916 
647 2705918 
648 2705919 
649 2705919 
650 2705919 
651 2705920 
652 2705920 
653 2705920 
654 2705920 
655 2705921 
656 2705922 
657 2705924 
658 2705934 
659 2705967 
660 2705981 
661 2705982 
662 2705991 
663 2705991 
664 2705992 
665 2706039 
666 2706055 
667 2706056 
668 2706056 
669 2706056 
670 2706057 
671 2706057 
672 2706057 
673 2706058 
674 2706058 
675 2706058 
676 2706059 
677 2706059 
678 2706059 
679 2706060 
680 2706060 
681 2706060 
682 2706061 
683 2706061 
684 2706246 
685 2706248 
686 2706250 
687 2706252 
688 2706255 
689 2706267 
690 2706268 
691 2706268 
692 2706268 
693 2706269 
694 2706270 
695 2706285 
696 2706287 
697 2706289 
698 2706297 
699 2706298 
700 2706309 
701 2706313 
702 2706317 
703 2706335 
704 2706335 
705 2706339 
706 2706341 
707 2706343 
708 2706345 
709 2706356 
710 2706356 
711 2706357 
712 2706357 
713 2706357 
714 2706358 
715 2706358 
716 2706359 
717 2706364 
718 2706454 
719 2706454 
720 2706454 
721 2706455 
722 2706455 
723 2706465 
724 2706469 
725 2706471 
726 2706472 
727 2706474 
728 2706477 
729 2706482 
730 2706483 
731 2706491 
732 2706494 
733 2706496 
734 2706504 
735 2706523 
736 2706524 
737 2706524 
738 2706524 
739 2706525 
740 2706525 
741 2706525 
742 2706526 
743 2706526 
744 2706526 
745 2706527 
746 2706527 
747 2706527 
748 2706527 
749 2706528 
750 2706528 
751 2706528 
752 2706529 
753 2706529 
754 2706529 
755 2706530 
756 2706530 
757 2706530 
758 2706531 
759 2706531 
760 2706532 
761 2706532 
762 2706532 
763 2706533 
764 2706533 
765 2706533 
766 2706534 
767 2706534 
768 2706534 
769 2706535 
770 2706535 
771 2706535 
772 2706536 
773 2706536 
774 2706536 
775 2706543 
776 2706543 
777 2706544 
778 2706544 
779 2706545 
780 2706545 
781 2706545 
782 2706546 
783 2706546 
784 2706546 
785 2706547 
786 2706553 
787 2706553 
788 2706554 
789 2706556 
790 2706556 
791 2706557 
792 2706557 
793 2706557 
794 2706558 
795 2706558 
796 2706558 
797 2706559 
798 2706559 
799 2706559 
800 2706560 
801 2706561 
802 2706561 
803 2706562 
804 2706580 
805 2706586 
806 2706591 
807 2706595 
808 2706595 
809 2706714 
810 2706725 
811 2706727 
812 2706730 
813 2706732 
814 2706738 
815 2706853 
816 2706869 
817 2706871 
818 2706878 
819 2706881 
820 2706890 
821 2706890 
822 2706914 
823 2706915 
824 2706915 
825 2706917 
826 2706917 
827 2706917 
828 2706918 
829 2706918 
830 2706918 
831 2706919 
832 2706919 
833 2706919 
834 2706920 
835 2706920 
836 2706922 
837 2706922 
838 2706923 
839 2706923 
840 2706929 
841 2706931 
842 2706932 
843 2706932 
844 2706933 
845 2706933 
846 2706933 
847 2706934 
848 2706934 
849 2706934 
850 2706935 
851 2706935 
852 2706936 
853 2706936 
854 2706936 
855 2706937 
856 2706937 
857 2706937 
858 2706938 
859 2706938 
860 2706938 
861 2706938 
862 2706939 
863 2706939 
864 2706939 
865 2706940 
866 2706940 
867 2706940 
868 2706941 
869 2706941 
870 2706941 
871 2706942 
872 2706942 
873 2706942 
874 2706943 
875 2706943 
876 2706944 
877 2706944 
878 2706944 
879 2706948 
880 2706948 
881 2706949 
882 2706949 
883 2706949 
884 2706949 
885 2706950 
886 2706950 
887 2706951 
888 2706951 
889 2706952 
890 2706952 
891 2706953 
892 2706953 
893 2706954 
894 2706955 
895 2706957 
896 2706967 
897 2707056 
898 2707084 
899 2707102 
900 2707145 
901 2707157 
902 2707196 
903 2707199 
