1 2948442 
2 2948442 
3 2948442 
4 2948443 
5 2948443 
6 2948443 
7 2948444 
8 2948444 
9 2948444 
10 2948445 
11 2948445 
12 2948507 
13 2948531 
14 2948542 
15 2948567 
16 2948574 
17 2948576 
18 2948583 
19 2948586 
20 2948586 
21 2948592 
22 2948595 
23 2948595 
24 2948595 
25 2948596 
26 2948596 
27 2948596 
28 2948597 
29 2948599 
30 2948602 
31 2948649 
32 2948649 
33 2948649 
34 2948650 
35 2948650 
36 2948650 
37 2948651 
38 2948651 
39 2948652 
40 2948656 
41 2948677 
42 2948677 
43 2948678 
44 2948679 
45 2948683 
46 2948684 
47 2948692 
48 2948693 
49 2948693 
50 2948694 
51 2948694 
52 2948695 
53 2948696 
54 2948759 
55 2948759 
56 2948760 
57 2948760 
58 2948760 
59 2948761 
60 2948763 
61 2948764 
62 2948764 
63 2948776 
64 2948781 
65 2948784 
66 2948784 
67 2948784 
68 2948785 
69 2948785 
70 2948785 
71 2948786 
72 2948786 
73 2948786 
74 2948788 
75 2948788 
76 2948789 
77 2948789 
78 2948798 
79 2948798 
80 2948799 
81 2948799 
82 2948805 
83 2948806 
84 2948806 
85 2948806 
86 2948806 
87 2948807 
88 2948807 
89 2948811 
90 2948811 
91 2948812 
92 2948813 
93 2948819 
94 2948826 
95 2948832 
96 2948833 
97 2948834 
98 2948835 
99 2948835 
100 2948836 
101 2948836 
102 2948836 
103 2948837 
104 2948842 
105 2948842 
106 2948845 
107 2948850 
108 2948852 
109 2948853 
110 2948853 
111 2948853 
112 2948854 
113 2948854 
114 2948854 
115 2948855 
116 2948855 
117 2948859 
118 2948861 
119 2948864 
120 2948867 
121 2948867 
122 2948868 
123 2948868 
124 2948868 
125 2948869 
126 2948869 
127 2948869 
128 2948870 
129 2948870 
130 2948872 
131 2948872 
132 2948873 
133 2948873 
134 2948873 
135 2948874 
136 2948874 
137 2948874 
138 2948875 
139 2948875 
140 2948875 
141 2948876 
142 2948876 
143 2948876 
144 2948877 
145 2948877 
146 2948877 
147 2948878 
148 2948878 
149 2948879 
150 2948881 
151 2948885 
152 2948888 
153 2948888 
154 2948888 
155 2948889 
156 2948889 
157 2948890 
158 2948892 
159 2948896 
160 2948902 
161 2948903 
162 2948903 
163 2948903 
164 2948904 
165 2948905 
166 2948905 
167 2948905 
168 2948906 
169 2948906 
170 2948907 
171 2948907 
172 2948907 
173 2948910 
174 2948911 
175 2948913 
176 2948915 
177 2948916 
178 2948917 
179 2948918 
180 2948918 
181 2948919 
182 2948920 
183 2948922 
184 2948922 
185 2948922 
186 2948923 
187 2948923 
188 2948923 
189 2948924 
190 2948924 
191 2948924 
192 2948925 
193 2948925 
194 2948925 
195 2948926 
196 2948926 
197 2948926 
198 2948927 
199 2948928 
200 2948928 
201 2948928 
202 2948929 
203 2948930 
204 2948930 
205 2948932 
206 2948932 
207 2948934 
208 2948934 
209 2948934 
210 2948935 
211 2948935 
212 2948935 
213 2948936 
214 2948936 
215 2948937 
216 2948939 
217 2948940 
218 2948940 
219 2948940 
220 2948940 
221 2948941 
222 2948941 
223 2948941 
224 2948942 
225 2948942 
226 2948942 
227 2948943 
228 2948943 
229 2948943 
230 2948944 
231 2948944 
232 2948944 
233 2948945 
234 2948945 
235 2948945 
236 2948946 
237 2948946 
238 2948946 
239 2948946 
240 2948947 
241 2948947 
242 2948948 
243 2948948 
244 2948948 
245 2948948 
246 2948949 
247 2948949 
248 2948950 
249 2948951 
250 2948951 
251 2948951 
252 2948952 
253 2948952 
254 2948953 
255 2948953 
256 2948955 
257 2948955 
258 2948955 
259 2948956 
260 2948957 
261 2948961 
262 2948962 
263 2948962 
264 2948963 
265 2948968 
266 2948971 
267 2948973 
268 2948974 
269 2948974 
270 2948974 
271 2948976 
272 2948976 
273 2948977 
274 2948978 
275 2948979 
276 2948980 
277 2948980 
278 2948980 
279 2948981 
280 2948981 
281 2948981 
282 2948982 
283 2948982 
284 2948982 
285 2948983 
286 2948983 
287 2948983 
288 2948983 
289 2948986 
290 2948986 
291 2948989 
292 2948990 
293 2948992 
294 2948992 
295 2948998 
296 2949000 
297 2949000 
298 2949001 
299 2949001 
300 2949002 
301 2949002 
302 2949005 
303 2949007 
304 2949012 
305 2949016 
306 2949017 
307 2949017 
308 2949022 
309 2949024 
310 2949024 
311 2949026 
312 2949032 
313 2949032 
314 2949036 
315 2949038 
316 2949040 
317 2949041 
318 2949042 
319 2949047 
320 2949047 
321 2949053 
322 2949054 
323 2949054 
324 2949054 
325 2949055 
326 2949055 
327 2949056 
328 2949056 
329 2949056 
330 2949057 
331 2949057 
332 2949064 
333 2949064 
334 2949065 
335 2949065 
336 2949065 
337 2949066 
338 2949066 
339 2949066 
340 2949071 
341 2949071 
342 2949072 
343 2949073 
344 2949075 
345 2949075 
346 2949075 
347 2949076 
348 2949077 
349 2949080 
350 2949080 
351 2949080 
352 2949081 
353 2949081 
354 2949081 
355 2949082 
356 2949084 
357 2949084 
358 2949084 
359 2949086 
360 2949092 
361 2949092 
362 2949093 
363 2949093 
364 2949094 
365 2949095 
366 2949095 
367 2949096 
368 2949096 
369 2949097 
370 2949097 
371 2949099 
372 2949100 
373 2949101 
374 2949101 
375 2949104 
376 2949106 
377 2949107 
378 2949109 
379 2949109 
380 2949112 
381 2949114 
382 2949116 
383 2949116 
384 2949117 
385 2949117 
386 2949118 
387 2949119 
388 2949123 
389 2949123 
390 2949124 
391 2949127 
392 2949127 
393 2949127 
394 2949127 
395 2949128 
396 2949128 
397 2949135 
398 2949135 
399 2949135 
400 2949141 
401 2949147 
402 2949150 
403 2949150 
404 2949152 
405 2949153 
406 2949156 
407 2949156 
408 2949156 
409 2949157 
410 2949157 
411 2949157 
412 2949158 
413 2949158 
414 2949159 
415 2949161 
416 2949162 
417 2949163 
418 2949168 
419 2949174 
420 2949177 
421 2949178 
422 2949178 
423 2949179 
424 2949179 
425 2949247 
426 2949254 
427 2949259 
428 2949260 
429 2949269 
430 2949273 
431 2949273 
432 2949278 
433 2949279 
434 2949279 
435 2949280 
436 2949280 
437 2949283 
438 2949285 
439 2949286 
440 2949287 
441 2949288 
442 2949289 
443 2949290 
444 2949303 
445 2949303 
446 2949304 
447 2949304 
448 2949305 
449 2949319 
450 2949320 
451 2949320 
452 2949321 
453 2949322 
454 2949323 
455 2949326 
456 2949326 
457 2949327 
458 2949331 
459 2949349 
460 2949353 
461 2949354 
462 2949358 
463 2949359 
464 2949362 
465 2949362 
466 2949367 
467 2949380 
468 2949380 
469 2949383 
470 2949384 
471 2949386 
472 2949386 
473 2949386 
474 2949387 
475 2949387 
476 2949391 
477 2949393 
478 2949393 
479 2949394 
480 2949399 
481 2949405 
482 2949411 
483 2949411 
484 2949416 
485 2949416 
486 2949417 
487 2949417 
488 2949418 
489 2949418 
490 2949419 
491 2949419 
492 2949420 
493 2949420 
494 2949421 
495 2949421 
496 2949421 
497 2949422 
498 2949422 
499 2949424 
500 2949425 
501 2949425 
502 2949426 
503 2949426 
504 2949427 
505 2949427 
506 2949428 
507 2949432 
508 2949433 
509 2949439 
510 2949442 
511 2949445 
512 2949446 
513 2949446 
514 2949447 
515 2949451 
516 2949451 
517 2949451 
518 2949452 
519 2949459 
520 2949459 
521 2949467 
522 2949467 
523 2949467 
524 2949468 
525 2949482 
526 2949492 
527 2949492 
528 2949492 
529 2949493 
530 2949493 
531 2949497 
532 2949498 
533 2949498 
534 2949507 
535 2949518 
536 2949523 
537 2949523 
538 2949527 
539 2949528 
540 2949528 
541 2949528 
542 2949536 
543 2949539 
544 2949549 
545 2949549 
546 2949565 
547 2949572 
548 2949572 
549 2949572 
550 2949573 
551 2949573 
552 2949573 
553 2949574 
554 2949574 
555 2949574 
556 2949575 
557 2949575 
558 2949575 
559 2949576 
560 2949576 
561 2949576 
562 2949576 
563 2949577 
564 2949577 
565 2949577 
566 2949578 
567 2949578 
568 2949579 
569 2949579 
570 2949579 
571 2949580 
572 2949580 
573 2949580 
574 2949581 
575 2949581 
576 2949582 
577 2949582 
578 2949583 
579 2949583 
580 2949588 
581 2949596 
582 2949600 
583 2949603 
584 2949606 
585 2949607 
586 2949621 
587 2949694 
588 2949694 
589 2949696 
590 2949696 
591 2949720 
592 2949794 
593 2949795 
594 2949795 
595 2949796 
596 2949804 
597 2949811 
598 2949822 
599 2949823 
600 2949823 
601 2949823 
602 2949824 
603 2949827 
604 2949827 
605 2949828 
606 2949828 
607 2949840 
608 2949840 
609 2949843 
610 2949852 
611 2949859 
612 2949860 
613 2949893 
614 2949909 
615 2949910 
616 2949913 
617 2949981 
618 2949984 
619 2949985 
620 2949987 
621 2949995 
622 2949995 
623 2949995 
624 2950018 
625 2950041 
626 2950045 
627 2950045 
628 2950046 
629 2950051 
630 2950051 
631 2950052 
632 2950052 
633 2950088 
634 2950090 
635 2950090 
636 2950100 
637 2950100 
638 2950101 
639 2950108 
640 2950109 
641 2950109 
642 2950162 
643 2950163 
644 2950164 
645 2950164 
646 2950164 
647 2950186 
648 2950234 
649 2950237 
650 2950239 
651 2950242 
652 2950255 
653 2950299 
654 2950300 
655 2950301 
656 2950301 
657 2950302 
658 2950302 
659 2950302 
660 2950303 
661 2950303 
662 2950304 
663 2950304 
664 2950304 
665 2950305 
666 2950305 
667 2950306 
668 2950307 
669 2950307 
670 2950308 
671 2950308 
672 2950309 
673 2950309 
674 2950323 
675 2950324 
676 2950347 
677 2950354 
678 2950362 
679 2950362 
680 2950363 
681 2950363 
682 2950363 
683 2950364 
684 2950366 
685 2950366 
686 2950367 
687 2950367 
688 2950367 
689 2950368 
690 2950368 
691 2950368 
692 2950369 
693 2950369 
694 2950369 
695 2950370 
696 2950370 
697 2950370 
698 2950371 
699 2950372 
700 2950375 
701 2950382 
702 2950387 
703 2950389 
704 2950398 
705 2950423 
706 2950429 
707 2950435 
708 2950448 
709 2950451 
710 2950457 
711 2950459 
712 2950462 
713 2950463 
714 2950463 
715 2950463 
716 2950464 
717 2950464 
718 2950464 
719 2950464 
720 2950465 
721 2950465 
722 2950465 
723 2950466 
724 2950470 
725 2950471 
726 2950471 
727 2950534 
728 2950536 
729 2950539 
730 2950543 
731 2950546 
732 2950552 
733 2950552 
734 2950553 
735 2950555 
736 2950555 
737 2950556 
738 2950561 
739 2950566 
740 2950572 
741 2950572 
742 2950573 
743 2950576 
744 2950576 
745 2950579 
746 2950579 
747 2950581 
748 2950583 
749 2950587 
750 2950587 
751 2950588 
752 2950588 
753 2950588 
754 2950591 
755 2950592 
756 2950592 
757 2950595 
758 2950597 
759 2950597 
760 2950600 
761 2950603 
762 2950608 
763 2950630 
764 2950643 
765 2950657 
766 2950662 
767 2950668 
768 2950671 
769 2950671 
770 2950672 
771 2950672 
772 2950673 
773 2950673 
774 2950673 
775 2950674 
776 2950676 
777 2950677 
778 2950679 
779 2950679 
780 2950679 
781 2950680 
782 2950680 
783 2950680 
784 2950681 
785 2950681 
786 2950683 
787 2950684 
788 2950684 
789 2950684 
790 2950685 
791 2950686 
792 2950689 
793 2950689 
794 2950690 
795 2950690 
796 2950690 
797 2950691 
798 2950691 
799 2950692 
800 2950692 
801 2950692 
802 2950693 
803 2950695 
804 2950698 
805 2950699 
806 2950699 
807 2950699 
808 2950700 
809 2950700 
810 2950700 
811 2950701 
812 2950701 
813 2950721 
814 2950722 
815 2950722 
816 2950728 
817 2950730 
818 2950746 
819 2950747 
820 2950747 
821 2950747 
822 2950748 
823 2950748 
824 2950748 
825 2950751 
826 2950752 
827 2950752 
828 2950752 
829 2950753 
830 2950753 
831 2950753 
832 2950753 
833 2950754 
834 2950754 
835 2950754 
836 2950755 
837 2950755 
838 2950756 
839 2950756 
840 2950756 
841 2950756 
842 2950757 
843 2950761 
844 2950766 
845 2950766 
846 2950767 
847 2950769 
848 2950769 
849 2950771 
850 2950774 
851 2950785 
852 2950797 
853 2950798 
854 2950798 
855 2950801 
856 2950805 
857 2950822 
858 2950826 
859 2950826 
860 2950827 
861 2950827 
862 2950840 
863 2950848 
864 2950855 
865 2950858 
866 2950871 
867 2950874 
868 2950874 
869 2950880 
870 2950883 
871 2950884 
872 2950886 
873 2950887 
874 2950888 
875 2950888 
876 2950889 
877 2950889 
878 2950889 
879 2950890 
880 2950893 
881 2950896 
882 2950897 
883 2950897 
884 2950898 
885 2950898 
886 2950899 
887 2950899 
888 2950899 
889 2950900 
890 2950907 
891 2950916 
892 2950917 
893 2950917 
894 2950917 
895 2950918 
896 2950925 
897 2950929 
898 2950930 
899 2950947 
900 2950951 
901 2950956 
902 2950966 
903 2950969 
904 2950980 
905 2950990 
906 2950990 
907 2950994 
908 2951007 
909 2951012 
910 2951016 
911 2951016 
912 2951017 
913 2951017 
914 2951017 
915 2951018 
916 2951018 
917 2951025 
918 2951025 
919 2951051 
920 2951062 
921 2951065 
922 2951075 
923 2951075 
924 2951075 
925 2951079 
926 2951090 
927 2951100 
928 2951101 
929 2951101 
930 2951102 
931 2951102 
932 2951103 
933 2951103 
934 2951103 
935 2951104 
936 2951104 
937 2951104 
938 2951105 
939 2951105 
940 2951105 
941 2951106 
942 2951106 
943 2951106 
944 2951106 
945 2951107 
946 2951107 
947 2951107 
948 2951108 
949 2951108 
950 2951123 
951 2951124 
952 2951133 
953 2951134 
954 2951134 
955 2951134 
956 2951160 
957 2951161 
958 2951164 
959 2951174 
960 2951178 
961 2951179 
962 2951179 
963 2951181 
964 2951184 
965 2951191 
966 2951191 
967 2951192 
968 2951197 
969 2951197 
970 2951198 
971 2951236 
972 2951246 
973 2951246 
974 2951254 
975 2951254 
976 2951255 
977 2951255 
978 2951255 
979 2951255 
980 2951269 
981 2951269 
982 2951273 
983 2951273 
984 2951280 
985 2951283 
986 2951283 
987 2951285 
988 2951286 
989 2951289 
990 2951298 
991 2951300 
992 2951300 
993 2951301 
994 2951301 
995 2951301 
996 2951302 
997 2951302 
998 2951302 
999 2951303 
1000 2951303 
1001 2951303 
1002 2951304 
1003 2951310 
1004 2951311 
1005 2951314 
1006 2951318 
1007 2951318 
1008 2951320 
1009 2951323 
1010 2951325 
1011 2951338 
1012 2951339 
1013 2951344 
1014 2951344 
1015 2951352 
1016 2951352 
1017 2951357 
1018 2951371 
1019 2951373 
1020 2951375 
1021 2951379 
1022 2951380 
1023 2951396 
1024 2951397 
1025 2951398 
1026 2951398 
1027 2951398 
1028 2951401 
1029 2951401 
1030 2951402 
1031 2951422 
1032 2951423 
1033 2951427 
1034 2951427 
1035 2951429 
1036 2951435 
1037 2951444 
1038 2951444 
1039 2951445 
1040 2951449 
1041 2951452 
1042 2951453 
1043 2951456 
1044 2951469 
1045 2951474 
1046 2951486 
1047 2951518 
1048 2951520 
1049 2951521 
1050 2951521 
1051 2951523 
1052 2951524 
1053 2951541 
1054 2951546 
1055 2951547 
1056 2951547 
1057 2951547 
1058 2951548 
1059 2951548 
1060 2951559 
1061 2951563 
1062 2951563 
1063 2951603 
1064 2951604 
1065 2951604 
1066 2951604 
1067 2951605 
1068 2951605 
1069 2951605 
1070 2951606 
1071 2951627 
1072 2951631 
1073 2951632 
1074 2951632 
1075 2951639 
1076 2951639 
1077 2951640 
1078 2951640 
1079 2951640 
1080 2951641 
1081 2951641 
1082 2951642 
1083 2951642 
1084 2951643 
1085 2951650 
1086 2951652 
1087 2951653 
1088 2951663 
1089 2951664 
1090 2951668 
1091 2951668 
1092 2951669 
1093 2951669 
1094 2951670 
1095 2951670 
1096 2951670 
1097 2951671 
1098 2951671 
1099 2951672 
1100 2951677 
1101 2951686 
1102 2951692 
1103 2951696 
1104 2951699 
1105 2951699 
1106 2951699 
1107 2951701 
1108 2951702 
1109 2951714 
1110 2951714 
1111 2951729 
1112 2951735 
1113 2951738 
1114 2951739 
1115 2951740 
1116 2951741 
1117 2951742 
1118 2951742 
1119 2951742 
1120 2951742 
1121 2951743 
1122 2951743 
1123 2951749 
1124 2951749 
1125 2951749 
1126 2951750 
1127 2951750 
1128 2951751 
1129 2951754 
1130 2951754 
1131 2951757 
1132 2951757 
1133 2951758 
1134 2951758 
1135 2951758 
1136 2951759 
1137 2951759 
1138 2951760 
1139 2951762 
1140 2951762 
1141 2951762 
1142 2951763 
1143 2951763 
1144 2951764 
1145 2951766 
1146 2951766 
1147 2951776 
1148 2951807 
1149 2951809 
1150 2951811 
1151 2951825 
1152 2951828 
1153 2951833 
1154 2951833 
1155 2951834 
1156 2951854 
1157 2951857 
1158 2951861 
1159 2951862 
1160 2951871 
1161 2951872 
1162 2951874 
1163 2951875 
1164 2951875 
1165 2951883 
1166 2951883 
1167 2951888 
1168 2951889 
1169 2951890 
1170 2951890 
1171 2951890 
1172 2951891 
1173 2951891 
1174 2951892 
1175 2951892 
1176 2951900 
1177 2951901 
1178 2951901 
1179 2951901 
1180 2951904 
1181 2951905 
1182 2951905 
1183 2951905 
1184 2951906 
1185 2951906 
1186 2951907 
1187 2951907 
1188 2951908 
1189 2951908 
1190 2951908 
1191 2951909 
1192 2951919 
1193 2951920 
1194 2951920 
1195 2951921 
1196 2951923 
1197 2951924 
1198 2951925 
1199 2951925 
1200 2951928 
1201 2951934 
