1 2941208 
2 2941219 
3 2941228 
4 2941229 
5 2941241 
6 2941247 
7 2941247 
8 2941266 
9 2941272 
10 2941272 
11 2941276 
12 2941279 
13 2941281 
14 2941289 
15 2941290 
16 2941292 
17 2941293 
18 2941293 
19 2941293 
20 2941294 
21 2941307 
22 2941309 
23 2941311 
24 2941316 
25 2941316 
26 2941331 
27 2941332 
28 2941333 
29 2941333 
30 2941334 
31 2941334 
32 2941341 
33 2941354 
34 2941355 
35 2941369 
36 2941369 
37 2941370 
38 2941382 
39 2941382 
40 2941382 
41 2941383 
42 2941383 
43 2941383 
44 2941384 
45 2941384 
46 2941384 
47 2941384 
48 2941385 
49 2941385 
50 2941388 
51 2941391 
52 2941395 
53 2941395 
54 2941397 
55 2941400 
56 2941401 
57 2941408 
58 2941411 
59 2941411 
60 2941421 
61 2941421 
62 2941422 
63 2941426 
64 2941427 
65 2941427 
66 2941427 
67 2941428 
68 2941428 
69 2941428 
70 2941429 
71 2941429 
72 2941430 
73 2941430 
74 2941434 
75 2941435 
76 2941437 
77 2941438 
78 2941438 
79 2941439 
80 2941449 
81 2941449 
82 2941449 
83 2941450 
84 2941455 
85 2941455 
86 2941456 
87 2941456 
88 2941456 
89 2941457 
90 2941457 
91 2941458 
92 2941462 
93 2941463 
94 2941467 
95 2941468 
96 2941482 
97 2941483 
98 2941483 
99 2941483 
100 2941484 
101 2941484 
102 2941484 
103 2941485 
104 2941485 
105 2941485 
106 2941486 
107 2941486 
108 2941487 
109 2941489 
110 2941493 
111 2941494 
112 2941496 
113 2941496 
114 2941496 
115 2941497 
116 2941497 
117 2941497 
118 2941498 
119 2941502 
120 2941502 
121 2941502 
122 2941503 
123 2941506 
124 2941506 
125 2941507 
126 2941507 
127 2941507 
128 2941507 
129 2941508 
130 2941508 
131 2941508 
132 2941509 
133 2941509 
134 2941509 
135 2941510 
136 2941510 
137 2941510 
138 2941517 
139 2941518 
140 2941519 
141 2941519 
142 2941519 
143 2941519 
144 2941520 
145 2941520 
146 2941532 
147 2941532 
148 2941533 
149 2941533 
150 2941533 
151 2941534 
152 2941534 
153 2941534 
154 2941534 
155 2941535 
156 2941535 
157 2941535 
158 2941549 
159 2941550 
160 2941568 
161 2941577 
162 2941577 
163 2941591 
164 2941592 
165 2941593 
166 2941593 
167 2941595 
168 2941595 
169 2941595 
170 2941603 
171 2941603 
172 2941603 
173 2941604 
174 2941606 
175 2941619 
176 2941620 
177 2941621 
178 2941621 
179 2941624 
180 2941626 
181 2941626 
182 2941629 
183 2941633 
184 2941638 
185 2941641 
186 2941643 
187 2941650 
188 2941650 
189 2941651 
190 2941651 
191 2941651 
192 2941656 
193 2941656 
194 2941657 
195 2941665 
196 2941668 
197 2941684 
198 2941684 
199 2941686 
200 2941690 
201 2941693 
202 2941693 
203 2941695 
204 2941695 
205 2941695 
206 2941696 
207 2941696 
208 2941696 
209 2941699 
210 2941699 
211 2941700 
212 2941701 
213 2941702 
214 2941705 
215 2941707 
216 2941707 
217 2941707 
218 2941708 
219 2941708 
220 2941708 
221 2941709 
222 2941709 
223 2941710 
224 2941710 
225 2941710 
226 2941710 
227 2941711 
228 2941711 
229 2941711 
230 2941712 
231 2941712 
232 2941712 
233 2941713 
234 2941713 
235 2941713 
236 2941714 
237 2941714 
238 2941714 
239 2941715 
240 2941715 
241 2941715 
242 2941716 
243 2941716 
244 2941716 
245 2941717 
246 2941718 
247 2941719 
248 2941719 
249 2941719 
250 2941720 
251 2941720 
252 2941721 
253 2941721 
254 2941721 
255 2941722 
256 2941722 
257 2941722 
258 2941723 
259 2941723 
260 2941723 
261 2941723 
262 2941724 
263 2941724 
264 2941724 
265 2941725 
266 2941725 
267 2941725 
268 2941726 
269 2941726 
270 2941726 
271 2941727 
272 2941727 
273 2941727 
274 2941728 
275 2941728 
276 2941734 
277 2941734 
278 2941735 
279 2941738 
280 2941738 
281 2941739 
282 2941739 
283 2941739 
284 2941740 
285 2941740 
286 2941740 
287 2941741 
288 2941741 
289 2941742 
290 2941742 
291 2941742 
292 2941743 
293 2941743 
294 2941743 
295 2941744 
296 2941744 
297 2941749 
298 2941754 
299 2941754 
300 2941755 
301 2941755 
302 2941755 
303 2941756 
304 2941756 
305 2941756 
306 2941757 
307 2941757 
308 2941758 
309 2941768 
310 2941769 
311 2941773 
312 2941774 
313 2941774 
314 2941774 
315 2941775 
316 2941775 
317 2941775 
318 2941778 
319 2941779 
320 2941779 
321 2941780 
322 2941780 
323 2941780 
324 2941781 
325 2941781 
326 2941785 
327 2941785 
328 2941795 
329 2941796 
330 2941796 
331 2941796 
332 2941797 
333 2941797 
334 2941798 
335 2941798 
336 2941801 
337 2941801 
338 2941802 
339 2941802 
340 2941802 
341 2941805 
342 2941810 
343 2941813 
344 2941814 
345 2941814 
346 2941815 
347 2941815 
348 2941817 
349 2941822 
350 2941822 
351 2941824 
352 2941824 
353 2941824 
354 2941825 
355 2941825 
356 2941828 
357 2941828 
358 2941829 
359 2941829 
360 2941829 
361 2941832 
362 2941833 
363 2941834 
364 2941834 
365 2941834 
366 2941835 
367 2941835 
368 2941835 
369 2941836 
370 2941836 
371 2941838 
372 2941838 
373 2941839 
374 2941840 
375 2941840 
376 2941841 
377 2941842 
378 2941843 
379 2941843 
380 2941844 
381 2941844 
382 2941844 
383 2941845 
384 2941848 
385 2941849 
386 2941849 
387 2941849 
388 2941850 
389 2941850 
390 2941850 
391 2941850 
392 2941851 
393 2941852 
394 2941852 
395 2941852 
396 2941853 
397 2941853 
398 2941853 
399 2941853 
400 2941854 
401 2941854 
402 2941854 
403 2941855 
404 2941855 
405 2941855 
406 2941857 
407 2941857 
408 2941857 
409 2941857 
410 2941858 
411 2941858 
412 2941858 
413 2941859 
414 2941859 
415 2941859 
416 2941860 
417 2941860 
418 2941860 
419 2941861 
420 2941861 
421 2941862 
422 2941863 
423 2941863 
424 2941863 
425 2941863 
426 2941864 
427 2941864 
428 2941865 
429 2941866 
430 2941866 
431 2941867 
432 2941868 
433 2941868 
434 2941868 
435 2941869 
436 2941870 
437 2941871 
438 2941871 
439 2941871 
440 2941872 
441 2941872 
442 2941875 
443 2941878 
444 2941880 
445 2941880 
446 2941881 
447 2941881 
448 2941882 
449 2941882 
450 2941882 
451 2941886 
452 2941886 
453 2941886 
454 2941888 
455 2941888 
456 2941888 
457 2941889 
458 2941891 
459 2941891 
460 2941892 
461 2941892 
462 2941896 
463 2941897 
464 2941898 
465 2941898 
466 2941899 
467 2941901 
468 2941904 
469 2941905 
470 2941905 
471 2941907 
472 2941907 
473 2941907 
474 2941908 
475 2941908 
476 2941908 
477 2941909 
478 2941916 
479 2941917 
480 2941918 
481 2941919 
482 2941919 
483 2941919 
484 2941920 
485 2941920 
486 2941920 
487 2941922 
488 2941923 
489 2941923 
490 2941923 
491 2941923 
492 2941924 
493 2941924 
494 2941928 
495 2941929 
496 2941929 
497 2941929 
498 2941930 
499 2941930 
500 2941931 
501 2941931 
502 2941931 
503 2941933 
504 2941933 
505 2941934 
506 2941934 
507 2941936 
508 2941936 
509 2941937 
510 2941937 
511 2941937 
512 2941938 
513 2941938 
514 2941939 
515 2941939 
516 2941940 
517 2941940 
518 2941944 
519 2941944 
520 2941945 
521 2941946 
522 2941947 
523 2941947 
524 2941947 
525 2941948 
526 2941949 
527 2941950 
528 2941950 
529 2941951 
530 2941951 
531 2941951 
532 2941952 
533 2941952 
534 2941953 
535 2941957 
536 2941958 
537 2941960 
538 2941960 
539 2941960 
540 2941961 
541 2941966 
542 2941967 
543 2941968 
544 2941969 
545 2941969 
546 2941969 
547 2941970 
548 2941970 
549 2941972 
550 2941973 
551 2941973 
552 2941974 
553 2941974 
554 2941975 
555 2941975 
556 2941975 
557 2941976 
558 2941978 
559 2941984 
560 2941985 
561 2941986 
562 2941986 
563 2941986 
564 2941987 
565 2941988 
566 2941988 
567 2941988 
568 2941989 
569 2941989 
570 2941990 
571 2941990 
572 2941991 
573 2941991 
574 2941994 
575 2941995 
576 2941995 
577 2941996 
578 2941997 
579 2941997 
580 2941998 
581 2941998 
582 2941998 
583 2941999 
584 2941999 
585 2941999 
586 2942000 
587 2942008 
588 2942010 
589 2942011 
590 2942011 
591 2942011 
592 2942012 
593 2942012 
594 2942016 
595 2942016 
596 2942017 
597 2942021 
598 2942021 
599 2942022 
600 2942023 
601 2942024 
602 2942024 
603 2942024 
604 2942025 
605 2942025 
606 2942026 
607 2942026 
608 2942026 
609 2942027 
610 2942027 
611 2942027 
612 2942028 
613 2942028 
614 2942028 
615 2942028 
616 2942029 
617 2942029 
618 2942029 
619 2942029 
620 2942029 
621 2942030 
622 2942030 
623 2942030 
624 2942031 
625 2942031 
626 2942033 
627 2942033 
628 2942033 
629 2942034 
630 2942034 
631 2942037 
632 2942037 
633 2942037 
634 2942039 
635 2942040 
636 2942040 
637 2942040 
638 2942041 
639 2942043 
640 2942043 
641 2942043 
642 2942044 
643 2942044 
644 2942044 
645 2942045 
646 2942045 
647 2942047 
648 2942048 
649 2942048 
650 2942051 
651 2942051 
652 2942052 
653 2942056 
654 2942056 
655 2942058 
656 2942059 
657 2942059 
658 2942059 
659 2942059 
660 2942060 
661 2942060 
662 2942060 
663 2942061 
664 2942063 
665 2942064 
666 2942064 
667 2942065 
668 2942065 
669 2942065 
670 2942066 
671 2942066 
672 2942068 
673 2942073 
674 2942073 
675 2942073 
676 2942074 
677 2942074 
678 2942075 
679 2942075 
680 2942076 
681 2942076 
682 2942076 
683 2942077 
684 2942077 
685 2942077 
686 2942078 
687 2942078 
688 2942078 
689 2942079 
690 2942080 
691 2942081 
692 2942081 
693 2942082 
694 2942082 
695 2942082 
696 2942083 
697 2942083 
698 2942084 
699 2942084 
700 2942084 
701 2942085 
702 2942085 
703 2942086 
704 2942086 
705 2942087 
706 2942087 
707 2942087 
708 2942088 
709 2942088 
710 2942088 
711 2942088 
712 2942089 
713 2942089 
714 2942089 
715 2942089 
716 2942090 
717 2942090 
718 2942090 
719 2942091 
720 2942092 
721 2942093 
722 2942094 
723 2942094 
724 2942094 
725 2942095 
726 2942095 
727 2942096 
728 2942098 
729 2942099 
730 2942099 
731 2942099 
732 2942099 
733 2942100 
734 2942104 
735 2942106 
736 2942106 
737 2942106 
738 2942107 
739 2942107 
740 2942108 
741 2942114 
742 2942115 
743 2942115 
744 2942116 
745 2942116 
746 2942116 
747 2942120 
748 2942120 
749 2942121 
750 2942121 
751 2942121 
752 2942122 
753 2942122 
754 2942122 
755 2942123 
756 2942123 
757 2942124 
758 2942124 
759 2942125 
760 2942125 
761 2942125 
762 2942125 
763 2942126 
764 2942126 
765 2942126 
766 2942127 
767 2942127 
768 2942128 
769 2942128 
770 2942129 
771 2942129 
772 2942130 
773 2942130 
774 2942131 
775 2942131 
776 2942131 
777 2942133 
778 2942135 
779 2942136 
780 2942136 
781 2942136 
782 2942136 
783 2942137 
784 2942137 
785 2942137 
786 2942138 
787 2942138 
788 2942138 
789 2942138 
790 2942139 
791 2942139 
792 2942140 
793 2942140 
794 2942141 
795 2942141 
796 2942142 
797 2942142 
798 2942142 
799 2942143 
800 2942143 
801 2942144 
802 2942144 
803 2942144 
804 2942144 
805 2942160 
806 2942160 
807 2942160 
808 2942160 
809 2942163 
810 2942163 
811 2942163 
812 2942164 
813 2942164 
814 2942164 
815 2942165 
816 2942166 
817 2942168 
818 2942168 
819 2942169 
820 2942169 
821 2942169 
822 2942170 
823 2942171 
824 2942172 
825 2942175 
826 2942177 
827 2942177 
828 2942177 
829 2942178 
830 2942178 
831 2942178 
832 2942180 
833 2942181 
834 2942181 
835 2942181 
836 2942182 
837 2942182 
838 2942194 
839 2942195 
840 2942195 
841 2942195 
842 2942197 
843 2942197 
844 2942198 
845 2942198 
846 2942198 
847 2942199 
848 2942202 
849 2942205 
850 2942205 
851 2942206 
852 2942206 
853 2942207 
854 2942207 
855 2942207 
856 2942208 
857 2942210 
858 2942210 
859 2942211 
860 2942211 
861 2942211 
862 2942212 
863 2942212 
864 2942213 
865 2942213 
866 2942216 
867 2942217 
868 2942218 
869 2942219 
870 2942220 
871 2942220 
872 2942221 
873 2942221 
874 2942221 
875 2942222 
876 2942222 
877 2942222 
878 2942222 
879 2942223 
880 2942224 
881 2942224 
882 2942224 
883 2942225 
884 2942225 
885 2942225 
886 2942225 
887 2942225 
888 2942226 
889 2942226 
890 2942227 
891 2942227 
892 2942229 
893 2942231 
894 2942231 
895 2942231 
896 2942231 
897 2942232 
898 2942232 
899 2942234 
900 2942241 
901 2942242 
902 2942243 
903 2942244 
904 2942244 
905 2942244 
906 2942245 
907 2942248 
908 2942248 
909 2942249 
910 2942249 
911 2942249 
912 2942250 
913 2942250 
914 2942250 
915 2942253 
916 2942253 
917 2942255 
918 2942255 
919 2942256 
920 2942256 
921 2942256 
922 2942257 
923 2942257 
924 2942257 
925 2942261 
926 2942261 
927 2942262 
928 2942262 
929 2942263 
930 2942263 
931 2942264 
932 2942264 
933 2942272 
934 2942275 
935 2942276 
936 2942276 
937 2942276 
938 2942277 
939 2942277 
940 2942277 
941 2942277 
942 2942277 
943 2942278 
944 2942278 
945 2942278 
946 2942279 
947 2942279 
948 2942280 
949 2942285 
950 2942288 
951 2942289 
952 2942289 
953 2942289 
954 2942290 
955 2942290 
956 2942298 
957 2942298 
958 2942298 
959 2942299 
960 2942299 
961 2942302 
962 2942304 
963 2942305 
964 2942305 
965 2942306 
966 2942306 
967 2942306 
968 2942307 
969 2942308 
970 2942311 
971 2942311 
972 2942311 
973 2942311 
974 2942312 
975 2942312 
976 2942312 
977 2942313 
978 2942313 
979 2942314 
980 2942314 
981 2942318 
982 2942319 
983 2942319 
984 2942319 
985 2942320 
986 2942320 
987 2942320 
988 2942321 
989 2942321 
990 2942321 
991 2942321 
992 2942322 
993 2942322 
994 2942322 
995 2942323 
996 2942323 
997 2942323 
998 2942323 
999 2942324 
1000 2942324 
1001 2942324 
1002 2942324 
1003 2942325 
1004 2942325 
1005 2942325 
1006 2942326 
1007 2942326 
1008 2942326 
1009 2942327 
1010 2942327 
1011 2942327 
1012 2942328 
1013 2942328 
1014 2942328 
1015 2942329 
1016 2942329 
1017 2942329 
1018 2942329 
1019 2942330 
1020 2942330 
1021 2942330 
1022 2942331 
1023 2942332 
1024 2942334 
1025 2942334 
1026 2942335 
1027 2942335 
1028 2942335 
1029 2942336 
1030 2942338 
1031 2942338 
1032 2942339 
1033 2942339 
1034 2942339 
1035 2942340 
1036 2942342 
1037 2942343 
1038 2942343 
1039 2942343 
1040 2942344 
1041 2942344 
1042 2942346 
1043 2942347 
1044 2942347 
1045 2942347 
1046 2942347 
1047 2942348 
1048 2942355 
1049 2942356 
1050 2942356 
1051 2942356 
1052 2942357 
1053 2942357 
1054 2942358 
1055 2942358 
1056 2942358 
1057 2942360 
1058 2942360 
1059 2942361 
1060 2942361 
1061 2942361 
1062 2942362 
1063 2942367 
1064 2942367 
1065 2942368 
1066 2942368 
1067 2942368 
1068 2942369 
1069 2942369 
1070 2942369 
1071 2942372 
1072 2942372 
1073 2942372 
1074 2942373 
1075 2942373 
1076 2942374 
1077 2942374 
1078 2942374 
1079 2942375 
1080 2942380 
1081 2942382 
1082 2942382 
1083 2942383 
1084 2942383 
1085 2942383 
1086 2942384 
1087 2942389 
1088 2942391 
1089 2942392 
1090 2942392 
1091 2942392 
1092 2942393 
1093 2942395 
1094 2942395 
1095 2942396 
1096 2942396 
1097 2942399 
1098 2942400 
1099 2942400 
1100 2942400 
1101 2942401 
1102 2942401 
1103 2942402 
1104 2942408 
1105 2942408 
1106 2942409 
1107 2942409 
1108 2942409 
1109 2942410 
1110 2942410 
1111 2942420 
1112 2942421 
1113 2942421 
1114 2942442 
1115 2942456 
1116 2942476 
1117 2942477 
1118 2942477 
1119 2942479 
1120 2942481 
1121 2942484 
1122 2942485 
1123 2942486 
1124 2942494 
1125 2942496 
1126 2942496 
1127 2942498 
1128 2942506 
1129 2942508 
1130 2942515 
1131 2942517 
1132 2942521 
1133 2942522 
1134 2942529 
1135 2942530 
1136 2942530 
1137 2942530 
1138 2942531 
1139 2942531 
1140 2942531 
1141 2942532 
1142 2942532 
1143 2942532 
1144 2942535 
1145 2942535 
1146 2942535 
1147 2942539 
1148 2942546 
1149 2942546 
1150 2942546 
1151 2942546 
1152 2942547 
1153 2942547 
1154 2942549 
1155 2942551 
1156 2942551 
1157 2942552 
1158 2942553 
1159 2942553 
1160 2942553 
1161 2942556 
1162 2942561 
1163 2942561 
1164 2942561 
1165 2942561 
1166 2942566 
1167 2942571 
1168 2942576 
1169 2942580 
1170 2942580 
1171 2942581 
1172 2942606 
1173 2942611 
1174 2942619 
1175 2942619 
1176 2942624 
1177 2942624 
1178 2942624 
1179 2942624 
1180 2942625 
1181 2942625 
1182 2942625 
1183 2942626 
1184 2942629 
1185 2942629 
1186 2942629 
1187 2942629 
1188 2942635 
1189 2942645 
1190 2942647 
1191 2942647 
1192 2942649 
1193 2942652 
1194 2942654 
1195 2942654 
1196 2942654 
1197 2942657 
1198 2942659 
1199 2942659 
1200 2942660 
1201 2942661 
1202 2942661 
1203 2942661 
1204 2942664 
1205 2942666 
1206 2942666 
1207 2942666 
1208 2942670 
1209 2942671 
1210 2942682 
1211 2942684 
1212 2942687 
1213 2942687 
1214 2942687 
1215 2942688 
1216 2942688 
1217 2942688 
1218 2942689 
1219 2942709 
1220 2942712 
1221 2942718 
1222 2942742 
1223 2942742 
1224 2942743 
1225 2942749 
1226 2942767 
1227 2942767 
1228 2942768 
1229 2942768 
1230 2942769 
1231 2942769 
1232 2942773 
1233 2942774 
1234 2942774 
1235 2942774 
1236 2942774 
1237 2942777 
1238 2942777 
1239 2942778 
1240 2942778 
1241 2942786 
1242 2942810 
1243 2942810 
1244 2942810 
1245 2942825 
1246 2942826 
1247 2942826 
1248 2942827 
1249 2942828 
1250 2942830 
1251 2942836 
1252 2942836 
1253 2942836 
1254 2942837 
1255 2942837 
1256 2942837 
1257 2942842 
1258 2942844 
1259 2942845 
1260 2942845 
1261 2942845 
1262 2942846 
1263 2942872 
1264 2942874 
1265 2942885 
1266 2942915 
1267 2942925 
1268 2942926 
1269 2942926 
1270 2942926 
1271 2942932 
1272 2942936 
1273 2942954 
1274 2942961 
1275 2942961 
1276 2942962 
1277 2942963 
1278 2942963 
1279 2942964 
1280 2942964 
1281 2942964 
1282 2942964 
1283 2942965 
1284 2942969 
1285 2942969 
1286 2942970 
1287 2942970 
1288 2942970 
1289 2942971 
1290 2942971 
1291 2942972 
1292 2942972 
1293 2942973 
1294 2942973 
1295 2942974 
1296 2942975 
1297 2942975 
1298 2942975 
1299 2942976 
1300 2942976 
1301 2942977 
1302 2942977 
1303 2942992 
1304 2942992 
1305 2942993 
1306 2942993 
1307 2942994 
1308 2942994 
1309 2942995 
1310 2943001 
1311 2943003 
1312 2943004 
1313 2943008 
1314 2943012 
1315 2943012 
1316 2943014 
1317 2943068 
1318 2943068 
1319 2943068 
1320 2943077 
1321 2943078 
1322 2943079 
1323 2943079 
1324 2943080 
1325 2943080 
1326 2943080 
1327 2943081 
1328 2943081 
1329 2943082 
1330 2943082 
1331 2943083 
1332 2943085 
1333 2943085 
1334 2943085 
1335 2943086 
1336 2943086 
1337 2943086 
1338 2943098 
1339 2943112 
1340 2943116 
1341 2943118 
1342 2943119 
1343 2943123 
1344 2943123 
1345 2943123 
1346 2943124 
1347 2943124 
1348 2943126 
1349 2943127 
1350 2943129 
1351 2943130 
1352 2943130 
1353 2943131 
1354 2943131 
1355 2943133 
1356 2943134 
1357 2943134 
1358 2943135 
1359 2943135 
1360 2943135 
1361 2943144 
1362 2943145 
1363 2943145 
1364 2943161 
1365 2943161 
1366 2943162 
1367 2943175 
1368 2943184 
1369 2943185 
1370 2943186 
1371 2943187 
1372 2943188 
1373 2943188 
1374 2943191 
1375 2943191 
1376 2943192 
1377 2943192 
1378 2943193 
1379 2943193 
1380 2943196 
1381 2943196 
1382 2943197 
1383 2943197 
1384 2943202 
1385 2943205 
1386 2943208 
1387 2943209 
1388 2943209 
1389 2943210 
1390 2943216 
1391 2943219 
1392 2943219 
1393 2943220 
1394 2943221 
1395 2943221 
1396 2943221 
1397 2943222 
1398 2943222 
1399 2943226 
1400 2943227 
1401 2943227 
1402 2943228 
1403 2943228 
1404 2943235 
1405 2943263 
1406 2943263 
1407 2943268 
1408 2943272 
1409 2943280 
1410 2943290 
1411 2943309 
1412 2943310 
1413 2943313 
1414 2943313 
1415 2943314 
1416 2943318 
1417 2943318 
1418 2943319 
1419 2943328 
1420 2943332 
1421 2943332 
1422 2943334 
1423 2943341 
1424 2943357 
1425 2943359 
1426 2943395 
1427 2943403 
1428 2943403 
1429 2943403 
1430 2943404 
1431 2943404 
1432 2943405 
1433 2943405 
1434 2943411 
1435 2943420 
1436 2943424 
1437 2943425 
1438 2943425 
1439 2943425 
1440 2943426 
1441 2943426 
1442 2943426 
1443 2943426 
1444 2943427 
1445 2943427 
1446 2943427 
1447 2943429 
1448 2943429 
1449 2943429 
1450 2943430 
1451 2943433 
1452 2943433 
1453 2943434 
1454 2943434 
1455 2943435 
1456 2943435 
1457 2943438 
1458 2943446 
1459 2943452 
1460 2943454 
1461 2943454 
1462 2943456 
1463 2943456 
1464 2943457 
1465 2943461 
1466 2943470 
1467 2943471 
1468 2943472 
1469 2943528 
1470 2943533 
1471 2943546 
1472 2943548 
1473 2943577 
1474 2943582 
1475 2943591 
1476 2943593 
1477 2943593 
1478 2943597 
1479 2943598 
1480 2943598 
1481 2943599 
1482 2943599 
1483 2943599 
1484 2943600 
1485 2943600 
1486 2943601 
1487 2943601 
1488 2943601 
1489 2943602 
1490 2943602 
1491 2943602 
1492 2943602 
1493 2943603 
1494 2943609 
1495 2943610 
1496 2943610 
1497 2943612 
1498 2943626 
1499 2943626 
1500 2943626 
1501 2943627 
1502 2943627 
1503 2943627 
1504 2943628 
1505 2943628 
1506 2943628 
1507 2943629 
1508 2943629 
1509 2943629 
1510 2943630 
1511 2943630 
1512 2943630 
1513 2943630 
1514 2943631 
1515 2943631 
1516 2943632 
1517 2943634 
1518 2943644 
1519 2943646 
1520 2943647 
1521 2943647 
1522 2943647 
1523 2943648 
1524 2943648 
1525 2943648 
1526 2943649 
1527 2943649 
1528 2943650 
1529 2943650 
1530 2943652 
1531 2943657 
1532 2943657 
1533 2943664 
1534 2943665 
1535 2943679 
1536 2943679 
1537 2943680 
1538 2943680 
1539 2943722 
1540 2943722 
1541 2943723 
1542 2943723 
1543 2943723 
1544 2943723 
1545 2943724 
1546 2943735 
1547 2943751 
1548 2943752 
1549 2943764 
1550 2943764 
1551 2943766 
1552 2943772 
1553 2943772 
1554 2943772 
1555 2943775 
1556 2943790 
1557 2943791 
1558 2943791 
1559 2943793 
1560 2943794 
1561 2943796 
1562 2943801 
1563 2943802 
1564 2943802 
1565 2943803 
1566 2943805 
1567 2943806 
1568 2943806 
1569 2943808 
1570 2943808 
1571 2943812 
1572 2943812 
1573 2943813 
1574 2943813 
1575 2943813 
1576 2943814 
1577 2943814 
1578 2943814 
1579 2943815 
1580 2943815 
1581 2943846 
1582 2943847 
1583 2943849 
1584 2943849 
1585 2943852 
1586 2943854 
1587 2943862 
1588 2943862 
1589 2943864 
1590 2943866 
1591 2943877 
1592 2943879 
1593 2943915 
1594 2943925 
1595 2943936 
1596 2943940 
1597 2943940 
1598 2943941 
1599 2943945 
1600 2943945 
1601 2943945 
1602 2943946 
1603 2943946 
1604 2943947 
1605 2943948 
1606 2943950 
1607 2943953 
1608 2943954 
1609 2943954 
1610 2943955 
1611 2943955 
1612 2943955 
1613 2943974 
1614 2943975 
1615 2943975 
1616 2943978 
1617 2943978 
1618 2943978 
1619 2943980 
1620 2943985 
1621 2943985 
1622 2943989 
1623 2943989 
1624 2943991 
1625 2943999 
1626 2944002 
1627 2944002 
1628 2944003 
1629 2944009 
1630 2944013 
1631 2944015 
1632 2944017 
1633 2944023 
1634 2944025 
1635 2944026 
1636 2944029 
1637 2944031 
1638 2944035 
1639 2944071 
1640 2944073 
1641 2944074 
1642 2944074 
1643 2944074 
1644 2944075 
1645 2944075 
1646 2944075 
1647 2944076 
1648 2944077 
1649 2944097 
1650 2944098 
1651 2944103 
1652 2944103 
1653 2944107 
1654 2944109 
1655 2944113 
1656 2944117 
1657 2944140 
1658 2944144 
1659 2944147 
1660 2944148 
1661 2944149 
1662 2944149 
1663 2944150 
1664 2944151 
1665 2944152 
1666 2944153 
1667 2944154 
1668 2944154 
1669 2944155 
1670 2944155 
1671 2944156 
1672 2944156 
1673 2944162 
1674 2944173 
1675 2944175 
1676 2944178 
1677 2944178 
1678 2944183 
1679 2944185 
1680 2944190 
1681 2944193 
1682 2944196 
1683 2944199 
1684 2944200 
1685 2944200 
1686 2944201 
1687 2944201 
1688 2944202 
1689 2944203 
1690 2944203 
1691 2944203 
1692 2944204 
1693 2944204 
1694 2944205 
1695 2944206 
1696 2944206 
1697 2944208 
1698 2944208 
1699 2944209 
1700 2944216 
1701 2944220 
1702 2944220 
1703 2944220 
1704 2944221 
1705 2944222 
1706 2944222 
1707 2944222 
1708 2944223 
1709 2944229 
1710 2944229 
1711 2944230 
1712 2944230 
1713 2944231 
1714 2944231 
1715 2944231 
1716 2944232 
1717 2944232 
1718 2944232 
1719 2944233 
1720 2944233 
1721 2944233 
1722 2944235 
1723 2944246 
1724 2944249 
1725 2944249 
1726 2944256 
1727 2944258 
1728 2944261 
1729 2944267 
1730 2944267 
1731 2944268 
1732 2944273 
1733 2944285 
1734 2944285 
1735 2944286 
1736 2944289 
1737 2944295 
1738 2944295 
1739 2944303 
1740 2944303 
1741 2944304 
1742 2944304 
1743 2944304 
1744 2944305 
1745 2944305 
1746 2944305 
1747 2944306 
1748 2944306 
1749 2944307 
1750 2944307 
1751 2944308 
1752 2944309 
1753 2944310 
1754 2944310 
1755 2944311 
1756 2944311 
1757 2944315 
1758 2944318 
1759 2944320 
1760 2944321 
1761 2944321 
1762 2944322 
1763 2944322 
1764 2944322 
1765 2944323 
1766 2944324 
1767 2944324 
1768 2944324 
1769 2944325 
1770 2944330 
1771 2944330 
1772 2944335 
1773 2944340 
1774 2944344 
1775 2944346 
1776 2944346 
1777 2944347 
1778 2944347 
1779 2944356 
1780 2944361 
1781 2944361 
1782 2944361 
1783 2944366 
1784 2944368 
1785 2944369 
1786 2944370 
1787 2944370 
1788 2944371 
1789 2944371 
1790 2944371 
1791 2944371 
1792 2944371 
1793 2944372 
1794 2944372 
1795 2944372 
1796 2944373 
1797 2944373 
1798 2944373 
1799 2944373 
1800 2944374 
1801 2944374 
1802 2944374 
1803 2944375 
1804 2944375 
1805 2944375 
1806 2944375 
1807 2944376 
1808 2944376 
1809 2944376 
1810 2944376 
1811 2944376 
1812 2944377 
1813 2944377 
1814 2944377 
1815 2944378 
1816 2944378 
1817 2944378 
1818 2944379 
1819 2944379 
1820 2944379 
1821 2944380 
1822 2944380 
1823 2944380 
1824 2944384 
1825 2944385 
1826 2944385 
1827 2944386 
1828 2944386 
1829 2944386 
1830 2944387 
1831 2944388 
1832 2944393 
1833 2944394 
1834 2944394 
1835 2944395 
1836 2944396 
1837 2944396 
1838 2944398 
1839 2944399 
1840 2944400 
1841 2944401 
1842 2944404 
1843 2944405 
1844 2944405 
1845 2944405 
1846 2944406 
1847 2944406 
1848 2944406 
1849 2944407 
1850 2944407 
1851 2944407 
1852 2944408 
1853 2944408 
1854 2944408 
1855 2944408 
1856 2944408 
1857 2944409 
1858 2944409 
1859 2944409 
1860 2944410 
1861 2944411 
1862 2944411 
1863 2944411 
1864 2944420 
1865 2944425 
1866 2944425 
1867 2944425 
1868 2944425 
1869 2944428 
1870 2944428 
1871 2944429 
1872 2944429 
1873 2944431 
1874 2944434 
1875 2944435 
1876 2944437 
1877 2944438 
1878 2944440 
1879 2944441 
1880 2944441 
1881 2944444 
1882 2944444 
1883 2944445 
1884 2944445 
1885 2944445 
1886 2944446 
1887 2944446 
1888 2944446 
1889 2944447 
1890 2944447 
1891 2944447 
1892 2944448 
1893 2944448 
1894 2944449 
1895 2944449 
1896 2944449 
1897 2944450 
1898 2944450 
1899 2944450 
1900 2944451 
1901 2944464 
1902 2944465 
1903 2944465 
1904 2944469 
1905 2944471 
1906 2944477 
1907 2944477 
1908 2944478 
1909 2944478 
1910 2944481 
1911 2944482 
1912 2944482 
1913 2944483 
1914 2944483 
1915 2944483 
1916 2944483 
1917 2944484 
1918 2944484 
1919 2944484 
1920 2944485 
1921 2944485 
1922 2944486 
1923 2944486 
1924 2944487 
1925 2944489 
1926 2944490 
1927 2944490 
1928 2944490 
1929 2944494 
1930 2944494 
1931 2944494 
1932 2944495 
1933 2944495 
1934 2944495 
1935 2944495 
1936 2944495 
1937 2944495 
1938 2944496 
1939 2944496 
1940 2944496 
1941 2944497 
1942 2944497 
1943 2944497 
1944 2944498 
1945 2944498 
1946 2944499 
1947 2944500 
1948 2944500 
1949 2944501 
1950 2944504 
1951 2944504 
1952 2944504 
1953 2944504 
1954 2944505 
1955 2944505 
1956 2944506 
1957 2944506 
1958 2944506 
1959 2944507 
1960 2944507 
1961 2944508 
1962 2944508 
1963 2944509 
1964 2944509 
1965 2944510 
1966 2944510 
1967 2944511 
1968 2944511 
1969 2944512 
1970 2944514 
1971 2944514 
1972 2944515 
1973 2944516 
1974 2944516 
1975 2944516 
1976 2944517 
1977 2944517 
1978 2944517 
1979 2944520 
1980 2944520 
1981 2944521 
1982 2944521 
1983 2944522 
1984 2944522 
1985 2944522 
1986 2944523 
1987 2944530 
1988 2944530 
1989 2944531 
1990 2944531 
1991 2944531 
1992 2944532 
1993 2944533 
1994 2944534 
1995 2944534 
1996 2944534 
1997 2944535 
1998 2944536 
1999 2944536 
2000 2944536 
2001 2944536 
2002 2944540 
2003 2944540 
2004 2944540 
2005 2944541 
2006 2944541 
2007 2944541 
2008 2944541 
2009 2944542 
2010 2944542 
2011 2944542 
2012 2944543 
2013 2944557 
2014 2944566 
2015 2944577 
2016 2944579 
2017 2944594 
2018 2944602 
2019 2944608 
2020 2944609 
2021 2944610 
2022 2944611 
2023 2944611 
2024 2944611 
2025 2944612 
2026 2944612 
2027 2944612 
2028 2944613 
2029 2944613 
2030 2944619 
2031 2944619 
2032 2944625 
2033 2944625 
2034 2944625 
2035 2944628 
2036 2944642 
2037 2944642 
2038 2944642 
2039 2944652 
2040 2944653 
2041 2944653 
2042 2944653 
2043 2944654 
2044 2944654 
2045 2944654 
2046 2944655 
2047 2944655 
2048 2944655 
2049 2944658 
2050 2944663 
2051 2944665 
2052 2944665 
2053 2944668 
2054 2944668 
2055 2944670 
2056 2944670 
2057 2944671 
2058 2944671 
2059 2944671 
2060 2944673 
2061 2944673 
2062 2944674 
2063 2944674 
2064 2944677 
2065 2944679 
2066 2944681 
2067 2944681 
2068 2944682 
2069 2944685 
2070 2944689 
2071 2944689 
2072 2944690 
2073 2944690 
2074 2944691 
2075 2944699 
2076 2944701 
2077 2944710 
2078 2944710 
2079 2944712 
2080 2944712 
2081 2944719 
2082 2944728 
2083 2944729 
2084 2944746 
2085 2944761 
2086 2944792 
2087 2944793 
2088 2944793 
2089 2944793 
2090 2944795 
2091 2944796 
2092 2944797 
