2128 1192 2 2085 1935 0 1050 381 52 2021 2096 63 6 0 2096 165 103 0 424 60 1648 1839 0 2096 0 1001 0 860 0 2001 2 241 39 42 2096 160 1274 7 1147 40 2096 13 0 1360 32 2013 671 2096 393 23 14 1326 2096 0 490 643 463 0 1547
1192 2128 0 1224 1063 904 146 1275 35 1224 1224 999 910 904 1224 505 1007 904 674 961 736 1224 904 1224 904 997 904 1796 904 1224 0 224 943 271 1224 1047 1224 4 2083 658 1224 917 904 1722 936 1234 673 1224 13 927 6 1148 1224 904 0 903 248 904 1773
2 0 2128 4 8 0 9 82 0 3 0 1 1 0 0 291 14 2 17 339 1 1 0 0 0 237 0 4 0 4 249 4 0 4 0 145 38 7 0 24 0 9 0 3 1 0 53 0 10 126 19 41 0 0 0 3 347 0 0
2085 1224 4 2128 1956 0 1039 371 35 2053 2117 95 6 0 2117 165 103 0 456 57 1629 1871 0 2117 0 1033 0 892 0 2022 0 224 39 25 2117 143 1306 11 1179 38 2117 13 0 1392 32 2045 703 2117 365 23 13 1332 2117 0 479 675 435 0 1579
1935 1063 8 1956 2128 0 1050 210 16 1892 1967 95 6 0 1967 173 36 0 295 150 1640 1710 0 1967 0 872 0 731 0 1872 0 63 0 25 1967 143 1145 2 1018 38 1967 13 0 1231 32 1884 703 1967 367 23 6 1343 1967 0 490 514 411 0 1418
0 904 0 0 0 2128 892 1615 0 0 0 1675 952 951 0 1447 1931 1820 267 955 26 0 2128 0 2106 0 2128 1170 2128 0 0 0 2089 260 0 1432 0 0 949 620 0 1840 2128 498 1857 10 373 0 0 1220 0 362 0 2128 0 1307 0 2128 549
1050 146 9 1039 1050 892 2128 379 0 975 1050 439 25 6 1050 775 695 584 67 53 1076 793 892 1050 870 74 892 86 892 955 2 2 853 27 1050 295 228 32 101 32 1050 604 892 314 621 967 429 1050 395 52 7 643 1050 892 492 747 287 892 501
381 1275 82 371 210 1615 379 2128 68 371 371 1628 952 951 371 1216 1718 1615 639 972 13 371 1615 371 1615 371 1615 1541 1615 371 0 241 1654 277 371 1245 371 5 1320 620 371 1628 1615 869 1647 381 24 371 30 1220 10 365 371 1615 0 1575 115 1615 920
52 35 0 35 16 0 0 68 2128 35 35 257 37 16 35 26 0 188 43 16 98 35 0 35 0 249 0 35 0 35 472 69 35 230 35 123 37 103 35 50 35 1 0 35 55 35 66 35 201 24 433 4 35 0 0 67 202 0 35
2021 1224 3 2053 1892 0 975 371 35 2128 2053 95 6 0 2053 165 103 0 456 57 1565 1902 0 2053 0 1043 0 892 0 1958 3 228 39 25 2053 143 1300 7 1179 38 2053 13 0 1395 32 2066 703 2053 301 23 9 1268 2053 0 415 675 371 0 1579
2096 1224 0 2117 1967 0 1050 371 35 2053 2128 95 6 0 2128 165 103 0 456 57 1640 1871 0 2128 0 1033 0 892 0 2033 0 224 39 25 2128 143 1306 4 1179 38 2128 13 0 1392 32 2045 703 2128 376 23 6 1343 2128 0 490 675 446 0 1579
63 999 1 95 95 1675 439 1628 257 95 95 2128 1019 967 95 1276 1753 1925 316 956 230 95 1675 95 1675 95 1675 1265 1675 95 0 0 1675 408 95 1277 95 142 1044 620 95 1676 1675 593 1815 105 106 95 120 1220 13 437 95 1675 0 1316 55 1675 644
6 910 1 6 6 952 25 952 37 6 6 1019 2128 972 6 553 983 1019 322 955 73 6 952 6 952 9 952 952 952 6 5 0 952 270 6 952 6 33 955 630 6 991 952 504 983 16 13 6 117 1020 3 372 6 952 0 541 6 952 555
0 904 0 0 0 951 6 951 16 0 0 967 972 2128 0 552 951 967 291 951 16 0 951 0 951 1 951 951 951 0 171 1 951 514 0 951 0 10 949 620 0 951 951 498 951 10 13 0 8 1336 12 551 0 951 0 540 0 951 549
2096 1224 0 2117 1967 0 1050 371 35 2053 2128 95 6 0 2128 165 103 0 456 57 1640 1871 0 2128 0 1033 0 892 0 2033 0 224 39 25 2128 143 1306 4 1179 38 2128 13 0 1392 32 2045 703 2128 376 23 6 1343 2128 0 490 675 446 0 1579
165 505 291 165 173 1447 775 1216 26 165 165 1276 553 552 165 2128 1461 1421 33 669 191 127 1447 165 1447 26 1447 771 1447 117 257 1 1447 33 165 811 79 12 550 392 165 1450 1447 558 1448 166 108 165 60 821 6 246 165 1447 48 964 89 1447 431
103 1007 14 103 36 1931 695 1718 0 103 103 1753 983 951 103 1461 2128 1882 370 955 104 103 1931 103 1931 103 1931 1273 1931 103 14 103 1931 260 103 1235 103 46 1052 622 103 1840 1931 601 1935 113 176 103 0 1220 0 362 103 1931 0 1410 4 1931 652
0 904 2 0 0 1820 584 1615 188 0 0 1925 1019 967 0 1421 1882 2128 267 967 171 0 1820 0 1820 0 1820 1170 1820 0 2 10 1820 356 0 1225 0 102 949 622 0 1821 1820 498 1920 10 65 0 72 1220 2 367 0 1820 0 1307 3 1820 549
424 674 17 456 295 267 67 639 43 456 456 316 322 291 456 33 370 267 2128 269 55 456 267 456 267 455 267 674 267 456 42 758 306 359 456 383 420 209 674 389 456 280 267 435 299 466 63 456 280 277 22 80 456 267 447 627 215 267 674
60 961 339 57 150 955 53 972 16 57 57 956 955 951 57 669 955 967 269 2128 66 57 955 57 955 23 955 967 955 57 140 22 955 296 57 1100 57 2 1006 644 57 957 955 555 956 67 22 57 9 1045 6 420 57 955 0 544 138 955 606
1648 736 1 1629 1640 26 1076 13 98 1565 1640 230 73 16 1640 191 104 171 55 66 2128 1383 26 1640 26 545 26 404 26 1545 2 39 26 30 1640 129 818 142 691 40 1640 28 26 904 171 1557 575 1640 429 23 193 1234 1640 26 490 291 363 26 1091
1839 1224 1 1871 1710 0 793 371 35 1902 1871 95 6 0 1871 127 103 0 456 57 1383 2128 0 1871 0 1051 0 892 0 1961 3 227 39 25 1871 143 1301 5 1179 38 1871 13 0 1429 32 1882 683 1871 119 23 135 1086 1871 0 233 674 349 0 1579
0 904 0 0 0 2128 892 1615 0 0 0 1675 952 951 0 1447 1931 1820 267 955 26 0 2128 0 2106 0 2128 1170 2128 0 0 0 2089 260 0 1432 0 0 949 620 0 1840 2128 498 1857 10 373 0 0 1220 0 362 0 2128 0 1307 0 2128 549
2096 1224 0 2117 1967 0 1050 371 35 2053 2128 95 6 0 2128 165 103 0 456 57 1640 1871 0 2128 0 1033 0 892 0 2033 0 224 39 25 2128 143 1306 4 1179 38 2128 13 0 1392 32 2045 703 2128 376 23 6 1343 2128 0 490 675 446 0 1579
0 904 0 0 0 2106 870 1615 0 0 0 1675 952 951 0 1447 1931 1820 267 955 26 0 2106 0 2128 0 2106 1170 2106 0 0 0 2089 260 0 1410 0 0 949 620 0 1840 2106 498 1857 10 351 0 0 1220 0 362 0 2106 0 1307 0 2106 549
1001 997 237 1033 872 0 74 371 249 1043 1033 95 9 1 1033 26 103 0 455 23 545 1051 0 1033 0 2128 0 892 0 1033 39 245 39 88 1033 143 1010 61 997 93 1033 13 0 1070 32 1040 666 1033 71 23 24 645 1033 0 50 431 181 0 1003
0 904 0 0 0 2128 892 1615 0 0 0 1675 952 951 0 1447 1931 1820 267 955 26 0 2128 0 2106 0 2128 1170 2128 0 0 0 2089 260 0 1432 0 0 949 620 0 1840 2128 498 1857 10 373 0 0 1220 0 362 0 2128 0 1307 0 2128 549
860 1796 4 892 731 1170 86 1541 35 892 892 1265 952 951 892 771 1273 1170 674 967 404 892 1170 892 1170 892 1170 2128 1170 892 0 224 1209 275 892 1259 892 4 1841 658 892 1183 1170 1390 1202 902 545 892 13 1170 6 876 892 1170 0 1169 102 1170 1441
0 904 0 0 0 2128 892 1615 0 0 0 1675 952 951 0 1447 1931 1820 267 955 26 0 2128 0 2106 0 2128 1170 2128 0 0 0 2089 260 0 1432 0 0 949 620 0 1840 2128 498 1857 10 373 0 0 1220 0 362 0 2128 0 1307 0 2128 549
2001 1224 4 2022 1872 0 955 371 35 1958 2033 95 6 0 2033 117 103 0 456 57 1545 1961 0 2033 0 1033 0 892 0 2128 0 224 39 25 2033 143 1306 4 1179 38 2033 13 0 1411 32 1950 682 2033 281 23 90 1248 2033 0 395 674 488 0 1579
2 0 249 0 0 0 2 0 472 3 0 0 5 171 0 257 14 2 42 140 2 3 0 0 0 39 0 0 0 0 2128 191 0 169 0 1 271 3 0 195 0 2 0 34 1 3 76 0 60 24 342 0 0 0 154 9 95 0 0
241 224 4 224 63 0 2 241 69 228 224 0 0 1 224 1 103 10 758 22 39 227 0 224 0 245 0 224 0 224 191 2128 39 340 224 199 287 389 224 42 224 2 0 225 18 226 0 224 450 20 84 4 224 0 764 226 574 0 224
39 943 0 39 0 2089 853 1654 35 39 39 1675 952 951 39 1447 1931 1820 306 955 26 39 2089 39 2089 39 2089 1209 2089 39 0 39 2128 260 39 1393 39 4 988 620 39 1840 2089 537 1857 49 334 39 13 1220 0 362 39 2089 0 1346 39 2089 588
42 271 4 25 25 260 27 277 230 25 25 408 270 514 25 33 260 356 359 296 30 25 260 25 260 88 260 275 260 25 169 340 260 2128 25 408 13 138 271 656 25 261 260 32 303 35 13 25 615 388 195 29 25 260 38 193 286 260 271
2096 1224 0 2117 1967 0 1050 371 35 2053 2128 95 6 0 2128 165 103 0 456 57 1640 1871 0 2128 0 1033 0 892 0 2033 0 224 39 25 2128 143 1306 4 1179 38 2128 13 0 1392 32 2045 703 2128 376 23 6 1343 2128 0 490 675 446 0 1579
160 1047 145 143 143 1432 295 1245 123 143 143 1277 952 951 143 811 1235 1225 383 1100 129 143 1432 143 1410 143 1432 1259 1432 143 1 199 1393 408 143 2128 143 169 1092 671 143 1211 1432 641 1212 153 360 143 264 1318 17 490 143 1432 1 817 272 1432 692
1274 1224 38 1306 1145 0 228 371 37 1300 1306 95 6 0 1306 79 103 0 420 57 818 1301 0 1306 0 1010 0 892 0 1306 271 287 39 13 1306 143 2128 47 1179 39 1306 13 0 1320 32 1302 937 1306 27 23 345 834 1306 0 9 428 517 0 1289
7 4 7 11 2 0 32 5 103 7 4 142 33 10 4 12 46 102 209 2 142 5 0 4 0 61 0 4 0 4 3 389 4 138 4 169 47 2128 4 391 4 44 0 6 108 13 11 4 781 22 157 6 4 0 6 23 300 0 4
1147 2083 0 1179 1018 949 101 1320 35 1179 1179 1044 955 949 1179 550 1052 949 674 1006 691 1179 949 1179 949 997 949 1841 949 1179 0 224 988 271 1179 1092 1179 4 2128 658 1179 962 949 1677 981 1189 673 1179 13 972 6 1163 1179 949 0 948 203 949 1728
40 658 24 38 38 620 32 620 50 38 38 620 630 620 38 392 622 622 389 644 40 38 620 38 620 93 620 658 620 38 195 42 620 656 38 671 39 391 658 2128 38 622 620 419 649 48 52 38 593 621 7 86 38 620 0 209 29 620 587
2096 1224 0 2117 1967 0 1050 371 35 2053 2128 95 6 0 2128 165 103 0 456 57 1640 1871 0 2128 0 1033 0 892 0 2033 0 224 39 25 2128 143 1306 4 1179 38 2128 13 0 1392 32 2045 703 2128 376 23 6 1343 2128 0 490 675 446 0 1579
13 917 9 13 13 1840 604 1628 1 13 13 1676 991 951 13 1450 1840 1821 280 957 28 13 1840 13 1840 13 1840 1183 1840 13 2 2 1840 261 13 1211 13 44 962 622 13 2128 1840 511 1840 23 85 13 62 1226 2 362 13 1840 10 1320 8 1840 562
0 904 0 0 0 2128 892 1615 0 0 0 1675 952 951 0 1447 1931 1820 267 955 26 0 2128 0 2106 0 2128 1170 2128 0 0 0 2089 260 0 1432 0 0 949 620 0 1840 2128 498 1857 10 373 0 0 1220 0 362 0 2128 0 1307 0 2128 549
1360 1722 3 1392 1231 498 314 869 35 1395 1392 593 504 498 1392 558 601 498 435 555 904 1429 498 1392 498 1070 498 1390 498 1411 34 225 537 32 1392 641 1320 6 1677 419 1392 511 498 2128 530 1393 674 1392 14 521 26 982 1392 498 1 560 310 498 1701
32 936 1 32 32 1857 621 1647 55 32 32 1815 983 951 32 1448 1935 1920 299 956 171 32 1857 32 1857 32 1857 1202 1857 32 1 18 1857 303 32 1212 32 108 981 649 32 1840 1857 530 2128 42 102 32 47 1220 51 362 32 1857 0 1339 1 1857 581
2013 1234 0 2045 1884 10 967 381 35 2066 2045 105 16 10 2045 166 113 10 466 67 1557 1882 10 2045 10 1040 10 902 10 1950 3 226 49 35 2045 153 1302 13 1189 48 2045 23 10 1393 42 2128 703 2045 293 33 15 1260 2045 10 407 685 363 10 1589
671 673 53 703 703 373 429 24 66 703 703 106 13 13 703 108 176 65 63 22 575 683 373 703 351 666 373 545 373 682 76 0 334 13 703 360 937 11 673 52 703 85 373 674 102 703 2128 703 38 36 388 685 703 373 45 73 193 373 673
2096 1224 0 2117 1967 0 1050 371 35 2053 2128 95 6 0 2128 165 103 0 456 57 1640 1871 0 2128 0 1033 0 892 0 2033 0 224 39 25 2128 143 1306 4 1179 38 2128 13 0 1392 32 2045 703 2128 376 23 6 1343 2128 0 490 675 446 0 1579
393 13 10 365 367 0 395 30 201 301 376 120 117 8 376 60 0 72 280 9 429 119 0 376 0 71 0 13 0 281 60 450 13 615 376 264 27 781 13 593 376 62 0 14 47 293 38 376 2128 25 81 372 376 0 414 48 515 0 13
23 927 126 23 23 1220 52 1220 24 23 23 1220 1020 1336 23 821 1220 1220 277 1045 23 23 1220 23 1220 23 1220 1170 1220 23 24 20 1220 388 23 1318 23 22 972 621 23 1226 1220 521 1220 33 36 23 25 2128 26 642 23 1220 0 809 16 1220 572
14 6 19 13 6 0 7 10 433 9 6 13 3 12 6 6 0 2 22 6 193 135 0 6 0 24 0 6 0 90 342 84 0 195 6 17 345 157 6 7 6 2 0 26 51 15 388 6 81 26 2128 7 6 0 2 7 259 0 6
1326 1148 41 1332 1343 362 643 365 4 1268 1343 437 372 551 1343 246 362 367 80 420 1234 1086 362 1343 362 645 362 876 362 1248 0 4 362 29 1343 490 834 6 1163 86 1343 362 362 982 362 1260 685 1343 372 642 7 2128 1343 362 476 572 263 362 839
2096 1224 0 2117 1967 0 1050 371 35 2053 2128 95 6 0 2128 165 103 0 456 57 1640 1871 0 2128 0 1033 0 892 0 2033 0 224 39 25 2128 143 1306 4 1179 38 2128 13 0 1392 32 2045 703 2128 376 23 6 1343 2128 0 490 675 446 0 1579
0 904 0 0 0 2128 892 1615 0 0 0 1675 952 951 0 1447 1931 1820 267 955 26 0 2128 0 2106 0 2128 1170 2128 0 0 0 2089 260 0 1432 0 0 949 620 0 1840 2128 498 1857 10 373 0 0 1220 0 362 0 2128 0 1307 0 2128 549
490 0 0 479 490 0 492 0 0 415 490 0 0 0 490 48 0 0 447 0 490 233 0 490 0 50 0 0 0 395 154 764 0 38 490 1 9 6 0 0 490 10 0 1 0 407 45 490 414 0 2 476 490 0 2128 162 141 0 0
643 903 3 675 514 1307 747 1575 67 675 675 1316 541 540 675 964 1410 1307 627 544 291 674 1307 675 1307 431 1307 1169 1307 674 9 226 1346 193 675 817 428 23 948 209 675 1320 1307 560 1339 685 73 675 48 809 7 572 675 1307 162 2128 106 1307 636
463 248 347 435 411 0 287 115 202 371 446 55 6 0 446 89 4 3 215 138 363 349 0 446 0 181 0 102 0 488 95 574 39 286 446 272 517 300 203 29 446 8 0 310 1 363 193 446 515 16 259 263 446 0 141 106 2128 0 307
0 904 0 0 0 2128 892 1615 0 0 0 1675 952 951 0 1447 1931 1820 267 955 26 0 2128 0 2106 0 2128 1170 2128 0 0 0 2089 260 0 1432 0 0 949 620 0 1840 2128 498 1857 10 373 0 0 1220 0 362 0 2128 0 1307 0 2128 549
1547 1773 0 1579 1418 549 501 920 35 1579 1579 644 555 549 1579 431 652 549 674 606 1091 1579 549 1579 549 1003 549 1441 549 1579 0 224 588 271 1579 692 1289 4 1728 587 1579 562 549 1701 581 1589 673 1579 13 572 6 839 1579 549 0 636 307 549 2128
