1546 0 0 1546 0 181 0 1546 0 1546 0 0 0 0 662 1546 1546 0 14 1546 1546 1546 388 229 1389 1546 1006 0 0 1546 1546 1546 0 1546 507 0 1546 1546 0 0 0 0 1546 1546 1546 1546 1546 1546 0 0 147 0 1546 0 1546 1546 1546 0 102
0 1546 1546 0 1546 0 1546 0 0 0 1546 1220 1546 1546 0 0 0 0 0 0 0 0 0 0 0 0 0 1546 1546 0 0 0 1546 0 0 1546 0 0 1546 1255 1546 1546 0 0 0 0 0 0 1546 1546 1198 1546 0 1546 0 0 0 1546 1444
0 1546 1546 0 1546 0 1546 0 0 0 1546 1220 1546 1546 0 0 0 0 0 0 0 0 0 0 0 0 0 1546 1546 0 0 0 1546 0 0 1546 0 0 1546 1255 1546 1546 0 0 0 0 0 0 1546 1546 1198 1546 0 1546 0 0 0 1546 1444
1546 0 0 1546 0 181 0 1546 0 1546 0 0 0 0 662 1546 1546 0 14 1546 1546 1546 388 229 1389 1546 1006 0 0 1546 1546 1546 0 1546 507 0 1546 1546 0 0 0 0 1546 1546 1546 1546 1546 1546 0 0 147 0 1546 0 1546 1546 1546 0 102
0 1546 1546 0 1546 0 1546 0 0 0 1546 1220 1546 1546 0 0 0 0 0 0 0 0 0 0 0 0 0 1546 1546 0 0 0 1546 0 0 1546 0 0 1546 1255 1546 1546 0 0 0 0 0 0 1546 1546 1198 1546 0 1546 0 0 0 1546 1444
181 0 0 181 0 1546 0 181 0 181 0 1 0 0 163 181 181 0 29 181 181 181 44 388 181 181 181 0 0 181 181 181 0 181 90 0 181 181 0 4 0 0 181 181 181 181 181 181 0 0 22 0 181 0 181 181 181 0 0
0 1546 1546 0 1546 0 1546 0 0 0 1546 1220 1546 1546 0 0 0 0 0 0 0 0 0 0 0 0 0 1546 1546 0 0 0 1546 0 0 1546 0 0 1546 1255 1546 1546 0 0 0 0 0 0 1546 1546 1198 1546 0 1546 0 0 0 1546 1444
1546 0 0 1546 0 181 0 1546 0 1546 0 0 0 0 662 1546 1546 0 14 1546 1546 1546 388 229 1389 1546 1006 0 0 1546 1546 1546 0 1546 507 0 1546 1546 0 0 0 0 1546 1546 1546 1546 1546 1546 0 0 147 0 1546 0 1546 1546 1546 0 102
0 0 0 0 0 0 0 0 1546 0 0 0 0 0 0 0 0 0 26 0 0 0 0 0 0 0 0 0 0 0 0 0 0 0 0 0 0 0 0 0 0 0 0 0 0 0 0 0 0 0 0 0 0 0 0 0 0 0 0
1546 0 0 1546 0 181 0 1546 0 1546 0 0 0 0 662 1546 1546 0 14 1546 1546 1546 388 229 1389 1546 1006 0 0 1546 1546 1546 0 1546 507 0 1546 1546 0 0 0 0 1546 1546 1546 1546 1546 1546 0 0 147 0 1546 0 1546 1546 1546 0 102
0 1546 1546 0 1546 0 1546 0 0 0 1546 1220 1546 1546 0 0 0 0 0 0 0 0 0 0 0 0 0 1546 1546 0 0 0 1546 0 0 1546 0 0 1546 1255 1546 1546 0 0 0 0 0 0 1546 1546 1198 1546 0 1546 0 0 0 1546 1444
0 1220 1220 0 1220 1 1220 0 0 0 1220 1546 1220 1220 1 0 0 2 2 0 0 0 1 2 0 0 0 1220 1220 0 0 0 1220 0 1 1220 0 0 1220 1220 1220 1220 0 0 0 0 0 0 1220 1220 872 1220 0 1220 0 0 0 1220 1118
0 1546 1546 0 1546 0 1546 0 0 0 1546 1220 1546 1546 0 0 0 0 0 0 0 0 0 0 0 0 0 1546 1546 0 0 0 1546 0 0 1546 0 0 1546 1255 1546 1546 0 0 0 0 0 0 1546 1546 1198 1546 0 1546 0 0 0 1546 1444
0 1546 1546 0 1546 0 1546 0 0 0 1546 1220 1546 1546 0 0 0 0 0 0 0 0 0 0 0 0 0 1546 1546 0 0 0 1546 0 0 1546 0 0 1546 1255 1546 1546 0 0 0 0 0 0 1546 1546 1198 1546 0 1546 0 0 0 1546 1444
662 0 0 662 0 163 0 662 0 662 0 1 0 0 1546 662 662 94 131 662 662 662 416 219 586 662 606 0 0 662 662 662 0 662 419 0 662 662 0 12 0 0 662 662 662 662 662 662 0 0 4 0 662 0 662 662 662 0 2
1546 0 0 1546 0 181 0 1546 0 1546 0 0 0 0 662 1546 1546 0 14 1546 1546 1546 388 229 1389 1546 1006 0 0 1546 1546 1546 0 1546 507 0 1546 1546 0 0 0 0 1546 1546 1546 1546 1546 1546 0 0 147 0 1546 0 1546 1546 1546 0 102
1546 0 0 1546 0 181 0 1546 0 1546 0 0 0 0 662 1546 1546 0 14 1546 1546 1546 388 229 1389 1546 1006 0 0 1546 1546 1546 0 1546 507 0 1546 1546 0 0 0 0 1546 1546 1546 1546 1546 1546 0 0 147 0 1546 0 1546 1546 1546 0 102
0 0 0 0 0 0 0 0 0 0 0 2 0 0 94 0 0 1546 1424 0 0 0 266 4 9 0 0 0 0 0 0 0 0 0 276 0 0 0 0 0 0 0 0 0 0 0 0 0 0 0 3 0 0 0 0 0 0 0 0
14 0 0 14 0 29 0 14 26 14 0 2 0 0 131 14 14 1424 1546 14 14 14 298 39 23 14 0 0 0 14 14 14 0 14 272 0 14 14 0 0 0 0 14 14 14 14 14 14 0 0 3 0 14 0 14 14 14 0 14
1546 0 0 1546 0 181 0 1546 0 1546 0 0 0 0 662 1546 1546 0 14 1546 1546 1546 388 229 1389 1546 1006 0 0 1546 1546 1546 0 1546 507 0 1546 1546 0 0 0 0 1546 1546 1546 1546 1546 1546 0 0 147 0 1546 0 1546 1546 1546 0 102
1546 0 0 1546 0 181 0 1546 0 1546 0 0 0 0 662 1546 1546 0 14 1546 1546 1546 388 229 1389 1546 1006 0 0 1546 1546 1546 0 1546 507 0 1546 1546 0 0 0 0 1546 1546 1546 1546 1546 1546 0 0 147 0 1546 0 1546 1546 1546 0 102
1546 0 0 1546 0 181 0 1546 0 1546 0 0 0 0 662 1546 1546 0 14 1546 1546 1546 388 229 1389 1546 1006 0 0 1546 1546 1546 0 1546 507 0 1546 1546 0 0 0 0 1546 1546 1546 1546 1546 1546 0 0 147 0 1546 0 1546 1546 1546 0 102
388 0 0 388 0 44 0 388 0 388 0 1 0 0 416 388 388 266 298 388 388 388 1546 64 344 388 242 0 0 388 388 388 0 388 442 0 388 388 0 51 0 0 388 388 388 388 388 388 0 0 80 0 388 0 388 388 388 0 14
229 0 0 229 0 388 0 229 0 229 0 2 0 0 219 229 229 4 39 229 229 229 64 1546 358 229 229 0 0 229 229 229 0 229 92 0 229 229 0 31 0 0 229 229 229 229 229 229 0 0 28 0 229 0 229 229 229 0 0
1389 0 0 1389 0 181 0 1389 0 1389 0 0 0 0 586 1389 1389 9 23 1389 1389 1389 344 358 1546 1389 849 0 0 1389 1389 1389 0 1389 463 0 1389 1389 0 0 0 0 1389 1389 1389 1389 1389 1389 0 0 147 0 1389 0 1389 1389 1389 0 102
1546 0 0 1546 0 181 0 1546 0 1546 0 0 0 0 662 1546 1546 0 14 1546 1546 1546 388 229 1389 1546 1006 0 0 1546 1546 1546 0 1546 507 0 1546 1546 0 0 0 0 1546 1546 1546 1546 1546 1546 0 0 147 0 1546 0 1546 1546 1546 0 102
1006 0 0 1006 0 181 0 1006 0 1006 0 0 0 0 606 1006 1006 0 0 1006 1006 1006 242 229 849 1006 1546 0 0 1006 1006 1006 0 1006 322 0 1006 1006 0 0 0 0 1006 1006 1006 1006 1006 1006 0 0 0 0 1006 0 1006 1006 1006 0 0
0 1546 1546 0 1546 0 1546 0 0 0 1546 1220 1546 1546 0 0 0 0 0 0 0 0 0 0 0 0 0 1546 1546 0 0 0 1546 0 0 1546 0 0 1546 1255 1546 1546 0 0 0 0 0 0 1546 1546 1198 1546 0 1546 0 0 0 1546 1444
0 1546 1546 0 1546 0 1546 0 0 0 1546 1220 1546 1546 0 0 0 0 0 0 0 0 0 0 0 0 0 1546 1546 0 0 0 1546 0 0 1546 0 0 1546 1255 1546 1546 0 0 0 0 0 0 1546 1546 1198 1546 0 1546 0 0 0 1546 1444
1546 0 0 1546 0 181 0 1546 0 1546 0 0 0 0 662 1546 1546 0 14 1546 1546 1546 388 229 1389 1546 1006 0 0 1546 1546 1546 0 1546 507 0 1546 1546 0 0 0 0 1546 1546 1546 1546 1546 1546 0 0 147 0 1546 0 1546 1546 1546 0 102
1546 0 0 1546 0 181 0 1546 0 1546 0 0 0 0 662 1546 1546 0 14 1546 1546 1546 388 229 1389 1546 1006 0 0 1546 1546 1546 0 1546 507 0 1546 1546 0 0 0 0 1546 1546 1546 1546 1546 1546 0 0 147 0 1546 0 1546 1546 1546 0 102
1546 0 0 1546 0 181 0 1546 0 1546 0 0 0 0 662 1546 1546 0 14 1546 1546 1546 388 229 1389 1546 1006 0 0 1546 1546 1546 0 1546 507 0 1546 1546 0 0 0 0 1546 1546 1546 1546 1546 1546 0 0 147 0 1546 0 1546 1546 1546 0 102
0 1546 1546 0 1546 0 1546 0 0 0 1546 1220 1546 1546 0 0 0 0 0 0 0 0 0 0 0 0 0 1546 1546 0 0 0 1546 0 0 1546 0 0 1546 1255 1546 1546 0 0 0 0 0 0 1546 1546 1198 1546 0 1546 0 0 0 1546 1444
1546 0 0 1546 0 181 0 1546 0 1546 0 0 0 0 662 1546 1546 0 14 1546 1546 1546 388 229 1389 1546 1006 0 0 1546 1546 1546 0 1546 507 0 1546 1546 0 0 0 0 1546 1546 1546 1546 1546 1546 0 0 147 0 1546 0 1546 1546 1546 0 102
507 0 0 507 0 90 0 507 0 507 0 1 0 0 419 507 507 276 272 507 507 507 442 92 463 507 322 0 0 507 507 507 0 507 1546 0 507 507 0 34 0 0 507 507 507 507 507 507 0 0 56 0 507 0 507 507 507 0 49
0 1546 1546 0 1546 0 1546 0 0 0 1546 1220 1546 1546 0 0 0 0 0 0 0 0 0 0 0 0 0 1546 1546 0 0 0 1546 0 0 1546 0 0 1546 1255 1546 1546 0 0 0 0 0 0 1546 1546 1198 1546 0 1546 0 0 0 1546 1444
1546 0 0 1546 0 181 0 1546 0 1546 0 0 0 0 662 1546 1546 0 14 1546 1546 1546 388 229 1389 1546 1006 0 0 1546 1546 1546 0 1546 507 0 1546 1546 0 0 0 0 1546 1546 1546 1546 1546 1546 0 0 147 0 1546 0 1546 1546 1546 0 102
1546 0 0 1546 0 181 0 1546 0 1546 0 0 0 0 662 1546 1546 0 14 1546 1546 1546 388 229 1389 1546 1006 0 0 1546 1546 1546 0 1546 507 0 1546 1546 0 0 0 0 1546 1546 1546 1546 1546 1546 0 0 147 0 1546 0 1546 1546 1546 0 102
0 1546 1546 0 1546 0 1546 0 0 0 1546 1220 1546 1546 0 0 0 0 0 0 0 0 0 0 0 0 0 1546 1546 0 0 0 1546 0 0 1546 0 0 1546 1255 1546 1546 0 0 0 0 0 0 1546 1546 1198 1546 0 1546 0 0 0 1546 1444
0 1255 1255 0 1255 4 1255 0 0 0 1255 1220 1255 1255 12 0 0 0 0 0 0 0 51 31 0 0 0 1255 1255 0 0 0 1255 0 34 1255 0 0 1255 1546 1255 1255 0 0 0 0 0 0 1255 1255 907 1255 0 1255 0 0 0 1255 1153
0 1546 1546 0 1546 0 1546 0 0 0 1546 1220 1546 1546 0 0 0 0 0 0 0 0 0 0 0 0 0 1546 1546 0 0 0 1546 0 0 1546 0 0 1546 1255 1546 1546 0 0 0 0 0 0 1546 1546 1198 1546 0 1546 0 0 0 1546 1444
0 1546 1546 0 1546 0 1546 0 0 0 1546 1220 1546 1546 0 0 0 0 0 0 0 0 0 0 0 0 0 1546 1546 0 0 0 1546 0 0 1546 0 0 1546 1255 1546 1546 0 0 0 0 0 0 1546 1546 1198 1546 0 1546 0 0 0 1546 1444
1546 0 0 1546 0 181 0 1546 0 1546 0 0 0 0 662 1546 1546 0 14 1546 1546 1546 388 229 1389 1546 1006 0 0 1546 1546 1546 0 1546 507 0 1546 1546 0 0 0 0 1546 1546 1546 1546 1546 1546 0 0 147 0 1546 0 1546 1546 1546 0 102
1546 0 0 1546 0 181 0 1546 0 1546 0 0 0 0 662 1546 1546 0 14 1546 1546 1546 388 229 1389 1546 1006 0 0 1546 1546 1546 0 1546 507 0 1546 1546 0 0 0 0 1546 1546 1546 1546 1546 1546 0 0 147 0 1546 0 1546 1546 1546 0 102
1546 0 0 1546 0 181 0 1546 0 1546 0 0 0 0 662 1546 1546 0 14 1546 1546 1546 388 229 1389 1546 1006 0 0 1546 1546 1546 0 1546 507 0 1546 1546 0 0 0 0 1546 1546 1546 1546 1546 1546 0 0 147 0 1546 0 1546 1546 1546 0 102
1546 0 0 1546 0 181 0 1546 0 1546 0 0 0 0 662 1546 1546 0 14 1546 1546 1546 388 229 1389 1546 1006 0 0 1546 1546 1546 0 1546 507 0 1546 1546 0 0 0 0 1546 1546 1546 1546 1546 1546 0 0 147 0 1546 0 1546 1546 1546 0 102
1546 0 0 1546 0 181 0 1546 0 1546 0 0 0 0 662 1546 1546 0 14 1546 1546 1546 388 229 1389 1546 1006 0 0 1546 1546 1546 0 1546 507 0 1546 1546 0 0 0 0 1546 1546 1546 1546 1546 1546 0 0 147 0 1546 0 1546 1546 1546 0 102
1546 0 0 1546 0 181 0 1546 0 1546 0 0 0 0 662 1546 1546 0 14 1546 1546 1546 388 229 1389 1546 1006 0 0 1546 1546 1546 0 1546 507 0 1546 1546 0 0 0 0 1546 1546 1546 1546 1546 1546 0 0 147 0 1546 0 1546 1546 1546 0 102
0 1546 1546 0 1546 0 1546 0 0 0 1546 1220 1546 1546 0 0 0 0 0 0 0 0 0 0 0 0 0 1546 1546 0 0 0 1546 0 0 1546 0 0 1546 1255 1546 1546 0 0 0 0 0 0 1546 1546 1198 1546 0 1546 0 0 0 1546 1444
0 1546 1546 0 1546 0 1546 0 0 0 1546 1220 1546 1546 0 0 0 0 0 0 0 0 0 0 0 0 0 1546 1546 0 0 0 1546 0 0 1546 0 0 1546 1255 1546 1546 0 0 0 0 0 0 1546 1546 1198 1546 0 1546 0 0 0 1546 1444
147 1198 1198 147 1198 22 1198 147 0 147 1198 872 1198 1198 4 147 147 3 3 147 147 147 80 28 147 147 0 1198 1198 147 147 147 1198 147 56 1198 147 147 1198 907 1198 1198 147 147 147 147 147 147 1198 1198 1546 1198 147 1198 147 147 147 1198 1198
0 1546 1546 0 1546 0 1546 0 0 0 1546 1220 1546 1546 0 0 0 0 0 0 0 0 0 0 0 0 0 1546 1546 0 0 0 1546 0 0 1546 0 0 1546 1255 1546 1546 0 0 0 0 0 0 1546 1546 1198 1546 0 1546 0 0 0 1546 1444
1546 0 0 1546 0 181 0 1546 0 1546 0 0 0 0 662 1546 1546 0 14 1546 1546 1546 388 229 1389 1546 1006 0 0 1546 1546 1546 0 1546 507 0 1546 1546 0 0 0 0 1546 1546 1546 1546 1546 1546 0 0 147 0 1546 0 1546 1546 1546 0 102
0 1546 1546 0 1546 0 1546 0 0 0 1546 1220 1546 1546 0 0 0 0 0 0 0 0 0 0 0 0 0 1546 1546 0 0 0 1546 0 0 1546 0 0 1546 1255 1546 1546 0 0 0 0 0 0 1546 1546 1198 1546 0 1546 0 0 0 1546 1444
1546 0 0 1546 0 181 0 1546 0 1546 0 0 0 0 662 1546 1546 0 14 1546 1546 1546 388 229 1389 1546 1006 0 0 1546 1546 1546 0 1546 507 0 1546 1546 0 0 0 0 1546 1546 1546 1546 1546 1546 0 0 147 0 1546 0 1546 1546 1546 0 102
1546 0 0 1546 0 181 0 1546 0 1546 0 0 0 0 662 1546 1546 0 14 1546 1546 1546 388 229 1389 1546 1006 0 0 1546 1546 1546 0 1546 507 0 1546 1546 0 0 0 0 1546 1546 1546 1546 1546 1546 0 0 147 0 1546 0 1546 1546 1546 0 102
1546 0 0 1546 0 181 0 1546 0 1546 0 0 0 0 662 1546 1546 0 14 1546 1546 1546 388 229 1389 1546 1006 0 0 1546 1546 1546 0 1546 507 0 1546 1546 0 0 0 0 1546 1546 1546 1546 1546 1546 0 0 147 0 1546 0 1546 1546 1546 0 102
0 1546 1546 0 1546 0 1546 0 0 0 1546 1220 1546 1546 0 0 0 0 0 0 0 0 0 0 0 0 0 1546 1546 0 0 0 1546 0 0 1546 0 0 1546 1255 1546 1546 0 0 0 0 0 0 1546 1546 1198 1546 0 1546 0 0 0 1546 1444
102 1444 1444 102 1444 0 1444 102 0 102 1444 1118 1444 1444 2 102 102 0 14 102 102 102 14 0 102 102 0 1444 1444 102 102 102 1444 102 49 1444 102 102 1444 1153 1444 1444 102 102 102 102 102 102 1444 1444 1198 1444 102 1444 102 102 102 1444 1546
