1444 1444 1421 0 0 1444 1366 1444 0 400 0 693 1444 1444 1444 1444 13 1444 0 8 1115 0 286 0 141 0 0 0 0 0 0 0 1444 0 1146 277 0 1444 1444 22 1444 252 900 0 1444 1444 47 1444 1444 0 0 1444 0 1444 1444 370 0 1444 841
1444 1444 1421 0 0 1444 1366 1444 0 400 0 693 1444 1444 1444 1444 13 1444 0 8 1115 0 286 0 141 0 0 0 0 0 0 0 1444 0 1146 277 0 1444 1444 22 1444 252 900 0 1444 1444 47 1444 1444 0 0 1444 0 1444 1444 370 0 1444 841
1421 1421 1444 23 23 1421 1343 1421 0 377 23 670 1421 1421 1421 1421 36 1421 23 31 1138 23 274 23 141 23 23 23 23 23 23 23 1421 23 1169 300 23 1421 1421 45 1421 252 877 23 1421 1421 40 1421 1421 23 23 1421 23 1421 1421 370 0 1421 841
0 0 23 1444 1444 0 56 0 0 1018 1444 0 0 0 0 0 974 0 1424 1165 294 1444 10 1444 13 1444 1444 1444 1444 1444 1444 1444 0 1444 298 1158 1444 0 0 955 0 571 302 1444 0 0 311 0 0 1444 1444 0 1444 0 0 975 0 0 82
0 0 23 1444 1444 0 56 0 0 1018 1444 0 0 0 0 0 974 0 1424 1165 294 1444 10 1444 13 1444 1444 1444 1444 1444 1444 1444 0 1444 298 1158 1444 0 0 955 0 571 302 1444 0 0 311 0 0 1444 1444 0 1444 0 0 975 0 0 82
1444 1444 1421 0 0 1444 1366 1444 0 400 0 693 1444 1444 1444 1444 13 1444 0 8 1115 0 286 0 141 0 0 0 0 0 0 0 1444 0 1146 277 0 1444 1444 22 1444 252 900 0 1444 1444 47 1444 1444 0 0 1444 0 1444 1444 370 0 1444 841
1366 1366 1343 56 56 1366 1444 1366 13 456 56 615 1366 1366 1366 1366 69 1366 56 64 1037 56 282 56 63 56 56 56 56 56 56 56 1366 56 1068 199 56 1366 1366 22 1366 174 934 56 1366 1366 47 1366 1366 56 56 1366 56 1366 1366 426 13 1366 763
1444 1444 1421 0 0 1444 1366 1444 0 400 0 693 1444 1444 1444 1444 13 1444 0 8 1115 0 286 0 141 0 0 0 0 0 0 0 1444 0 1146 277 0 1444 1444 22 1444 252 900 0 1444 1444 47 1444 1444 0 0 1444 0 1444 1444 370 0 1444 841
0 0 0 0 0 0 13 0 1444 2 0 0 0 0 0 0 0 0 6 1 0 0 3 0 1 0 0 0 0 0 0 0 0 0 0 0 0 0 0 1 0 222 74 0 0 0 3 0 0 0 0 0 0 0 0 0 1444 0 13
400 400 377 1018 1018 400 456 400 2 1444 1018 377 400 400 400 400 548 400 1013 739 71 1018 46 1018 15 1018 1018 1018 1018 1018 1018 1018 400 1018 102 732 1018 400 400 529 400 532 702 1018 400 400 68 400 400 1018 1018 400 1018 400 400 1314 2 400 314
0 0 23 1444 1444 0 56 0 0 1018 1444 0 0 0 0 0 974 0 1424 1165 294 1444 10 1444 13 1444 1444 1444 1444 1444 1444 1444 0 1444 298 1158 1444 0 0 955 0 571 302 1444 0 0 311 0 0 1444 1444 0 1444 0 0 975 0 0 82
693 693 670 0 0 693 615 693 0 377 0 1444 693 693 693 693 2 693 0 15 387 0 229 0 124 0 0 0 0 0 0 0 693 0 418 129 0 693 693 0 693 308 566 0 693 693 44 693 693 0 0 693 0 693 693 347 0 693 379
1444 1444 1421 0 0 1444 1366 1444 0 400 0 693 1444 1444 1444 1444 13 1444 0 8 1115 0 286 0 141 0 0 0 0 0 0 0 1444 0 1146 277 0 1444 1444 22 1444 252 900 0 1444 1444 47 1444 1444 0 0 1444 0 1444 1444 370 0 1444 841
1444 1444 1421 0 0 1444 1366 1444 0 400 0 693 1444 1444 1444 1444 13 1444 0 8 1115 0 286 0 141 0 0 0 0 0 0 0 1444 0 1146 277 0 1444 1444 22 1444 252 900 0 1444 1444 47 1444 1444 0 0 1444 0 1444 1444 370 0 1444 841
1444 1444 1421 0 0 1444 1366 1444 0 400 0 693 1444 1444 1444 1444 13 1444 0 8 1115 0 286 0 141 0 0 0 0 0 0 0 1444 0 1146 277 0 1444 1444 22 1444 252 900 0 1444 1444 47 1444 1444 0 0 1444 0 1444 1444 370 0 1444 841
1444 1444 1421 0 0 1444 1366 1444 0 400 0 693 1444 1444 1444 1444 13 1444 0 8 1115 0 286 0 141 0 0 0 0 0 0 0 1444 0 1146 277 0 1444 1444 22 1444 252 900 0 1444 1444 47 1444 1444 0 0 1444 0 1444 1444 370 0 1444 841
13 13 36 974 974 13 69 13 0 548 974 2 13 13 13 13 1444 13 954 736 307 974 11 974 56 974 974 974 974 974 974 974 13 974 311 688 974 13 13 629 13 225 313 974 13 13 307 13 13 974 974 13 974 13 13 505 0 13 1
1444 1444 1421 0 0 1444 1366 1444 0 400 0 693 1444 1444 1444 1444 13 1444 0 8 1115 0 286 0 141 0 0 0 0 0 0 0 1444 0 1146 277 0 1444 1444 22 1444 252 900 0 1444 1444 47 1444 1444 0 0 1444 0 1444 1444 370 0 1444 841
0 0 23 1424 1424 0 56 0 6 1013 1424 0 0 0 0 0 954 0 1444 1145 294 1424 10 1424 13 1424 1424 1424 1424 1424 1424 1424 0 1424 298 1138 1424 0 0 935 0 551 302 1424 0 0 311 0 0 1424 1424 0 1424 0 0 975 6 0 82
8 8 31 1165 1165 8 64 8 1 739 1165 15 8 8 8 8 736 8 1145 1444 302 1165 12 1165 19 1165 1165 1165 1165 1165 1165 1165 8 1165 306 1053 1165 8 8 938 8 586 97 1165 8 8 314 8 8 1165 1165 8 1165 8 8 696 1 8 90
1115 1115 1138 294 294 1115 1037 1115 0 71 294 387 1115 1115 1115 1115 307 1115 294 302 1444 294 293 294 141 294 294 294 294 294 294 294 1115 294 1405 571 294 1115 1115 316 1115 252 571 294 1115 1115 289 1115 1115 294 294 1115 294 1115 1115 87 0 1115 662
0 0 23 1444 1444 0 56 0 0 1018 1444 0 0 0 0 0 974 0 1424 1165 294 1444 10 1444 13 1444 1444 1444 1444 1444 1444 1444 0 1444 298 1158 1444 0 0 955 0 571 302 1444 0 0 311 0 0 1444 1444 0 1444 0 0 975 0 0 82
286 286 274 10 10 286 282 286 3 46 10 229 286 286 286 286 11 286 10 12 293 10 1444 10 13 10 10 10 10 10 10 10 286 10 274 14 10 286 286 14 286 14 298 10 286 286 25 286 286 10 10 286 10 286 286 56 3 286 71
0 0 23 1444 1444 0 56 0 0 1018 1444 0 0 0 0 0 974 0 1424 1165 294 1444 10 1444 13 1444 1444 1444 1444 1444 1444 1444 0 1444 298 1158 1444 0 0 955 0 571 302 1444 0 0 311 0 0 1444 1444 0 1444 0 0 975 0 0 82
141 141 141 13 13 141 63 141 1 15 13 124 141 141 141 141 56 141 13 19 141 13 13 13 1444 13 13 13 13 13 13 13 141 13 141 149 13 141 141 55 141 161 39 13 141 141 62 141 141 13 13 141 13 141 141 13 1 141 174
0 0 23 1444 1444 0 56 0 0 1018 1444 0 0 0 0 0 974 0 1424 1165 294 1444 10 1444 13 1444 1444 1444 1444 1444 1444 1444 0 1444 298 1158 1444 0 0 955 0 571 302 1444 0 0 311 0 0 1444 1444 0 1444 0 0 975 0 0 82
0 0 23 1444 1444 0 56 0 0 1018 1444 0 0 0 0 0 974 0 1424 1165 294 1444 10 1444 13 1444 1444 1444 1444 1444 1444 1444 0 1444 298 1158 1444 0 0 955 0 571 302 1444 0 0 311 0 0 1444 1444 0 1444 0 0 975 0 0 82
0 0 23 1444 1444 0 56 0 0 1018 1444 0 0 0 0 0 974 0 1424 1165 294 1444 10 1444 13 1444 1444 1444 1444 1444 1444 1444 0 1444 298 1158 1444 0 0 955 0 571 302 1444 0 0 311 0 0 1444 1444 0 1444 0 0 975 0 0 82
0 0 23 1444 1444 0 56 0 0 1018 1444 0 0 0 0 0 974 0 1424 1165 294 1444 10 1444 13 1444 1444 1444 1444 1444 1444 1444 0 1444 298 1158 1444 0 0 955 0 571 302 1444 0 0 311 0 0 1444 1444 0 1444 0 0 975 0 0 82
0 0 23 1444 1444 0 56 0 0 1018 1444 0 0 0 0 0 974 0 1424 1165 294 1444 10 1444 13 1444 1444 1444 1444 1444 1444 1444 0 1444 298 1158 1444 0 0 955 0 571 302 1444 0 0 311 0 0 1444 1444 0 1444 0 0 975 0 0 82
0 0 23 1444 1444 0 56 0 0 1018 1444 0 0 0 0 0 974 0 1424 1165 294 1444 10 1444 13 1444 1444 1444 1444 1444 1444 1444 0 1444 298 1158 1444 0 0 955 0 571 302 1444 0 0 311 0 0 1444 1444 0 1444 0 0 975 0 0 82
0 0 23 1444 1444 0 56 0 0 1018 1444 0 0 0 0 0 974 0 1424 1165 294 1444 10 1444 13 1444 1444 1444 1444 1444 1444 1444 0 1444 298 1158 1444 0 0 955 0 571 302 1444 0 0 311 0 0 1444 1444 0 1444 0 0 975 0 0 82
1444 1444 1421 0 0 1444 1366 1444 0 400 0 693 1444 1444 1444 1444 13 1444 0 8 1115 0 286 0 141 0 0 0 0 0 0 0 1444 0 1146 277 0 1444 1444 22 1444 252 900 0 1444 1444 47 1444 1444 0 0 1444 0 1444 1444 370 0 1444 841
0 0 23 1444 1444 0 56 0 0 1018 1444 0 0 0 0 0 974 0 1424 1165 294 1444 10 1444 13 1444 1444 1444 1444 1444 1444 1444 0 1444 298 1158 1444 0 0 955 0 571 302 1444 0 0 311 0 0 1444 1444 0 1444 0 0 975 0 0 82
1146 1146 1169 298 298 1146 1068 1146 0 102 298 418 1146 1146 1146 1146 311 1146 298 306 1405 298 274 298 141 298 298 298 298 298 298 298 1146 298 1444 575 298 1146 1146 320 1146 252 602 298 1146 1146 313 1146 1146 298 298 1146 298 1146 1146 118 0 1146 643
277 277 300 1158 1158 277 199 277 0 732 1158 129 277 277 277 277 688 277 1138 1053 571 1158 14 1158 149 1158 1158 1158 1158 1158 1158 1158 277 1158 575 1444 1158 277 277 939 277 746 54 1158 277 277 313 277 277 1158 1158 277 1158 277 277 689 0 277 359
0 0 23 1444 1444 0 56 0 0 1018 1444 0 0 0 0 0 974 0 1424 1165 294 1444 10 1444 13 1444 1444 1444 1444 1444 1444 1444 0 1444 298 1158 1444 0 0 955 0 571 302 1444 0 0 311 0 0 1444 1444 0 1444 0 0 975 0 0 82
1444 1444 1421 0 0 1444 1366 1444 0 400 0 693 1444 1444 1444 1444 13 1444 0 8 1115 0 286 0 141 0 0 0 0 0 0 0 1444 0 1146 277 0 1444 1444 22 1444 252 900 0 1444 1444 47 1444 1444 0 0 1444 0 1444 1444 370 0 1444 841
1444 1444 1421 0 0 1444 1366 1444 0 400 0 693 1444 1444 1444 1444 13 1444 0 8 1115 0 286 0 141 0 0 0 0 0 0 0 1444 0 1146 277 0 1444 1444 22 1444 252 900 0 1444 1444 47 1444 1444 0 0 1444 0 1444 1444 370 0 1444 841
22 22 45 955 955 22 22 22 1 529 955 0 22 22 22 22 629 22 935 938 316 955 14 955 55 955 955 955 955 955 955 955 22 955 320 939 955 22 22 1444 22 576 18 955 22 22 311 22 22 955 955 22 955 22 22 486 1 22 104
1444 1444 1421 0 0 1444 1366 1444 0 400 0 693 1444 1444 1444 1444 13 1444 0 8 1115 0 286 0 141 0 0 0 0 0 0 0 1444 0 1146 277 0 1444 1444 22 1444 252 900 0 1444 1444 47 1444 1444 0 0 1444 0 1444 1444 370 0 1444 841
252 252 252 571 571 252 174 252 222 532 571 308 252 252 252 252 225 252 551 586 252 571 14 571 161 571 571 571 571 571 571 571 252 571 252 746 571 252 252 576 252 1444 1 571 252 252 47 252 252 571 571 252 571 252 252 489 222 252 333
900 900 877 302 302 900 934 900 74 702 302 566 900 900 900 900 313 900 302 97 571 302 298 302 39 302 302 302 302 302 302 302 900 302 602 54 302 900 900 18 900 1 1444 302 900 900 47 900 900 302 302 900 302 900 900 672 74 900 297
0 0 23 1444 1444 0 56 0 0 1018 1444 0 0 0 0 0 974 0 1424 1165 294 1444 10 1444 13 1444 1444 1444 1444 1444 1444 1444 0 1444 298 1158 1444 0 0 955 0 571 302 1444 0 0 311 0 0 1444 1444 0 1444 0 0 975 0 0 82
1444 1444 1421 0 0 1444 1366 1444 0 400 0 693 1444 1444 1444 1444 13 1444 0 8 1115 0 286 0 141 0 0 0 0 0 0 0 1444 0 1146 277 0 1444 1444 22 1444 252 900 0 1444 1444 47 1444 1444 0 0 1444 0 1444 1444 370 0 1444 841
1444 1444 1421 0 0 1444 1366 1444 0 400 0 693 1444 1444 1444 1444 13 1444 0 8 1115 0 286 0 141 0 0 0 0 0 0 0 1444 0 1146 277 0 1444 1444 22 1444 252 900 0 1444 1444 47 1444 1444 0 0 1444 0 1444 1444 370 0 1444 841
47 47 40 311 311 47 47 47 3 68 311 44 47 47 47 47 307 47 311 314 289 311 25 311 62 311 311 311 311 311 311 311 47 311 313 313 311 47 47 311 47 47 47 311 47 47 1444 47 47 311 311 47 311 47 47 53 3 47 7
1444 1444 1421 0 0 1444 1366 1444 0 400 0 693 1444 1444 1444 1444 13 1444 0 8 1115 0 286 0 141 0 0 0 0 0 0 0 1444 0 1146 277 0 1444 1444 22 1444 252 900 0 1444 1444 47 1444 1444 0 0 1444 0 1444 1444 370 0 1444 841
1444 1444 1421 0 0 1444 1366 1444 0 400 0 693 1444 1444 1444 1444 13 1444 0 8 1115 0 286 0 141 0 0 0 0 0 0 0 1444 0 1146 277 0 1444 1444 22 1444 252 900 0 1444 1444 47 1444 1444 0 0 1444 0 1444 1444 370 0 1444 841
0 0 23 1444 1444 0 56 0 0 1018 1444 0 0 0 0 0 974 0 1424 1165 294 1444 10 1444 13 1444 1444 1444 1444 1444 1444 1444 0 1444 298 1158 1444 0 0 955 0 571 302 1444 0 0 311 0 0 1444 1444 0 1444 0 0 975 0 0 82
0 0 23 1444 1444 0 56 0 0 1018 1444 0 0 0 0 0 974 0 1424 1165 294 1444 10 1444 13 1444 1444 1444 1444 1444 1444 1444 0 1444 298 1158 1444 0 0 955 0 571 302 1444 0 0 311 0 0 1444 1444 0 1444 0 0 975 0 0 82
1444 1444 1421 0 0 1444 1366 1444 0 400 0 693 1444 1444 1444 1444 13 1444 0 8 1115 0 286 0 141 0 0 0 0 0 0 0 1444 0 1146 277 0 1444 1444 22 1444 252 900 0 1444 1444 47 1444 1444 0 0 1444 0 1444 1444 370 0 1444 841
0 0 23 1444 1444 0 56 0 0 1018 1444 0 0 0 0 0 974 0 1424 1165 294 1444 10 1444 13 1444 1444 1444 1444 1444 1444 1444 0 1444 298 1158 1444 0 0 955 0 571 302 1444 0 0 311 0 0 1444 1444 0 1444 0 0 975 0 0 82
1444 1444 1421 0 0 1444 1366 1444 0 400 0 693 1444 1444 1444 1444 13 1444 0 8 1115 0 286 0 141 0 0 0 0 0 0 0 1444 0 1146 277 0 1444 1444 22 1444 252 900 0 1444 1444 47 1444 1444 0 0 1444 0 1444 1444 370 0 1444 841
1444 1444 1421 0 0 1444 1366 1444 0 400 0 693 1444 1444 1444 1444 13 1444 0 8 1115 0 286 0 141 0 0 0 0 0 0 0 1444 0 1146 277 0 1444 1444 22 1444 252 900 0 1444 1444 47 1444 1444 0 0 1444 0 1444 1444 370 0 1444 841
370 370 370 975 975 370 426 370 0 1314 975 347 370 370 370 370 505 370 975 696 87 975 56 975 13 975 975 975 975 975 975 975 370 975 118 689 975 370 370 486 370 489 672 975 370 370 53 370 370 975 975 370 975 370 370 1444 0 370 285
0 0 0 0 0 0 13 0 1444 2 0 0 0 0 0 0 0 0 6 1 0 0 3 0 1 0 0 0 0 0 0 0 0 0 0 0 0 0 0 1 0 222 74 0 0 0 3 0 0 0 0 0 0 0 0 0 1444 0 13
1444 1444 1421 0 0 1444 1366 1444 0 400 0 693 1444 1444 1444 1444 13 1444 0 8 1115 0 286 0 141 0 0 0 0 0 0 0 1444 0 1146 277 0 1444 1444 22 1444 252 900 0 1444 1444 47 1444 1444 0 0 1444 0 1444 1444 370 0 1444 841
841 841 841 82 82 841 763 841 13 314 82 379 841 841 841 841 1 841 82 90 662 82 71 82 174 82 82 82 82 82 82 82 841 82 643 359 82 841 841 104 841 333 297 82 841 841 7 841 841 82 82 841 82 841 841 285 13 841 1444
