1 2757675 
2 2757676 
3 2757732 
4 2757732 
5 2757733 
6 2757733 
7 2757733 
8 2757734 
9 2757747 
10 2757747 
11 2757792 
12 2757793 
13 2757872 
14 2757877 
15 2757891 
16 2757903 
17 2757904 
18 2757905 
19 2757908 
20 2757908 
21 2757910 
22 2757911 
23 2757912 
24 2757913 
25 2757920 
26 2757963 
27 2757963 
28 2757964 
29 2757964 
30 2757984 
31 2757987 
32 2757987 
33 2757988 
34 2757988 
35 2757988 
36 2757989 
37 2757989 
38 2757989 
39 2757994 
40 2757994 
41 2757997 
42 2757997 
43 2757998 
44 2757998 
45 2757998 
46 2757999 
47 2758001 
48 2758003 
49 2758005 
50 2758006 
51 2758008 
52 2758011 
53 2758014 
54 2758023 
55 2758037 
56 2758037 
57 2758038 
58 2758038 
59 2758050 
60 2758056 
61 2758068 
62 2758068 
63 2758079 
64 2758084 
65 2758097 
66 2758141 
67 2758142 
68 2758143 
69 2758143 
70 2758148 
71 2758157 
72 2758159 
73 2758163 
74 2758163 
75 2758164 
76 2758164 
77 2758165 
78 2758177 
79 2758197 
80 2758198 
81 2758200 
82 2758207 
83 2758209 
84 2758212 
85 2758213 
86 2758214 
87 2758214 
88 2758215 
89 2758223 
90 2758223 
91 2758223 
92 2758224 
93 2758224 
94 2758224 
95 2758227 
96 2758268 
97 2758270 
98 2758288 
99 2758289 
100 2758289 
101 2758290 
102 2758295 
103 2758301 
104 2758337 
105 2758339 
106 2758342 
107 2758358 
108 2758378 
109 2758393 
110 2758408 
111 2758409 
112 2758414 
113 2758414 
114 2758416 
115 2758418 
116 2758419 
117 2758431 
118 2758431 
119 2758438 
120 2758438 
121 2758439 
122 2758440 
123 2758441 
124 2758442 
125 2758442 
126 2758442 
127 2758451 
128 2758451 
129 2758451 
130 2758451 
131 2758453 
132 2758454 
133 2758454 
134 2758454 
135 2758455 
136 2758456 
137 2758456 
138 2758457 
139 2758459 
140 2758460 
141 2758460 
142 2758461 
143 2758461 
144 2758461 
145 2758462 
146 2758462 
147 2758462 
148 2758465 
149 2758467 
150 2758467 
151 2758491 
152 2758496 
153 2758498 
154 2758506 
155 2758531 
156 2758531 
157 2758533 
158 2758560 
159 2758562 
160 2758583 
161 2758589 
162 2758592 
163 2758607 
164 2758613 
165 2758668 
166 2758668 
167 2758668 
168 2758668 
169 2758669 
170 2758669 
171 2758670 
172 2758670 
173 2758672 
174 2758677 
175 2758791 
176 2758796 
177 2758797 
178 2758797 
179 2758797 
180 2758798 
181 2758802 
182 2758813 
183 2758820 
184 2758824 
185 2758825 
186 2758826 
187 2758828 
188 2758828 
189 2758829 
190 2758829 
191 2758830 
192 2758832 
193 2758834 
194 2758837 
195 2758838 
196 2758839 
197 2758840 
198 2758840 
199 2758840 
200 2758841 
201 2758842 
202 2758842 
203 2758842 
204 2758843 
205 2758843 
206 2758843 
207 2758844 
208 2758844 
209 2758845 
210 2758848 
211 2758848 
212 2758849 
213 2758850 
214 2758850 
215 2758851 
216 2758852 
217 2758852 
218 2758853 
219 2758853 
220 2758854 
221 2758855 
222 2758856 
223 2758857 
224 2758858 
225 2758858 
226 2758858 
227 2758859 
228 2758859 
229 2758859 
230 2758860 
231 2758862 
232 2758865 
233 2758865 
234 2758867 
235 2758869 
236 2758870 
237 2758871 
238 2758873 
239 2758876 
240 2758876 
241 2758878 
242 2758879 
243 2758883 
244 2758883 
245 2758883 
246 2758884 
247 2758884 
248 2758885 
249 2758885 
250 2758886 
251 2758886 
252 2758886 
253 2758887 
254 2758890 
255 2758891 
256 2758891 
257 2758891 
258 2758893 
259 2758894 
260 2758895 
261 2758895 
262 2758896 
263 2758907 
264 2758919 
265 2758921 
266 2758927 
267 2758927 
268 2758928 
269 2758929 
270 2758929 
271 2758929 
272 2758930 
273 2758930 
274 2758932 
275 2758935 
276 2758946 
277 2758956 
278 2758956 
279 2758957 
280 2758957 
281 2758959 
282 2758969 
283 2758973 
284 2758978 
285 2758983 
286 2758984 
287 2758986 
288 2758988 
289 2758995 
290 2759025 
291 2759031 
292 2759033 
293 2759046 
294 2759047 
295 2759050 
296 2759062 
297 2759072 
298 2759100 
299 2759106 
300 2759115 
301 2759120 
302 2759178 
303 2759183 
304 2759185 
305 2759186 
306 2759191 
307 2759196 
308 2759202 
309 2759204 
310 2759205 
311 2759205 
312 2759206 
313 2759206 
314 2759206 
315 2759207 
316 2759209 
317 2759217 
318 2759217 
319 2759218 
320 2759346 
321 2759423 
322 2759440 
323 2759447 
324 2759451 
325 2759451 
326 2759452 
327 2759452 
328 2759452 
329 2759453 
330 2759453 
331 2759453 
332 2759454 
333 2759455 
334 2759455 
335 2759456 
336 2759456 
337 2759457 
338 2759457 
339 2759458 
340 2759458 
341 2759458 
342 2759459 
343 2759459 
344 2759459 
345 2759460 
346 2759460 
347 2759460 
348 2759461 
349 2759461 
350 2759461 
351 2759462 
352 2759462 
353 2759463 
354 2759464 
355 2759466 
356 2759466 
357 2759466 
358 2759467 
359 2759467 
360 2759467 
361 2759468 
362 2759468 
363 2759468 
364 2759469 
365 2759469 
366 2759470 
367 2759470 
368 2759470 
369 2759470 
370 2759471 
371 2759471 
372 2759471 
373 2759472 
374 2759472 
375 2759472 
376 2759472 
377 2759473 
378 2759473 
379 2759473 
380 2759473 
381 2759474 
382 2759474 
383 2759474 
384 2759475 
385 2759475 
386 2759475 
387 2759476 
388 2759480 
389 2759480 
390 2759482 
391 2759493 
392 2759517 
393 2759518 
394 2759518 
395 2759518 
396 2759519 
397 2759530 
398 2759533 
399 2759534 
400 2759534 
401 2759534 
402 2759535 
403 2759535 
404 2759537 
405 2759539 
406 2759539 
407 2759553 
408 2759566 
409 2759566 
410 2759574 
411 2759574 
412 2759574 
413 2759575 
414 2759576 
415 2759576 
416 2759576 
417 2759577 
418 2759577 
419 2759587 
420 2759587 
421 2759587 
422 2759588 
423 2759593 
424 2759596 
425 2759596 
426 2759596 
427 2759597 
428 2759597 
429 2759597 
430 2759598 
431 2759598 
432 2759598 
433 2759599 
434 2759599 
435 2759600 
436 2759603 
437 2759620 
438 2759642 
439 2759648 
440 2759653 
441 2759660 
442 2759665 
443 2759665 
444 2759666 
445 2759666 
446 2759666 
447 2759667 
448 2759667 
449 2759668 
450 2759668 
451 2759668 
452 2759669 
453 2759669 
454 2759669 
455 2759670 
456 2759674 
457 2759674 
458 2759675 
459 2759675 
460 2759675 
461 2759676 
462 2759676 
463 2759676 
464 2759677 
465 2759677 
466 2759677 
467 2759678 
468 2759695 
469 2759696 
470 2759697 
471 2759700 
472 2759701 
473 2759709 
474 2759709 
475 2759709 
476 2759724 
477 2759725 
478 2759725 
479 2759726 
480 2759726 
481 2759726 
482 2759727 
483 2759727 
484 2759730 
485 2759745 
486 2759746 
487 2759748 
488 2759751 
489 2759760 
490 2759762 
491 2759782 
492 2759783 
493 2759783 
494 2759783 
495 2759784 
496 2759784 
497 2759784 
498 2759785 
499 2759785 
500 2759785 
501 2759786 
502 2759786 
503 2759786 
504 2759787 
505 2759787 
506 2759787 
507 2759787 
508 2759788 
509 2759788 
510 2759788 
511 2759789 
512 2759789 
513 2759826 
514 2759848 
515 2759848 
516 2759858 
517 2759861 
518 2759864 
519 2759866 
520 2759867 
521 2759868 
522 2759871 
523 2759873 
524 2759873 
525 2759878 
526 2759881 
527 2759884 
528 2759884 
529 2759891 
530 2759893 
531 2759895 
532 2759897 
533 2759901 
534 2759902 
535 2759908 
536 2759931 
537 2759931 
538 2759935 
539 2759935 
540 2759936 
541 2759936 
542 2759937 
543 2759938 
544 2759938 
545 2759938 
546 2759943 
547 2759944 
548 2759962 
549 2759962 
550 2759965 
551 2759965 
552 2759966 
553 2759966 
554 2759967 
555 2759971 
556 2760005 
557 2760005 
558 2760005 
559 2760011 
560 2760015 
561 2760015 
562 2760015 
563 2760015 
564 2760016 
565 2760017 
566 2760018 
567 2760019 
568 2760019 
569 2760019 
570 2760020 
571 2760020 
572 2760020 
573 2760020 
574 2760021 
575 2760021 
576 2760021 
577 2760022 
578 2760022 
579 2760022 
580 2760022 
581 2760023 
582 2760023 
583 2760024 
584 2760024 
585 2760024 
586 2760025 
587 2760025 
588 2760025 
589 2760025 
590 2760026 
591 2760026 
592 2760027 
593 2760027 
594 2760028 
595 2760028 
596 2760031 
597 2760031 
598 2760032 
599 2760032 
600 2760032 
601 2760033 
602 2760033 
603 2760033 
604 2760034 
605 2760035 
606 2760035 
607 2760035 
608 2760036 
609 2760036 
610 2760038 
611 2760042 
612 2760045 
613 2760054 
614 2760054 
615 2760054 
616 2760055 
617 2760055 
618 2760055 
619 2760055 
620 2760056 
621 2760056 
622 2760056 
623 2760057 
624 2760057 
625 2760057 
626 2760058 
627 2760058 
628 2760058 
629 2760059 
630 2760059 
631 2760059 
632 2760059 
633 2760060 
634 2760060 
635 2760060 
636 2760063 
637 2760067 
638 2760071 
639 2760071 
640 2760072 
641 2760075 
642 2760079 
643 2760079 
644 2760081 
645 2760082 
646 2760083 
647 2760083 
648 2760094 
649 2760094 
650 2760100 
651 2760101 
652 2760104 
653 2760109 
654 2760112 
655 2760112 
656 2760113 
657 2760116 
658 2760116 
659 2760120 
660 2760122 
661 2760124 
662 2760124 
663 2760124 
664 2760125 
665 2760125 
666 2760127 
667 2760128 
668 2760128 
669 2760150 
670 2760156 
671 2760156 
672 2760157 
673 2760157 
674 2760157 
675 2760158 
676 2760158 
677 2760158 
678 2760159 
679 2760159 
680 2760159 
681 2760160 
682 2760160 
683 2760160 
684 2760160 
685 2760161 
686 2760161 
687 2760161 
688 2760162 
689 2760162 
690 2760162 
691 2760163 
692 2760164 
693 2760164 
694 2760164 
695 2760164 
696 2760165 
697 2760165 
698 2760165 
699 2760167 
700 2760167 
701 2760168 
702 2760168 
703 2760168 
704 2760169 
705 2760178 
706 2760185 
707 2760185 
708 2760197 
709 2760198 
710 2760252 
711 2760253 
712 2760253 
713 2760254 
714 2760254 
715 2760255 
716 2760258 
717 2760259 
718 2760259 
719 2760259 
720 2760260 
721 2760260 
722 2760260 
723 2760261 
724 2760294 
725 2760295 
726 2760295 
727 2760312 
728 2760319 
729 2760320 
730 2760320 
731 2760320 
732 2760321 
733 2760321 
734 2760322 
735 2760322 
736 2760322 
737 2760323 
738 2760323 
739 2760323 
740 2760324 
741 2760324 
742 2760325 
743 2760325 
744 2760325 
745 2760326 
746 2760326 
747 2760327 
748 2760327 
749 2760327 
750 2760328 
751 2760328 
752 2760328 
753 2760329 
754 2760329 
755 2760330 
756 2760330 
757 2760330 
758 2760331 
759 2760331 
760 2760334 
761 2760335 
762 2760335 
763 2760343 
764 2760343 
765 2760343 
766 2760344 
767 2760345 
768 2760346 
769 2760346 
770 2760347 
771 2760347 
772 2760347 
773 2760347 
774 2760348 
775 2760349 
776 2760349 
777 2760351 
778 2760353 
779 2760354 
780 2760354 
781 2760354 
782 2760355 
783 2760355 
784 2760355 
785 2760357 
786 2760366 
787 2760378 
788 2760378 
789 2760379 
790 2760379 
791 2760383 
792 2760383 
793 2760384 
794 2760385 
795 2760385 
796 2760385 
797 2760386 
798 2760386 
799 2760386 
800 2760387 
801 2760387 
802 2760388 
803 2760388 
804 2760388 
805 2760388 
806 2760389 
807 2760389 
808 2760389 
809 2760390 
810 2760390 
811 2760390 
812 2760390 
813 2760390 
814 2760391 
815 2760391 
816 2760393 
817 2760393 
818 2760394 
819 2760394 
820 2760394 
821 2760395 
822 2760395 
823 2760395 
824 2760396 
825 2760396 
826 2760397 
827 2760398 
828 2760399 
829 2760399 
830 2760400 
831 2760401 
832 2760404 
833 2760407 
834 2760416 
835 2760416 
836 2760416 
837 2760417 
838 2760417 
839 2760418 
840 2760418 
841 2760418 
842 2760418 
843 2760419 
844 2760419 
845 2760419 
846 2760420 
847 2760420 
848 2760420 
849 2760421 
850 2760421 
851 2760421 
852 2760422 
853 2760425 
854 2760433 
855 2760433 
856 2760433 
857 2760434 
858 2760434 
859 2760434 
860 2760435 
861 2760435 
862 2760443 
863 2760448 
864 2760448 
865 2760453 
866 2760453 
867 2760453 
868 2760454 
869 2760454 
870 2760455 
871 2760455 
872 2760455 
873 2760456 
874 2760456 
875 2760458 
876 2760458 
877 2760459 
878 2760459 
879 2760459 
880 2760466 
881 2760467 
882 2760467 
883 2760467 
884 2760468 
885 2760468 
886 2760469 
887 2760469 
888 2760474 
889 2760474 
890 2760475 
891 2760475 
892 2760475 
893 2760476 
894 2760476 
895 2760476 
896 2760477 
897 2760477 
898 2760477 
899 2760479 
900 2760480 
901 2760480 
902 2760481 
903 2760496 
904 2760502 
905 2760502 
906 2760516 
907 2760518 
908 2760519 
909 2760520 
910 2760543 
911 2760545 
912 2760554 
913 2760555 
914 2760578 
915 2760578 
916 2760578 
917 2760579 
918 2760579 
919 2760579 
920 2760638 
921 2760642 
922 2760644 
923 2760648 
924 2760650 
925 2760661 
926 2760666 
927 2760667 
928 2760668 
929 2760668 
930 2760669 
931 2760669 
932 2760670 
933 2760693 
934 2760694 
935 2760695 
936 2760695 
937 2760695 
938 2760696 
939 2760696 
940 2760696 
941 2760697 
942 2760697 
943 2760698 
944 2760698 
945 2760702 
946 2760703 
947 2760706 
948 2760707 
949 2760726 
950 2760727 
951 2760727 
952 2760727 
953 2760727 
954 2760728 
955 2760728 
956 2760732 
957 2760733 
958 2760738 
959 2760739 
960 2760747 
961 2760747 
962 2760754 
963 2760755 
964 2760755 
965 2760756 
966 2760760 
967 2760760 
968 2760761 
969 2760761 
970 2760762 
971 2760762 
972 2760762 
973 2760765 
974 2760765 
975 2760767 
976 2760768 
977 2760768 
978 2760769 
979 2760769 
980 2760770 
981 2760770 
982 2760770 
983 2760771 
984 2760771 
985 2760789 
986 2760791 
987 2760792 
988 2760796 
989 2760804 
990 2760804 
991 2760807 
992 2760811 
993 2760812 
994 2760819 
995 2760819 
996 2760819 
997 2760825 
998 2760829 
999 2760834 
1000 2760834 
1001 2760849 
1002 2760855 
1003 2760857 
1004 2760858 
1005 2760858 
1006 2760858 
1007 2760858 
1008 2760859 
1009 2760859 
1010 2760859 
1011 2760864 
1012 2760865 
1013 2760867 
1014 2760868 
1015 2760869 
1016 2760883 
1017 2760884 
1018 2760884 
1019 2760885 
1020 2760897 
1021 2760904 
1022 2760906 
1023 2760908 
1024 2760909 
1025 2760913 
1026 2760930 
1027 2760932 
1028 2760934 
1029 2760939 
1030 2760952 
1031 2760959 
1032 2760960 
1033 2760960 
1034 2760960 
1035 2760961 
1036 2760961 
1037 2760967 
1038 2760967 
1039 2760968 
1040 2760968 
1041 2760968 
1042 2760969 
1043 2760969 
1044 2760969 
1045 2760970 
1046 2760975 
1047 2760975 
1048 2760976 
1049 2760991 
1050 2760991 
1051 2760992 
1052 2761007 
1053 2761076 
1054 2761077 
1055 2761081 
1056 2761081 
1057 2761081 
1058 2761082 
1059 2761082 
1060 2761127 
1061 2761170 
1062 2761174 
1063 2761181 
1064 2761181 
1065 2761182 
1066 2761182 
1067 2761183 
1068 2761183 
1069 2761186 
1070 2761187 
1071 2761187 
1072 2761187 
1073 2761188 
1074 2761188 
1075 2761188 
1076 2761189 
1077 2761193 
1078 2761193 
1079 2761193 
1080 2761194 
1081 2761199 
1082 2761199 
1083 2761199 
