1 2707203 
2 2707219 
3 2707225 
4 2707240 
5 2707243 
6 2707245 
7 2707245 
8 2707245 
9 2707253 
10 2707265 
11 2707266 
12 2707270 
13 2707270 
14 2707278 
15 2707281 
16 2707285 
17 2707301 
18 2707302 
19 2707308 
20 2707320 
21 2707320 
22 2707320 
23 2707327 
24 2707331 
25 2707331 
26 2707338 
27 2707338 
28 2707338 
29 2707338 
30 2707339 
31 2707339 
32 2707340 
33 2707347 
34 2707354 
35 2707354 
36 2707360 
37 2707367 
38 2707370 
39 2707371 
40 2707371 
41 2707371 
42 2707372 
43 2707376 
44 2707376 
45 2707381 
46 2707381 
47 2707384 
48 2707388 
49 2707390 
50 2707394 
51 2707396 
52 2707397 
53 2707400 
54 2707411 
55 2707414 
56 2707419 
57 2707419 
58 2707420 
59 2707420 
60 2707420 
61 2707421 
62 2707421 
63 2707422 
64 2707422 
65 2707422 
66 2707423 
67 2707423 
68 2707423 
69 2707424 
70 2707424 
71 2707425 
72 2707425 
73 2707426 
74 2707426 
75 2707428 
76 2707428 
77 2707430 
78 2707430 
79 2707432 
80 2707433 
81 2707435 
82 2707436 
83 2707436 
84 2707459 
85 2707464 
86 2707466 
87 2707467 
88 2707467 
89 2707467 
90 2707468 
91 2707468 
92 2707468 
93 2707470 
94 2707470 
95 2707470 
96 2707471 
97 2707471 
98 2707472 
99 2707473 
100 2707473 
101 2707481 
102 2707482 
103 2707483 
104 2707485 
105 2707487 
106 2707496 
107 2707496 
108 2707496 
109 2707500 
110 2707501 
111 2707502 
112 2707503 
113 2707504 
114 2707505 
115 2707512 
116 2707514 
117 2707515 
118 2707523 
119 2707525 
120 2707536 
121 2707537 
122 2707537 
123 2707537 
124 2707538 
125 2707538 
126 2707539 
127 2707539 
128 2707539 
129 2707544 
130 2707544 
131 2707544 
132 2707544 
133 2707545 
134 2707545 
135 2707545 
136 2707545 
137 2707546 
138 2707546 
139 2707546 
140 2707547 
141 2707547 
142 2707549 
143 2707550 
144 2707551 
145 2707551 
146 2707553 
147 2707555 
148 2707557 
149 2707558 
150 2707558 
151 2707558 
152 2707558 
153 2707560 
154 2707561 
155 2707561 
156 2707562 
157 2707563 
158 2707564 
159 2707565 
160 2707566 
161 2707566 
162 2707574 
163 2707574 
164 2707583 
165 2707586 
166 2707589 
167 2707590 
168 2707591 
169 2707591 
170 2707593 
171 2707594 
172 2707595 
173 2707597 
174 2707598 
175 2707598 
176 2707599 
177 2707600 
178 2707600 
179 2707601 
180 2707604 
181 2707605 
182 2707605 
183 2707606 
184 2707607 
185 2707607 
186 2707607 
187 2707608 
188 2707608 
189 2707608 
190 2707609 
191 2707611 
192 2707612 
193 2707613 
194 2707613 
195 2707614 
196 2707614 
197 2707615 
198 2707615 
199 2707616 
200 2707620 
201 2707621 
202 2707621 
203 2707622 
204 2707622 
205 2707623 
206 2707623 
207 2707623 
208 2707624 
209 2707624 
210 2707624 
211 2707625 
212 2707625 
213 2707627 
214 2707627 
215 2707628 
216 2707629 
217 2707631 
218 2707632 
219 2707632 
220 2707634 
221 2707634 
222 2707634 
223 2707635 
224 2707635 
225 2707636 
226 2707636 
227 2707636 
228 2707636 
229 2707637 
230 2707637 
231 2707638 
232 2707638 
233 2707639 
234 2707639 
235 2707639 
236 2707642 
237 2707660 
238 2707667 
239 2707668 
240 2707670 
241 2707671 
242 2707674 
243 2707684 
244 2707687 
245 2707691 
246 2707701 
247 2707707 
248 2707707 
249 2707708 
250 2707708 
251 2707709 
252 2707709 
253 2707714 
254 2707720 
255 2707724 
256 2707726 
257 2707727 
258 2707730 
259 2707731 
260 2707731 
261 2707731 
262 2707732 
263 2707733 
264 2707733 
265 2707734 
266 2707735 
267 2707735 
268 2707736 
269 2707736 
270 2707740 
271 2707751 
272 2707751 
273 2707751 
274 2707755 
275 2707757 
276 2707762 
277 2707762 
278 2707763 
279 2707763 
280 2707772 
281 2707775 
282 2707782 
283 2707782 
284 2707783 
285 2707783 
286 2707784 
287 2707788 
288 2707804 
289 2707805 
290 2707805 
291 2707805 
292 2707813 
293 2707813 
294 2707814 
295 2707814 
296 2707821 
297 2707836 
298 2707836 
299 2707841 
300 2707842 
301 2707842 
302 2707842 
303 2707843 
304 2707843 
305 2707844 
306 2707844 
307 2707845 
308 2707845 
309 2707852 
310 2707857 
311 2707865 
312 2707865 
313 2707865 
314 2707866 
315 2707866 
316 2707866 
317 2707867 
318 2707867 
319 2707868 
320 2707872 
321 2707874 
322 2707877 
323 2707878 
324 2707881 
325 2707892 
326 2707892 
327 2707893 
328 2707893 
329 2707894 
330 2707894 
331 2707894 
332 2707894 
333 2707895 
334 2707907 
335 2707907 
336 2707907 
337 2707908 
338 2707908 
339 2707917 
340 2707919 
341 2707921 
342 2707922 
343 2707924 
344 2707924 
345 2707928 
346 2707930 
347 2707930 
348 2707934 
349 2707934 
350 2707934 
351 2707935 
352 2707935 
353 2707943 
354 2707943 
355 2707944 
356 2707945 
357 2707945 
358 2707946 
359 2707946 
360 2707946 
361 2707953 
362 2707953 
363 2707957 
364 2707960 
365 2707968 
366 2707969 
367 2707972 
368 2707975 
369 2707977 
370 2707978 
371 2707978 
372 2707978 
373 2707985 
374 2707985 
375 2707985 
376 2707985 
377 2707986 
378 2707986 
379 2707987 
380 2707987 
381 2707989 
382 2707991 
383 2707998 
384 2707999 
385 2707999 
386 2708000 
387 2708003 
388 2708003 
389 2708004 
390 2708004 
391 2708004 
392 2708012 
393 2708018 
394 2708022 
395 2708023 
396 2708023 
397 2708023 
398 2708024 
399 2708024 
400 2708027 
401 2708028 
402 2708030 
403 2708037 
404 2708038 
405 2708038 
406 2708039 
407 2708039 
408 2708042 
409 2708048 
410 2708048 
411 2708055 
412 2708056 
413 2708059 
414 2708061 
415 2708064 
416 2708068 
417 2708072 
418 2708072 
419 2708072 
420 2708073 
421 2708073 
422 2708073 
423 2708074 
424 2708074 
425 2708074 
426 2708075 
427 2708075 
428 2708076 
429 2708109 
430 2708114 
431 2708114 
432 2708115 
433 2708115 
434 2708115 
435 2708115 
436 2708116 
437 2708116 
438 2708116 
439 2708123 
440 2708123 
441 2708130 
442 2708135 
443 2708136 
444 2708141 
445 2708145 
446 2708178 
447 2708183 
448 2708189 
449 2708190 
450 2708191 
451 2708194 
452 2708197 
453 2708200 
454 2708213 
455 2708219 
456 2708227 
457 2708228 
458 2708230 
459 2708231 
460 2708231 
461 2708231 
462 2708232 
463 2708232 
464 2708232 
465 2708234 
466 2708234 
467 2708237 
468 2708240 
469 2708245 
470 2708247 
471 2708248 
472 2708248 
473 2708249 
474 2708252 
475 2708254 
476 2708255 
477 2708265 
478 2708266 
479 2708271 
480 2708271 
481 2708274 
482 2708277 
483 2708278 
484 2708282 
485 2708317 
486 2708327 
487 2708327 
488 2708328 
489 2708329 
490 2708329 
491 2708381 
492 2708392 
493 2708425 
494 2708444 
495 2708445 
496 2708445 
497 2708445 
498 2708446 
499 2708446 
500 2708446 
501 2708447 
502 2708447 
503 2708447 
504 2708450 
505 2708450 
506 2708450 
507 2708451 
508 2708454 
509 2708456 
510 2708456 
511 2708456 
512 2708457 
513 2708457 
514 2708457 
515 2708458 
516 2708458 
517 2708461 
518 2708462 
519 2708466 
520 2708470 
521 2708472 
522 2708474 
523 2708474 
524 2708474 
525 2708475 
526 2708475 
527 2708475 
528 2708476 
529 2708481 
530 2708481 
531 2708481 
532 2708483 
533 2708483 
534 2708493 
535 2708503 
536 2708503 
537 2708504 
538 2708504 
539 2708504 
540 2708505 
541 2708505 
542 2708505 
543 2708506 
544 2708506 
545 2708506 
546 2708507 
547 2708507 
548 2708507 
549 2708507 
550 2708508 
551 2708508 
552 2708508 
553 2708509 
554 2708510 
555 2708521 
556 2708525 
557 2708526 
558 2708526 
559 2708526 
560 2708526 
561 2708527 
562 2708527 
563 2708528 
564 2708528 
565 2708528 
566 2708529 
567 2708529 
568 2708530 
569 2708531 
570 2708533 
571 2708534 
572 2708534 
573 2708534 
574 2708537 
575 2708538 
576 2708538 
577 2708539 
578 2708539 
579 2708540 
580 2708541 
581 2708544 
582 2708545 
583 2708545 
584 2708547 
585 2708549 
586 2708550 
587 2708552 
588 2708565 
589 2708582 
590 2708586 
591 2708587 
592 2708588 
593 2708589 
594 2708590 
595 2708592 
596 2708595 
597 2708595 
598 2708595 
599 2708597 
600 2708598 
601 2708598 
602 2708598 
603 2708598 
604 2708599 
605 2708599 
606 2708599 
607 2708605 
608 2708609 
609 2708612 
610 2708613 
611 2708619 
612 2708619 
613 2708620 
614 2708620 
615 2708620 
616 2708621 
617 2708621 
618 2708622 
619 2708622 
620 2708623 
621 2708623 
622 2708624 
623 2708624 
624 2708631 
625 2708633 
626 2708634 
627 2708634 
628 2708634 
629 2708635 
630 2708635 
631 2708635 
632 2708636 
633 2708636 
634 2708636 
635 2708637 
636 2708638 
637 2708638 
638 2708638 
639 2708638 
640 2708639 
641 2708639 
642 2708639 
643 2708640 
644 2708640 
645 2708640 
646 2708641 
647 2708641 
648 2708641 
649 2708642 
650 2708642 
651 2708642 
652 2708643 
653 2708643 
654 2708643 
655 2708643 
656 2708644 
657 2708645 
658 2708645 
659 2708646 
660 2708646 
661 2708646 
662 2708646 
663 2708646 
664 2708647 
665 2708647 
666 2708649 
667 2708650 
668 2708651 
669 2708653 
670 2708653 
671 2708661 
672 2708664 
673 2708666 
674 2708669 
675 2708669 
676 2708670 
677 2708670 
678 2708670 
679 2708671 
680 2708671 
681 2708671 
682 2708672 
683 2708672 
684 2708672 
685 2708673 
686 2708673 
687 2708673 
688 2708677 
689 2708677 
690 2708677 
691 2708678 
692 2708678 
693 2708679 
694 2708679 
695 2708680 
696 2708680 
697 2708689 
698 2708690 
699 2708692 
700 2708695 
701 2708696 
702 2708697 
703 2708699 
704 2708699 
705 2708703 
706 2708709 
707 2708710 
708 2708712 
709 2708712 
710 2708713 
711 2708713 
712 2708713 
713 2708714 
714 2708714 
715 2708714 
716 2708715 
717 2708715 
718 2708715 
719 2708716 
720 2708716 
721 2708717 
722 2708717 
723 2708718 
724 2708718 
725 2708718 
726 2708718 
727 2708720 
728 2708721 
729 2708721 
730 2708724 
731 2708725 
732 2708725 
733 2708727 
734 2708731 
735 2708737 
736 2708738 
737 2708739 
738 2708742 
739 2708745 
740 2708748 
741 2708760 
742 2708765 
743 2708767 
744 2708769 
745 2708771 
746 2708771 
747 2708773 
748 2708773 
749 2708774 
750 2708776 
751 2708776 
752 2708777 
753 2708777 
754 2708778 
755 2708778 
756 2708780 
757 2708780 
758 2708782 
759 2708787 
760 2708790 
761 2708794 
762 2708796 
763 2708802 
764 2708802 
765 2708803 
766 2708805 
767 2708805 
768 2708806 
769 2708807 
770 2708826 
771 2708827 
772 2708827 
773 2708829 
774 2708833 
775 2708833 
776 2708834 
777 2708834 
778 2708836 
779 2708836 
780 2708836 
781 2708837 
782 2708838 
783 2708842 
784 2708842 
785 2708844 
786 2708848 
787 2708849 
788 2708850 
789 2708852 
790 2708854 
791 2708854 
792 2708857 
793 2708859 
794 2708861 
795 2708865 
796 2708868 
797 2708872 
798 2708875 
799 2708876 
800 2708877 
801 2708877 
802 2708877 
803 2708880 
804 2708884 
805 2708886 
806 2708887 
807 2708895 
808 2708896 
809 2708897 
810 2708898 
811 2708898 
812 2708899 
813 2708900 
814 2708901 
815 2708902 
816 2708903 
817 2708903 
818 2708906 
819 2708908 
820 2708910 
821 2708910 
822 2708914 
823 2708921 
824 2708921 
825 2708921 
826 2708922 
827 2708922 
828 2708922 
829 2708923 
830 2708923 
831 2708926 
832 2708930 
833 2708932 
834 2708933 
835 2708933 
836 2708936 
837 2708936 
838 2708940 
839 2708942 
840 2708943 
841 2708943 
842 2708943 
843 2708944 
844 2708944 
845 2708944 
846 2708945 
847 2708945 
848 2708945 
849 2708946 
850 2708946 
851 2708946 
852 2708946 
853 2708947 
854 2708947 
855 2708948 
856 2708950 
857 2708950 
858 2708952 
859 2708960 
860 2708960 
861 2708961 
862 2708962 
863 2708962 
864 2708962 
865 2708962 
866 2708963 
867 2708963 
868 2708964 
869 2708964 
870 2708971 
871 2708974 
872 2708975 
873 2708977 
874 2708977 
875 2708978 
876 2708979 
877 2708983 
878 2708986 
879 2708992 
880 2708999 
881 2709006 
882 2709006 
883 2709007 
884 2709007 
885 2709010 
886 2709010 
887 2709012 
888 2709013 
889 2709015 
890 2709017 
891 2709018 
892 2709018 
893 2709019 
894 2709019 
895 2709019 
896 2709020 
897 2709020 
898 2709020 
899 2709021 
900 2709021 
901 2709021 
902 2709024 
903 2709025 
904 2709025 
905 2709025 
906 2709026 
907 2709026 
908 2709026 
909 2709027 
910 2709027 
911 2709027 
912 2709028 
913 2709028 
914 2709028 
915 2709029 
916 2709029 
917 2709030 
918 2709030 
919 2709030 
920 2709030 
921 2709031 
922 2709031 
923 2709031 
924 2709031 
925 2709032 
926 2709032 
927 2709032 
928 2709033 
929 2709033 
930 2709033 
931 2709034 
932 2709034 
933 2709035 
934 2709035 
935 2709035 
936 2709036 
937 2709038 
938 2709038 
939 2709039 
940 2709039 
941 2709039 
942 2709040 
943 2709040 
944 2709041 
945 2709041 
946 2709041 
947 2709042 
948 2709042 
949 2709044 
950 2709045 
951 2709045 
952 2709045 
953 2709046 
954 2709046 
955 2709046 
956 2709047 
957 2709047 
958 2709047 
959 2709048 
960 2709048 
961 2709048 
962 2709048 
963 2709049 
964 2709049 
965 2709049 
966 2709050 
967 2709050 
968 2709050 
969 2709051 
970 2709051 
971 2709054 
972 2709055 
973 2709055 
974 2709055 
975 2709056 
976 2709056 
977 2709056 
978 2709057 
979 2709057 
980 2709057 
981 2709058 
982 2709058 
983 2709059 
984 2709062 
985 2709063 
986 2709064 
987 2709064 
988 2709064 
989 2709065 
990 2709065 
991 2709065 
992 2709066 
993 2709066 
994 2709066 
995 2709067 
996 2709067 
997 2709067 
998 2709067 
999 2709068 
1000 2709068 
1001 2709068 
1002 2709068 
1003 2709069 
1004 2709069 
1005 2709070 
1006 2709070 
1007 2709070 
1008 2709071 
1009 2709073 
1010 2709073 
1011 2709076 
1012 2709076 
1013 2709076 
1014 2709077 
1015 2709077 
1016 2709078 
1017 2709078 
1018 2709078 
1019 2709079 
1020 2709079 
1021 2709080 
1022 2709080 
1023 2709080 
1024 2709081 
1025 2709081 
1026 2709081 
1027 2709082 
1028 2709082 
1029 2709082 
1030 2709083 
1031 2709083 
1032 2709083 
1033 2709084 
1034 2709091 
1035 2709094 
1036 2709099 
1037 2709100 
1038 2709100 
1039 2709101 
1040 2709101 
1041 2709102 
1042 2709102 
1043 2709103 
1044 2709103 
1045 2709103 
1046 2709108 
1047 2709113 
1048 2709120 
1049 2709120 
1050 2709121 
1051 2709134 
1052 2709135 
1053 2709138 
1054 2709139 
1055 2709140 
1056 2709142 
1057 2709145 
1058 2709146 
1059 2709146 
1060 2709147 
1061 2709148 
1062 2709149 
1063 2709152 
1064 2709154 
1065 2709155 
1066 2709156 
1067 2709156 
1068 2709156 
1069 2709157 
1070 2709157 
1071 2709157 
1072 2709158 
1073 2709158 
1074 2709164 
1075 2709165 
1076 2709168 
1077 2709172 
1078 2709172 
1079 2709175 
1080 2709176 
1081 2709176 
1082 2709180 
1083 2709180 
1084 2709181 
1085 2709181 
1086 2709184 
1087 2709186 
1088 2709187 
1089 2709187 
1090 2709187 
1091 2709188 
1092 2709189 
1093 2709189 
1094 2709189 
1095 2709189 
1096 2709190 
1097 2709190 
1098 2709190 
1099 2709191 
1100 2709191 
1101 2709198 
1102 2709200 
1103 2709201 
1104 2709203 
1105 2709203 
1106 2709203 
1107 2709204 
1108 2709204 
1109 2709204 
1110 2709205 
1111 2709206 
1112 2709207 
1113 2709211 
1114 2709224 
1115 2709228 
1116 2709239 
1117 2709240 
1118 2709240 
1119 2709240 
1120 2709241 
1121 2709241 
1122 2709241 
1123 2709242 
1124 2709242 
1125 2709242 
1126 2709252 
1127 2709261 
1128 2709262 
1129 2709262 
1130 2709262 
1131 2709263 
1132 2709263 
1133 2709264 
1134 2709265 
1135 2709265 
1136 2709266 
1137 2709266 
1138 2709266 
1139 2709267 
1140 2709267 
1141 2709268 
1142 2709268 
1143 2709269 
1144 2709269 
1145 2709270 
1146 2709271 
1147 2709272 
1148 2709272 
1149 2709274 
1150 2709279 
1151 2709279 
1152 2709281 
1153 2709283 
1154 2709286 
1155 2709286 
1156 2709289 
1157 2709290 
1158 2709295 
1159 2709296 
1160 2709299 
1161 2709300 
1162 2709300 
1163 2709300 
1164 2709301 
1165 2709304 
1166 2709304 
1167 2709305 
1168 2709305 
1169 2709305 
1170 2709306 
1171 2709306 
1172 2709306 
1173 2709309 
1174 2709314 
1175 2709325 
1176 2709329 
1177 2709330 
1178 2709330 
1179 2709330 
1180 2709331 
1181 2709331 
1182 2709332 
1183 2709335 
1184 2709335 
1185 2709335 
1186 2709336 
1187 2709336 
1188 2709336 
1189 2709337 
1190 2709337 
1191 2709337 
1192 2709346 
1193 2709346 
1194 2709347 
1195 2709347 
1196 2709347 
1197 2709348 
1198 2709348 
1199 2709348 
1200 2709348 
1201 2709349 
1202 2709349 
1203 2709349 
1204 2709350 
1205 2709350 
1206 2709350 
1207 2709351 
1208 2709351 
1209 2709351 
1210 2709352 
1211 2709352 
1212 2709352 
1213 2709353 
1214 2709353 
1215 2709353 
1216 2709354 
1217 2709354 
1218 2709354 
1219 2709355 
1220 2709355 
1221 2709355 
1222 2709355 
1223 2709356 
1224 2709356 
1225 2709356 
1226 2709357 
1227 2709357 
1228 2709357 
1229 2709358 
1230 2709358 
1231 2709358 
1232 2709359 
1233 2709359 
1234 2709359 
1235 2709360 
1236 2709360 
1237 2709360 
1238 2709361 
1239 2709361 
1240 2709361 
1241 2709362 
1242 2709362 
1243 2709362 
1244 2709362 
1245 2709363 
1246 2709363 
1247 2709364 
1248 2709364 
1249 2709366 
1250 2709366 
1251 2709366 
1252 2709368 
1253 2709370 
1254 2709371 
1255 2709372 
1256 2709372 
1257 2709372 
1258 2709373 
1259 2709373 
1260 2709373 
1261 2709374 
1262 2709376 
1263 2709376 
1264 2709376 
1265 2709379 
1266 2709379 
1267 2709384 
1268 2709385 
1269 2709385 
1270 2709385 
1271 2709386 
1272 2709386 
1273 2709387 
1274 2709387 
1275 2709388 
1276 2709388 
1277 2709388 
1278 2709388 
1279 2709389 
1280 2709389 
1281 2709389 
1282 2709390 
1283 2709390 
1284 2709390 
1285 2709391 
1286 2709391 
1287 2709391 
1288 2709392 
1289 2709396 
1290 2709397 
1291 2709398 
1292 2709399 
1293 2709399 
1294 2709408 
1295 2709409 
1296 2709409 
1297 2709410 
1298 2709410 
1299 2709410 
1300 2709410 
1301 2709411 
1302 2709411 
1303 2709411 
1304 2709411 
1305 2709412 
1306 2709414 
1307 2709419 
1308 2709424 
1309 2709425 
1310 2709427 
1311 2709429 
1312 2709430 
1313 2709430 
1314 2709431 
1315 2709431 
1316 2709433 
1317 2709433 
1318 2709434 
1319 2709434 
1320 2709435 
1321 2709435 
1322 2709435 
1323 2709436 
1324 2709437 
1325 2709437 
1326 2709439 
1327 2709445 
1328 2709445 
1329 2709446 
1330 2709447 
1331 2709448 
1332 2709450 
1333 2709451 
1334 2709452 
1335 2709452 
1336 2709452 
1337 2709453 
1338 2709456 
1339 2709456 
1340 2709456 
1341 2709457 
1342 2709457 
1343 2709461 
1344 2709470 
1345 2709470 
1346 2709470 
1347 2709473 
1348 2709475 
1349 2709476 
1350 2709476 
1351 2709477 
1352 2709477 
1353 2709477 
1354 2709482 
1355 2709482 
1356 2709482 
1357 2709483 
1358 2709484 
1359 2709485 
1360 2709486 
1361 2709487 
1362 2709487 
1363 2709488 
1364 2709488 
1365 2709488 
1366 2709489 
1367 2709489 
1368 2709489 
1369 2709490 
1370 2709490 
1371 2709491 
1372 2709494 
1373 2709496 
1374 2709497 
1375 2709498 
1376 2709500 
1377 2709503 
1378 2709509 
1379 2709510 
1380 2709510 
1381 2709510 
1382 2709511 
1383 2709511 
1384 2709512 
1385 2709512 
1386 2709513 
1387 2709513 
1388 2709513 
1389 2709514 
1390 2709515 
1391 2709515 
1392 2709516 
1393 2709517 
1394 2709517 
1395 2709517 
1396 2709518 
1397 2709518 
1398 2709520 
1399 2709520 
1400 2709523 
1401 2709523 
1402 2709523 
1403 2709524 
1404 2709527 
1405 2709528 
1406 2709528 
1407 2709528 
1408 2709529 
1409 2709529 
1410 2709529 
1411 2709529 
1412 2709530 
1413 2709530 
1414 2709533 
1415 2709534 
1416 2709534 
1417 2709534 
1418 2709534 
1419 2709535 
1420 2709536 
1421 2709536 
1422 2709536 
1423 2709537 
1424 2709538 
1425 2709538 
1426 2709538 
1427 2709539 
1428 2709539 
1429 2709540 
1430 2709540 
1431 2709541 
1432 2709541 
1433 2709541 
1434 2709542 
1435 2709542 
1436 2709544 
1437 2709545 
1438 2709545 
1439 2709546 
1440 2709546 
1441 2709546 
1442 2709548 
1443 2709548 
1444 2709550 
1445 2709553 
1446 2709553 
1447 2709553 
1448 2709554 
1449 2709560 
1450 2709566 
1451 2709566 
1452 2709567 
1453 2709569 
1454 2709578 
1455 2709578 
1456 2709580 
1457 2709581 
1458 2709583 
1459 2709583 
1460 2709588 
1461 2709588 
1462 2709590 
1463 2709590 
1464 2709591 
1465 2709591 
1466 2709591 
1467 2709592 
1468 2709596 
1469 2709596 
1470 2709597 
1471 2709597 
1472 2709597 
1473 2709598 
1474 2709598 
1475 2709599 
1476 2709601 
1477 2709601 
1478 2709601 
1479 2709601 
1480 2709601 
1481 2709603 
1482 2709603 
1483 2709604 
1484 2709604 
1485 2709604 
1486 2709605 
1487 2709605 
1488 2709606 
1489 2709607 
1490 2709607 
1491 2709607 
1492 2709608 
1493 2709608 
1494 2709609 
1495 2709609 
1496 2709610 
1497 2709611 
1498 2709611 
1499 2709611 
1500 2709612 
1501 2709613 
1502 2709614 
1503 2709615 
1504 2709615 
1505 2709616 
1506 2709616 
1507 2709617 
1508 2709618 
1509 2709618 
1510 2709618 
1511 2709618 
1512 2709619 
1513 2709620 
1514 2709620 
1515 2709620 
1516 2709620 
1517 2709621 
1518 2709621 
1519 2709622 
1520 2709622 
1521 2709624 
1522 2709625 
1523 2709625 
1524 2709627 
1525 2709627 
1526 2709629 
1527 2709630 
1528 2709630 
1529 2709634 
1530 2709634 
1531 2709634 
1532 2709636 
1533 2709642 
1534 2709642 
1535 2709644 
1536 2709644 
1537 2709645 
1538 2709647 
1539 2709647 
1540 2709648 
1541 2709648 
1542 2709648 
1543 2709649 
1544 2709649 
1545 2709649 
1546 2709650 
1547 2709650 
1548 2709651 
1549 2709651 
1550 2709655 
1551 2709656 
1552 2709656 
1553 2709656 
1554 2709657 
1555 2709659 
1556 2709659 
1557 2709660 
1558 2709660 
1559 2709660 
1560 2709661 
1561 2709661 
1562 2709661 
1563 2709665 
1564 2709669 
1565 2709676 
1566 2709681 
1567 2709681 
1568 2709681 
1569 2709682 
1570 2709682 
1571 2709682 
1572 2709682 
1573 2709683 
1574 2709683 
1575 2709683 
1576 2709683 
1577 2709684 
1578 2709684 
1579 2709684 
1580 2709685 
1581 2709685 
1582 2709686 
1583 2709687 
1584 2709688 
1585 2709689 
1586 2709689 
1587 2709689 
1588 2709690 
1589 2709690 
1590 2709690 
1591 2709690 
1592 2709691 
1593 2709691 
1594 2709691 
1595 2709692 
1596 2709692 
1597 2709692 
1598 2709693 
1599 2709693 
1600 2709694 
1601 2709694 
1602 2709695 
1603 2709695 
1604 2709696 
1605 2709696 
1606 2709696 
1607 2709697 
1608 2709698 
1609 2709698 
1610 2709698 
1611 2709699 
1612 2709699 
1613 2709699 
1614 2709699 
1615 2709700 
1616 2709702 
1617 2709703 
1618 2709706 
1619 2709709 
1620 2709710 
1621 2709710 
1622 2709710 
1623 2709711 
1624 2709711 
1625 2709713 
1626 2709716 
1627 2709723 
1628 2709723 
1629 2709724 
1630 2709726 
1631 2709727 
1632 2709727 
1633 2709728 
1634 2709731 
1635 2709739 
1636 2709742 
1637 2709744 
1638 2709744 
1639 2709744 
1640 2709744 
1641 2709750 
1642 2709750 
1643 2709750 
1644 2709752 
1645 2709755 
1646 2709757 
1647 2709758 
1648 2709758 
1649 2709759 
1650 2709759 
1651 2709759 
1652 2709760 
1653 2709760 
1654 2709763 
1655 2709764 
1656 2709767 
1657 2709768 
1658 2709769 
1659 2709769 
1660 2709769 
1661 2709770 
1662 2709770 
1663 2709770 
1664 2709771 
1665 2709771 
1666 2709771 
1667 2709793 
1668 2709794 
1669 2709794 
1670 2709797 
1671 2709801 
1672 2709801 
1673 2709804 
1674 2709809 
1675 2709811 
1676 2709813 
1677 2709815 
1678 2709815 
1679 2709821 
1680 2709825 
1681 2709826 
1682 2709835 
1683 2709837 
1684 2709842 
1685 2709847 
1686 2709847 
1687 2709847 
1688 2709849 
1689 2709850 
1690 2709857 
1691 2709858 
1692 2709858 
1693 2709858 
1694 2709870 
1695 2709870 
1696 2709888 
1697 2709890 
1698 2709894 
1699 2709895 
1700 2709897 
1701 2709897 
1702 2709897 
1703 2709899 
1704 2709901 
1705 2709904 
1706 2709904 
1707 2709907 
1708 2709911 
1709 2709918 
1710 2709918 
1711 2709919 
1712 2709921 
1713 2709922 
1714 2709928 
1715 2709929 
1716 2709934 
1717 2709934 
1718 2709935 
1719 2709935 
1720 2709935 
1721 2709936 
1722 2709936 
1723 2709937 
1724 2709937 
1725 2709938 
1726 2709938 
1727 2709938 
1728 2709938 
1729 2709939 
1730 2709939 
1731 2709940 
1732 2709940 
1733 2709940 
1734 2709941 
1735 2709941 
1736 2709941 
1737 2709942 
1738 2709942 
1739 2709942 
1740 2709943 
1741 2709943 
1742 2709943 
1743 2709944 
1744 2709944 
1745 2709944 
1746 2709945 
1747 2709945 
1748 2709946 
1749 2709948 
1750 2709948 
1751 2709948 
1752 2709949 
1753 2709969 
1754 2709969 
1755 2709970 
1756 2709972 
1757 2709972 
1758 2709973 
1759 2709979 
1760 2709979 
1761 2709979 
1762 2709980 
1763 2709980 
1764 2709981 
1765 2709981 
1766 2709981 
1767 2709989 
1768 2709990 
1769 2709990 
1770 2709993 
1771 2709996 
1772 2709997 
1773 2709999 
1774 2710001 
1775 2710002 
1776 2710007 
1777 2710008 
1778 2710008 
1779 2710009 
1780 2710009 
1781 2710010 
1782 2710010 
1783 2710011 
1784 2710012 
1785 2710012 
1786 2710012 
1787 2710014 
1788 2710015 
1789 2710018 
1790 2710030 
1791 2710030 
1792 2710030 
1793 2710035 
1794 2710036 
1795 2710038 
1796 2710040 
1797 2710041 
1798 2710042 
1799 2710043 
1800 2710061 
1801 2710063 
1802 2710067 
1803 2710070 
1804 2710070 
1805 2710071 
1806 2710077 
1807 2710077 
1808 2710077 
1809 2710078 
1810 2710078 
1811 2710079 
1812 2710079 
1813 2710083 
1814 2710096 
1815 2710096 
1816 2710101 
1817 2710112 
1818 2710112 
1819 2710113 
1820 2710113 
1821 2710113 
1822 2710114 
1823 2710114 
1824 2710118 
1825 2710118 
1826 2710119 
1827 2710120 
1828 2710122 
1829 2710123 
1830 2710123 
1831 2710123 
1832 2710124 
1833 2710124 
1834 2710124 
1835 2710125 
1836 2710125 
1837 2710125 
1838 2710125 
1839 2710126 
1840 2710126 
1841 2710128 
1842 2710130 
1843 2710136 
1844 2710137 
1845 2710137 
1846 2710137 
1847 2710138 
1848 2710138 
1849 2710138 
1850 2710138 
1851 2710139 
1852 2710142 
1853 2710143 
1854 2710144 
1855 2710144 
1856 2710144 
1857 2710144 
1858 2710145 
1859 2710145 
1860 2710146 
1861 2710146 
1862 2710156 
1863 2710157 
1864 2710157 
1865 2710157 
1866 2710162 
1867 2710162 
1868 2710162 
1869 2710163 
1870 2710163 
1871 2710163 
1872 2710163 
1873 2710164 
1874 2710164 
1875 2710165 
1876 2710165 
1877 2710167 
1878 2710167 
1879 2710170 
1880 2710170 
1881 2710172 
1882 2710172 
1883 2710173 
1884 2710173 
1885 2710174 
1886 2710182 
1887 2710189 
1888 2710189 
1889 2710189 
1890 2710190 
1891 2710190 
1892 2710191 
1893 2710192 
1894 2710192 
1895 2710193 
1896 2710193 
1897 2710193 
1898 2710194 
1899 2710194 
1900 2710194 
1901 2710195 
1902 2710196 
1903 2710196 
1904 2710197 
1905 2710197 
1906 2710198 
1907 2710199 
1908 2710201 
1909 2710202 
1910 2710202 
1911 2710202 
1912 2710203 
1913 2710203 
1914 2710203 
1915 2710204 
1916 2710204 
1917 2710204 
1918 2710205 
1919 2710205 
1920 2710206 
1921 2710206 
1922 2710207 
1923 2710207 
1924 2710207 
1925 2710208 
1926 2710208 
1927 2710208 
1928 2710208 
1929 2710209 
1930 2710209 
1931 2710209 
1932 2710210 
1933 2710210 
1934 2710210 
1935 2710210 
1936 2710211 
1937 2710211 
1938 2710212 
1939 2710212 
1940 2710212 
1941 2710213 
1942 2710213 
1943 2710213 
1944 2710213 
1945 2710213 
1946 2710214 
1947 2710214 
1948 2710214 
1949 2710214 
1950 2710215 
1951 2710215 
1952 2710215 
1953 2710215 
1954 2710216 
1955 2710216 
1956 2710216 
1957 2710216 
1958 2710216 
1959 2710217 
1960 2710217 
1961 2710217 
1962 2710218 
1963 2710218 
1964 2710218 
1965 2710219 
1966 2710219 
1967 2710219 
1968 2710220 
1969 2710220 
1970 2710220 
1971 2710221 
1972 2710221 
1973 2710221 
1974 2710222 
1975 2710222 
1976 2710222 
1977 2710223 
1978 2710223 
1979 2710224 
1980 2710224 
1981 2710224 
1982 2710225 
1983 2710225 
1984 2710225 
1985 2710226 
1986 2710226 
1987 2710226 
1988 2710227 
1989 2710230 
1990 2710230 
1991 2710231 
1992 2710231 
1993 2710232 
1994 2710233 
1995 2710233 
1996 2710233 
1997 2710233 
1998 2710234 
1999 2710234 
2000 2710234 
2001 2710235 
2002 2710235 
2003 2710235 
2004 2710235 
2005 2710235 
2006 2710236 
2007 2710236 
2008 2710236 
2009 2710236 
2010 2710236 
2011 2710237 
2012 2710237 
2013 2710237 
2014 2710238 
2015 2710238 
2016 2710238 
2017 2710238 
2018 2710238 
2019 2710239 
2020 2710239 
2021 2710239 
2022 2710240 
2023 2710240 
2024 2710240 
2025 2710241 
2026 2710243 
2027 2710247 
2028 2710247 
2029 2710248 
2030 2710248 
2031 2710248 
2032 2710248 
2033 2710249 
2034 2710249 
2035 2710249 
2036 2710250 
2037 2710250 
2038 2710250 
2039 2710251 
2040 2710251 
2041 2710251 
2042 2710252 
2043 2710252 
2044 2710252 
2045 2710253 
2046 2710253 
2047 2710253 
2048 2710253 
2049 2710254 
2050 2710254 
2051 2710254 
2052 2710255 
2053 2710255 
2054 2710255 
2055 2710255 
2056 2710256 
2057 2710256 
2058 2710256 
2059 2710257 
2060 2710257 
2061 2710258 
2062 2710258 
2063 2710259 
2064 2710261 
2065 2710261 
2066 2710261 
2067 2710262 
2068 2710262 
2069 2710262 
2070 2710263 
2071 2710263 
2072 2710264 
2073 2710265 
2074 2710266 
2075 2710268 
2076 2710268 
2077 2710269 
2078 2710270 
2079 2710270 
2080 2710270 
2081 2710271 
2082 2710271 
2083 2710271 
2084 2710272 
2085 2710272 
2086 2710272 
2087 2710273 
2088 2710273 
2089 2710273 
2090 2710274 
2091 2710274 
2092 2710274 
2093 2710275 
2094 2710275 
2095 2710275 
2096 2710276 
2097 2710276 
2098 2710276 
2099 2710277 
2100 2710278 
2101 2710278 
2102 2710279 
2103 2710279 
2104 2710279 
2105 2710280 
2106 2710280 
2107 2710280 
2108 2710280 
2109 2710281 
2110 2710281 
2111 2710281 
2112 2710282 
2113 2710282 
2114 2710282 
2115 2710283 
2116 2710283 
2117 2710284 
2118 2710284 
2119 2710284 
2120 2710285 
2121 2710285 
2122 2710285 
2123 2710290 
2124 2710290 
2125 2710291 
2126 2710291 
2127 2710291 
2128 2710292 
2129 2710293 
2130 2710294 
2131 2710294 
2132 2710294 
2133 2710295 
2134 2710295 
2135 2710295 
2136 2710296 
2137 2710296 
2138 2710297 
2139 2710297 
2140 2710298 
2141 2710299 
2142 2710300 
2143 2710300 
2144 2710303 
2145 2710304 
2146 2710305 
2147 2710305 
2148 2710305 
2149 2710305 
2150 2710314 
2151 2710315 
2152 2710316 
2153 2710318 
2154 2710318 
2155 2710318 
2156 2710321 
2157 2710332 
2158 2710335 
2159 2710335 
2160 2710336 
2161 2710336 
2162 2710344 
2163 2710345 
2164 2710345 
2165 2710345 
2166 2710355 
2167 2710356 
2168 2710357 
2169 2710362 
2170 2710368 
2171 2710372 
2172 2710372 
2173 2710373 
2174 2710373 
2175 2710375 
2176 2710375 
2177 2710376 
2178 2710377 
2179 2710377 
2180 2710377 
2181 2710377 
2182 2710378 
2183 2710378 
2184 2710378 
2185 2710379 
2186 2710379 
2187 2710379 
2188 2710379 
2189 2710380 
2190 2710380 
2191 2710380 
2192 2710381 
2193 2710381 
2194 2710381 
2195 2710382 
2196 2710382 
2197 2710385 
2198 2710386 
2199 2710389 
2200 2710390 
2201 2710390 
2202 2710392 
2203 2710392 
2204 2710393 
2205 2710394 
2206 2710395 
2207 2710395 
2208 2710395 
2209 2710399 
2210 2710400 
2211 2710400 
2212 2710400 
2213 2710400 
2214 2710401 
2215 2710401 
2216 2710401 
2217 2710402 
2218 2710402 
2219 2710402 
2220 2710403 
2221 2710403 
2222 2710404 
2223 2710404 
2224 2710405 
2225 2710405 
2226 2710405 
2227 2710405 
2228 2710406 
2229 2710406 
2230 2710406 
2231 2710407 
2232 2710407 
2233 2710407 
2234 2710408 
2235 2710408 
2236 2710408 
2237 2710409 
2238 2710409 
2239 2710411 
2240 2710412 
2241 2710412 
2242 2710413 
2243 2710413 
2244 2710413 
2245 2710413 
2246 2710413 
2247 2710414 
2248 2710414 
2249 2710414 
2250 2710415 
2251 2710415 
2252 2710415 
2253 2710416 
2254 2710416 
2255 2710416 
2256 2710416 
2257 2710416 
2258 2710417 
2259 2710417 
2260 2710417 
2261 2710417 
2262 2710418 
2263 2710418 
2264 2710421 
2265 2710421 
2266 2710425 
2267 2710430 
2268 2710430 
2269 2710430 
2270 2710431 
2271 2710431 
2272 2710431 
2273 2710431 
2274 2710432 
2275 2710432 
2276 2710432 
2277 2710433 
2278 2710434 
2279 2710435 
2280 2710438 
2281 2710438 
2282 2710438 
2283 2710439 
2284 2710439 
2285 2710439 
2286 2710440 
2287 2710440 
2288 2710440 
2289 2710441 
2290 2710441 
2291 2710441 
2292 2710442 
2293 2710442 
2294 2710442 
2295 2710442 
2296 2710443 
2297 2710443 
2298 2710443 
2299 2710444 
2300 2710444 
2301 2710444 
2302 2710444 
2303 2710444 
2304 2710445 
2305 2710445 
2306 2710445 
2307 2710446 
2308 2710446 
2309 2710446 
2310 2710446 
2311 2710447 
2312 2710447 
2313 2710447 
2314 2710448 
2315 2710448 
2316 2710449 
2317 2710449 
2318 2710450 
2319 2710450 
2320 2710450 
2321 2710453 
2322 2710453 
2323 2710453 
2324 2710462 
2325 2710462 
2326 2710462 
2327 2710463 
2328 2710463 
2329 2710463 
2330 2710464 
2331 2710464 
2332 2710464 
2333 2710465 
2334 2710465 
2335 2710465 
2336 2710465 
2337 2710466 
2338 2710466 
2339 2710466 
2340 2710475 
2341 2710481 
2342 2710484 
2343 2710484 
2344 2710485 
2345 2710485 
2346 2710485 
2347 2710486 
2348 2710486 
2349 2710486 
2350 2710487 
2351 2710487 
2352 2710487 
2353 2710498 
2354 2710502 
2355 2710502 
2356 2710506 
2357 2710506 
2358 2710506 
2359 2710507 
2360 2710507 
2361 2710509 
2362 2710509 
2363 2710509 
2364 2710510 
2365 2710510 
2366 2710510 
2367 2710511 
2368 2710513 
2369 2710513 
2370 2710514 
2371 2710514 
2372 2710514 
2373 2710515 
2374 2710515 
2375 2710515 
2376 2710516 
2377 2710518 
2378 2710518 
2379 2710519 
2380 2710520 
2381 2710523 
2382 2710524 
2383 2710524 
2384 2710524 
2385 2710525 
2386 2710525 
2387 2710525 
2388 2710525 
2389 2710526 
2390 2710526 
2391 2710526 
2392 2710527 
2393 2710527 
2394 2710527 
2395 2710527 
2396 2710528 
2397 2710534 
2398 2710535 
2399 2710543 
2400 2710545 
2401 2710545 
2402 2710546 
2403 2710546 
2404 2710548 
2405 2710548 
2406 2710548 
2407 2710549 
2408 2710549 
2409 2710549 
2410 2710550 
2411 2710550 
2412 2710550 
2413 2710551 
2414 2710551 
2415 2710551 
2416 2710552 
2417 2710552 
2418 2710552 
2419 2710553 
2420 2710553 
2421 2710553 
2422 2710554 
2423 2710569 
2424 2710569 
2425 2710569 
2426 2710570 
2427 2710570 
2428 2710570 
2429 2710571 
2430 2710571 
2431 2710574 
2432 2710578 
2433 2710579 
2434 2710581 
2435 2710581 
2436 2710583 
2437 2710584 
2438 2710584 
2439 2710585 
2440 2710585 
2441 2710585 
2442 2710585 
2443 2710586 
2444 2710586 
2445 2710586 
2446 2710587 
2447 2710587 
2448 2710587 
2449 2710588 
2450 2710588 
2451 2710588 
2452 2710589 
2453 2710589 
2454 2710589 
2455 2710590 
2456 2710590 
2457 2710590 
2458 2710590 
2459 2710591 
2460 2710591 
2461 2710591 
2462 2710591 
2463 2710592 
2464 2710592 
2465 2710592 
2466 2710592 
2467 2710593 
2468 2710593 
2469 2710593 
2470 2710594 
2471 2710594 
2472 2710594 
2473 2710595 
2474 2710595 
2475 2710595 
2476 2710596 
2477 2710596 
2478 2710596 
2479 2710597 
2480 2710597 
2481 2710597 
2482 2710598 
2483 2710598 
2484 2710598 
2485 2710599 
2486 2710599 
2487 2710599 
2488 2710600 
2489 2710600 
2490 2710600 
2491 2710601 
2492 2710601 
2493 2710602 
2494 2710602 
2495 2710603 
2496 2710603 
2497 2710604 
2498 2710604 
2499 2710604 
2500 2710604 
2501 2710605 
2502 2710605 
2503 2710605 
2504 2710606 
2505 2710606 
2506 2710606 
2507 2710607 
2508 2710607 
2509 2710607 
2510 2710608 
2511 2710608 
2512 2710608 
2513 2710609 
2514 2710609 
2515 2710609 
2516 2710609 
2517 2710610 
2518 2710610 
2519 2710610 
2520 2710610 
2521 2710611 
2522 2710611 
2523 2710611 
2524 2710612 
2525 2710612 
2526 2710612 
2527 2710613 
2528 2710613 
2529 2710613 
2530 2710614 
2531 2710614 
2532 2710614 
2533 2710614 
2534 2710615 
2535 2710615 
2536 2710615 
2537 2710616 
2538 2710616 
2539 2710616 
2540 2710616 
2541 2710616 
2542 2710617 
2543 2710617 
2544 2710617 
2545 2710618 
2546 2710618 
2547 2710618 
2548 2710618 
2549 2710619 
2550 2710619 
2551 2710619 
2552 2710620 
2553 2710620 
2554 2710620 
2555 2710621 
2556 2710622 
2557 2710622 
2558 2710622 
2559 2710623 
2560 2710623 
2561 2710623 
2562 2710623 
2563 2710624 
2564 2710624 
2565 2710624 
2566 2710625 
2567 2710626 
2568 2710627 
2569 2710630 
2570 2710630 
2571 2710630 
2572 2710631 
2573 2710631 
2574 2710631 
2575 2710631 
2576 2710633 
2577 2710634 
2578 2710634 
2579 2710634 
2580 2710641 
2581 2710642 
2582 2710648 
2583 2710650 
2584 2710653 
2585 2710653 
2586 2710653 
2587 2710654 
2588 2710654 
2589 2710654 
2590 2710655 
2591 2710657 
2592 2710658 
2593 2710659 
2594 2710660 
2595 2710660 
2596 2710661 
2597 2710661 
2598 2710661 
2599 2710662 
2600 2710671 
2601 2710677 
2602 2710680 
2603 2710684 
2604 2710685 
2605 2710685 
2606 2710685 
2607 2710686 
2608 2710686 
2609 2710686 
2610 2710687 
2611 2710687 
2612 2710687 
2613 2710688 
2614 2710688 
2615 2710688 
2616 2710689 
2617 2710689 
2618 2710689 
2619 2710690 
2620 2710690 
2621 2710690 
2622 2710691 
2623 2710691 
2624 2710691 
2625 2710691 
2626 2710692 
2627 2710692 
2628 2710692 
2629 2710692 
2630 2710692 
2631 2710693 
2632 2710693 
2633 2710694 
2634 2710694 
2635 2710694 
2636 2710694 
2637 2710695 
2638 2710695 
2639 2710695 
2640 2710695 
2641 2710696 
2642 2710696 
2643 2710696 
2644 2710697 
2645 2710697 
2646 2710697 
2647 2710698 
2648 2710698 
2649 2710698 
2650 2710699 
2651 2710699 
2652 2710699 
2653 2710700 
2654 2710700 
2655 2710700 
2656 2710700 
2657 2710701 
2658 2710701 
2659 2710701 
2660 2710702 
2661 2710702 
2662 2710702 
2663 2710703 
2664 2710703 
2665 2710704 
2666 2710705 
2667 2710707 
2668 2710710 
2669 2710710 
2670 2710718 
2671 2710718 
2672 2710719 
2673 2710719 
2674 2710722 
2675 2710722 
2676 2710723 
2677 2710723 
2678 2710723 
2679 2710724 
2680 2710724 
2681 2710724 
2682 2710724 
2683 2710725 
2684 2710725 
2685 2710725 
2686 2710725 
2687 2710726 
2688 2710726 
2689 2710726 
2690 2710726 
2691 2710727 
2692 2710727 
2693 2710727 
2694 2710727 
2695 2710728 
2696 2710728 
2697 2710728 
2698 2710728 
2699 2710729 
2700 2710729 
2701 2710730 
2702 2710730 
2703 2710730 
2704 2710731 
2705 2710731 
2706 2710731 
2707 2710731 
2708 2710732 
2709 2710732 
2710 2710733 
2711 2710733 
2712 2710733 
2713 2710734 
2714 2710734 
2715 2710734 
2716 2710735 
2717 2710735 
2718 2710736 
2719 2710736 
2720 2710736 
2721 2710737 
2722 2710737 
2723 2710737 
2724 2710738 
2725 2710745 
2726 2710746 
2727 2710746 
2728 2710746 
2729 2710747 
2730 2710747 
2731 2710747 
2732 2710748 
2733 2710749 
2734 2710749 
2735 2710750 
2736 2710750 
2737 2710751 
2738 2710752 
2739 2710752 
2740 2710758 
2741 2710758 
2742 2710762 
2743 2710762 
2744 2710763 
2745 2710763 
2746 2710764 
2747 2710765 
2748 2710766 
2749 2710766 
2750 2710767 
2751 2710767 
2752 2710767 
2753 2710767 
2754 2710768 
2755 2710768 
2756 2710768 
2757 2710769 
2758 2710769 
2759 2710770 
2760 2710770 
2761 2710771 
2762 2710772 
2763 2710774 
2764 2710774 
2765 2710774 
2766 2710775 
2767 2710776 
2768 2710776 
2769 2710776 
2770 2710777 
2771 2710783 
2772 2710783 
2773 2710783 
2774 2710784 
2775 2710784 
2776 2710785 
2777 2710785 
2778 2710786 
2779 2710786 
2780 2710786 
2781 2710788 
2782 2710788 
2783 2710789 
2784 2710789 
2785 2710789 
2786 2710790 
2787 2710790 
2788 2710790 
2789 2710791 
2790 2710791 
2791 2710791 
2792 2710791 
2793 2710792 
2794 2710792 
2795 2710793 
2796 2710793 
2797 2710794 
2798 2710795 
2799 2710796 
2800 2710796 
2801 2710796 
2802 2710797 
2803 2710799 
2804 2710800 
2805 2710800 
2806 2710800 
