1 2725218 
2 2725227 
3 2725230 
4 2725238 
5 2725240 
6 2725240 
7 2725245 
8 2725245 
9 2725246 
10 2725247 
11 2725250 
12 2725256 
13 2725257 
14 2725258 
15 2725262 
16 2725262 
17 2725262 
18 2725263 
19 2725264 
20 2725264 
21 2725265 
22 2725278 
23 2725278 
24 2725288 
25 2725292 
26 2725294 
27 2725302 
28 2725307 
29 2725315 
30 2725316 
31 2725332 
32 2725332 
33 2725334 
34 2725335 
35 2725360 
36 2725361 
37 2725369 
38 2725374 
39 2725397 
40 2725399 
41 2725402 
42 2725433 
43 2725433 
44 2725433 
45 2725433 
46 2725443 
47 2725444 
48 2725444 
49 2725499 
50 2725502 
51 2725504 
52 2725506 
53 2725508 
54 2725518 
55 2725524 
56 2725528 
57 2725536 
58 2725568 
59 2725571 
60 2725572 
61 2725577 
62 2725589 
63 2725595 
64 2725595 
65 2725599 
66 2725611 
67 2725613 
68 2725616 
69 2725617 
70 2725620 
71 2725622 
72 2725623 
73 2725637 
74 2725638 
75 2725638 
76 2725639 
77 2725640 
78 2725641 
79 2725645 
80 2725645 
81 2725645 
82 2725646 
83 2725647 
84 2725647 
85 2725648 
86 2725648 
87 2725650 
88 2725651 
89 2725651 
90 2725651 
91 2725652 
92 2725652 
93 2725654 
94 2725654 
95 2725655 
96 2725661 
97 2725666 
98 2725666 
99 2725666 
100 2725667 
101 2725667 
102 2725668 
103 2725668 
104 2725669 
105 2725684 
106 2725684 
107 2725699 
108 2725726 
109 2725727 
110 2725728 
111 2725732 
112 2725732 
113 2725733 
114 2725733 
115 2725733 
116 2725734 
117 2725734 
118 2725735 
119 2725735 
120 2725735 
121 2725743 
122 2725746 
123 2725747 
124 2725753 
125 2725754 
126 2725754 
127 2725754 
128 2725755 
129 2725755 
130 2725756 
131 2725756 
132 2725757 
133 2725757 
134 2725758 
135 2725758 
136 2725759 
137 2725759 
138 2725759 
139 2725760 
140 2725760 
141 2725760 
142 2725760 
143 2725761 
144 2725761 
145 2725762 
146 2725762 
147 2725762 
148 2725763 
149 2725763 
150 2725763 
151 2725763 
152 2725764 
153 2725764 
154 2725764 
155 2725765 
156 2725765 
157 2725765 
158 2725766 
159 2725767 
160 2725768 
161 2725768 
162 2725769 
163 2725769 
164 2725769 
165 2725770 
166 2725770 
167 2725771 
168 2725772 
169 2725772 
170 2725772 
171 2725773 
172 2725775 
173 2725775 
174 2725776 
175 2725776 
176 2725776 
177 2725776 
178 2725777 
179 2725777 
180 2725778 
181 2725778 
182 2725778 
183 2725779 
184 2725779 
185 2725779 
186 2725780 
187 2725782 
188 2725791 
189 2725791 
190 2725791 
191 2725791 
192 2725793 
193 2725794 
194 2725794 
195 2725795 
196 2725795 
197 2725795 
198 2725796 
199 2725796 
200 2725797 
201 2725797 
202 2725799 
203 2725799 
204 2725802 
205 2725803 
206 2725803 
207 2725803 
208 2725809 
209 2725809 
210 2725810 
211 2725810 
212 2725810 
213 2725811 
214 2725812 
215 2725812 
216 2725812 
217 2725813 
218 2725813 
219 2725813 
220 2725814 
221 2725814 
222 2725814 
223 2725815 
224 2725815 
225 2725815 
226 2725816 
227 2725816 
228 2725816 
229 2725816 
230 2725817 
231 2725817 
232 2725817 
233 2725818 
234 2725818 
235 2725821 
236 2725821 
237 2725821 
238 2725822 
239 2725822 
240 2725822 
241 2725822 
242 2725823 
243 2725829 
244 2725841 
245 2725842 
246 2725842 
247 2725842 
248 2725846 
249 2725851 
250 2725851 
251 2725854 
252 2725858 
253 2725858 
254 2725860 
255 2725861 
256 2725872 
257 2725872 
258 2725872 
259 2725873 
260 2725874 
261 2725874 
262 2725875 
263 2725881 
264 2725883 
265 2725883 
266 2725884 
267 2725884 
268 2725893 
269 2725894 
270 2725894 
271 2725894 
272 2725895 
273 2725895 
274 2725899 
275 2725900 
276 2725901 
277 2725903 
278 2725903 
279 2725904 
280 2725905 
281 2725910 
282 2725911 
283 2725913 
284 2725914 
285 2725915 
286 2725915 
287 2725916 
288 2725916 
289 2725917 
290 2725917 
291 2725918 
292 2725918 
293 2725918 
294 2725919 
295 2725919 
296 2725919 
297 2725919 
298 2725922 
299 2725922 
300 2725923 
301 2725923 
302 2725925 
303 2725925 
304 2725926 
305 2725928 
306 2725955 
307 2725959 
308 2725961 
309 2725972 
310 2725979 
311 2725981 
312 2725990 
313 2725994 
314 2726001 
315 2726004 
316 2726007 
317 2726008 
318 2726019 
319 2726019 
320 2726019 
321 2726020 
322 2726020 
323 2726020 
324 2726021 
325 2726021 
326 2726021 
327 2726021 
328 2726022 
329 2726022 
330 2726022 
331 2726023 
332 2726023 
333 2726023 
334 2726034 
335 2726050 
336 2726051 
337 2726051 
338 2726054 
339 2726054 
340 2726055 
341 2726055 
342 2726071 
343 2726072 
344 2726072 
345 2726072 
346 2726073 
347 2726073 
348 2726073 
349 2726086 
350 2726093 
351 2726095 
352 2726096 
353 2726096 
354 2726097 
355 2726097 
356 2726097 
357 2726102 
358 2726109 
359 2726110 
360 2726116 
361 2726116 
362 2726116 
363 2726117 
364 2726117 
365 2726118 
366 2726118 
367 2726122 
368 2726122 
369 2726122 
370 2726122 
371 2726123 
372 2726123 
373 2726123 
374 2726123 
375 2726123 
376 2726124 
377 2726124 
378 2726124 
379 2726124 
380 2726125 
381 2726125 
382 2726125 
383 2726125 
384 2726125 
385 2726126 
386 2726126 
387 2726126 
388 2726127 
389 2726127 
390 2726127 
391 2726129 
392 2726130 
393 2726130 
394 2726130 
395 2726131 
396 2726131 
397 2726132 
398 2726132 
399 2726132 
400 2726133 
401 2726133 
402 2726133 
403 2726133 
404 2726134 
405 2726134 
406 2726134 
407 2726134 
408 2726134 
409 2726135 
410 2726135 
411 2726135 
412 2726135 
413 2726135 
414 2726136 
415 2726136 
416 2726136 
417 2726137 
418 2726137 
419 2726137 
420 2726138 
421 2726138 
422 2726138 
423 2726139 
424 2726139 
425 2726139 
426 2726140 
427 2726140 
428 2726140 
429 2726141 
430 2726141 
431 2726142 
432 2726142 
433 2726142 
434 2726143 
435 2726143 
436 2726143 
437 2726143 
438 2726143 
439 2726144 
440 2726144 
441 2726144 
442 2726144 
443 2726145 
444 2726145 
445 2726145 
446 2726146 
447 2726146 
448 2726146 
449 2726147 
450 2726147 
451 2726148 
452 2726148 
453 2726149 
454 2726149 
455 2726149 
456 2726150 
457 2726150 
458 2726150 
459 2726150 
460 2726151 
461 2726151 
462 2726151 
463 2726151 
464 2726152 
465 2726152 
466 2726152 
467 2726152 
468 2726153 
469 2726154 
470 2726154 
471 2726154 
472 2726155 
473 2726155 
474 2726155 
475 2726156 
476 2726156 
477 2726157 
478 2726157 
479 2726157 
480 2726157 
481 2726157 
482 2726158 
483 2726158 
484 2726158 
485 2726159 
486 2726159 
487 2726159 
488 2726160 
489 2726160 
490 2726160 
491 2726161 
492 2726161 
493 2726161 
494 2726161 
495 2726161 
496 2726162 
497 2726162 
498 2726162 
499 2726163 
500 2726163 
501 2726163 
502 2726164 
503 2726164 
504 2726164 
505 2726165 
506 2726165 
507 2726165 
508 2726166 
509 2726166 
510 2726166 
511 2726166 
512 2726167 
513 2726167 
514 2726168 
515 2726168 
516 2726172 
517 2726173 
518 2726174 
519 2726174 
520 2726174 
521 2726175 
522 2726175 
523 2726175 
524 2726176 
525 2726176 
526 2726176 
527 2726176 
528 2726177 
529 2726177 
530 2726177 
531 2726177 
532 2726178 
533 2726178 
534 2726178 
535 2726179 
536 2726180 
537 2726182 
538 2726182 
539 2726182 
540 2726182 
541 2726182 
542 2726183 
543 2726183 
544 2726183 
545 2726183 
546 2726183 
547 2726184 
548 2726184 
549 2726184 
550 2726184 
551 2726184 
552 2726185 
553 2726185 
554 2726185 
555 2726185 
556 2726186 
557 2726186 
558 2726186 
559 2726187 
560 2726187 
561 2726187 
562 2726187 
563 2726188 
564 2726188 
565 2726188 
566 2726189 
567 2726189 
568 2726190 
569 2726190 
570 2726191 
571 2726191 
572 2726192 
573 2726192 
574 2726196 
575 2726196 
576 2726196 
577 2726198 
578 2726198 
579 2726198 
580 2726198 
581 2726199 
582 2726199 
583 2726202 
584 2726204 
585 2726206 
586 2726206 
587 2726208 
588 2726213 
589 2726220 
590 2726226 
591 2726227 
592 2726231 
593 2726231 
594 2726232 
595 2726233 
596 2726238 
597 2726238 
598 2726240 
599 2726241 
600 2726242 
601 2726243 
602 2726244 
603 2726244 
604 2726245 
605 2726246 
606 2726246 
607 2726247 
608 2726248 
609 2726250 
610 2726251 
611 2726251 
612 2726251 
613 2726251 
614 2726252 
615 2726252 
616 2726252 
617 2726253 
618 2726253 
619 2726253 
620 2726254 
621 2726254 
622 2726254 
623 2726254 
624 2726255 
625 2726255 
626 2726256 
627 2726256 
628 2726256 
629 2726257 
630 2726259 
631 2726259 
632 2726263 
633 2726268 
634 2726273 
635 2726274 
636 2726274 
637 2726275 
638 2726275 
639 2726276 
640 2726278 
641 2726281 
642 2726282 
643 2726283 
644 2726293 
645 2726297 
646 2726300 
647 2726301 
648 2726311 
649 2726313 
650 2726313 
651 2726315 
652 2726317 
653 2726320 
654 2726320 
655 2726333 
656 2726333 
657 2726333 
658 2726334 
659 2726334 
660 2726335 
661 2726335 
662 2726335 
663 2726336 
664 2726336 
665 2726337 
666 2726339 
667 2726339 
668 2726339 
669 2726340 
670 2726341 
671 2726342 
672 2726342 
673 2726343 
674 2726344 
675 2726349 
676 2726350 
677 2726350 
678 2726351 
679 2726351 
680 2726352 
681 2726352 
682 2726353 
683 2726353 
684 2726354 
685 2726354 
686 2726354 
687 2726355 
688 2726355 
689 2726355 
690 2726356 
691 2726357 
692 2726357 
693 2726357 
694 2726358 
695 2726358 
696 2726358 
697 2726359 
698 2726359 
699 2726360 
700 2726360 
701 2726361 
702 2726361 
703 2726362 
704 2726368 
705 2726369 
706 2726370 
707 2726370 
708 2726371 
709 2726371 
710 2726372 
711 2726372 
712 2726372 
713 2726373 
714 2726373 
715 2726373 
716 2726374 
717 2726374 
718 2726375 
719 2726375 
720 2726376 
721 2726376 
722 2726377 
723 2726382 
724 2726386 
725 2726386 
726 2726387 
727 2726387 
728 2726389 
729 2726391 
730 2726391 
731 2726391 
732 2726392 
733 2726392 
734 2726393 
735 2726393 
736 2726393 
737 2726394 
738 2726396 
739 2726401 
740 2726405 
741 2726418 
742 2726424 
743 2726428 
744 2726428 
745 2726435 
746 2726458 
747 2726458 
748 2726467 
749 2726469 
750 2726471 
751 2726472 
752 2726473 
753 2726476 
754 2726480 
755 2726483 
756 2726483 
757 2726483 
758 2726484 
759 2726484 
760 2726484 
761 2726485 
762 2726485 
763 2726485 
764 2726488 
765 2726494 
766 2726501 
767 2726503 
768 2726506 
769 2726508 
770 2726509 
771 2726509 
772 2726509 
773 2726510 
774 2726510 
775 2726510 
776 2726511 
777 2726511 
778 2726512 
779 2726512 
780 2726512 
781 2726513 
782 2726513 
783 2726522 
784 2726524 
785 2726528 
786 2726529 
787 2726531 
788 2726532 
789 2726535 
790 2726540 
791 2726555 
792 2726562 
793 2726563 
794 2726568 
795 2726591 
796 2726596 
797 2726597 
798 2726597 
799 2726652 
800 2726654 
801 2726654 
802 2726655 
803 2726655 
804 2726655 
805 2726656 
806 2726656 
807 2726659 
808 2726667 
809 2726667 
810 2726673 
811 2726675 
812 2726680 
813 2726681 
814 2726692 
815 2726693 
816 2726695 
817 2726707 
818 2726707 
819 2726708 
820 2726708 
821 2726708 
822 2726710 
823 2726710 
824 2726711 
825 2726711 
826 2726712 
827 2726712 
828 2726713 
829 2726713 
830 2726713 
831 2726714 
832 2726714 
833 2726714 
834 2726715 
835 2726720 
836 2726721 
837 2726723 
838 2726723 
839 2726724 
840 2726724 
841 2726724 
842 2726725 
843 2726725 
844 2726725 
845 2726726 
846 2726726 
847 2726726 
848 2726727 
849 2726727 
850 2726727 
851 2726727 
852 2726728 
853 2726728 
854 2726728 
855 2726729 
856 2726729 
857 2726729 
858 2726729 
859 2726730 
860 2726730 
861 2726730 
862 2726730 
863 2726731 
864 2726731 
865 2726731 
866 2726731 
867 2726732 
868 2726732 
869 2726732 
870 2726732 
871 2726733 
872 2726733 
873 2726733 
874 2726733 
875 2726733 
876 2726734 
877 2726734 
878 2726734 
879 2726735 
880 2726735 
881 2726736 
882 2726737 
883 2726737 
884 2726741 
885 2726741 
886 2726742 
887 2726742 
888 2726745 
889 2726745 
890 2726745 
891 2726746 
892 2726746 
893 2726747 
894 2726747 
895 2726747 
896 2726748 
897 2726748 
898 2726749 
899 2726749 
900 2726750 
901 2726750 
902 2726751 
903 2726752 
904 2726752 
905 2726753 
906 2726755 
907 2726757 
908 2726757 
909 2726758 
910 2726759 
911 2726760 
912 2726760 
913 2726761 
914 2726761 
915 2726761 
916 2726762 
917 2726763 
918 2726766 
919 2726768 
920 2726770 
921 2726771 
922 2726772 
923 2726772 
924 2726772 
925 2726773 
926 2726773 
927 2726774 
928 2726775 
929 2726775 
930 2726778 
931 2726782 
932 2726783 
933 2726783 
934 2726783 
935 2726783 
936 2726784 
937 2726784 
938 2726784 
939 2726785 
940 2726785 
941 2726785 
942 2726786 
943 2726786 
944 2726788 
945 2726792 
946 2726792 
947 2726796 
948 2726799 
949 2726801 
950 2726803 
951 2726808 
952 2726808 
953 2726809 
954 2726809 
955 2726809 
956 2726810 
957 2726810 
958 2726811 
959 2726811 
960 2726811 
961 2726812 
962 2726812 
963 2726813 
964 2726813 
965 2726813 
966 2726813 
967 2726814 
968 2726814 
969 2726815 
970 2726815 
971 2726815 
972 2726815 
973 2726815 
974 2726817 
975 2726820 
976 2726822 
977 2726823 
978 2726823 
979 2726831 
980 2726831 
981 2726832 
982 2726835 
983 2726835 
984 2726836 
985 2726836 
986 2726836 
987 2726837 
988 2726837 
989 2726837 
990 2726837 
991 2726838 
992 2726838 
993 2726838 
994 2726839 
995 2726848 
996 2726857 
997 2726865 
998 2726865 
999 2726873 
1000 2726880 
1001 2726884 
1002 2726888 
1003 2726889 
1004 2726890 
1005 2726892 
1006 2726892 
1007 2726893 
1008 2726895 
1009 2726895 
1010 2726896 
1011 2726897 
1012 2726898 
1013 2726898 
1014 2726898 
1015 2726898 
1016 2726899 
1017 2726899 
1018 2726899 
1019 2726900 
1020 2726900 
1021 2726901 
1022 2726901 
1023 2726901 
1024 2726901 
1025 2726902 
1026 2726902 
1027 2726903 
1028 2726903 
1029 2726903 
1030 2726904 
1031 2726904 
1032 2726904 
1033 2726905 
1034 2726905 
1035 2726905 
1036 2726906 
1037 2726906 
1038 2726907 
1039 2726907 
1040 2726908 
1041 2726908 
1042 2726908 
1043 2726909 
1044 2726909 
1045 2726910 
1046 2726910 
1047 2726910 
1048 2726911 
1049 2726911 
1050 2726911 
1051 2726912 
1052 2726912 
1053 2726913 
1054 2726913 
1055 2726913 
1056 2726914 
1057 2726914 
1058 2726914 
1059 2726915 
1060 2726915 
1061 2726916 
1062 2726916 
1063 2726916 
1064 2726917 
1065 2726917 
1066 2726917 
1067 2726917 
1068 2726918 
1069 2726918 
1070 2726919 
1071 2726919 
1072 2726920 
1073 2726934 
1074 2726934 
1075 2726936 
1076 2726936 
1077 2726937 
1078 2726937 
1079 2726937 
1080 2726938 
1081 2726943 
1082 2726943 
1083 2726943 
1084 2726944 
1085 2726944 
1086 2726947 
1087 2726952 
1088 2726957 
1089 2726968 
1090 2726980 
1091 2726982 
1092 2727044 
1093 2727054 
1094 2727055 
1095 2727060 
1096 2727060 
1097 2727060 
1098 2727061 
1099 2727061 
1100 2727061 
1101 2727062 
1102 2727062 
1103 2727062 
1104 2727063 
1105 2727078 
1106 2727080 
1107 2727125 
1108 2727125 
1109 2727155 
1110 2727155 
1111 2727182 
1112 2727183 
1113 2727237 
1114 2727241 
1115 2727242 
1116 2727247 
1117 2727248 
1118 2727248 
1119 2727249 
1120 2727249 
1121 2727260 
1122 2727271 
1123 2727280 
1124 2727281 
1125 2727281 
1126 2727285 
1127 2727288 
1128 2727289 
1129 2727289 
1130 2727289 
1131 2727290 
1132 2727290 
1133 2727291 
1134 2727291 
1135 2727291 
1136 2727292 
1137 2727293 
1138 2727296 
1139 2727297 
1140 2727297 
1141 2727297 
1142 2727298 
1143 2727298 
1144 2727298 
1145 2727299 
1146 2727299 
1147 2727299 
1148 2727299 
1149 2727300 
1150 2727300 
1151 2727300 
1152 2727301 
1153 2727302 
1154 2727307 
1155 2727309 
1156 2727309 
1157 2727312 
1158 2727314 
1159 2727314 
1160 2727335 
1161 2727335 
1162 2727342 
1163 2727345 
1164 2727351 
1165 2727353 
1166 2727355 
1167 2727355 
1168 2727356 
1169 2727356 
1170 2727357 
1171 2727357 
1172 2727358 
1173 2727358 
1174 2727361 
1175 2727361 
1176 2727365 
1177 2727367 
1178 2727368 
1179 2727379 
1180 2727384 
1181 2727391 
1182 2727391 
1183 2727393 
1184 2727403 
1185 2727404 
1186 2727410 
1187 2727411 
1188 2727415 
1189 2727422 
1190 2727429 
1191 2727429 
1192 2727430 
1193 2727430 
1194 2727431 
1195 2727431 
1196 2727431 
1197 2727433 
1198 2727433 
1199 2727434 
1200 2727434 
1201 2727435 
1202 2727441 
1203 2727441 
1204 2727441 
1205 2727442 
1206 2727442 
1207 2727446 
1208 2727447 
1209 2727451 
1210 2727453 
1211 2727456 
1212 2727458 
1213 2727459 
1214 2727460 
1215 2727460 
1216 2727463 
1217 2727464 
1218 2727465 
1219 2727467 
1220 2727467 
1221 2727470 
1222 2727470 
1223 2727473 
1224 2727479 
1225 2727501 
1226 2727501 
1227 2727502 
1228 2727502 
1229 2727511 
1230 2727520 
1231 2727524 
1232 2727527 
1233 2727532 
1234 2727537 
1235 2727551 
1236 2727554 
1237 2727554 
1238 2727555 
1239 2727555 
1240 2727557 
1241 2727558 
1242 2727558 
1243 2727558 
1244 2727559 
1245 2727559 
1246 2727559 
1247 2727560 
1248 2727560 
1249 2727561 
1250 2727562 
1251 2727598 
1252 2727600 
1253 2727610 
1254 2727610 
1255 2727610 
1256 2727611 
1257 2727611 
1258 2727611 
1259 2727612 
1260 2727630 
1261 2727632 
1262 2727632 
1263 2727637 
1264 2727639 
1265 2727639 
1266 2727643 
1267 2727654 
1268 2727654 
1269 2727654 
1270 2727657 
1271 2727662 
1272 2727664 
1273 2727675 
1274 2727676 
1275 2727679 
1276 2727679 
1277 2727681 
1278 2727683 
1279 2727683 
1280 2727688 
1281 2727688 
1282 2727688 
1283 2727691 
1284 2727695 
1285 2727698 
1286 2727700 
1287 2727709 
1288 2727712 
1289 2727713 
1290 2727714 
1291 2727720 
1292 2727722 
1293 2727735 
1294 2727736 
1295 2727741 
1296 2727756 
1297 2727761 
1298 2727771 
1299 2727773 
1300 2727773 
1301 2727774 
1302 2727778 
1303 2727778 
1304 2727780 
1305 2727782 
1306 2727783 
1307 2727788 
1308 2727793 
1309 2727800 
1310 2727800 
1311 2727801 
1312 2727801 
1313 2727805 
1314 2727807 
1315 2727813 
1316 2727834 
1317 2727836 
1318 2727838 
1319 2727840 
1320 2727844 
1321 2727880 
1322 2727882 
1323 2727884 
1324 2727886 
1325 2727890 
1326 2727893 
1327 2727904 
1328 2727904 
1329 2727904 
1330 2727905 
1331 2727905 
1332 2727905 
1333 2727906 
1334 2727906 
1335 2727906 
1336 2727907 
1337 2727907 
1338 2727908 
1339 2727908 
1340 2727908 
1341 2727909 
1342 2727909 
1343 2727909 
1344 2727910 
1345 2727910 
1346 2727910 
1347 2727911 
1348 2727911 
1349 2727911 
1350 2727912 
1351 2727912 
1352 2727912 
1353 2727913 
1354 2727918 
1355 2727918 
1356 2727918 
1357 2727919 
1358 2727951 
1359 2727952 
1360 2727960 
1361 2727965 
1362 2727967 
1363 2727972 
1364 2727973 
1365 2727976 
1366 2727977 
1367 2727979 
1368 2727981 
1369 2727984 
1370 2727984 
1371 2727990 
1372 2727990 
1373 2727991 
1374 2727992 
1375 2727995 
1376 2727995 
1377 2728000 
1378 2728001 
1379 2728005 
1380 2728005 
1381 2728018 
1382 2728023 
1383 2728027 
1384 2728028 
1385 2728031 
1386 2728038 
1387 2728039 
1388 2728040 
1389 2728041 
1390 2728041 
1391 2728041 
1392 2728042 
1393 2728043 
1394 2728048 
1395 2728048 
1396 2728048 
1397 2728049 
1398 2728049 
1399 2728049 
1400 2728050 
1401 2728054 
1402 2728055 
1403 2728055 
1404 2728060 
1405 2728060 
1406 2728061 
1407 2728061 
1408 2728062 
1409 2728062 
1410 2728063 
1411 2728067 
1412 2728067 
1413 2728070 
1414 2728080 
1415 2728080 
1416 2728085 
1417 2728087 
1418 2728088 
1419 2728093 
1420 2728096 
1421 2728102 
1422 2728102 
1423 2728104 
1424 2728106 
1425 2728109 
1426 2728112 
1427 2728113 
1428 2728113 
1429 2728114 
1430 2728115 
1431 2728115 
1432 2728118 
1433 2728120 
1434 2728123 
1435 2728124 
1436 2728129 
1437 2728130 
1438 2728131 
1439 2728140 
1440 2728141 
1441 2728147 
1442 2728147 
1443 2728148 
1444 2728149 
1445 2728149 
1446 2728149 
1447 2728150 
1448 2728150 
1449 2728150 
1450 2728151 
1451 2728151 
1452 2728151 
1453 2728152 
1454 2728152 
1455 2728152 
1456 2728154 
1457 2728157 
1458 2728158 
1459 2728159 
1460 2728159 
1461 2728159 
1462 2728160 
1463 2728160 
1464 2728160 
1465 2728161 
1466 2728161 
1467 2728161 
1468 2728162 
1469 2728163 
1470 2728163 
1471 2728164 
1472 2728164 
1473 2728164 
1474 2728165 
1475 2728166 
1476 2728168 
1477 2728170 
1478 2728175 
1479 2728175 
1480 2728176 
1481 2728176 
1482 2728176 
1483 2728177 
1484 2728177 
1485 2728178 
1486 2728178 
1487 2728179 
1488 2728179 
1489 2728179 
1490 2728180 
1491 2728180 
1492 2728180 
1493 2728180 
1494 2728181 
1495 2728181 
1496 2728183 
1497 2728183 
1498 2728183 
1499 2728184 
1500 2728184 
1501 2728184 
1502 2728184 
1503 2728185 
1504 2728185 
1505 2728185 
1506 2728186 
1507 2728186 
1508 2728186 
1509 2728187 
1510 2728187 
1511 2728187 
1512 2728188 
1513 2728214 
1514 2728215 
1515 2728217 
1516 2728218 
1517 2728219 
1518 2728219 
1519 2728223 
1520 2728225 
1521 2728225 
1522 2728225 
1523 2728227 
1524 2728229 
1525 2728231 
1526 2728231 
1527 2728233 
1528 2728234 
1529 2728238 
1530 2728248 
1531 2728248 
1532 2728249 
1533 2728253 
1534 2728254 
1535 2728254 
1536 2728254 
1537 2728255 
1538 2728258 
1539 2728259 
1540 2728259 
1541 2728260 
1542 2728260 
1543 2728261 
1544 2728261 
1545 2728261 
1546 2728262 
1547 2728262 
1548 2728262 
1549 2728263 
1550 2728263 
1551 2728263 
1552 2728263 
1553 2728264 
1554 2728264 
1555 2728264 
1556 2728266 
1557 2728268 
1558 2728268 
1559 2728268 
1560 2728270 
1561 2728271 
1562 2728288 
1563 2728289 
1564 2728290 
1565 2728293 
1566 2728295 
1567 2728300 
1568 2728300 
1569 2728303 
1570 2728304 
1571 2728305 
1572 2728305 
1573 2728309 
1574 2728309 
1575 2728311 
1576 2728318 
1577 2728324 
1578 2728324 
1579 2728325 
1580 2728330 
1581 2728332 
1582 2728335 
1583 2728337 
1584 2728338 
1585 2728342 
1586 2728343 
1587 2728344 
1588 2728349 
1589 2728361 
1590 2728363 
1591 2728372 
1592 2728372 
1593 2728373 
1594 2728373 
1595 2728374 
1596 2728374 
1597 2728374 
1598 2728375 
1599 2728378 
1600 2728378 
1601 2728379 
1602 2728380 
1603 2728387 
1604 2728387 
1605 2728387 
1606 2728388 
1607 2728388 
1608 2728389 
1609 2728389 
1610 2728389 
1611 2728390 
1612 2728390 
1613 2728390 
1614 2728391 
1615 2728391 
1616 2728391 
1617 2728391 
1618 2728392 
1619 2728392 
1620 2728392 
1621 2728393 
1622 2728393 
1623 2728393 
1624 2728394 
1625 2728399 
1626 2728408 
1627 2728409 
1628 2728409 
1629 2728409 
1630 2728409 
1631 2728414 
1632 2728414 
1633 2728415 
1634 2728415 
1635 2728415 
1636 2728415 
1637 2728416 
1638 2728416 
1639 2728416 
1640 2728417 
1641 2728417 
1642 2728417 
1643 2728418 
1644 2728418 
1645 2728418 
1646 2728419 
1647 2728420 
1648 2728420 
1649 2728420 
1650 2728420 
1651 2728421 
1652 2728421 
1653 2728421 
1654 2728421 
1655 2728422 
1656 2728422 
1657 2728423 
1658 2728423 
1659 2728423 
1660 2728424 
1661 2728424 
1662 2728425 
1663 2728427 
1664 2728428 
1665 2728429 
1666 2728429 
1667 2728429 
1668 2728430 
1669 2728430 
1670 2728430 
1671 2728431 
1672 2728431 
1673 2728431 
1674 2728431 
1675 2728432 
1676 2728432 
1677 2728432 
1678 2728432 
1679 2728433 
1680 2728433 
1681 2728433 
1682 2728434 
1683 2728434 
1684 2728434 
1685 2728435 
1686 2728435 
1687 2728435 
1688 2728436 
1689 2728436 
1690 2728437 
1691 2728437 
1692 2728437 
1693 2728438 
1694 2728438 
1695 2728438 
1696 2728439 
1697 2728439 
1698 2728439 
1699 2728440 
1700 2728440 
1701 2728440 
1702 2728440 
1703 2728441 
1704 2728441 
1705 2728441 
1706 2728442 
1707 2728442 
1708 2728442 
1709 2728443 
1710 2728443 
1711 2728443 
1712 2728444 
1713 2728444 
1714 2728445 
1715 2728445 
1716 2728445 
1717 2728446 
1718 2728446 
1719 2728449 
1720 2728453 
1721 2728456 
1722 2728457 
1723 2728464 
1724 2728470 
1725 2728471 
1726 2728475 
1727 2728477 
1728 2728479 
1729 2728484 
1730 2728487 
1731 2728493 
1732 2728494 
1733 2728495 
1734 2728522 
1735 2728531 
1736 2728531 
1737 2728532 
1738 2728552 
1739 2728553 
1740 2728554 
1741 2728554 
1742 2728554 
1743 2728555 
1744 2728555 
1745 2728555 
1746 2728556 
1747 2728557 
1748 2728558 
1749 2728558 
1750 2728564 
1751 2728568 
1752 2728570 
1753 2728571 
1754 2728574 
1755 2728576 
1756 2728586 
1757 2728587 
1758 2728587 
1759 2728588 
1760 2728589 
1761 2728589 
1762 2728589 
1763 2728590 
1764 2728592 
1765 2728592 
1766 2728594 
1767 2728594 
1768 2728595 
1769 2728595 
1770 2728595 
1771 2728625 
1772 2728628 
1773 2728631 
1774 2728635 
1775 2728638 
1776 2728651 
1777 2728653 
1778 2728653 
1779 2728654 
1780 2728655 
1781 2728663 
1782 2728667 
1783 2728679 
1784 2728680 
1785 2728680 
1786 2728680 
1787 2728681 
1788 2728681 
1789 2728682 
1790 2728682 
1791 2728682 
1792 2728682 
1793 2728683 
1794 2728683 
1795 2728684 
1796 2728695 
1797 2728695 
1798 2728699 
1799 2728699 
1800 2728706 
1801 2728717 
1802 2728717 
1803 2728717 
1804 2728721 
1805 2728721 
1806 2728724 
1807 2728726 
1808 2728728 
1809 2728731 
1810 2728733 
1811 2728734 
1812 2728740 
1813 2728743 
1814 2728758 
1815 2728758 
1816 2728758 
1817 2728769 
1818 2728775 
1819 2728775 
1820 2728775 
1821 2728776 
1822 2728776 
1823 2728777 
1824 2728777 
1825 2728790 
1826 2728791 
