1 2876400 
2 2876400 
3 2876401 
4 2876404 
5 2876406 
6 2876406 
7 2876406 
8 2876407 
9 2876411 
10 2876411 
11 2876411 
12 2876414 
13 2876414 
14 2876414 
15 2876415 
16 2876415 
17 2876415 
18 2876415 
19 2876415 
20 2876416 
21 2876416 
22 2876416 
23 2876417 
24 2876417 
25 2876417 
26 2876418 
27 2876418 
28 2876418 
29 2876418 
30 2876419 
31 2876419 
32 2876419 
33 2876419 
34 2876420 
35 2876420 
36 2876420 
37 2876420 
38 2876420 
39 2876421 
40 2876421 
41 2876421 
42 2876423 
43 2876423 
44 2876423 
45 2876424 
46 2876424 
47 2876425 
48 2876426 
49 2876426 
50 2876426 
51 2876426 
52 2876430 
53 2876430 
54 2876431 
55 2876431 
56 2876431 
57 2876431 
58 2876431 
59 2876432 
60 2876432 
61 2876432 
62 2876433 
63 2876433 
64 2876433 
65 2876434 
66 2876434 
67 2876434 
68 2876435 
69 2876435 
70 2876435 
71 2876436 
72 2876436 
73 2876436 
74 2876437 
75 2876437 
76 2876437 
77 2876437 
78 2876438 
79 2876438 
80 2876438 
81 2876439 
82 2876439 
83 2876439 
84 2876440 
85 2876440 
86 2876440 
87 2876441 
88 2876441 
89 2876441 
90 2876442 
91 2876442 
92 2876443 
93 2876443 
94 2876443 
95 2876444 
96 2876446 
97 2876446 
98 2876446 
99 2876447 
100 2876447 
101 2876447 
102 2876448 
103 2876448 
104 2876452 
105 2876452 
106 2876452 
107 2876452 
108 2876453 
109 2876453 
110 2876453 
111 2876456 
112 2876457 
113 2876457 
114 2876457 
115 2876458 
116 2876458 
117 2876458 
118 2876459 
119 2876459 
120 2876459 
121 2876460 
122 2876460 
123 2876461 
124 2876461 
125 2876461 
126 2876462 
127 2876462 
128 2876463 
129 2876463 
130 2876463 
131 2876464 
132 2876464 
133 2876464 
134 2876465 
135 2876478 
136 2876480 
137 2876480 
138 2876499 
139 2876500 
140 2876511 
141 2876513 
142 2876514 
143 2876518 
144 2876528 
145 2876528 
146 2876529 
147 2876529 
148 2876529 
149 2876530 
150 2876530 
151 2876530 
152 2876531 
153 2876531 
154 2876532 
155 2876532 
156 2876532 
157 2876533 
158 2876533 
159 2876533 
160 2876534 
161 2876534 
162 2876534 
163 2876535 
164 2876535 
165 2876540 
166 2876540 
167 2876541 
168 2876543 
169 2876547 
170 2876548 
171 2876549 
172 2876557 
173 2876558 
174 2876559 
175 2876565 
176 2876571 
177 2876576 
178 2876581 
179 2876581 
180 2876582 
181 2876584 
182 2876584 
183 2876585 
184 2876585 
185 2876586 
186 2876590 
187 2876591 
188 2876593 
189 2876594 
190 2876598 
191 2876600 
192 2876602 
193 2876607 
194 2876607 
195 2876607 
196 2876610 
197 2876613 
198 2876629 
199 2876630 
200 2876639 
201 2876639 
202 2876640 
203 2876640 
204 2876640 
205 2876640 
206 2876642 
207 2876646 
208 2876646 
209 2876666 
210 2876666 
211 2876668 
212 2876668 
213 2876671 
214 2876673 
215 2876675 
216 2876676 
217 2876676 
218 2876677 
219 2876677 
220 2876677 
221 2876678 
222 2876678 
223 2876678 
224 2876679 
225 2876679 
226 2876679 
227 2876680 
228 2876680 
229 2876680 
230 2876681 
231 2876681 
232 2876681 
233 2876681 
234 2876682 
235 2876682 
236 2876682 
237 2876683 
238 2876683 
239 2876683 
240 2876684 
241 2876684 
242 2876684 
243 2876685 
244 2876685 
245 2876688 
246 2876690 
247 2876690 
248 2876691 
249 2876691 
250 2876691 
251 2876691 
252 2876692 
253 2876692 
254 2876692 
255 2876697 
256 2876697 
257 2876698 
258 2876698 
259 2876700 
260 2876700 
261 2876701 
262 2876701 
263 2876701 
264 2876701 
265 2876701 
266 2876701 
267 2876702 
268 2876702 
269 2876702 
270 2876702 
271 2876703 
272 2876703 
273 2876703 
274 2876703 
275 2876704 
276 2876704 
277 2876704 
278 2876705 
279 2876705 
280 2876705 
281 2876705 
282 2876706 
283 2876706 
284 2876706 
285 2876706 
286 2876707 
287 2876707 
288 2876707 
289 2876708 
290 2876708 
291 2876710 
292 2876711 
293 2876713 
294 2876714 
295 2876715 
296 2876715 
297 2876716 
298 2876716 
299 2876716 
300 2876716 
301 2876717 
302 2876717 
303 2876717 
304 2876717 
305 2876718 
306 2876718 
307 2876718 
308 2876718 
309 2876719 
310 2876719 
311 2876720 
312 2876720 
313 2876721 
314 2876721 
315 2876722 
316 2876723 
317 2876726 
318 2876726 
319 2876729 
320 2876729 
321 2876730 
322 2876730 
323 2876730 
324 2876731 
325 2876731 
326 2876731 
327 2876732 
328 2876732 
329 2876733 
330 2876734 
331 2876735 
332 2876735 
333 2876735 
334 2876736 
335 2876736 
336 2876736 
337 2876737 
338 2876737 
339 2876737 
340 2876738 
341 2876738 
342 2876739 
343 2876739 
344 2876739 
345 2876740 
346 2876740 
347 2876740 
348 2876742 
349 2876743 
350 2876743 
351 2876744 
352 2876745 
353 2876746 
354 2876746 
355 2876746 
356 2876747 
357 2876748 
358 2876748 
359 2876748 
360 2876748 
361 2876748 
362 2876749 
363 2876749 
364 2876749 
365 2876750 
366 2876750 
367 2876750 
368 2876751 
369 2876751 
370 2876751 
371 2876752 
372 2876753 
373 2876754 
374 2876754 
375 2876755 
376 2876755 
377 2876755 
378 2876755 
379 2876755 
380 2876756 
381 2876756 
382 2876757 
383 2876758 
384 2876758 
385 2876760 
386 2876760 
387 2876760 
388 2876761 
389 2876761 
390 2876761 
391 2876762 
392 2876762 
393 2876762 
394 2876763 
395 2876763 
396 2876764 
397 2876765 
398 2876765 
399 2876765 
400 2876766 
401 2876766 
402 2876766 
403 2876767 
404 2876767 
405 2876769 
406 2876769 
407 2876769 
408 2876770 
409 2876770 
410 2876770 
411 2876770 
412 2876771 
413 2876771 
414 2876772 
415 2876773 
416 2876776 
417 2876776 
418 2876779 
419 2876779 
420 2876779 
421 2876785 
422 2876787 
423 2876788 
424 2876788 
425 2876788 
426 2876788 
427 2876791 
428 2876792 
429 2876793 
430 2876799 
431 2876802 
432 2876803 
433 2876803 
434 2876804 
435 2876804 
436 2876804 
437 2876807 
438 2876810 
439 2876813 
440 2876814 
441 2876814 
442 2876818 
443 2876818 
444 2876818 
445 2876820 
446 2876821 
447 2876821 
448 2876822 
449 2876822 
450 2876823 
451 2876823 
452 2876823 
453 2876824 
454 2876824 
455 2876825 
456 2876838 
457 2876842 
458 2876844 
459 2876848 
460 2876849 
461 2876849 
462 2876851 
463 2876851 
464 2876851 
465 2876861 
466 2876865 
467 2876866 
468 2876867 
469 2876868 
470 2876872 
471 2876873 
472 2876875 
473 2876875 
474 2876876 
475 2876881 
476 2876885 
477 2876891 
478 2876891 
479 2876900 
480 2876900 
481 2876900 
482 2876901 
483 2876902 
484 2876907 
485 2876907 
486 2876908 
487 2876908 
488 2876908 
489 2876909 
490 2876909 
491 2876910 
492 2876910 
493 2876910 
494 2876911 
495 2876911 
496 2876911 
497 2876912 
498 2876912 
499 2876913 
500 2876913 
501 2876913 
502 2876914 
503 2876915 
504 2876915 
505 2876915 
506 2876915 
507 2876916 
508 2876916 
509 2876917 
510 2876922 
511 2876923 
512 2876923 
513 2876923 
514 2876924 
515 2876924 
516 2876925 
517 2876925 
518 2876925 
519 2876925 
520 2876934 
521 2876937 
522 2876937 
523 2876938 
524 2876938 
525 2876938 
526 2876939 
527 2876939 
528 2876939 
529 2876940 
530 2876940 
531 2876941 
532 2876941 
533 2876941 
534 2876942 
535 2876943 
536 2876943 
537 2876944 
538 2876944 
539 2876945 
540 2876946 
541 2876953 
542 2876956 
543 2876956 
544 2876958 
545 2876960 
546 2876962 
547 2876962 
548 2876963 
549 2876964 
550 2876965 
551 2876965 
552 2876971 
553 2876971 
554 2876973 
555 2876973 
556 2876973 
557 2876974 
558 2876974 
559 2876975 
560 2876975 
561 2876975 
562 2876978 
563 2876979 
564 2876993 
565 2876999 
566 2877002 
567 2877002 
568 2877002 
569 2877002 
570 2877006 
571 2877006 
572 2877007 
573 2877007 
574 2877007 
575 2877008 
576 2877008 
577 2877008 
578 2877008 
579 2877009 
580 2877009 
581 2877010 
582 2877011 
583 2877011 
584 2877011 
585 2877012 
586 2877012 
587 2877014 
588 2877015 
589 2877015 
590 2877015 
591 2877015 
592 2877018 
593 2877018 
594 2877019 
595 2877020 
596 2877020 
597 2877022 
598 2877022 
599 2877022 
600 2877023 
601 2877023 
602 2877026 
603 2877026 
604 2877026 
605 2877027 
606 2877027 
607 2877030 
608 2877030 
609 2877030 
610 2877030 
611 2877031 
612 2877032 
613 2877033 
614 2877033 
615 2877035 
616 2877036 
617 2877036 
618 2877038 
619 2877039 
620 2877041 
621 2877041 
622 2877041 
623 2877042 
624 2877042 
625 2877047 
626 2877057 
627 2877062 
628 2877062 
629 2877065 
630 2877065 
631 2877067 
632 2877067 
633 2877067 
634 2877068 
635 2877070 
636 2877070 
637 2877074 
638 2877075 
639 2877075 
640 2877076 
641 2877077 
642 2877077 
643 2877078 
644 2877079 
645 2877080 
646 2877081 
647 2877082 
648 2877084 
649 2877085 
650 2877085 
651 2877086 
652 2877086 
653 2877087 
654 2877089 
655 2877089 
656 2877090 
657 2877090 
658 2877090 
659 2877091 
660 2877091 
661 2877093 
662 2877093 
663 2877094 
664 2877094 
665 2877096 
666 2877096 
667 2877101 
668 2877102 
669 2877106 
670 2877108 
671 2877109 
672 2877110 
673 2877112 
674 2877113 
675 2877113 
676 2877114 
677 2877114 
678 2877115 
679 2877115 
680 2877117 
681 2877117 
682 2877117 
683 2877118 
684 2877118 
685 2877118 
686 2877119 
687 2877120 
688 2877120 
689 2877124 
690 2877124 
691 2877125 
692 2877126 
693 2877127 
694 2877129 
695 2877132 
696 2877138 
697 2877139 
698 2877139 
699 2877140 
700 2877140 
701 2877141 
702 2877141 
703 2877141 
704 2877141 
705 2877146 
706 2877150 
707 2877150 
708 2877153 
709 2877154 
710 2877155 
711 2877163 
712 2877163 
713 2877166 
714 2877167 
715 2877172 
716 2877175 
717 2877177 
718 2877178 
719 2877179 
720 2877180 
721 2877183 
722 2877184 
723 2877184 
724 2877185 
725 2877185 
726 2877185 
727 2877185 
728 2877186 
729 2877188 
730 2877188 
731 2877188 
732 2877189 
733 2877190 
734 2877191 
735 2877191 
736 2877192 
737 2877192 
738 2877192 
739 2877198 
740 2877199 
741 2877203 
742 2877203 
743 2877206 
744 2877207 
745 2877208 
746 2877213 
747 2877214 
748 2877215 
749 2877216 
750 2877216 
751 2877217 
752 2877217 
753 2877217 
754 2877218 
755 2877218 
756 2877218 
757 2877219 
758 2877219 
759 2877219 
760 2877220 
761 2877223 
762 2877229 
763 2877230 
764 2877231 
765 2877232 
766 2877233 
767 2877234 
768 2877235 
769 2877235 
770 2877237 
771 2877238 
772 2877238 
773 2877238 
774 2877241 
775 2877242 
776 2877245 
777 2877245 
778 2877247 
779 2877248 
780 2877250 
781 2877252 
782 2877252 
783 2877253 
784 2877255 
785 2877257 
786 2877257 
787 2877258 
788 2877261 
789 2877261 
790 2877262 
791 2877262 
792 2877268 
793 2877269 
794 2877269 
795 2877272 
796 2877272 
797 2877274 
798 2877274 
799 2877274 
800 2877275 
801 2877275 
802 2877275 
803 2877276 
804 2877276 
805 2877276 
806 2877276 
807 2877278 
808 2877278 
809 2877280 
810 2877280 
811 2877282 
812 2877282 
813 2877283 
814 2877284 
815 2877284 
816 2877284 
817 2877284 
818 2877285 
819 2877286 
820 2877288 
821 2877289 
822 2877290 
823 2877294 
824 2877294 
825 2877295 
826 2877300 
827 2877300 
828 2877301 
829 2877301 
830 2877302 
831 2877302 
832 2877311 
833 2877311 
834 2877311 
835 2877312 
836 2877312 
837 2877313 
838 2877313 
839 2877314 
840 2877315 
841 2877315 
842 2877315 
843 2877316 
844 2877316 
845 2877316 
846 2877316 
847 2877317 
848 2877317 
849 2877317 
850 2877317 
851 2877318 
852 2877318 
853 2877318 
854 2877319 
855 2877319 
856 2877320 
857 2877320 
858 2877320 
859 2877321 
860 2877321 
861 2877322 
862 2877322 
863 2877323 
864 2877323 
865 2877323 
866 2877324 
867 2877324 
868 2877324 
869 2877325 
870 2877325 
871 2877327 
872 2877327 
873 2877327 
874 2877329 
875 2877329 
876 2877330 
877 2877330 
878 2877330 
879 2877331 
880 2877331 
881 2877331 
882 2877331 
883 2877332 
884 2877332 
885 2877332 
886 2877332 
887 2877333 
888 2877334 
889 2877334 
890 2877337 
891 2877338 
892 2877338 
893 2877340 
894 2877341 
895 2877344 
896 2877355 
897 2877364 
898 2877366 
899 2877366 
900 2877375 
901 2877382 
902 2877384 
903 2877384 
904 2877395 
905 2877396 
906 2877396 
907 2877400 
908 2877401 
909 2877402 
910 2877405 
911 2877416 
912 2877423 
913 2877423 
914 2877424 
915 2877424 
916 2877428 
917 2877429 
918 2877429 
919 2877431 
920 2877433 
921 2877434 
922 2877434 
923 2877436 
924 2877437 
925 2877437 
926 2877438 
927 2877442 
928 2877444 
929 2877444 
930 2877448 
931 2877448 
932 2877450 
933 2877450 
934 2877451 
935 2877453 
936 2877453 
937 2877454 
938 2877454 
939 2877454 
940 2877455 
941 2877458 
942 2877460 
943 2877461 
944 2877462 
945 2877478 
946 2877478 
947 2877478 
948 2877485 
949 2877485 
950 2877486 
951 2877490 
952 2877491 
953 2877495 
954 2877498 
955 2877498 
956 2877499 
957 2877501 
958 2877501 
959 2877501 
960 2877501 
961 2877502 
962 2877503 
963 2877503 
964 2877504 
965 2877504 
966 2877504 
967 2877504 
968 2877505 
969 2877505 
970 2877505 
971 2877506 
972 2877506 
973 2877506 
974 2877507 
975 2877508 
976 2877508 
977 2877508 
978 2877509 
979 2877510 
980 2877511 
981 2877511 
982 2877511 
983 2877512 
984 2877512 
985 2877513 
986 2877513 
987 2877514 
988 2877514 
989 2877514 
990 2877514 
991 2877514 
992 2877515 
993 2877515 
994 2877515 
995 2877516 
996 2877516 
997 2877516 
998 2877517 
999 2877517 
1000 2877517 
1001 2877517 
1002 2877518 
1003 2877518 
1004 2877518 
1005 2877518 
1006 2877519 
1007 2877520 
1008 2877523 
1009 2877523 
1010 2877525 
1011 2877527 
1012 2877528 
1013 2877529 
1014 2877529 
1015 2877529 
1016 2877530 
1017 2877530 
1018 2877530 
1019 2877530 
1020 2877530 
1021 2877531 
1022 2877531 
1023 2877531 
1024 2877531 
1025 2877532 
1026 2877532 
1027 2877533 
1028 2877533 
1029 2877534 
1030 2877534 
1031 2877534 
1032 2877535 
1033 2877535 
1034 2877535 
1035 2877535 
1036 2877536 
1037 2877537 
1038 2877537 
1039 2877538 
1040 2877538 
1041 2877538 
1042 2877539 
1043 2877539 
1044 2877540 
1045 2877540 
1046 2877540 
1047 2877542 
1048 2877542 
1049 2877543 
1050 2877543 
1051 2877544 
1052 2877545 
1053 2877546 
1054 2877546 
1055 2877546 
1056 2877549 
1057 2877551 
1058 2877553 
1059 2877553 
1060 2877553 
1061 2877553 
1062 2877554 
1063 2877554 
1064 2877554 
1065 2877555 
1066 2877557 
1067 2877558 
1068 2877559 
1069 2877559 
1070 2877563 
1071 2877565 
1072 2877569 
1073 2877569 
1074 2877573 
1075 2877586 
1076 2877586 
1077 2877592 
1078 2877593 
1079 2877596 
1080 2877597 
1081 2877597 
1082 2877605 
1083 2877610 
1084 2877615 
1085 2877619 
1086 2877620 
1087 2877621 
1088 2877621 
1089 2877623 
1090 2877633 
1091 2877636 
1092 2877637 
1093 2877652 
1094 2877654 
1095 2877656 
1096 2877674 
1097 2877674 
1098 2877684 
1099 2877693 
1100 2877699 
1101 2877700 
1102 2877700 
1103 2877701 
1104 2877702 
1105 2877702 
1106 2877703 
1107 2877703 
1108 2877703 
1109 2877704 
1110 2877704 
1111 2877705 
1112 2877705 
1113 2877705 
1114 2877706 
1115 2877706 
1116 2877706 
1117 2877707 
1118 2877707 
1119 2877707 
1120 2877707 
1121 2877708 
1122 2877708 
1123 2877708 
1124 2877709 
1125 2877709 
1126 2877709 
1127 2877710 
1128 2877710 
1129 2877710 
1130 2877711 
1131 2877711 
1132 2877711 
1133 2877711 
1134 2877712 
1135 2877712 
1136 2877712 
1137 2877713 
1138 2877714 
1139 2877714 
1140 2877715 
1141 2877715 
1142 2877715 
1143 2877716 
1144 2877716 
1145 2877717 
1146 2877717 
1147 2877718 
1148 2877718 
1149 2877718 
1150 2877719 
1151 2877719 
1152 2877719 
1153 2877719 
1154 2877720 
1155 2877720 
1156 2877720 
1157 2877721 
1158 2877722 
1159 2877722 
1160 2877723 
1161 2877723 
1162 2877724 
1163 2877725 
1164 2877726 
1165 2877727 
1166 2877727 
1167 2877727 
1168 2877728 
1169 2877728 
1170 2877728 
1171 2877728 
1172 2877728 
1173 2877729 
1174 2877730 
1175 2877730 
1176 2877731 
1177 2877734 
1178 2877740 
1179 2877745 
1180 2877745 
1181 2877745 
1182 2877749 
1183 2877757 
1184 2877762 
1185 2877762 
1186 2877771 
1187 2877776 
1188 2877776 
1189 2877790 
1190 2877791 
1191 2877795 
1192 2877796 
1193 2877800 
1194 2877800 
1195 2877801 
1196 2877801 
1197 2877803 
1198 2877804 
1199 2877805 
1200 2877809 
1201 2877809 
1202 2877810 
1203 2877810 
1204 2877815 
1205 2877815 
1206 2877816 
1207 2877817 
1208 2877818 
1209 2877819 
1210 2877821 
1211 2877821 
1212 2877830 
1213 2877832 
1214 2877833 
1215 2877833 
1216 2877833 
1217 2877834 
1218 2877836 
1219 2877838 
1220 2877840 
1221 2877843 
1222 2877857 
1223 2877861 
1224 2877861 
1225 2877861 
1226 2877869 
1227 2877869 
1228 2877870 
1229 2877870 
1230 2877870 
1231 2877871 
1232 2877871 
1233 2877871 
1234 2877872 
1235 2877872 
1236 2877872 
1237 2877873 
1238 2877881 
1239 2877881 
1240 2877888 
1241 2877889 
1242 2877889 
1243 2877890 
1244 2877909 
1245 2877911 
1246 2877911 
1247 2877920 
1248 2877920 
1249 2877920 
1250 2877921 
1251 2877921 
1252 2877921 
1253 2877923 
1254 2877925 
1255 2877926 
1256 2877928 
1257 2877928 
1258 2877929 
1259 2877929 
1260 2877933 
1261 2877937 
1262 2877938 
1263 2877945 
1264 2877945 
1265 2877946 
1266 2877946 
1267 2877946 
1268 2877947 
1269 2877947 
1270 2877950 
1271 2877952 
1272 2877952 
1273 2877952 
1274 2877952 
1275 2877954 
1276 2877955 
1277 2877956 
1278 2877959 
1279 2877959 
1280 2877959 
1281 2877960 
1282 2877960 
1283 2877960 
1284 2877963 
1285 2877964 
1286 2877964 
1287 2877976 
1288 2877979 
1289 2877979 
1290 2877987 
1291 2877991 
1292 2877992 
1293 2877992 
1294 2877993 
1295 2877993 
1296 2878000 
1297 2878001 
1298 2878001 
1299 2878001 
1300 2878001 
1301 2878002 
1302 2878002 
1303 2878002 
1304 2878008 
1305 2878008 
1306 2878015 
1307 2878016 
1308 2878016 
1309 2878016 
1310 2878017 
1311 2878017 
1312 2878017 
1313 2878018 
1314 2878018 
1315 2878019 
1316 2878019 
1317 2878019 
1318 2878020 
1319 2878020 
1320 2878020 
1321 2878021 
1322 2878021 
1323 2878021 
1324 2878022 
1325 2878022 
1326 2878022 
1327 2878023 
1328 2878023 
1329 2878023 
1330 2878027 
1331 2878027 
1332 2878027 
1333 2878028 
1334 2878028 
1335 2878028 
1336 2878032 
1337 2878040 
1338 2878042 
1339 2878042 
1340 2878043 
1341 2878052 
1342 2878052 
1343 2878068 
1344 2878068 
1345 2878069 
1346 2878069 
1347 2878070 
1348 2878075 
1349 2878075 
1350 2878078 
1351 2878081 
1352 2878087 
1353 2878096 
1354 2878097 
1355 2878099 
1356 2878100 
1357 2878100 
1358 2878101 
1359 2878102 
1360 2878103 
1361 2878103 
1362 2878137 
1363 2878137 
1364 2878138 
1365 2878138 
1366 2878138 
1367 2878139 
1368 2878139 
1369 2878139 
1370 2878140 
1371 2878140 
1372 2878140 
1373 2878141 
1374 2878141 
1375 2878141 
1376 2878142 
1377 2878142 
1378 2878142 
1379 2878143 
1380 2878148 
1381 2878155 
1382 2878158 
1383 2878159 
1384 2878159 
1385 2878159 
1386 2878161 
1387 2878165 
1388 2878169 
1389 2878169 
1390 2878172 
1391 2878173 
1392 2878178 
1393 2878178 
1394 2878179 
1395 2878179 
1396 2878179 
1397 2878180 
1398 2878202 
1399 2878207 
1400 2878207 
1401 2878208 
1402 2878208 
1403 2878212 
1404 2878212 
1405 2878212 
1406 2878214 
1407 2878214 
1408 2878214 
1409 2878215 
1410 2878219 
1411 2878223 
1412 2878227 
1413 2878227 
1414 2878228 
1415 2878233 
1416 2878233 
1417 2878234 
1418 2878234 
1419 2878244 
1420 2878250 
1421 2878251 
1422 2878268 
1423 2878268 
1424 2878269 
1425 2878271 
1426 2878271 
1427 2878272 
1428 2878272 
1429 2878272 
1430 2878278 
1431 2878282 
1432 2878282 
1433 2878284 
1434 2878287 
1435 2878288 
1436 2878295 
1437 2878298 
1438 2878300 
1439 2878301 
1440 2878301 
1441 2878301 
1442 2878302 
1443 2878303 
1444 2878304 
1445 2878304 
1446 2878308 
1447 2878308 
1448 2878308 
1449 2878308 
1450 2878315 
1451 2878315 
1452 2878315 
1453 2878316 
1454 2878316 
1455 2878320 
1456 2878320 
1457 2878320 
1458 2878322 
1459 2878323 
1460 2878323 
1461 2878323 
1462 2878328 
1463 2878337 
1464 2878337 
1465 2878338 
1466 2878338 
1467 2878340 
1468 2878346 
1469 2878346 
1470 2878365 
1471 2878367 
1472 2878369 
1473 2878371 
1474 2878371 
1475 2878372 
1476 2878372 
1477 2878373 
1478 2878373 
1479 2878373 
1480 2878374 
1481 2878380 
1482 2878395 
1483 2878395 
1484 2878395 
1485 2878396 
1486 2878396 
1487 2878397 
1488 2878397 
1489 2878398 
1490 2878399 
1491 2878399 
1492 2878400 
1493 2878400 
1494 2878400 
1495 2878403 
1496 2878410 
1497 2878412 
1498 2878414 
1499 2878417 
1500 2878417 
1501 2878425 
1502 2878425 
1503 2878426 
1504 2878426 
1505 2878426 
1506 2878427 
1507 2878432 
1508 2878440 
1509 2878440 
1510 2878441 
1511 2878441 
1512 2878441 
1513 2878442 
1514 2878442 
1515 2878445 
1516 2878446 
1517 2878446 
1518 2878447 
1519 2878448 
1520 2878448 
1521 2878449 
1522 2878449 
1523 2878450 
1524 2878451 
1525 2878451 
1526 2878451 
1527 2878452 
1528 2878459 
1529 2878459 
1530 2878459 
1531 2878460 
1532 2878460 
1533 2878461 
1534 2878461 
1535 2878461 
1536 2878462 
1537 2878462 
1538 2878462 
1539 2878463 
1540 2878463 
1541 2878463 
1542 2878464 
1543 2878464 
1544 2878465 
1545 2878465 
1546 2878465 
1547 2878466 
1548 2878466 
1549 2878467 
1550 2878467 
1551 2878467 
1552 2878467 
1553 2878468 
1554 2878468 
1555 2878468 
1556 2878470 
1557 2878470 
1558 2878470 
1559 2878470 
1560 2878471 
1561 2878471 
1562 2878472 
1563 2878472 
1564 2878472 
1565 2878473 
1566 2878478 
1567 2878479 
1568 2878479 
1569 2878483 
1570 2878497 
1571 2878508 
1572 2878508 
1573 2878508 
1574 2878509 
1575 2878509 
1576 2878510 
1577 2878511 
1578 2878511 
1579 2878512 
1580 2878512 
1581 2878512 
1582 2878513 
1583 2878514 
1584 2878516 
1585 2878517 
1586 2878517 
1587 2878519 
1588 2878520 
1589 2878520 
1590 2878520 
1591 2878528 
1592 2878528 
1593 2878539 
1594 2878545 
1595 2878545 
1596 2878546 
1597 2878546 
1598 2878546 
1599 2878547 
1600 2878547 
1601 2878548 
1602 2878548 
1603 2878551 
1604 2878553 
1605 2878553 
1606 2878563 
1607 2878566 
1608 2878570 
1609 2878572 
1610 2878573 
1611 2878573 
1612 2878573 
1613 2878573 
1614 2878581 
1615 2878593 
1616 2878600 
1617 2878602 
1618 2878603 
1619 2878604 
1620 2878604 
1621 2878605 
1622 2878606 
1623 2878611 
1624 2878611 
1625 2878611 
1626 2878612 
1627 2878615 
1628 2878615 
1629 2878615 
1630 2878616 
1631 2878619 
1632 2878619 
1633 2878622 
1634 2878622 
1635 2878626 
1636 2878629 
1637 2878629 
1638 2878629 
1639 2878630 
1640 2878630 
1641 2878630 
1642 2878635 
1643 2878636 
1644 2878636 
1645 2878636 
1646 2878638 
1647 2878638 
1648 2878639 
1649 2878642 
1650 2878642 
1651 2878643 
1652 2878643 
1653 2878643 
1654 2878644 
1655 2878644 
1656 2878645 
1657 2878645 
1658 2878646 
1659 2878647 
1660 2878647 
1661 2878647 
1662 2878648 
1663 2878648 
1664 2878648 
1665 2878649 
1666 2878649 
1667 2878649 
1668 2878650 
1669 2878650 
1670 2878650 
1671 2878651 
1672 2878655 
1673 2878655 
1674 2878655 
1675 2878655 
1676 2878661 
1677 2878664 
1678 2878665 
1679 2878668 
1680 2878676 
1681 2878678 
1682 2878681 
1683 2878681 
1684 2878683 
1685 2878686 
1686 2878696 
1687 2878696 
1688 2878705 
1689 2878706 
1690 2878707 
1691 2878708 
1692 2878716 
1693 2878717 
1694 2878717 
1695 2878717 
1696 2878718 
1697 2878718 
1698 2878719 
1699 2878719 
1700 2878720 
1701 2878720 
1702 2878720 
1703 2878720 
1704 2878721 
1705 2878724 
1706 2878726 
1707 2878728 
1708 2878732 
1709 2878732 
1710 2878732 
1711 2878732 
1712 2878733 
1713 2878733 
1714 2878733 
1715 2878734 
1716 2878734 
1717 2878734 
1718 2878735 
1719 2878735 
1720 2878736 
1721 2878736 
1722 2878736 
1723 2878737 
1724 2878737 
1725 2878737 
1726 2878738 
1727 2878738 
1728 2878738 
1729 2878739 
1730 2878739 
1731 2878739 
1732 2878740 
1733 2878740 
1734 2878740 
1735 2878741 
1736 2878741 
1737 2878741 
1738 2878748 
1739 2878748 
1740 2878749 
1741 2878749 
1742 2878749 
1743 2878750 
1744 2878751 
1745 2878753 
1746 2878753 
1747 2878753 
1748 2878757 
1749 2878760 
1750 2878760 
1751 2878761 
1752 2878762 
1753 2878762 
1754 2878762 
1755 2878763 
1756 2878763 
1757 2878763 
1758 2878764 
1759 2878764 
1760 2878765 
1761 2878765 
1762 2878765 
1763 2878767 
1764 2878767 
1765 2878767 
1766 2878768 
1767 2878770 
1768 2878771 
1769 2878771 
1770 2878772 
1771 2878773 
1772 2878774 
1773 2878774 
1774 2878775 
1775 2878776 
1776 2878776 
1777 2878789 
1778 2878792 
1779 2878793 
1780 2878793 
1781 2878793 
1782 2878794 
1783 2878797 
1784 2878803 
1785 2878807 
1786 2878814 
1787 2878817 
1788 2878819 
1789 2878822 
1790 2878824 
1791 2878824 
1792 2878825 
1793 2878829 
1794 2878849 
1795 2878852 
1796 2878852 
1797 2878853 
1798 2878856 
1799 2878857 
1800 2878860 
1801 2878880 
1802 2878884 
1803 2878887 
1804 2878890 
1805 2878891 
1806 2878892 
1807 2878893 
1808 2878896 
1809 2878896 
1810 2878896 
1811 2878897 
1812 2878899 
1813 2878910 
1814 2878911 
1815 2878911 
1816 2878911 
1817 2878914 
1818 2878915 
1819 2878916 
1820 2878917 
1821 2878917 
1822 2878917 
1823 2878920 
1824 2878926 
1825 2878927 
1826 2878927 
1827 2878929 
1828 2878931 
1829 2878933 
1830 2878933 
1831 2878939 
1832 2878947 
1833 2878958 
1834 2878958 
1835 2878963 
1836 2878974 
1837 2878975 
1838 2878995 
1839 2879005 
1840 2879005 
1841 2879005 
1842 2879006 
1843 2879006 
1844 2879006 
1845 2879007 
1846 2879007 
1847 2879007 
1848 2879009 
1849 2879009 
1850 2879010 
1851 2879012 
1852 2879017 
1853 2879023 
1854 2879023 
1855 2879023 
1856 2879027 
1857 2879027 
1858 2879027 
1859 2879028 
1860 2879028 
1861 2879029 
1862 2879030 
1863 2879033 
1864 2879035 
1865 2879038 
1866 2879039 
1867 2879039 
1868 2879043 
1869 2879044 
1870 2879045 
1871 2879046 
1872 2879047 
1873 2879049 
1874 2879050 
1875 2879050 
1876 2879051 
1877 2879053 
1878 2879054 
1879 2879055 
1880 2879059 
1881 2879060 
1882 2879060 
1883 2879062 
1884 2879063 
1885 2879065 
1886 2879066 
1887 2879066 
1888 2879066 
1889 2879066 
1890 2879066 
1891 2879068 
1892 2879069 
1893 2879070 
1894 2879070 
1895 2879070 
1896 2879077 
1897 2879081 
1898 2879082 
1899 2879083 
1900 2879084 
1901 2879087 
1902 2879088 
1903 2879088 
1904 2879095 
1905 2879099 
1906 2879102 
1907 2879103 
1908 2879104 
1909 2879105 
1910 2879106 
1911 2879106 
1912 2879112 
1913 2879112 
1914 2879116 
1915 2879122 
1916 2879124 
1917 2879126 
1918 2879128 
1919 2879129 
1920 2879129 
1921 2879130 
1922 2879130 
1923 2879132 
1924 2879132 
1925 2879133 
1926 2879133 
1927 2879135 
1928 2879135 
1929 2879136 
1930 2879139 
1931 2879142 
1932 2879143 
1933 2879151 
1934 2879151 
1935 2879151 
1936 2879152 
1937 2879152 
1938 2879154 
1939 2879154 
1940 2879163 
1941 2879163 
1942 2879163 
1943 2879168 
1944 2879180 
1945 2879181 
1946 2879181 
1947 2879181 
1948 2879182 
1949 2879182 
1950 2879182 
1951 2879183 
1952 2879183 
1953 2879183 
1954 2879184 
1955 2879184 
1956 2879184 
1957 2879184 
1958 2879186 
1959 2879187 
1960 2879187 
1961 2879190 
1962 2879191 
1963 2879191 
1964 2879200 
1965 2879201 
1966 2879209 
1967 2879210 
1968 2879214 
1969 2879214 
1970 2879227 
1971 2879229 
1972 2879229 
1973 2879230 
1974 2879230 
1975 2879231 
1976 2879231 
1977 2879232 
1978 2879232 
1979 2879232 
1980 2879232 
1981 2879235 
1982 2879236 
1983 2879237 
1984 2879240 
1985 2879240 
1986 2879240 
1987 2879241 
1988 2879241 
1989 2879241 
1990 2879243 
1991 2879243 
1992 2879243 
1993 2879243 
1994 2879244 
1995 2879244 
1996 2879247 
1997 2879249 
1998 2879249 
1999 2879250 
2000 2879250 
2001 2879250 
2002 2879251 
2003 2879251 
2004 2879251 
2005 2879251 
2006 2879252 
2007 2879252 
2008 2879253 
2009 2879253 
2010 2879254 
2011 2879254 
2012 2879254 
2013 2879255 
2014 2879255 
2015 2879255 
2016 2879255 
2017 2879256 
2018 2879256 
2019 2879256 
2020 2879257 
2021 2879257 
2022 2879257 
2023 2879257 
2024 2879258 
2025 2879263 
2026 2879273 
2027 2879282 
2028 2879286 
2029 2879291 
2030 2879293 
2031 2879294 
2032 2879295 
2033 2879295 
2034 2879297 
2035 2879299 
2036 2879300 
2037 2879301 
2038 2879302 
2039 2879305 
2040 2879305 
2041 2879306 
2042 2879309 
2043 2879310 
2044 2879314 
2045 2879314 
2046 2879319 
2047 2879319 
2048 2879320 
2049 2879320 
2050 2879320 
2051 2879320 
2052 2879322 
2053 2879322 
2054 2879323 
2055 2879324 
2056 2879325 
2057 2879328 
2058 2879329 
2059 2879329 
2060 2879329 
2061 2879330 
2062 2879330 
2063 2879330 
2064 2879331 
2065 2879331 
2066 2879331 
2067 2879332 
2068 2879332 
2069 2879334 
2070 2879334 
2071 2879334 
2072 2879335 
2073 2879335 
2074 2879336 
2075 2879336 
2076 2879336 
2077 2879337 
2078 2879337 
2079 2879337 
2080 2879337 
2081 2879338 
2082 2879338 
2083 2879338 
2084 2879339 
2085 2879339 
2086 2879339 
2087 2879339 
2088 2879340 
2089 2879340 
2090 2879341 
2091 2879341 
2092 2879341 
2093 2879342 
2094 2879342 
2095 2879342 
2096 2879343 
2097 2879345 
2098 2879345 
2099 2879346 
2100 2879349 
2101 2879349 
2102 2879349 
2103 2879350 
2104 2879350 
2105 2879350 
2106 2879351 
2107 2879351 
2108 2879351 
2109 2879352 
2110 2879352 
2111 2879352 
2112 2879353 
2113 2879353 
2114 2879353 
2115 2879354 
2116 2879354 
2117 2879354 
2118 2879355 
2119 2879355 
2120 2879355 
2121 2879356 
2122 2879356 
2123 2879356 
2124 2879357 
2125 2879357 
2126 2879358 
2127 2879358 
2128 2879358 
2129 2879359 
2130 2879359 
2131 2879359 
2132 2879360 
2133 2879361 
2134 2879361 
2135 2879361 
2136 2879362 
2137 2879363 
2138 2879364 
2139 2879364 
2140 2879365 
2141 2879365 
2142 2879366 
2143 2879366 
2144 2879366 
2145 2879367 
2146 2879367 
2147 2879367 
2148 2879368 
2149 2879368 
2150 2879368 
2151 2879368 
2152 2879368 
2153 2879368 
2154 2879369 
2155 2879369 
2156 2879370 
2157 2879370 
2158 2879370 
2159 2879371 
2160 2879371 
2161 2879371 
2162 2879372 
2163 2879373 
2164 2879373 
2165 2879373 
2166 2879375 
2167 2879378 
2168 2879378 
2169 2879378 
2170 2879379 
2171 2879380 
2172 2879382 
2173 2879383 
2174 2879383 
2175 2879385 
2176 2879385 
2177 2879387 
2178 2879391 
2179 2879391 
2180 2879395 
2181 2879398 
2182 2879401 
2183 2879405 
2184 2879408 
2185 2879411 
2186 2879419 
2187 2879420 
2188 2879422 
2189 2879423 
2190 2879433 
2191 2879433 
2192 2879434 
2193 2879434 
2194 2879435 
2195 2879435 
2196 2879438 
2197 2879438 
2198 2879439 
2199 2879439 
2200 2879440 
2201 2879440 
2202 2879441 
2203 2879441 
2204 2879441 
2205 2879442 
2206 2879442 
2207 2879443 
2208 2879445 
2209 2879447 
2210 2879447 
2211 2879447 
2212 2879448 
2213 2879451 
2214 2879460 
2215 2879460 
2216 2879466 
2217 2879466 
2218 2879469 
2219 2879470 
2220 2879470 
2221 2879471 
2222 2879471 
2223 2879471 
2224 2879471 
2225 2879471 
2226 2879472 
2227 2879472 
2228 2879477 
2229 2879480 
2230 2879485 
2231 2879487 
2232 2879487 
2233 2879491 
2234 2879491 
2235 2879492 
2236 2879493 
2237 2879493 
2238 2879493 
2239 2879494 
2240 2879495 
2241 2879496 
2242 2879496 
2243 2879498 
2244 2879499 
2245 2879500 
2246 2879500 
2247 2879500 
2248 2879501 
2249 2879503 
2250 2879503 
2251 2879504 
2252 2879504 
2253 2879505 
2254 2879505 
2255 2879505 
2256 2879506 
2257 2879506 
2258 2879506 
2259 2879507 
2260 2879507 
2261 2879507 
2262 2879508 
2263 2879508 
2264 2879508 
2265 2879509 
2266 2879509 
2267 2879509 
2268 2879510 
2269 2879510 
2270 2879510 
2271 2879511 
2272 2879511 
2273 2879511 
2274 2879512 
2275 2879513 
2276 2879514 
2277 2879523 
2278 2879523 
2279 2879524 
2280 2879525 
2281 2879526 
2282 2879527 
2283 2879527 
2284 2879528 
2285 2879528 
2286 2879530 
2287 2879533 
2288 2879535 
2289 2879537 
2290 2879537 
2291 2879538 
2292 2879538 
2293 2879542 
2294 2879542 
2295 2879542 
2296 2879543 
2297 2879543 
2298 2879543 
2299 2879544 
2300 2879544 
2301 2879544 
2302 2879545 
2303 2879545 
2304 2879545 
2305 2879547 
2306 2879548 
2307 2879548 
2308 2879548 
2309 2879549 
2310 2879550 
2311 2879550 
2312 2879550 
2313 2879560 
2314 2879567 
2315 2879570 
2316 2879574 
2317 2879576 
2318 2879577 
2319 2879578 
2320 2879579 
2321 2879579 
2322 2879580 
2323 2879581 
2324 2879582 
2325 2879584 
2326 2879591 
2327 2879592 
2328 2879597 
2329 2879597 
2330 2879600 
2331 2879600 
2332 2879601 
2333 2879602 
2334 2879603 
2335 2879605 
2336 2879605 
2337 2879611 
2338 2879617 
2339 2879617 
2340 2879622 
2341 2879622 
2342 2879622 
2343 2879625 
2344 2879626 
2345 2879628 
2346 2879631 
2347 2879631 
2348 2879632 
2349 2879632 
2350 2879632 
2351 2879636 
2352 2879639 
2353 2879643 
2354 2879643 
2355 2879644 
2356 2879646 
2357 2879646 
2358 2879647 
2359 2879648 
2360 2879649 
2361 2879649 
2362 2879649 
2363 2879649 
2364 2879652 
2365 2879652 
2366 2879653 
2367 2879654 
2368 2879658 
2369 2879659 
2370 2879659 
2371 2879660 
2372 2879660 
2373 2879660 
2374 2879661 
2375 2879664 
2376 2879666 
2377 2879666 
2378 2879667 
2379 2879667 
2380 2879667 
2381 2879667 
2382 2879668 
2383 2879668 
2384 2879668 
2385 2879668 
2386 2879668 
2387 2879669 
2388 2879669 
2389 2879669 
2390 2879669 
2391 2879670 
2392 2879670 
2393 2879671 
2394 2879671 
2395 2879671 
2396 2879675 
2397 2879675 
2398 2879680 
2399 2879681 
2400 2879681 
2401 2879682 
2402 2879688 
2403 2879688 
2404 2879689 
2405 2879689 
2406 2879690 
2407 2879691 
2408 2879691 
2409 2879692 
2410 2879692 
2411 2879693 
2412 2879694 
2413 2879694 
2414 2879700 
2415 2879703 
2416 2879705 
2417 2879706 
2418 2879708 
2419 2879708 
2420 2879708 
2421 2879710 
2422 2879711 
2423 2879711 
2424 2879712 
2425 2879712 
2426 2879712 
2427 2879713 
2428 2879716 
2429 2879717 
2430 2879717 
2431 2879717 
2432 2879717 
2433 2879718 
2434 2879721 
2435 2879722 
2436 2879722 
2437 2879723 
2438 2879724 
2439 2879724 
2440 2879729 
2441 2879729 
2442 2879731 
2443 2879731 
2444 2879733 
2445 2879734 
2446 2879735 
2447 2879735 
2448 2879736 
2449 2879737 
2450 2879737 
2451 2879739 
2452 2879741 
2453 2879743 
2454 2879744 
2455 2879744 
2456 2879744 
2457 2879745 
2458 2879745 
2459 2879746 
2460 2879746 
2461 2879750 
2462 2879750 
2463 2879752 
2464 2879754 
2465 2879754 
2466 2879755 
2467 2879757 
2468 2879757 
2469 2879763 
2470 2879765 
2471 2879766 
2472 2879768 
2473 2879768 
2474 2879771 
2475 2879771 
2476 2879773 
2477 2879773 
2478 2879777 
2479 2879786 
2480 2879791 
2481 2879791 
2482 2879793 
2483 2879794 
2484 2879795 
2485 2879798 
2486 2879806 
2487 2879810 
2488 2879811 
2489 2879811 
2490 2879811 
2491 2879812 
2492 2879812 
2493 2879814 
2494 2879821 
2495 2879821 
2496 2879822 
2497 2879822 
2498 2879822 
2499 2879823 
2500 2879823 
2501 2879824 
2502 2879824 
2503 2879824 
2504 2879825 
2505 2879825 
2506 2879825 
2507 2879826 
2508 2879826 
2509 2879828 
2510 2879828 
2511 2879828 
2512 2879829 
2513 2879829 
2514 2879829 
2515 2879830 
2516 2879830 
2517 2879831 
2518 2879831 
2519 2879832 
2520 2879836 
2521 2879838 
2522 2879839 
2523 2879839 
2524 2879842 
2525 2879845 
2526 2879856 
2527 2879857 
2528 2879858 
2529 2879861 
2530 2879862 
2531 2879862 
2532 2879863 
2533 2879863 
2534 2879865 
2535 2879865 
2536 2879865 
2537 2879865 
2538 2879866 
2539 2879866 
2540 2879866 
2541 2879866 
2542 2879867 
2543 2879867 
2544 2879867 
2545 2879867 
2546 2879868 
2547 2879869 
2548 2879875 
2549 2879878 
2550 2879878 
2551 2879882 
2552 2879883 
2553 2879884 
2554 2879888 
2555 2879888 
2556 2879888 
2557 2879888 
2558 2879889 
2559 2879889 
2560 2879889 
2561 2879890 
2562 2879890 
2563 2879890 
2564 2879891 
2565 2879894 
2566 2879894 
2567 2879895 
2568 2879896 
2569 2879896 
2570 2879898 
2571 2879899 
2572 2879899 
2573 2879899 
2574 2879900 
2575 2879900 
2576 2879900 
2577 2879900 
2578 2879901 
2579 2879901 
2580 2879901 
2581 2879901 
2582 2879902 
2583 2879902 
2584 2879902 
2585 2879902 
2586 2879902 
2587 2879903 
2588 2879903 
2589 2879903 
2590 2879903 
2591 2879904 
2592 2879904 
2593 2879904 
2594 2879904 
2595 2879905 
2596 2879905 
2597 2879905 
2598 2879905 
2599 2879906 
2600 2879906 
2601 2879906 
2602 2879906 
2603 2879907 
2604 2879909 
2605 2879909 
2606 2879911 
2607 2879911 
2608 2879913 
2609 2879914 
2610 2879916 
2611 2879919 
2612 2879921 
2613 2879924 
2614 2879925 
2615 2879928 
2616 2879930 
2617 2879935 
2618 2879937 
2619 2879940 
2620 2879940 
2621 2879943 
2622 2879947 
2623 2879948 
2624 2879949 
2625 2879950 
2626 2879951 
2627 2879951 
2628 2879951 
2629 2879952 
2630 2879952 
2631 2879954 
2632 2879955 
2633 2879957 
2634 2879958 
2635 2879962 
2636 2879962 
2637 2879962 
2638 2879963 
2639 2879963 
2640 2879964 
2641 2879964 
2642 2879964 
2643 2879965 
2644 2879965 
2645 2879965 
2646 2879966 
2647 2879968 
2648 2879968 
2649 2879969 
2650 2879969 
2651 2879969 
2652 2879969 
2653 2879970 
2654 2879970 
2655 2879970 
2656 2879970 
2657 2879971 
2658 2879971 
2659 2879973 
2660 2879980 
2661 2879982 
2662 2879983 
2663 2879983 
2664 2879984 
2665 2879986 
2666 2879986 
2667 2879986 
2668 2879989 
2669 2879989 
2670 2879989 
2671 2879990 
2672 2879990 
2673 2879991 
