1 2800928 
2 2800928 
3 2800928 
4 2800929 
5 2800929 
6 2800929 
7 2800930 
8 2800930 
9 2800930 
10 2800931 
11 2800931 
12 2800931 
13 2800932 
14 2800932 
15 2800935 
16 2800936 
17 2800936 
18 2800936 
19 2800937 
20 2800937 
21 2800938 
22 2800938 
23 2800938 
24 2800939 
25 2800939 
26 2800939 
27 2800940 
28 2800940 
29 2800940 
30 2800942 
31 2800942 
32 2800942 
33 2800943 
34 2800943 
35 2800943 
36 2800944 
37 2800944 
38 2800944 
39 2800945 
40 2800959 
41 2800960 
42 2800960 
43 2800963 
44 2800964 
45 2800964 
46 2800971 
47 2800972 
48 2800972 
49 2800972 
50 2800973 
51 2800973 
52 2800974 
53 2800982 
54 2800985 
55 2800986 
56 2800989 
57 2800989 
58 2801014 
59 2801027 
60 2801028 
61 2801029 
62 2801029 
63 2801029 
64 2801029 
65 2801030 
66 2801030 
67 2801030 
68 2801041 
69 2801042 
70 2801042 
71 2801048 
72 2801048 
73 2801051 
74 2801051 
75 2801051 
76 2801052 
77 2801052 
78 2801053 
79 2801053 
80 2801053 
81 2801054 
82 2801054 
83 2801054 
84 2801055 
85 2801056 
86 2801057 
87 2801057 
88 2801058 
89 2801058 
90 2801059 
91 2801060 
92 2801061 
93 2801066 
94 2801067 
95 2801071 
96 2801073 
97 2801073 
98 2801076 
99 2801076 
100 2801078 
101 2801079 
102 2801103 
103 2801115 
104 2801135 
105 2801135 
106 2801141 
107 2801142 
108 2801142 
109 2801143 
110 2801143 
111 2801144 
112 2801145 
113 2801146 
114 2801149 
115 2801149 
116 2801150 
117 2801150 
118 2801151 
119 2801151 
120 2801151 
121 2801152 
122 2801152 
123 2801152 
124 2801152 
125 2801153 
126 2801153 
127 2801153 
128 2801154 
129 2801155 
130 2801155 
131 2801156 
132 2801158 
133 2801159 
134 2801159 
135 2801159 
136 2801160 
137 2801160 
138 2801164 
139 2801164 
140 2801165 
141 2801165 
142 2801165 
143 2801166 
144 2801167 
145 2801167 
146 2801168 
147 2801168 
148 2801168 
149 2801169 
150 2801169 
151 2801169 
152 2801169 
153 2801170 
154 2801170 
155 2801170 
156 2801171 
157 2801171 
158 2801172 
159 2801173 
160 2801173 
161 2801174 
162 2801174 
163 2801174 
164 2801177 
165 2801178 
166 2801178 
167 2801179 
168 2801179 
169 2801179 
170 2801181 
171 2801182 
172 2801183 
173 2801185 
174 2801186 
175 2801186 
176 2801186 
177 2801187 
178 2801187 
179 2801188 
180 2801188 
181 2801189 
182 2801192 
183 2801192 
184 2801193 
185 2801193 
186 2801196 
187 2801196 
188 2801197 
189 2801197 
190 2801214 
191 2801226 
192 2801235 
193 2801240 
194 2801241 
195 2801245 
196 2801245 
197 2801246 
198 2801247 
199 2801249 
200 2801264 
201 2801276 
202 2801279 
203 2801280 
204 2801281 
205 2801281 
206 2801282 
207 2801283 
208 2801284 
209 2801288 
210 2801289 
211 2801289 
212 2801290 
213 2801290 
214 2801290 
215 2801291 
216 2801291 
217 2801291 
218 2801292 
219 2801292 
220 2801292 
221 2801293 
222 2801293 
223 2801293 
224 2801293 
225 2801294 
226 2801294 
227 2801294 
228 2801294 
229 2801295 
230 2801295 
231 2801295 
232 2801296 
233 2801296 
234 2801296 
235 2801296 
236 2801297 
237 2801297 
238 2801297 
239 2801298 
240 2801298 
241 2801298 
242 2801299 
243 2801299 
244 2801299 
245 2801300 
246 2801300 
247 2801300 
248 2801301 
249 2801301 
250 2801301 
251 2801302 
252 2801302 
253 2801302 
254 2801303 
255 2801303 
256 2801303 
257 2801303 
258 2801304 
259 2801304 
260 2801304 
261 2801305 
262 2801305 
263 2801305 
264 2801305 
265 2801306 
266 2801306 
267 2801306 
268 2801306 
269 2801307 
270 2801307 
271 2801307 
272 2801308 
273 2801308 
274 2801310 
275 2801311 
276 2801311 
277 2801312 
278 2801312 
279 2801312 
280 2801313 
281 2801313 
282 2801316 
283 2801319 
284 2801319 
285 2801321 
286 2801322 
287 2801330 
288 2801341 
289 2801343 
290 2801343 
291 2801343 
292 2801343 
293 2801345 
294 2801346 
295 2801347 
296 2801347 
297 2801348 
298 2801348 
299 2801348 
300 2801349 
301 2801349 
302 2801349 
303 2801350 
304 2801350 
305 2801351 
306 2801351 
307 2801352 
308 2801353 
309 2801353 
310 2801354 
311 2801354 
312 2801354 
313 2801365 
314 2801369 
315 2801369 
316 2801383 
317 2801383 
318 2801391 
319 2801393 
320 2801394 
321 2801410 
322 2801410 
323 2801411 
324 2801411 
325 2801411 
326 2801411 
327 2801412 
328 2801412 
329 2801413 
330 2801413 
331 2801413 
332 2801414 
333 2801414 
334 2801414 
335 2801415 
336 2801415 
337 2801415 
338 2801415 
339 2801416 
340 2801416 
341 2801416 
342 2801417 
343 2801417 
344 2801418 
345 2801419 
346 2801422 
347 2801422 
348 2801423 
349 2801423 
350 2801425 
351 2801425 
352 2801428 
353 2801433 
354 2801433 
355 2801433 
356 2801434 
357 2801434 
358 2801434 
359 2801435 
360 2801435 
361 2801436 
362 2801436 
363 2801436 
364 2801436 
365 2801437 
366 2801437 
367 2801438 
368 2801446 
369 2801453 
370 2801453 
371 2801454 
372 2801459 
373 2801479 
374 2801482 
375 2801482 
376 2801486 
377 2801486 
378 2801489 
379 2801492 
380 2801496 
381 2801499 
382 2801500 
383 2801500 
384 2801502 
385 2801504 
386 2801505 
387 2801508 
388 2801516 
389 2801518 
390 2801524 
391 2801531 
392 2801531 
393 2801532 
394 2801533 
395 2801533 
396 2801536 
397 2801540 
398 2801543 
399 2801548 
400 2801566 
401 2801568 
402 2801585 
403 2801606 
404 2801612 
405 2801619 
406 2801620 
407 2801620 
408 2801626 
409 2801627 
410 2801628 
411 2801631 
412 2801631 
413 2801632 
414 2801632 
415 2801632 
416 2801633 
417 2801633 
418 2801633 
419 2801634 
420 2801634 
421 2801634 
422 2801634 
423 2801635 
424 2801635 
425 2801635 
426 2801636 
427 2801636 
428 2801636 
429 2801637 
430 2801637 
431 2801639 
432 2801639 
433 2801640 
434 2801641 
435 2801642 
436 2801642 
437 2801647 
438 2801648 
439 2801648 
440 2801656 
441 2801657 
442 2801659 
443 2801660 
444 2801660 
445 2801660 
446 2801661 
447 2801663 
448 2801665 
449 2801665 
450 2801666 
451 2801667 
452 2801668 
453 2801672 
454 2801672 
455 2801673 
456 2801673 
457 2801674 
458 2801674 
459 2801674 
460 2801674 
461 2801675 
462 2801675 
463 2801675 
464 2801676 
465 2801676 
466 2801676 
467 2801676 
468 2801677 
469 2801677 
470 2801677 
471 2801678 
472 2801678 
473 2801678 
474 2801679 
475 2801679 
476 2801679 
477 2801680 
478 2801680 
479 2801680 
480 2801681 
481 2801686 
482 2801687 
483 2801687 
484 2801687 
485 2801688 
486 2801689 
487 2801691 
488 2801693 
489 2801697 
490 2801711 
491 2801712 
492 2801715 
493 2801716 
494 2801716 
495 2801731 
496 2801735 
497 2801735 
498 2801741 
499 2801741 
500 2801742 
501 2801742 
502 2801743 
503 2801746 
504 2801746 
505 2801747 
506 2801751 
507 2801753 
508 2801756 
509 2801769 
510 2801773 
511 2801779 
512 2801779 
513 2801780 
514 2801780 
515 2801780 
516 2801781 
517 2801781 
518 2801781 
519 2801782 
520 2801782 
521 2801793 
522 2801794 
523 2801794 
524 2801794 
525 2801795 
526 2801795 
527 2801799 
528 2801800 
529 2801806 
530 2801808 
531 2801808 
532 2801812 
533 2801828 
534 2801833 
535 2801835 
536 2801842 
537 2801843 
538 2801843 
539 2801844 
540 2801858 
541 2801859 
542 2801860 
543 2801862 
544 2801875 
545 2801876 
546 2801876 
547 2801879 
548 2801880 
549 2801880 
550 2801881 
551 2801888 
552 2801889 
553 2801892 
554 2801892 
555 2801904 
556 2801906 
557 2801907 
558 2801909 
559 2801911 
560 2801917 
561 2801920 
562 2801921 
563 2801922 
564 2801926 
565 2801927 
566 2801927 
567 2801928 
568 2801928 
569 2801928 
570 2801929 
571 2801929 
572 2801929 
573 2801930 
574 2801930 
575 2801932 
576 2801932 
577 2801933 
578 2801933 
579 2801933 
580 2801933 
581 2801933 
582 2801934 
583 2801934 
584 2801941 
585 2801946 
586 2801949 
587 2801949 
588 2801950 
589 2801950 
590 2801951 
591 2801951 
592 2801951 
593 2801951 
594 2801956 
595 2801960 
596 2801968 
597 2801969 
598 2801969 
599 2801970 
600 2801971 
601 2801971 
602 2801971 
603 2801971 
604 2801972 
605 2801972 
606 2801972 
607 2801973 
608 2801975 
609 2801976 
610 2801977 
611 2801977 
612 2801978 
613 2801982 
614 2801983 
615 2801983 
616 2801983 
617 2801984 
618 2801984 
619 2801987 
620 2801987 
621 2801990 
622 2801990 
623 2801991 
624 2801992 
625 2801992 
626 2801996 
627 2801996 
628 2801999 
629 2801999 
630 2802000 
631 2802000 
632 2802001 
633 2802001 
634 2802006 
635 2802006 
636 2802008 
637 2802012 
638 2802013 
639 2802014 
640 2802014 
641 2802015 
642 2802015 
643 2802015 
644 2802015 
645 2802015 
646 2802016 
647 2802016 
648 2802016 
649 2802017 
650 2802017 
651 2802017 
652 2802018 
653 2802018 
654 2802018 
655 2802019 
656 2802019 
657 2802019 
658 2802019 
659 2802020 
660 2802020 
661 2802020 
662 2802020 
663 2802021 
664 2802021 
665 2802021 
666 2802021 
667 2802022 
668 2802022 
669 2802022 
670 2802022 
671 2802022 
672 2802023 
673 2802023 
674 2802023 
675 2802023 
676 2802024 
677 2802024 
678 2802024 
679 2802024 
680 2802025 
681 2802025 
682 2802026 
683 2802026 
684 2802026 
685 2802027 
686 2802027 
687 2802028 
688 2802028 
689 2802028 
690 2802028 
691 2802031 
692 2802032 
693 2802032 
694 2802032 
695 2802033 
696 2802033 
697 2802033 
698 2802033 
699 2802034 
700 2802035 
701 2802036 
702 2802036 
703 2802038 
704 2802038 
705 2802039 
706 2802040 
707 2802040 
708 2802056 
709 2802056 
710 2802058 
711 2802058 
712 2802059 
713 2802059 
714 2802059 
715 2802059 
716 2802060 
717 2802060 
718 2802060 
719 2802063 
720 2802076 
721 2802076 
722 2802076 
723 2802078 
724 2802080 
725 2802081 
726 2802082 
727 2802085 
728 2802086 
729 2802086 
730 2802086 
731 2802088 
732 2802088 
733 2802088 
734 2802089 
735 2802089 
736 2802092 
737 2802093 
738 2802093 
739 2802093 
740 2802093 
741 2802094 
742 2802094 
743 2802094 
744 2802095 
745 2802095 
746 2802102 
747 2802102 
748 2802102 
749 2802106 
750 2802117 
751 2802118 
752 2802119 
753 2802119 
754 2802119 
755 2802121 
756 2802122 
757 2802123 
758 2802123 
759 2802124 
760 2802124 
761 2802125 
762 2802127 
763 2802127 
764 2802128 
765 2802129 
766 2802129 
767 2802133 
768 2802135 
769 2802135 
770 2802136 
771 2802139 
772 2802139 
773 2802140 
774 2802140 
775 2802141 
776 2802145 
777 2802146 
778 2802146 
779 2802146 
780 2802147 
781 2802147 
782 2802147 
783 2802148 
784 2802148 
785 2802148 
786 2802149 
787 2802149 
788 2802150 
789 2802150 
790 2802150 
791 2802151 
792 2802155 
793 2802158 
794 2802158 
795 2802161 
796 2802169 
797 2802171 
798 2802174 
799 2802176 
800 2802181 
801 2802187 
802 2802194 
803 2802196 
804 2802197 
805 2802207 
806 2802211 
807 2802212 
808 2802212 
809 2802212 
810 2802213 
811 2802214 
812 2802225 
813 2802227 
814 2802228 
815 2802228 
816 2802238 
817 2802244 
818 2802245 
819 2802245 
820 2802247 
821 2802249 
822 2802249 
823 2802249 
824 2802251 
825 2802255 
826 2802255 
827 2802255 
828 2802261 
829 2802262 
830 2802262 
831 2802274 
832 2802280 
833 2802280 
834 2802281 
835 2802292 
836 2802295 
837 2802295 
838 2802295 
839 2802306 
840 2802308 
841 2802310 
842 2802313 
843 2802320 
844 2802321 
845 2802344 
846 2802353 
847 2802353 
848 2802354 
849 2802357 
850 2802364 
851 2802365 
852 2802372 
853 2802373 
854 2802375 
855 2802380 
856 2802380 
857 2802381 
858 2802392 
859 2802393 
860 2802426 
861 2802430 
862 2802430 
863 2802431 
864 2802431 
865 2802432 
866 2802441 
867 2802442 
868 2802449 
869 2802449 
870 2802473 
871 2802484 
872 2802488 
873 2802488 
874 2802490 
875 2802490 
876 2802490 
877 2802491 
878 2802492 
879 2802502 
880 2802520 
881 2802521 
882 2802521 
883 2802521 
884 2802522 
885 2802525 
886 2802540 
887 2802551 
888 2802563 
889 2802563 
890 2802566 
891 2802571 
892 2802574 
893 2802574 
894 2802575 
895 2802575 
896 2802576 
897 2802576 
898 2802577 
899 2802601 
900 2802601 
901 2802602 
902 2802602 
903 2802609 
904 2802610 
905 2802612 
906 2802613 
907 2802625 
908 2802626 
909 2802627 
910 2802668 
911 2802668 
912 2802669 
913 2802669 
914 2802670 
915 2802670 
916 2802670 
917 2802671 
918 2802674 
919 2802675 
920 2802675 
921 2802676 
922 2802676 
923 2802677 
924 2802677 
925 2802677 
926 2802678 
927 2802678 
928 2802678 
929 2802679 
930 2802679 
931 2802679 
932 2802680 
933 2802680 
934 2802681 
935 2802681 
936 2802681 
937 2802682 
938 2802682 
939 2802682 
940 2802683 
941 2802683 
942 2802683 
943 2802684 
944 2802684 
945 2802684 
946 2802685 
947 2802688 
948 2802688 
949 2802689 
950 2802689 
951 2802690 
952 2802690 
953 2802690 
954 2802690 
955 2802691 
956 2802691 
957 2802694 
958 2802694 
959 2802695 
960 2802696 
961 2802698 
962 2802699 
963 2802701 
964 2802704 
965 2802713 
966 2802714 
967 2802717 
968 2802721 
969 2802723 
970 2802734 
971 2802735 
972 2802735 
973 2802738 
974 2802743 
975 2802744 
976 2802747 
977 2802748 
978 2802750 
979 2802750 
980 2802750 
981 2802751 
982 2802751 
983 2802751 
984 2802752 
985 2802752 
986 2802752 
987 2802753 
988 2802753 
989 2802753 
990 2802754 
991 2802754 
992 2802754 
993 2802760 
994 2802761 
995 2802762 
996 2802765 
997 2802766 
998 2802766 
999 2802768 
1000 2802769 
1001 2802769 
1002 2802770 
1003 2802771 
1004 2802774 
1005 2802776 
1006 2802776 
1007 2802780 
1008 2802780 
1009 2802780 
1010 2802781 
1011 2802786 
1012 2802796 
1013 2802796 
1014 2802796 
1015 2802797 
1016 2802797 
1017 2802797 
1018 2802797 
1019 2802798 
1020 2802798 
1021 2802798 
1022 2802798 
1023 2802799 
1024 2802799 
1025 2802806 
1026 2802806 
1027 2802807 
1028 2802807 
1029 2802812 
1030 2802813 
1031 2802815 
1032 2802824 
1033 2802825 
1034 2802825 
1035 2802825 
1036 2802829 
1037 2802830 
1038 2802831 
1039 2802831 
1040 2802831 
1041 2802832 
1042 2802832 
1043 2802836 
1044 2802838 
1045 2802838 
1046 2802838 
1047 2802839 
1048 2802839 
1049 2802839 
1050 2802840 
1051 2802840 
1052 2802841 
1053 2802841 
1054 2802842 
1055 2802845 
1056 2802845 
1057 2802847 
1058 2802852 
1059 2802853 
1060 2802856 
1061 2802856 
1062 2802857 
1063 2802857 
1064 2802857 
1065 2802858 
1066 2802858 
1067 2802865 
1068 2802868 
1069 2802868 
1070 2802869 
1071 2802869 
1072 2802869 
1073 2802870 
1074 2802870 
1075 2802870 
1076 2802871 
1077 2802871 
1078 2802889 
1079 2802890 
1080 2802890 
1081 2802890 
1082 2802891 
1083 2802891 
1084 2802891 
1085 2802891 
1086 2802892 
1087 2802892 
1088 2802892 
1089 2802893 
1090 2802893 
1091 2802893 
1092 2802894 
1093 2802894 
1094 2802894 
1095 2802894 
1096 2802895 
1097 2802895 
1098 2802895 
1099 2802896 
1100 2802900 
1101 2802901 
1102 2802901 
1103 2802902 
1104 2802905 
1105 2802905 
1106 2802910 
1107 2802913 
1108 2802914 
1109 2802918 
1110 2802920 
1111 2802926 
1112 2802926 
1113 2802926 
1114 2802927 
1115 2802935 
1116 2802936 
1117 2802953 
1118 2802957 
1119 2802957 
1120 2802958 
1121 2802958 
1122 2802958 
1123 2802997 
1124 2802997 
1125 2803005 
1126 2803010 
1127 2803026 
1128 2803027 
1129 2803027 
1130 2803027 
1131 2803028 
1132 2803028 
1133 2803030 
1134 2803030 
1135 2803030 
1136 2803063 
1137 2803074 
1138 2803077 
1139 2803079 
1140 2803080 
1141 2803080 
1142 2803080 
1143 2803081 
1144 2803081 
1145 2803081 
1146 2803082 
1147 2803082 
1148 2803083 
1149 2803087 
1150 2803093 
1151 2803101 
1152 2803102 
1153 2803102 
1154 2803103 
1155 2803120 
1156 2803124 
1157 2803125 
1158 2803125 
1159 2803125 
1160 2803126 
1161 2803132 
1162 2803137 
1163 2803145 
1164 2803145 
1165 2803148 
1166 2803153 
1167 2803155 
1168 2803158 
1169 2803160 
1170 2803160 
1171 2803161 
1172 2803161 
1173 2803161 
1174 2803161 
1175 2803162 
1176 2803162 
1177 2803162 
1178 2803165 
1179 2803170 
1180 2803170 
1181 2803170 
1182 2803170 
1183 2803171 
1184 2803171 
1185 2803176 
1186 2803178 
1187 2803179 
1188 2803182 
1189 2803187 
1190 2803187 
1191 2803188 
1192 2803188 
1193 2803188 
1194 2803189 
1195 2803194 
1196 2803198 
1197 2803201 
1198 2803209 
1199 2803210 
1200 2803228 
1201 2803229 
1202 2803229 
1203 2803236 
1204 2803236 
1205 2803240 
1206 2803240 
1207 2803240 
1208 2803240 
1209 2803241 
1210 2803241 
1211 2803241 
1212 2803242 
1213 2803242 
1214 2803242 
1215 2803243 
1216 2803243 
1217 2803244 
1218 2803244 
1219 2803246 
1220 2803249 
1221 2803249 
1222 2803252 
1223 2803254 
1224 2803261 
1225 2803261 
1226 2803262 
1227 2803262 
1228 2803262 
1229 2803263 
1230 2803264 
1231 2803271 
1232 2803287 
1233 2803287 
1234 2803287 
1235 2803287 
1236 2803288 
1237 2803288 
1238 2803288 
1239 2803289 
1240 2803289 
1241 2803289 
1242 2803290 
1243 2803290 
1244 2803290 
1245 2803290 
1246 2803291 
1247 2803291 
1248 2803291 
1249 2803292 
1250 2803292 
1251 2803297 
1252 2803297 
1253 2803297 
1254 2803298 
1255 2803298 
1256 2803298 
1257 2803302 
1258 2803302 
1259 2803302 
1260 2803303 
1261 2803304 
1262 2803304 
1263 2803304 
1264 2803304 
1265 2803305 
1266 2803310 
1267 2803310 
1268 2803310 
1269 2803311 
1270 2803315 
1271 2803315 
1272 2803315 
1273 2803318 
1274 2803318 
1275 2803319 
1276 2803319 
1277 2803319 
1278 2803320 
1279 2803321 
1280 2803321 
1281 2803323 
1282 2803323 
1283 2803335 
1284 2803336 
1285 2803336 
1286 2803336 
1287 2803337 
1288 2803337 
1289 2803337 
1290 2803338 
1291 2803339 
1292 2803339 
1293 2803339 
1294 2803340 
1295 2803340 
1296 2803340 
1297 2803341 
1298 2803342 
1299 2803343 
1300 2803343 
1301 2803344 
1302 2803344 
1303 2803348 
1304 2803352 
1305 2803352 
1306 2803354 
1307 2803360 
1308 2803362 
1309 2803363 
1310 2803363 
1311 2803364 
1312 2803367 
1313 2803367 
1314 2803369 
1315 2803371 
1316 2803371 
1317 2803373 
1318 2803374 
1319 2803376 
1320 2803376 
1321 2803377 
1322 2803377 
1323 2803377 
1324 2803377 
1325 2803377 
1326 2803378 
1327 2803379 
1328 2803380 
1329 2803382 
1330 2803382 
1331 2803389 
1332 2803397 
1333 2803398 
1334 2803409 
1335 2803412 
1336 2803412 
1337 2803413 
1338 2803413 
1339 2803413 
1340 2803413 
1341 2803414 
1342 2803414 
1343 2803414 
1344 2803415 
1345 2803415 
1346 2803415 
1347 2803415 
1348 2803415 
1349 2803416 
1350 2803416 
1351 2803416 
1352 2803417 
1353 2803417 
1354 2803417 
1355 2803417 
1356 2803418 
1357 2803419 
1358 2803419 
1359 2803420 
1360 2803420 
1361 2803420 
1362 2803421 
1363 2803421 
1364 2803421 
1365 2803422 
1366 2803422 
1367 2803422 
1368 2803423 
1369 2803423 
1370 2803424 
1371 2803424 
1372 2803425 
1373 2803433 
1374 2803433 
1375 2803435 
1376 2803436 
1377 2803436 
1378 2803437 
1379 2803437 
1380 2803438 
1381 2803438 
1382 2803438 
1383 2803442 
1384 2803442 
1385 2803445 
1386 2803445 
1387 2803446 
1388 2803446 
1389 2803448 
1390 2803449 
1391 2803456 
1392 2803462 
1393 2803464 
1394 2803464 
1395 2803466 
1396 2803469 
1397 2803474 
1398 2803475 
1399 2803477 
1400 2803479 
1401 2803484 
1402 2803493 
1403 2803494 
1404 2803496 
1405 2803497 
1406 2803497 
1407 2803498 
1408 2803503 
1409 2803507 
1410 2803527 
1411 2803529 
1412 2803531 
1413 2803534 
1414 2803534 
1415 2803539 
1416 2803553 
1417 2803554 
1418 2803554 
1419 2803555 
1420 2803555 
1421 2803556 
1422 2803556 
1423 2803556 
1424 2803557 
1425 2803557 
1426 2803557 
1427 2803559 
1428 2803559 
1429 2803560 
1430 2803561 
1431 2803562 
1432 2803567 
1433 2803567 
1434 2803568 
1435 2803571 
1436 2803571 
1437 2803576 
1438 2803576 
1439 2803577 
1440 2803577 
1441 2803577 
1442 2803578 
1443 2803580 
1444 2803580 
1445 2803580 
1446 2803581 
1447 2803581 
1448 2803648 
1449 2803653 
1450 2803656 
1451 2803658 
1452 2803660 
1453 2803664 
1454 2803688 
1455 2803688 
1456 2803688 
1457 2803689 
1458 2803689 
1459 2803690 
1460 2803690 
1461 2803691 
1462 2803767 
1463 2803774 
1464 2803774 
1465 2803774 
1466 2803775 
1467 2803776 
1468 2803780 
1469 2803837 
1470 2803837 
1471 2803849 
1472 2803851 
1473 2803852 
1474 2803854 
1475 2803854 
1476 2803855 
1477 2803857 
1478 2803857 
1479 2803857 
1480 2803865 
1481 2803882 
1482 2803882 
1483 2803882 
1484 2803883 
1485 2803883 
1486 2803883 
1487 2803884 
1488 2803884 
1489 2803884 
1490 2803885 
1491 2803885 
1492 2803885 
1493 2803885 
1494 2803885 
1495 2803893 
1496 2803893 
1497 2803895 
1498 2803896 
1499 2803897 
1500 2803897 
1501 2803897 
1502 2803897 
1503 2803898 
1504 2803909 
1505 2803927 
1506 2803930 
1507 2803931 
1508 2803934 
1509 2803934 
1510 2803934 
1511 2803935 
1512 2803939 
1513 2803939 
1514 2803941 
1515 2803942 
1516 2803942 
1517 2803942 
1518 2803943 
1519 2803946 
1520 2803949 
1521 2803949 
1522 2803949 
1523 2803950 
1524 2803950 
1525 2803950 
1526 2803959 
1527 2803984 
1528 2803994 
1529 2804002 
1530 2804002 
1531 2804002 
1532 2804003 
1533 2804003 
1534 2804003 
1535 2804003 
1536 2804004 
1537 2804004 
1538 2804004 
1539 2804005 
1540 2804005 
1541 2804005 
1542 2804006 
1543 2804006 
1544 2804006 
1545 2804007 
1546 2804007 
1547 2804007 
1548 2804008 
1549 2804008 
1550 2804008 
1551 2804009 
1552 2804009 
1553 2804013 
1554 2804015 
1555 2804018 
1556 2804024 
1557 2804027 
1558 2804028 
1559 2804030 
1560 2804037 
1561 2804049 
1562 2804051 
1563 2804052 
1564 2804077 
1565 2804086 
1566 2804106 
1567 2804107 
1568 2804109 
1569 2804109 
1570 2804149 
1571 2804151 
1572 2804170 
1573 2804175 
1574 2804176 
1575 2804176 
1576 2804176 
1577 2804177 
1578 2804177 
1579 2804217 
1580 2804217 
1581 2804218 
1582 2804218 
1583 2804218 
1584 2804219 
1585 2804219 
1586 2804285 
1587 2804299 
1588 2804300 
1589 2804315 
1590 2804316 
1591 2804316 
1592 2804316 
1593 2804317 
1594 2804317 
1595 2804317 
1596 2804318 
1597 2804319 
1598 2804319 
1599 2804320 
1600 2804320 
1601 2804320 
1602 2804320 
1603 2804321 
1604 2804321 
1605 2804321 
1606 2804322 
1607 2804322 
1608 2804322 
1609 2804323 
1610 2804323 
1611 2804323 
1612 2804323 
1613 2804324 
1614 2804324 
1615 2804324 
1616 2804324 
1617 2804325 
1618 2804325 
1619 2804325 
1620 2804326 
1621 2804326 
1622 2804326 
1623 2804327 
1624 2804327 
1625 2804330 
1626 2804330 
1627 2804331 
1628 2804331 
1629 2804331 
1630 2804331 
1631 2804332 
1632 2804332 
1633 2804332 
1634 2804333 
1635 2804333 
1636 2804333 
1637 2804334 
1638 2804347 
1639 2804347 
1640 2804395 
1641 2804397 
1642 2804398 
