1677 1656 1260 1677 902 1677 16 0 1677 857 0 0 0 1677 1620 113 1677 0 459 1677 18 1677 10 1677 0 0 0 0 0 1123 0 1677 0 0 1677 0 1677 1677 0 1677 0 1677 0 1677 1677 0 1489 0 0 0 0 0 1677 1324 1677 0 1677 0 0
1656 1677 1260 1656 923 1656 16 0 1656 857 0 0 0 1656 1629 113 1656 0 480 1656 18 1656 10 1656 0 0 0 0 0 1123 0 1656 0 0 1656 0 1656 1656 0 1656 0 1656 0 1656 1656 0 1489 0 0 0 0 0 1656 1324 1656 0 1656 0 0
1260 1260 1677 1260 912 1260 70 0 1260 857 0 11 0 1260 1260 165 1260 0 459 1260 42 1260 10 1260 0 0 3 0 0 1148 0 1260 0 0 1260 3 1260 1260 31 1260 3 1260 0 1260 1260 73 1191 0 0 0 0 0 1260 1086 1260 7 1260 0 0
1677 1656 1260 1677 902 1677 16 0 1677 857 0 0 0 1677 1620 113 1677 0 459 1677 18 1677 10 1677 0 0 0 0 0 1123 0 1677 0 0 1677 0 1677 1677 0 1677 0 1677 0 1677 1677 0 1489 0 0 0 0 0 1677 1324 1677 0 1677 0 0
902 923 912 902 1677 902 110 6 902 857 6 0 6 902 918 113 902 9 501 902 39 902 6 902 6 6 1 6 6 902 6 902 6 6 902 1 902 902 20 902 1 902 6 902 902 21 921 6 6 6 6 6 902 983 902 6 902 6 6
1677 1656 1260 1677 902 1677 16 0 1677 857 0 0 0 1677 1620 113 1677 0 459 1677 18 1677 10 1677 0 0 0 0 0 1123 0 1677 0 0 1677 0 1677 1677 0 1677 0 1677 0 1677 1677 0 1489 0 0 0 0 0 1677 1324 1677 0 1677 0 0
16 16 70 16 110 16 1677 179 16 20 179 25 179 16 16 251 16 167 8 16 155 16 200 16 179 179 18 179 179 38 179 16 179 179 16 18 16 16 209 16 18 16 179 16 16 59 17 179 179 179 179 179 16 17 16 167 16 179 179
0 0 0 0 6 0 179 1677 0 240 1677 0 1677 0 0 167 0 1400 174 0 663 0 784 0 1677 1677 0 1677 1677 0 1677 0 1585 1677 0 0 0 0 1098 0 0 0 1677 0 0 0 0 1677 1677 1677 1677 1677 0 0 0 1354 0 1677 1677
1677 1656 1260 1677 902 1677 16 0 1677 857 0 0 0 1677 1620 113 1677 0 459 1677 18 1677 10 1677 0 0 0 0 0 1123 0 1677 0 0 1677 0 1677 1677 0 1677 0 1677 0 1677 1677 0 1489 0 0 0 0 0 1677 1324 1677 0 1677 0 0
857 857 857 857 857 857 20 240 857 1677 240 0 240 857 857 115 857 1 441 857 126 857 274 857 240 240 15 240 240 857 240 857 148 240 857 15 857 857 1 857 15 857 240 857 857 1 857 240 240 240 240 240 857 859 857 3 857 240 240
0 0 0 0 6 0 179 1677 0 240 1677 0 1677 0 0 167 0 1400 174 0 663 0 784 0 1677 1677 0 1677 1677 0 1677 0 1585 1677 0 0 0 0 1098 0 0 0 1677 0 0 0 0 1677 1677 1677 1677 1677 0 0 0 1354 0 1677 1677
0 0 11 0 0 0 25 0 0 0 0 1677 0 0 8 49 0 2 29 0 9 0 36 0 0 0 0 0 0 4 0 0 0 0 0 0 0 0 2 0 0 0 0 0 0 1255 1 0 0 0 0 0 0 80 0 15 0 0 0
0 0 0 0 6 0 179 1677 0 240 1677 0 1677 0 0 167 0 1400 174 0 663 0 784 0 1677 1677 0 1677 1677 0 1677 0 1585 1677 0 0 0 0 1098 0 0 0 1677 0 0 0 0 1677 1677 1677 1677 1677 0 0 0 1354 0 1677 1677
1677 1656 1260 1677 902 1677 16 0 1677 857 0 0 0 1677 1620 113 1677 0 459 1677 18 1677 10 1677 0 0 0 0 0 1123 0 1677 0 0 1677 0 1677 1677 0 1677 0 1677 0 1677 1677 0 1489 0 0 0 0 0 1677 1324 1677 0 1677 0 0
1620 1629 1260 1620 918 1620 16 0 1620 857 0 8 0 1620 1677 113 1620 0 475 1620 26 1620 10 1620 0 0 16 0 0 1135 0 1620 0 0 1620 16 1620 1620 0 1620 16 1620 0 1620 1620 0 1489 0 0 0 0 0 1620 1324 1620 0 1620 0 0
113 113 165 113 113 113 251 167 113 115 167 49 167 113 113 1677 113 167 113 113 7 113 81 113 167 167 4 167 167 113 167 113 167 167 113 4 113 113 169 113 4 113 167 113 113 76 114 167 167 167 167 167 113 153 113 167 113 167 167
1677 1656 1260 1677 902 1677 16 0 1677 857 0 0 0 1677 1620 113 1677 0 459 1677 18 1677 10 1677 0 0 0 0 0 1123 0 1677 0 0 1677 0 1677 1677 0 1677 0 1677 0 1677 1677 0 1489 0 0 0 0 0 1677 1324 1677 0 1677 0 0
0 0 0 0 9 0 167 1400 0 1 1400 2 1400 0 0 167 0 1677 174 0 521 0 507 0 1400 1400 12 1400 1400 2 1400 0 1400 1400 0 12 0 0 1099 0 12 0 1400 0 0 2 0 1400 1400 1400 1400 1400 0 3 0 1354 0 1400 1400
459 480 459 459 501 459 8 174 459 441 174 29 174 459 475 113 459 174 1677 459 7 459 103 459 174 174 21 174 174 459 174 459 174 174 459 21 459 459 174 459 21 459 174 459 459 29 459 174 174 174 174 174 459 459 459 425 459 174 174
1677 1656 1260 1677 902 1677 16 0 1677 857 0 0 0 1677 1620 113 1677 0 459 1677 18 1677 10 1677 0 0 0 0 0 1123 0 1677 0 0 1677 0 1677 1677 0 1677 0 1677 0 1677 1677 0 1489 0 0 0 0 0 1677 1324 1677 0 1677 0 0
18 18 42 18 39 18 155 663 18 126 663 9 663 18 26 7 18 521 7 18 1677 18 483 18 663 663 740 663 663 88 663 18 663 663 18 740 18 18 387 18 740 18 663 18 18 51 13 663 663 663 663 663 18 2 18 504 18 663 663
1677 1656 1260 1677 902 1677 16 0 1677 857 0 0 0 1677 1620 113 1677 0 459 1677 18 1677 10 1677 0 0 0 0 0 1123 0 1677 0 0 1677 0 1677 1677 0 1677 0 1677 0 1677 1677 0 1489 0 0 0 0 0 1677 1324 1677 0 1677 0 0
10 10 10 10 6 10 200 784 10 274 784 36 784 10 10 81 10 507 103 10 483 10 1677 10 784 784 5 784 784 10 784 10 692 784 10 5 10 10 205 10 5 10 784 10 10 36 10 784 784 784 784 784 10 10 10 461 10 784 784
1677 1656 1260 1677 902 1677 16 0 1677 857 0 0 0 1677 1620 113 1677 0 459 1677 18 1677 10 1677 0 0 0 0 0 1123 0 1677 0 0 1677 0 1677 1677 0 1677 0 1677 0 1677 1677 0 1489 0 0 0 0 0 1677 1324 1677 0 1677 0 0
0 0 0 0 6 0 179 1677 0 240 1677 0 1677 0 0 167 0 1400 174 0 663 0 784 0 1677 1677 0 1677 1677 0 1677 0 1585 1677 0 0 0 0 1098 0 0 0 1677 0 0 0 0 1677 1677 1677 1677 1677 0 0 0 1354 0 1677 1677
0 0 0 0 6 0 179 1677 0 240 1677 0 1677 0 0 167 0 1400 174 0 663 0 784 0 1677 1677 0 1677 1677 0 1677 0 1585 1677 0 0 0 0 1098 0 0 0 1677 0 0 0 0 1677 1677 1677 1677 1677 0 0 0 1354 0 1677 1677
0 0 3 0 1 0 18 0 0 15 0 0 0 0 16 4 0 12 21 0 740 0 5 0 0 0 1677 0 0 0 0 0 0 0 0 1677 0 0 1 0 1677 0 0 0 0 0 5 0 0 0 0 0 0 0 0 12 0 0 0
0 0 0 0 6 0 179 1677 0 240 1677 0 1677 0 0 167 0 1400 174 0 663 0 784 0 1677 1677 0 1677 1677 0 1677 0 1585 1677 0 0 0 0 1098 0 0 0 1677 0 0 0 0 1677 1677 1677 1677 1677 0 0 0 1354 0 1677 1677
0 0 0 0 6 0 179 1677 0 240 1677 0 1677 0 0 167 0 1400 174 0 663 0 784 0 1677 1677 0 1677 1677 0 1677 0 1585 1677 0 0 0 0 1098 0 0 0 1677 0 0 0 0 1677 1677 1677 1677 1677 0 0 0 1354 0 1677 1677
1123 1123 1148 1123 902 1123 38 0 1123 857 0 4 0 1123 1135 113 1123 2 459 1123 88 1123 10 1123 0 0 0 0 0 1677 0 1123 0 0 1123 0 1123 1123 226 1123 0 1123 0 1123 1123 353 1134 0 0 0 0 0 1123 1144 1123 0 1123 0 0
0 0 0 0 6 0 179 1677 0 240 1677 0 1677 0 0 167 0 1400 174 0 663 0 784 0 1677 1677 0 1677 1677 0 1677 0 1585 1677 0 0 0 0 1098 0 0 0 1677 0 0 0 0 1677 1677 1677 1677 1677 0 0 0 1354 0 1677 1677
1677 1656 1260 1677 902 1677 16 0 1677 857 0 0 0 1677 1620 113 1677 0 459 1677 18 1677 10 1677 0 0 0 0 0 1123 0 1677 0 0 1677 0 1677 1677 0 1677 0 1677 0 1677 1677 0 1489 0 0 0 0 0 1677 1324 1677 0 1677 0 0
0 0 0 0 6 0 179 1585 0 148 1585 0 1585 0 0 167 0 1400 174 0 663 0 692 0 1585 1585 0 1585 1585 0 1585 0 1677 1585 0 0 0 0 1098 0 0 0 1585 0 0 0 0 1585 1585 1585 1585 1585 0 0 0 1354 0 1585 1585
0 0 0 0 6 0 179 1677 0 240 1677 0 1677 0 0 167 0 1400 174 0 663 0 784 0 1677 1677 0 1677 1677 0 1677 0 1585 1677 0 0 0 0 1098 0 0 0 1677 0 0 0 0 1677 1677 1677 1677 1677 0 0 0 1354 0 1677 1677
1677 1656 1260 1677 902 1677 16 0 1677 857 0 0 0 1677 1620 113 1677 0 459 1677 18 1677 10 1677 0 0 0 0 0 1123 0 1677 0 0 1677 0 1677 1677 0 1677 0 1677 0 1677 1677 0 1489 0 0 0 0 0 1677 1324 1677 0 1677 0 0
0 0 3 0 1 0 18 0 0 15 0 0 0 0 16 4 0 12 21 0 740 0 5 0 0 0 1677 0 0 0 0 0 0 0 0 1677 0 0 1 0 1677 0 0 0 0 0 5 0 0 0 0 0 0 0 0 12 0 0 0
1677 1656 1260 1677 902 1677 16 0 1677 857 0 0 0 1677 1620 113 1677 0 459 1677 18 1677 10 1677 0 0 0 0 0 1123 0 1677 0 0 1677 0 1677 1677 0 1677 0 1677 0 1677 1677 0 1489 0 0 0 0 0 1677 1324 1677 0 1677 0 0
1677 1656 1260 1677 902 1677 16 0 1677 857 0 0 0 1677 1620 113 1677 0 459 1677 18 1677 10 1677 0 0 0 0 0 1123 0 1677 0 0 1677 0 1677 1677 0 1677 0 1677 0 1677 1677 0 1489 0 0 0 0 0 1677 1324 1677 0 1677 0 0
0 0 31 0 20 0 209 1098 0 1 1098 2 1098 0 0 169 0 1099 174 0 387 0 205 0 1098 1098 1 1098 1098 226 1098 0 1098 1098 0 1 0 0 1677 0 1 0 1098 0 0 90 0 1098 1098 1098 1098 1098 0 2 0 1098 0 1098 1098
1677 1656 1260 1677 902 1677 16 0 1677 857 0 0 0 1677 1620 113 1677 0 459 1677 18 1677 10 1677 0 0 0 0 0 1123 0 1677 0 0 1677 0 1677 1677 0 1677 0 1677 0 1677 1677 0 1489 0 0 0 0 0 1677 1324 1677 0 1677 0 0
0 0 3 0 1 0 18 0 0 15 0 0 0 0 16 4 0 12 21 0 740 0 5 0 0 0 1677 0 0 0 0 0 0 0 0 1677 0 0 1 0 1677 0 0 0 0 0 5 0 0 0 0 0 0 0 0 12 0 0 0
1677 1656 1260 1677 902 1677 16 0 1677 857 0 0 0 1677 1620 113 1677 0 459 1677 18 1677 10 1677 0 0 0 0 0 1123 0 1677 0 0 1677 0 1677 1677 0 1677 0 1677 0 1677 1677 0 1489 0 0 0 0 0 1677 1324 1677 0 1677 0 0
0 0 0 0 6 0 179 1677 0 240 1677 0 1677 0 0 167 0 1400 174 0 663 0 784 0 1677 1677 0 1677 1677 0 1677 0 1585 1677 0 0 0 0 1098 0 0 0 1677 0 0 0 0 1677 1677 1677 1677 1677 0 0 0 1354 0 1677 1677
1677 1656 1260 1677 902 1677 16 0 1677 857 0 0 0 1677 1620 113 1677 0 459 1677 18 1677 10 1677 0 0 0 0 0 1123 0 1677 0 0 1677 0 1677 1677 0 1677 0 1677 0 1677 1677 0 1489 0 0 0 0 0 1677 1324 1677 0 1677 0 0
1677 1656 1260 1677 902 1677 16 0 1677 857 0 0 0 1677 1620 113 1677 0 459 1677 18 1677 10 1677 0 0 0 0 0 1123 0 1677 0 0 1677 0 1677 1677 0 1677 0 1677 0 1677 1677 0 1489 0 0 0 0 0 1677 1324 1677 0 1677 0 0
0 0 73 0 21 0 59 0 0 1 0 1255 0 0 0 76 0 2 29 0 51 0 36 0 0 0 0 0 0 353 0 0 0 0 0 0 0 0 90 0 0 0 0 0 0 1677 11 0 0 0 0 0 0 33 0 0 0 0 0
1489 1489 1191 1489 921 1489 17 0 1489 857 0 1 0 1489 1489 114 1489 0 459 1489 13 1489 10 1489 0 0 5 0 0 1134 0 1489 0 0 1489 5 1489 1489 0 1489 5 1489 0 1489 1489 11 1677 0 0 0 0 0 1489 1352 1489 0 1489 0 0
0 0 0 0 6 0 179 1677 0 240 1677 0 1677 0 0 167 0 1400 174 0 663 0 784 0 1677 1677 0 1677 1677 0 1677 0 1585 1677 0 0 0 0 1098 0 0 0 1677 0 0 0 0 1677 1677 1677 1677 1677 0 0 0 1354 0 1677 1677
0 0 0 0 6 0 179 1677 0 240 1677 0 1677 0 0 167 0 1400 174 0 663 0 784 0 1677 1677 0 1677 1677 0 1677 0 1585 1677 0 0 0 0 1098 0 0 0 1677 0 0 0 0 1677 1677 1677 1677 1677 0 0 0 1354 0 1677 1677
0 0 0 0 6 0 179 1677 0 240 1677 0 1677 0 0 167 0 1400 174 0 663 0 784 0 1677 1677 0 1677 1677 0 1677 0 1585 1677 0 0 0 0 1098 0 0 0 1677 0 0 0 0 1677 1677 1677 1677 1677 0 0 0 1354 0 1677 1677
0 0 0 0 6 0 179 1677 0 240 1677 0 1677 0 0 167 0 1400 174 0 663 0 784 0 1677 1677 0 1677 1677 0 1677 0 1585 1677 0 0 0 0 1098 0 0 0 1677 0 0 0 0 1677 1677 1677 1677 1677 0 0 0 1354 0 1677 1677
0 0 0 0 6 0 179 1677 0 240 1677 0 1677 0 0 167 0 1400 174 0 663 0 784 0 1677 1677 0 1677 1677 0 1677 0 1585 1677 0 0 0 0 1098 0 0 0 1677 0 0 0 0 1677 1677 1677 1677 1677 0 0 0 1354 0 1677 1677
1677 1656 1260 1677 902 1677 16 0 1677 857 0 0 0 1677 1620 113 1677 0 459 1677 18 1677 10 1677 0 0 0 0 0 1123 0 1677 0 0 1677 0 1677 1677 0 1677 0 1677 0 1677 1677 0 1489 0 0 0 0 0 1677 1324 1677 0 1677 0 0
1324 1324 1086 1324 983 1324 17 0 1324 859 0 80 0 1324 1324 153 1324 3 459 1324 2 1324 10 1324 0 0 0 0 0 1144 0 1324 0 0 1324 0 1324 1324 2 1324 0 1324 0 1324 1324 33 1352 0 0 0 0 0 1324 1677 1324 15 1324 0 0
1677 1656 1260 1677 902 1677 16 0 1677 857 0 0 0 1677 1620 113 1677 0 459 1677 18 1677 10 1677 0 0 0 0 0 1123 0 1677 0 0 1677 0 1677 1677 0 1677 0 1677 0 1677 1677 0 1489 0 0 0 0 0 1677 1324 1677 0 1677 0 0
0 0 7 0 6 0 167 1354 0 3 1354 15 1354 0 0 167 0 1354 425 0 504 0 461 0 1354 1354 12 1354 1354 0 1354 0 1354 1354 0 12 0 0 1098 0 12 0 1354 0 0 0 0 1354 1354 1354 1354 1354 0 15 0 1677 0 1354 1354
1677 1656 1260 1677 902 1677 16 0 1677 857 0 0 0 1677 1620 113 1677 0 459 1677 18 1677 10 1677 0 0 0 0 0 1123 0 1677 0 0 1677 0 1677 1677 0 1677 0 1677 0 1677 1677 0 1489 0 0 0 0 0 1677 1324 1677 0 1677 0 0
0 0 0 0 6 0 179 1677 0 240 1677 0 1677 0 0 167 0 1400 174 0 663 0 784 0 1677 1677 0 1677 1677 0 1677 0 1585 1677 0 0 0 0 1098 0 0 0 1677 0 0 0 0 1677 1677 1677 1677 1677 0 0 0 1354 0 1677 1677
0 0 0 0 6 0 179 1677 0 240 1677 0 1677 0 0 167 0 1400 174 0 663 0 784 0 1677 1677 0 1677 1677 0 1677 0 1585 1677 0 0 0 0 1098 0 0 0 1677 0 0 0 0 1677 1677 1677 1677 1677 0 0 0 1354 0 1677 1677
