1 2538001 
2 2538001 
3 2538002 
4 2538002 
5 2538002 
6 2538003 
7 2538003 
8 2538003 
9 2538004 
10 2538005 
11 2538005 
12 2538006 
13 2538006 
14 2538006 
15 2538006 
16 2538007 
17 2538007 
18 2538007 
19 2538007 
20 2538008 
21 2538008 
22 2538008 
23 2538009 
24 2538009 
25 2538009 
26 2538010 
27 2538010 
28 2538010 
29 2538010 
30 2538011 
31 2538015 
32 2538016 
33 2538016 
34 2538016 
35 2538017 
36 2538017 
37 2538017 
38 2538018 
39 2538018 
40 2538018 
41 2538019 
42 2538019 
43 2538019 
44 2538020 
45 2538020 
46 2538020 
47 2538021 
48 2538021 
49 2538021 
50 2538022 
51 2538022 
52 2538022 
53 2538023 
54 2538023 
55 2538023 
56 2538023 
57 2538024 
58 2538024 
59 2538024 
60 2538025 
61 2538026 
62 2538027 
63 2538027 
64 2538028 
65 2538028 
66 2538029 
67 2538029 
68 2538029 
69 2538029 
70 2538030 
71 2538030 
72 2538031 
73 2538031 
74 2538031 
75 2538032 
76 2538033 
77 2538033 
78 2538033 
79 2538033 
80 2538035 
81 2538035 
82 2538036 
83 2538036 
84 2538036 
85 2538037 
86 2538037 
87 2538037 
88 2538038 
89 2538038 
90 2538038 
91 2538039 
92 2538039 
93 2538039 
94 2538040 
95 2538040 
96 2538040 
97 2538041 
98 2538041 
99 2538041 
100 2538042 
101 2538042 
102 2538042 
103 2538045 
104 2538046 
105 2538047 
106 2538048 
107 2538048 
108 2538048 
109 2538049 
110 2538049 
111 2538050 
112 2538050 
113 2538053 
114 2538053 
115 2538054 
116 2538085 
117 2538089 
118 2538089 
119 2538092 
120 2538095 
121 2538095 
122 2538096 
123 2538097 
124 2538098 
125 2538098 
126 2538099 
127 2538099 
128 2538102 
129 2538102 
130 2538112 
131 2538115 
132 2538115 
133 2538115 
134 2538123 
135 2538123 
136 2538123 
137 2538124 
138 2538124 
139 2538124 
140 2538125 
141 2538125 
142 2538125 
143 2538126 
144 2538126 
145 2538126 
146 2538127 
147 2538127 
148 2538128 
149 2538128 
150 2538128 
151 2538129 
152 2538130 
153 2538132 
154 2538137 
155 2538137 
156 2538140 
157 2538140 
158 2538140 
159 2538144 
160 2538146 
161 2538146 
162 2538146 
163 2538147 
164 2538148 
165 2538148 
166 2538148 
167 2538149 
168 2538149 
169 2538150 
170 2538150 
171 2538152 
172 2538156 
173 2538156 
174 2538157 
175 2538157 
176 2538159 
177 2538159 
178 2538159 
179 2538171 
180 2538172 
181 2538172 
182 2538172 
183 2538173 
184 2538173 
185 2538173 
186 2538174 
187 2538174 
188 2538177 
189 2538178 
190 2538178 
191 2538179 
192 2538179 
193 2538179 
194 2538179 
195 2538180 
196 2538180 
197 2538181 
198 2538181 
199 2538182 
200 2538182 
201 2538183 
202 2538183 
203 2538184 
204 2538184 
205 2538184 
206 2538184 
207 2538185 
208 2538185 
209 2538185 
210 2538186 
211 2538186 
212 2538187 
213 2538188 
214 2538189 
215 2538189 
216 2538190 
217 2538190 
218 2538191 
219 2538191 
220 2538191 
221 2538192 
222 2538192 
223 2538192 
224 2538193 
225 2538193 
226 2538193 
227 2538194 
228 2538194 
229 2538195 
230 2538195 
231 2538195 
232 2538196 
233 2538203 
234 2538225 
235 2538225 
236 2538229 
237 2538265 
238 2538267 
239 2538271 
240 2538279 
241 2538285 
242 2538285 
243 2538288 
244 2538293 
245 2538295 
246 2538296 
247 2538296 
248 2538296 
249 2538297 
250 2538299 
251 2538302 
252 2538302 
253 2538302 
254 2538302 
255 2538303 
256 2538303 
257 2538303 
258 2538303 
259 2538304 
260 2538304 
261 2538304 
262 2538306 
263 2538306 
264 2538308 
265 2538309 
266 2538309 
267 2538313 
268 2538313 
269 2538315 
270 2538316 
271 2538317 
272 2538317 
273 2538320 
274 2538329 
275 2538332 
276 2538337 
277 2538338 
278 2538338 
279 2538338 
280 2538339 
281 2538340 
282 2538341 
283 2538345 
284 2538345 
285 2538346 
286 2538346 
287 2538348 
288 2538351 
289 2538352 
290 2538356 
291 2538357 
292 2538359 
293 2538360 
294 2538360 
295 2538360 
296 2538361 
297 2538361 
298 2538361 
299 2538362 
300 2538362 
301 2538362 
302 2538362 
303 2538363 
304 2538364 
305 2538364 
306 2538371 
307 2538372 
308 2538373 
309 2538388 
310 2538388 
311 2538389 
312 2538391 
313 2538394 
314 2538397 
315 2538397 
316 2538399 
317 2538416 
318 2538417 
319 2538417 
320 2538417 
321 2538418 
322 2538428 
323 2538429 
324 2538436 
325 2538436 
326 2538437 
327 2538438 
328 2538438 
329 2538442 
330 2538442 
331 2538443 
332 2538448 
333 2538457 
334 2538462 
335 2538463 
336 2538466 
337 2538473 
338 2538474 
339 2538487 
340 2538491 
341 2538491 
342 2538496 
343 2538496 
344 2538497 
345 2538497 
346 2538500 
347 2538503 
348 2538504 
349 2538504 
350 2538504 
351 2538507 
352 2538507 
353 2538508 
354 2538508 
355 2538508 
356 2538508 
357 2538513 
358 2538519 
359 2538528 
360 2538528 
361 2538531 
362 2538538 
363 2538539 
364 2538540 
365 2538540 
366 2538540 
367 2538541 
368 2538546 
369 2538547 
370 2538547 
371 2538549 
372 2538557 
373 2538560 
374 2538563 
375 2538564 
376 2538564 
377 2538564 
378 2538565 
379 2538565 
380 2538565 
381 2538566 
382 2538568 
383 2538569 
384 2538572 
385 2538573 
386 2538575 
387 2538575 
388 2538588 
389 2538595 
390 2538598 
391 2538602 
392 2538604 
393 2538604 
394 2538604 
395 2538605 
396 2538605 
397 2538605 
398 2538606 
399 2538606 
400 2538606 
401 2538607 
402 2538641 
403 2538642 
404 2538642 
405 2538645 
406 2538651 
407 2538652 
408 2538652 
409 2538653 
410 2538653 
411 2538653 
412 2538654 
413 2538655 
414 2538655 
415 2538655 
416 2538656 
417 2538658 
418 2538674 
419 2538682 
420 2538682 
421 2538682 
422 2538683 
423 2538683 
424 2538685 
425 2538686 
426 2538686 
427 2538687 
428 2538687 
429 2538687 
430 2538688 
431 2538688 
432 2538688 
433 2538689 
434 2538689 
435 2538689 
436 2538690 
437 2538690 
438 2538691 
439 2538691 
440 2538692 
441 2538692 
442 2538692 
443 2538693 
444 2538694 
445 2538694 
446 2538694 
447 2538695 
448 2538695 
449 2538695 
450 2538695 
451 2538696 
452 2538696 
453 2538696 
454 2538697 
455 2538697 
456 2538697 
457 2538698 
458 2538699 
459 2538699 
460 2538699 
461 2538699 
462 2538700 
463 2538700 
464 2538700 
465 2538701 
466 2538701 
467 2538702 
468 2538702 
469 2538702 
470 2538703 
471 2538703 
472 2538703 
473 2538704 
474 2538706 
475 2538706 
476 2538706 
477 2538707 
478 2538707 
479 2538707 
480 2538744 
481 2538745 
482 2538748 
483 2538749 
484 2538751 
485 2538753 
486 2538759 
487 2538759 
488 2538760 
489 2538761 
490 2538761 
491 2538761 
492 2538763 
493 2538768 
494 2538771 
495 2538773 
496 2538774 
497 2538776 
498 2538779 
499 2538783 
500 2538787 
501 2538807 
502 2538809 
503 2538813 
504 2538814 
505 2538814 
506 2538814 
507 2538815 
508 2538821 
509 2538823 
510 2538823 
511 2538826 
512 2538826 
513 2538828 
514 2538828 
515 2538829 
516 2538830 
517 2538835 
518 2538835 
519 2538836 
520 2538837 
521 2538838 
522 2538838 
523 2538838 
524 2538839 
525 2538839 
526 2538840 
527 2538840 
528 2538841 
529 2538841 
530 2538841 
531 2538842 
532 2538842 
533 2538843 
534 2538843 
535 2538843 
536 2538844 
537 2538844 
538 2538845 
539 2538845 
540 2538845 
541 2538846 
542 2538846 
543 2538846 
544 2538847 
545 2538847 
546 2538847 
547 2538848 
548 2538848 
549 2538849 
550 2538850 
551 2538854 
552 2538860 
553 2538861 
554 2538863 
555 2538863 
556 2538863 
557 2538868 
558 2538869 
559 2538869 
560 2538875 
561 2538876 
562 2538877 
563 2538877 
564 2538877 
565 2538877 
566 2538878 
567 2538878 
568 2538881 
569 2538882 
570 2538883 
571 2538883 
572 2538884 
573 2538884 
574 2538884 
575 2538885 
576 2538885 
577 2538885 
578 2538886 
579 2538886 
580 2538886 
581 2538887 
582 2538887 
583 2538887 
584 2538888 
585 2538888 
586 2538888 
587 2538889 
588 2538889 
589 2538890 
590 2538890 
591 2538890 
592 2538891 
593 2538891 
594 2538892 
595 2538892 
596 2538892 
597 2538893 
598 2538893 
599 2538893 
600 2538894 
601 2538894 
602 2538895 
603 2538895 
604 2538895 
605 2538899 
606 2538900 
607 2538900 
608 2538900 
609 2538900 
610 2538901 
611 2538901 
612 2538902 
613 2538906 
614 2538906 
615 2538906 
616 2538908 
617 2538908 
618 2538908 
619 2538909 
620 2538909 
621 2538909 
622 2538910 
623 2538910 
624 2538910 
625 2538911 
626 2538911 
627 2538911 
628 2538912 
629 2538912 
630 2538913 
631 2538913 
632 2538913 
633 2538914 
634 2538914 
635 2538915 
636 2538915 
637 2538915 
638 2538916 
639 2538918 
640 2538928 
641 2538930 
642 2538932 
643 2538933 
644 2538933 
645 2538933 
646 2538933 
647 2538934 
648 2538934 
649 2538936 
650 2538937 
651 2538937 
652 2538937 
653 2538938 
654 2538938 
655 2538939 
656 2538939 
657 2538939 
658 2538940 
659 2538942 
660 2538943 
661 2538943 
662 2538944 
663 2538950 
664 2538951 
665 2538951 
666 2538951 
667 2538955 
668 2538956 
669 2538964 
670 2538964 
671 2538965 
672 2538965 
673 2538967 
674 2538967 
675 2538967 
676 2538969 
677 2538970 
678 2538972 
679 2538972 
680 2538972 
681 2538979 
682 2538985 
683 2538986 
684 2538986 
685 2538986 
686 2538987 
687 2538996 
688 2538997 
689 2538997 
690 2538997 
691 2538998 
692 2538998 
693 2538998 
694 2539002 
695 2539004 
696 2539005 
697 2539007 
698 2539009 
699 2539010 
700 2539011 
701 2539011 
702 2539012 
703 2539012 
704 2539012 
705 2539013 
706 2539014 
707 2539014 
708 2539014 
709 2539014 
710 2539015 
711 2539018 
712 2539022 
713 2539027 
714 2539029 
715 2539029 
716 2539031 
717 2539032 
718 2539034 
719 2539036 
720 2539038 
721 2539039 
722 2539040 
723 2539040 
724 2539040 
725 2539041 
726 2539045 
727 2539045 
728 2539045 
729 2539046 
730 2539046 
731 2539048 
732 2539055 
733 2539061 
734 2539065 
735 2539067 
736 2539067 
737 2539078 
738 2539078 
739 2539079 
740 2539079 
741 2539079 
742 2539080 
743 2539081 
744 2539081 
745 2539081 
746 2539088 
747 2539094 
748 2539094 
749 2539098 
750 2539099 
751 2539102 
752 2539115 
753 2539119 
754 2539121 
755 2539122 
756 2539123 
757 2539123 
758 2539133 
759 2539133 
760 2539133 
761 2539134 
762 2539135 
763 2539137 
764 2539137 
765 2539143 
766 2539146 
767 2539146 
768 2539148 
769 2539151 
770 2539151 
771 2539152 
772 2539152 
773 2539155 
774 2539156 
775 2539156 
776 2539156 
777 2539156 
778 2539157 
779 2539158 
780 2539158 
781 2539158 
782 2539159 
783 2539159 
784 2539160 
785 2539160 
786 2539160 
787 2539160 
788 2539161 
789 2539161 
790 2539161 
791 2539162 
792 2539162 
793 2539162 
794 2539163 
795 2539163 
796 2539163 
797 2539164 
798 2539166 
799 2539167 
800 2539167 
801 2539167 
802 2539168 
803 2539168 
804 2539168 
805 2539169 
806 2539169 
807 2539169 
808 2539170 
809 2539170 
810 2539171 
811 2539171 
812 2539172 
813 2539174 
814 2539174 
815 2539175 
816 2539175 
817 2539175 
818 2539175 
819 2539176 
820 2539176 
821 2539176 
822 2539177 
823 2539177 
824 2539177 
825 2539178 
826 2539179 
827 2539179 
828 2539179 
829 2539180 
830 2539180 
831 2539180 
832 2539181 
833 2539181 
834 2539181 
835 2539182 
836 2539182 
837 2539182 
838 2539183 
839 2539183 
840 2539183 
841 2539184 
842 2539184 
843 2539189 
844 2539190 
845 2539190 
846 2539190 
847 2539191 
848 2539191 
849 2539191 
850 2539192 
851 2539192 
852 2539193 
853 2539193 
854 2539194 
855 2539194 
856 2539194 
857 2539194 
858 2539194 
859 2539195 
860 2539195 
861 2539195 
862 2539195 
863 2539196 
864 2539196 
865 2539196 
866 2539197 
867 2539197 
868 2539197 
869 2539197 
870 2539198 
871 2539198 
872 2539198 
873 2539198 
874 2539199 
875 2539199 
876 2539199 
877 2539199 
878 2539200 
879 2539200 
880 2539200 
881 2539200 
882 2539200 
883 2539200 
884 2539201 
885 2539201 
886 2539201 
887 2539201 
888 2539202 
889 2539202 
890 2539202 
891 2539202 
892 2539203 
893 2539203 
894 2539203 
895 2539204 
896 2539205 
897 2539205 
898 2539206 
899 2539206 
900 2539207 
901 2539208 
902 2539208 
903 2539209 
904 2539209 
905 2539210 
906 2539210 
907 2539211 
908 2539211 
909 2539211 
910 2539212 
911 2539212 
912 2539212 
913 2539213 
914 2539213 
915 2539213 
916 2539213 
917 2539214 
918 2539214 
919 2539214 
920 2539214 
921 2539215 
922 2539215 
923 2539215 
924 2539216 
925 2539218 
926 2539218 
927 2539218 
928 2539219 
929 2539219 
930 2539219 
931 2539220 
932 2539220 
933 2539221 
934 2539221 
935 2539222 
936 2539222 
937 2539222 
938 2539223 
939 2539227 
940 2539229 
941 2539245 
942 2539246 
943 2539248 
944 2539259 
945 2539260 
946 2539261 
947 2539262 
948 2539262 
949 2539263 
950 2539264 
951 2539266 
952 2539267 
953 2539267 
954 2539274 
955 2539274 
956 2539274 
957 2539275 
958 2539275 
959 2539275 
960 2539276 
961 2539276 
962 2539276 
963 2539276 
964 2539277 
965 2539279 
966 2539290 
967 2539291 
968 2539294 
969 2539294 
970 2539296 
971 2539298 
972 2539302 
973 2539312 
974 2539313 
975 2539313 
976 2539319 
977 2539332 
978 2539333 
979 2539333 
980 2539334 
981 2539334 
982 2539334 
983 2539335 
984 2539336 
985 2539336 
986 2539336 
987 2539337 
988 2539337 
989 2539338 
990 2539339 
991 2539339 
992 2539339 
993 2539340 
994 2539340 
995 2539340 
996 2539341 
997 2539341 
998 2539341 
999 2539341 
1000 2539342 
1001 2539342 
1002 2539342 
1003 2539343 
1004 2539343 
1005 2539344 
1006 2539345 
1007 2539345 
1008 2539345 
1009 2539346 
1010 2539346 
1011 2539346 
1012 2539347 
1013 2539347 
1014 2539347 
1015 2539348 
1016 2539348 
1017 2539350 
1018 2539350 
1019 2539351 
1020 2539351 
1021 2539351 
1022 2539352 
1023 2539352 
1024 2539353 
1025 2539354 
1026 2539355 
1027 2539356 
1028 2539356 
1029 2539405 
1030 2539408 
1031 2539408 
1032 2539411 
1033 2539417 
1034 2539417 
1035 2539420 
1036 2539423 
1037 2539423 
1038 2539424 
1039 2539424 
1040 2539429 
1041 2539440 
1042 2539440 
1043 2539464 
1044 2539464 
1045 2539465 
1046 2539482 
1047 2539485 
1048 2539488 
1049 2539494 
1050 2539495 
1051 2539496 
1052 2539496 
1053 2539496 
1054 2539497 
1055 2539497 
1056 2539498 
1057 2539499 
1058 2539499 
1059 2539502 
1060 2539528 
1061 2539529 
1062 2539529 
1063 2539530 
1064 2539531 
1065 2539537 
1066 2539537 
1067 2539544 
1068 2539544 
1069 2539544 
1070 2539545 
1071 2539545 
1072 2539550 
1073 2539551 
1074 2539558 
1075 2539565 
1076 2539565 
1077 2539577 
1078 2539618 
1079 2539618 
1080 2539623 
1081 2539638 
1082 2539639 
1083 2539639 
1084 2539641 
1085 2539644 
1086 2539646 
1087 2539650 
1088 2539652 
1089 2539656 
1090 2539661 
1091 2539665 
1092 2539666 
1093 2539666 
1094 2539671 
1095 2539672 
1096 2539677 
1097 2539678 
1098 2539678 
1099 2539682 
1100 2539682 
1101 2539685 
1102 2539685 
1103 2539686 
1104 2539688 
1105 2539688 
1106 2539688 
1107 2539689 
1108 2539689 
1109 2539689 
1110 2539690 
1111 2539690 
1112 2539690 
1113 2539690 
1114 2539691 
1115 2539691 
1116 2539691 
1117 2539692 
1118 2539692 
1119 2539692 
1120 2539692 
1121 2539693 
1122 2539693 
1123 2539693 
1124 2539694 
1125 2539694 
1126 2539695 
1127 2539695 
1128 2539695 
1129 2539696 
1130 2539696 
1131 2539701 
1132 2539703 
1133 2539705 
1134 2539708 
1135 2539732 
1136 2539732 
1137 2539733 
1138 2539733 
1139 2539734 
1140 2539734 
1141 2539738 
1142 2539748 
1143 2539751 
1144 2539761 
1145 2539761 
1146 2539770 
1147 2539771 
1148 2539772 
1149 2539773 
1150 2539776 
1151 2539779 
1152 2539780 
1153 2539781 
1154 2539781 
1155 2539781 
1156 2539782 
1157 2539782 
1158 2539783 
1159 2539783 
1160 2539783 
1161 2539783 
1162 2539784 
1163 2539784 
1164 2539784 
1165 2539786 
1166 2539787 
1167 2539787 
1168 2539787 
1169 2539790 
1170 2539790 
1171 2539791 
1172 2539791 
1173 2539791 
1174 2539792 
1175 2539792 
1176 2539792 
1177 2539793 
1178 2539793 
1179 2539793 
1180 2539794 
1181 2539794 
1182 2539794 
1183 2539795 
1184 2539795 
1185 2539795 
1186 2539795 
1187 2539796 
1188 2539796 
1189 2539797 
1190 2539797 
1191 2539797 
1192 2539798 
1193 2539799 
1194 2539799 
1195 2539799 
1196 2539800 
1197 2539800 
1198 2539800 
1199 2539801 
1200 2539801 
1201 2539801 
1202 2539802 
1203 2539802 
1204 2539802 
1205 2539803 
1206 2539803 
1207 2539803 
1208 2539804 
1209 2539804 
1210 2539804 
1211 2539804 
1212 2539805 
1213 2539805 
1214 2539806 
1215 2539806 
1216 2539807 
1217 2539807 
1218 2539807 
1219 2539807 
1220 2539808 
1221 2539808 
1222 2539808 
1223 2539809 
1224 2539809 
1225 2539809 
1226 2539809 
1227 2539810 
1228 2539810 
1229 2539813 
1230 2539813 
1231 2539814 
1232 2539814 
1233 2539815 
1234 2539815 
1235 2539816 
1236 2539818 
1237 2539819 
1238 2539820 
1239 2539820 
1240 2539821 
1241 2539826 
1242 2539827 
1243 2539827 
1244 2539828 
1245 2539831 
1246 2539831 
1247 2539834 
1248 2539834 
1249 2539835 
1250 2539835 
1251 2539835 
1252 2539835 
1253 2539835 
1254 2539836 
1255 2539836 
1256 2539846 
1257 2539847 
1258 2539848 
1259 2539851 
1260 2539852 
1261 2539853 
1262 2539853 
1263 2539854 
1264 2539855 
1265 2539855 
1266 2539855 
1267 2539855 
1268 2539856 
1269 2539857 
1270 2539860 
1271 2539860 
1272 2539861 
1273 2539861 
1274 2539864 
1275 2539866 
1276 2539871 
1277 2539872 
1278 2539872 
1279 2539882 
1280 2539882 
1281 2539882 
1282 2539883 
1283 2539883 
1284 2539886 
1285 2539886 
1286 2539887 
1287 2539888 
1288 2539888 
1289 2539888 
1290 2539889 
1291 2539890 
1292 2539892 
1293 2539893 
1294 2539896 
1295 2539897 
1296 2539898 
1297 2539900 
1298 2539906 
1299 2539910 
1300 2539915 
1301 2539919 
1302 2539920 
1303 2539921 
1304 2539926 
1305 2539929 
1306 2539933 
1307 2539957 
1308 2539957 
1309 2539961 
1310 2539962 
1311 2539962 
1312 2539963 
1313 2539963 
1314 2539963 
1315 2539964 
1316 2539964 
1317 2539965 
1318 2539965 
1319 2539965 
1320 2539966 
1321 2539966 
1322 2539967 
1323 2539968 
1324 2539970 
1325 2539979 
1326 2539979 
1327 2539979 
1328 2539981 
1329 2539983 
1330 2539987 
1331 2539987 
1332 2539988 
1333 2539988 
1334 2539988 
1335 2539997 
1336 2540002 
1337 2540008 
1338 2540009 
1339 2540019 
1340 2540030 
1341 2540031 
1342 2540031 
1343 2540031 
1344 2540032 
1345 2540033 
1346 2540033 
1347 2540033 
1348 2540034 
1349 2540034 
1350 2540035 
1351 2540035 
1352 2540035 
1353 2540061 
1354 2540061 
1355 2540062 
1356 2540062 
1357 2540063 
1358 2540063 
1359 2540064 
1360 2540064 
1361 2540064 
1362 2540065 
1363 2540068 
1364 2540069 
1365 2540110 
1366 2540111 
1367 2540111 
1368 2540112 
1369 2540112 
1370 2540112 
1371 2540112 
1372 2540113 
1373 2540113 
1374 2540113 
1375 2540114 
1376 2540114 
1377 2540114 
1378 2540115 
1379 2540115 
1380 2540115 
1381 2540116 
1382 2540116 
1383 2540117 
1384 2540117 
1385 2540118 
1386 2540118 
1387 2540119 
1388 2540119 
1389 2540152 
1390 2540158 
1391 2540158 
1392 2540161 
1393 2540164 
1394 2540170 
1395 2540170 
1396 2540171 
1397 2540200 
1398 2540200 
1399 2540204 
1400 2540425 
1401 2540427 
1402 2540432 
1403 2540433 
1404 2540436 
1405 2540441 
1406 2540444 
1407 2540454 
1408 2540455 
1409 2540456 
1410 2540463 
1411 2540463 
1412 2540464 
1413 2540464 
1414 2540465 
1415 2540472 
1416 2540486 
1417 2540500 
1418 2540505 
1419 2540505 
1420 2540512 
1421 2540512 
1422 2540513 
1423 2540513 
1424 2540515 
1425 2540515 
1426 2540516 
1427 2540516 
1428 2540516 
1429 2540517 
1430 2540537 
1431 2540538 
1432 2540541 
1433 2540542 
1434 2540543 
1435 2540546 
1436 2540549 
1437 2540549 
1438 2540552 
1439 2540553 
1440 2540560 
1441 2540561 
1442 2540561 
1443 2540590 
1444 2540590 
1445 2540591 
1446 2540591 
1447 2540591 
1448 2540592 
1449 2540592 
1450 2540592 
1451 2540593 
1452 2540593 
1453 2540594 
1454 2540594 
1455 2540594 
1456 2540595 
1457 2540595 
1458 2540595 
1459 2540596 
1460 2540596 
1461 2540607 
1462 2540608 
1463 2540609 
1464 2540611 
1465 2540611 
1466 2540615 
1467 2540615 
1468 2540615 
1469 2540615 
1470 2540615 
1471 2540616 
1472 2540619 
1473 2540622 
1474 2540625 
1475 2540625 
1476 2540630 
1477 2540631 
1478 2540631 
1479 2540634 
1480 2540634 
1481 2540638 
1482 2540638 
1483 2540639 
1484 2540640 
1485 2540651 
1486 2540653 
1487 2540655 
1488 2540655 
1489 2540656 
1490 2540656 
1491 2540658 
1492 2540663 
1493 2540663 
1494 2540664 
1495 2540665 
1496 2540666 
1497 2540667 
1498 2540675 
1499 2540683 
1500 2540688 
1501 2540689 
1502 2540689 
1503 2540689 
1504 2540689 
1505 2540694 
1506 2540697 
1507 2540697 
1508 2540697 
1509 2540698 
1510 2540698 
1511 2540698 
1512 2540699 
1513 2540699 
1514 2540699 
1515 2540700 
1516 2540700 
1517 2540700 
1518 2540701 
1519 2540701 
1520 2540702 
1521 2540702 
1522 2540703 
1523 2540703 
1524 2540703 
1525 2540703 
1526 2540704 
1527 2540704 
1528 2540704 
1529 2540704 
1530 2540705 
1531 2540705 
1532 2540705 
1533 2540706 
1534 2540706 
1535 2540706 
1536 2540706 
1537 2540706 
1538 2540707 
1539 2540710 
1540 2540710 
1541 2540711 
1542 2540711 
1543 2540712 
1544 2540712 
1545 2540712 
1546 2540713 
1547 2540713 
1548 2540713 
1549 2540715 
1550 2540715 
1551 2540715 
1552 2540715 
1553 2540716 
1554 2540716 
1555 2540716 
1556 2540717 
1557 2540717 
1558 2540717 
1559 2540718 
1560 2540718 
1561 2540719 
1562 2540719 
1563 2540719 
1564 2540720 
1565 2540720 
1566 2540721 
1567 2540725 
1568 2540725 
1569 2540733 
1570 2540733 
1571 2540735 
1572 2540738 
1573 2540741 
1574 2540742 
1575 2540759 
1576 2540759 
1577 2540759 
1578 2540760 
1579 2540760 
1580 2540760 
1581 2540761 
1582 2540761 
1583 2540762 
1584 2540762 
1585 2540767 
1586 2540767 
1587 2540768 
1588 2540768 
1589 2540769 
1590 2540773 
1591 2540778 
1592 2540794 
1593 2540800 
1594 2540801 
1595 2540801 
1596 2540801 
1597 2540802 
1598 2540802 
1599 2540804 
1600 2540804 
1601 2540805 
1602 2540805 
1603 2540807 
1604 2540807 
1605 2540807 
1606 2540808 
1607 2540808 
1608 2540808 
1609 2540809 
1610 2540809 
1611 2540809 
1612 2540810 
1613 2540810 
1614 2540810 
1615 2540811 
1616 2540811 
1617 2540812 
1618 2540812 
1619 2540812 
1620 2540813 
1621 2540813 
1622 2540814 
1623 2540814 
1624 2540815 
1625 2540815 
1626 2540817 
1627 2540817 
1628 2540817 
1629 2540818 
1630 2540818 
1631 2540818 
1632 2540819 
1633 2540819 
1634 2540819 
1635 2540820 
1636 2540820 
1637 2540821 
1638 2540821 
1639 2540823 
1640 2540849 
1641 2540850 
1642 2540858 
1643 2540859 
1644 2540860 
1645 2540860 
1646 2540860 
1647 2540860 
1648 2540860 
1649 2540861 
1650 2540861 
1651 2540861 
1652 2540862 
1653 2540862 
1654 2540862 
1655 2540863 
1656 2540864 
1657 2540864 
1658 2540865 
1659 2540865 
1660 2540866 
1661 2540866 
1662 2540867 
1663 2540867 
1664 2540867 
1665 2540868 
1666 2540868 
1667 2540869 
1668 2540869 
1669 2540869 
1670 2540870 
1671 2540870 
1672 2540870 
1673 2540871 
1674 2540872 
1675 2540872 
1676 2540873 
1677 2540873 
1678 2540873 
1679 2540874 
1680 2540874 
1681 2540874 
1682 2540875 
1683 2540875 
1684 2540875 
1685 2540876 
1686 2540876 
1687 2540877 
1688 2540877 
1689 2540878 
1690 2540878 
1691 2540878 
1692 2540879 
1693 2540879 
1694 2540879 
1695 2540880 
1696 2540880 
1697 2540880 
1698 2540880 
1699 2540881 
1700 2540881 
1701 2540881 
1702 2540881 
1703 2540882 
1704 2540882 
1705 2540882 
1706 2540882 
1707 2540883 
1708 2540883 
1709 2540883 
1710 2540884 
1711 2540884 
1712 2540884 
1713 2540885 
1714 2540885 
1715 2540885 
1716 2540886 
1717 2540886 
1718 2540886 
1719 2540887 
1720 2540887 
1721 2540887 
1722 2540888 
1723 2540888 
1724 2540888 
1725 2540889 
1726 2540889 
1727 2540890 
1728 2540892 
1729 2540893 
1730 2540893 
1731 2540894 
1732 2540894 
1733 2540895 
1734 2540896 
1735 2540897 
1736 2540897 
1737 2540897 
1738 2540898 
1739 2540898 
1740 2540899 
1741 2540901 
1742 2540901 
1743 2540902 
1744 2540902 
1745 2540902 
1746 2540903 
1747 2540903 
1748 2540904 
1749 2540904 
1750 2540904 
1751 2540905 
1752 2540906 
1753 2540906 
1754 2540907 
1755 2540907 
1756 2540908 
1757 2540908 
1758 2540908 
1759 2540909 
1760 2540910 
1761 2540910 
1762 2540910 
1763 2540911 
1764 2540911 
1765 2540912 
1766 2540913 
1767 2540913 
1768 2540914 
1769 2540915 
1770 2540915 
1771 2540915 
1772 2540916 
1773 2540918 
1774 2540918 
1775 2540918 
1776 2540919 
1777 2540921 
1778 2540925 
1779 2540926 
1780 2540928 
1781 2540928 
1782 2540929 
1783 2540929 
1784 2540930 
1785 2540931 
1786 2540932 
1787 2540932 
1788 2540932 
1789 2540933 
1790 2540933 
1791 2540934 
1792 2540934 
1793 2540935 
1794 2540935 
1795 2540936 
1796 2540938 
1797 2540938 
1798 2540940 
1799 2540940 
1800 2540941 
1801 2540942 
1802 2540942 
1803 2540942 
1804 2540943 
1805 2540943 
1806 2540944 
1807 2540946 
1808 2540946 
1809 2540948 
1810 2540949 
1811 2540950 
1812 2540951 
1813 2540953 
1814 2540953 
1815 2540954 
1816 2540955 
1817 2540955 
1818 2540956 
1819 2540956 
1820 2540956 
1821 2540958 
1822 2540958 
1823 2540958 
1824 2540958 
1825 2540960 
1826 2540961 
1827 2540961 
1828 2540962 
1829 2540963 
1830 2540963 
1831 2540964 
1832 2540964 
1833 2540964 
1834 2540964 
1835 2540965 
1836 2540965 
1837 2540965 
1838 2540966 
1839 2540966 
1840 2540966 
1841 2540966 
1842 2540967 
1843 2540967 
1844 2540967 
1845 2540967 
1846 2540968 
1847 2540968 
1848 2540969 
1849 2540969 
1850 2540969 
1851 2540970 
1852 2540970 
1853 2540970 
1854 2540970 
1855 2540971 
1856 2540971 
1857 2540971 
1858 2540972 
1859 2540972 
1860 2540972 
1861 2540972 
1862 2540973 
1863 2540973 
1864 2540973 
1865 2540973 
1866 2540974 
1867 2540974 
1868 2540974 
1869 2540974 
1870 2540974 
1871 2540975 
1872 2540975 
1873 2540975 
1874 2540975 
1875 2540976 
1876 2540976 
1877 2540976 
1878 2540977 
1879 2540977 
1880 2540977 
1881 2540978 
1882 2540978 
1883 2540978 
1884 2540979 
1885 2540979 
1886 2540979 
1887 2540980 
1888 2540980 
1889 2540981 
1890 2540982 
1891 2540982 
1892 2540982 
1893 2540983 
1894 2540983 
1895 2540984 
1896 2540984 
1897 2540986 
1898 2540986 
1899 2540986 
1900 2540987 
1901 2540989 
1902 2540990 
1903 2540991 
1904 2540991 
1905 2540991 
1906 2540991 
1907 2540992 
1908 2540993 
1909 2540994 
1910 2540994 
1911 2540995 
1912 2540995 
1913 2540996 
1914 2540996 
1915 2540996 
1916 2540997 
1917 2540997 
1918 2540998 
1919 2540998 
1920 2540998 
1921 2540999 
1922 2540999 
1923 2540999 
1924 2541001 
1925 2541003 
1926 2541003 
1927 2541004 
1928 2541004 
1929 2541006 
1930 2541007 
1931 2541008 
1932 2541008 
1933 2541009 
1934 2541009 
1935 2541015 
1936 2541015 
1937 2541016 
1938 2541016 
1939 2541017 
1940 2541017 
1941 2541018 
1942 2541019 
1943 2541019 
1944 2541020 
1945 2541020 
1946 2541020 
1947 2541021 
1948 2541021 
1949 2541022 
1950 2541022 
1951 2541022 
1952 2541024 
1953 2541024 
1954 2541025 
1955 2541025 
1956 2541025 
1957 2541026 
1958 2541026 
1959 2541026 
1960 2541026 
1961 2541027 
1962 2541027 
1963 2541029 
1964 2541032 
1965 2541033 
1966 2541034 
1967 2541034 
1968 2541034 
1969 2541035 
1970 2541035 
1971 2541035 
1972 2541036 
1973 2541047 
1974 2541048 
1975 2541049 
1976 2541049 
1977 2541050 
1978 2541050 
1979 2541051 
1980 2541051 
1981 2541051 
1982 2541052 
1983 2541052 
1984 2541053 
1985 2541053 
1986 2541054 
1987 2541054 
1988 2541054 
1989 2541055 
1990 2541055 
1991 2541055 
1992 2541056 
1993 2541056 
1994 2541057 
1995 2541057 
1996 2541057 
1997 2541058 
1998 2541058 
1999 2541059 
2000 2541059 
2001 2541059 
2002 2541060 
2003 2541060 
2004 2541060 
2005 2541061 
2006 2541062 
2007 2541062 
2008 2541062 
2009 2541063 
2010 2541063 
2011 2541063 
2012 2541064 
2013 2541064 
2014 2541064 
2015 2541064 
2016 2541067 
2017 2541075 
2018 2541094 
2019 2541094 
2020 2541100 
2021 2541101 
2022 2541101 
2023 2541110 
2024 2541110 
2025 2541110 
2026 2541111 
2027 2541111 
2028 2541112 
2029 2541112 
2030 2541112 
2031 2541116 
2032 2541120 
2033 2541120 
2034 2541134 
2035 2541150 
2036 2541151 
2037 2541151 
2038 2541151 
2039 2541152 
2040 2541152 
2041 2541152 
2042 2541153 
2043 2541153 
2044 2541154 
2045 2541154 
2046 2541155 
2047 2541156 
2048 2541156 
2049 2541157 
2050 2541159 
2051 2541161 
2052 2541162 
2053 2541175 
2054 2541175 
2055 2541175 
2056 2541176 
2057 2541176 
2058 2541176 
2059 2541177 
2060 2541177 
2061 2541177 
2062 2541178 
2063 2541196 
2064 2541281 
2065 2541284 
2066 2541296 
2067 2541296 
2068 2541315 
2069 2541316 
2070 2541334 
2071 2541352 
2072 2541352 
2073 2541353 
2074 2541357 
2075 2541473 
2076 2541473 
2077 2541474 
2078 2541475 
2079 2541475 
2080 2541476 
2081 2541476 
2082 2541477 
2083 2541477 
2084 2541479 
2085 2541486 
2086 2541487 
2087 2541488 
2088 2541490 
2089 2541491 
2090 2541491 
2091 2541496 
2092 2541499 
2093 2541500 
2094 2541500 
2095 2541500 
2096 2541503 
2097 2541504 
2098 2541505 
2099 2541505 
2100 2541505 
2101 2541506 
2102 2541506 
2103 2541506 
2104 2541506 
2105 2541507 
2106 2541507 
2107 2541507 
2108 2541508 
2109 2541509 
2110 2541509 
2111 2541509 
2112 2541510 
2113 2541510 
2114 2541510 
2115 2541510 
2116 2541511 
2117 2541511 
2118 2541511 
2119 2541511 
2120 2541511 
2121 2541511 
2122 2541512 
2123 2541512 
2124 2541512 
2125 2541513 
2126 2541513 
2127 2541514 
2128 2541514 
2129 2541514 
2130 2541514 
2131 2541515 
2132 2541515 
2133 2541516 
2134 2541516 
2135 2541517 
2136 2541517 
2137 2541517 
2138 2541518 
2139 2541518 
2140 2541518 
2141 2541519 
2142 2541519 
2143 2541520 
2144 2541520 
2145 2541520 
2146 2541521 
2147 2541521 
2148 2541522 
2149 2541523 
2150 2541523 
2151 2541523 
2152 2541523 
2153 2541524 
2154 2541524 
2155 2541524 
2156 2541524 
2157 2541524 
2158 2541525 
2159 2541525 
2160 2541525 
2161 2541526 
2162 2541526 
2163 2541526 
2164 2541526 
2165 2541527 
2166 2541527 
2167 2541527 
2168 2541528 
2169 2541528 
2170 2541528 
2171 2541529 
2172 2541529 
2173 2541529 
2174 2541529 
2175 2541530 
2176 2541530 
2177 2541530 
2178 2541530 
2179 2541530 
2180 2541531 
2181 2541531 
2182 2541531 
2183 2541531 
2184 2541531 
2185 2541532 
2186 2541532 
2187 2541532 
2188 2541532 
2189 2541532 
2190 2541533 
2191 2541533 
2192 2541533 
2193 2541534 
2194 2541534 
2195 2541534 
2196 2541535 
2197 2541535 
2198 2541535 
2199 2541535 
2200 2541536 
2201 2541536 
2202 2541541 
2203 2541543 
2204 2541546 
2205 2541549 
2206 2541565 
2207 2541567 
2208 2541567 
2209 2541574 
2210 2541579 
2211 2541579 
2212 2541582 
2213 2541582 
2214 2541582 
2215 2541583 
2216 2541583 
2217 2541584 
2218 2541585 
2219 2541585 
2220 2541585 
2221 2541586 
2222 2541586 
2223 2541586 
2224 2541587 
2225 2541587 
2226 2541587 
2227 2541588 
2228 2541588 
2229 2541588 
2230 2541588 
2231 2541589 
2232 2541589 
2233 2541589 
2234 2541590 
2235 2541590 
2236 2541590 
2237 2541591 
2238 2541591 
2239 2541597 
2240 2541599 
2241 2541600 
