1 2649602 
2 2649602 
3 2649607 
4 2649608 
5 2649608 
6 2649608 
7 2649617 
8 2649617 
9 2649617 
10 2649619 
11 2649619 
12 2649623 
13 2649623 
14 2649638 
15 2649645 
16 2649645 
17 2649648 
18 2649666 
19 2649668 
20 2649672 
21 2649684 
22 2649687 
23 2649688 
24 2649698 
25 2649699 
26 2649711 
27 2649711 
28 2649712 
29 2649712 
30 2649731 
31 2649749 
32 2649768 
33 2649808 
34 2649820 
35 2649821 
36 2649821 
37 2649829 
38 2649830 
39 2649830 
40 2649831 
41 2649831 
42 2649832 
43 2649832 
44 2649833 
45 2649833 
46 2649834 
47 2649834 
48 2649835 
49 2649854 
50 2649854 
51 2649881 
52 2649888 
53 2649890 
54 2649903 
55 2649906 
56 2649932 
57 2649933 
58 2649935 
59 2649936 
60 2649939 
61 2649949 
62 2649954 
63 2649991 
64 2649992 
65 2649992 
66 2649995 
67 2650009 
68 2650027 
69 2650028 
70 2650049 
71 2650102 
72 2650108 
73 2650289 
74 2650327 
75 2650333 
76 2650334 
77 2650334 
78 2650334 
79 2650335 
80 2650338 
81 2650341 
82 2650342 
83 2650342 
84 2650343 
85 2650343 
86 2650343 
87 2650344 
88 2650344 
89 2650345 
90 2650345 
91 2650346 
92 2650346 
93 2650346 
94 2650347 
95 2650347 
96 2650347 
97 2650348 
98 2650348 
99 2650348 
100 2650349 
101 2650349 
102 2650349 
103 2650350 
104 2650350 
105 2650350 
106 2650351 
107 2650351 
108 2650351 
109 2650352 
110 2650352 
111 2650352 
112 2650353 
113 2650353 
114 2650355 
115 2650361 
116 2650425 
117 2650425 
118 2650426 
119 2650426 
120 2650427 
121 2650427 
122 2650427 
123 2650428 
124 2650428 
125 2650429 
126 2650430 
127 2650434 
128 2650435 
129 2650436 
130 2650438 
131 2650519 
132 2650527 
133 2650527 
134 2650530 
135 2650530 
136 2650530 
137 2650531 
138 2650536 
139 2650536 
140 2650536 
141 2650537 
142 2650537 
143 2650539 
144 2650540 
145 2650540 
146 2650541 
147 2650541 
148 2650541 
149 2650548 
150 2650549 
151 2650551 
152 2650551 
153 2650566 
154 2650566 
155 2650566 
156 2650567 
157 2650567 
158 2650567 
159 2650569 
160 2650569 
161 2650572 
162 2650572 
163 2650573 
164 2650573 
165 2650573 
166 2650574 
167 2650575 
168 2650596 
169 2650687 
170 2650696 
171 2650700 
172 2650702 
173 2650705 
174 2650708 
175 2650713 
176 2650733 
177 2650733 
178 2650746 
179 2650747 
180 2650747 
181 2650757 
182 2650818 
183 2650846 
184 2650848 
185 2650852 
186 2650862 
187 2650867 
188 2650869 
189 2650871 
190 2650873 
191 2650874 
192 2650874 
193 2650874 
194 2650875 
195 2650875 
196 2650876 
197 2650876 
198 2650876 
199 2650885 
200 2650900 
201 2650964 
202 2650964 
203 2650967 
204 2650973 
205 2650973 
206 2650974 
207 2650974 
208 2650975 
209 2650975 
210 2650976 
211 2650976 
212 2650977 
213 2650977 
214 2650981 
215 2650981 
216 2650982 
217 2650984 
218 2650984 
219 2650991 
220 2650992 
221 2650992 
222 2650993 
223 2650993 
224 2651010 
225 2651012 
226 2651012 
227 2651021 
228 2651021 
229 2651021 
230 2651022 
231 2651022 
232 2651023 
233 2651024 
234 2651028 
235 2651049 
236 2651068 
237 2651074 
238 2651075 
239 2651075 
240 2651076 
241 2651100 
242 2651100 
243 2651100 
244 2651104 
245 2651228 
246 2651235 
247 2651235 
248 2651236 
249 2651237 
250 2651258 
251 2651259 
252 2651290 
253 2651290 
254 2651291 
255 2651291 
256 2651292 
257 2651292 
258 2651292 
259 2651293 
260 2651293 
261 2651293 
262 2651294 
263 2651294 
264 2651294 
265 2651294 
266 2651295 
267 2651295 
268 2651296 
269 2651296 
270 2651296 
271 2651297 
272 2651297 
273 2651297 
274 2651298 
275 2651298 
276 2651298 
277 2651299 
278 2651299 
279 2651299 
280 2651300 
281 2651300 
282 2651300 
283 2651301 
284 2651301 
285 2651302 
286 2651302 
287 2651311 
288 2651319 
289 2651321 
290 2651323 
291 2651324 
292 2651328 
293 2651332 
294 2651339 
295 2651406 
296 2651412 
297 2651413 
298 2651413 
299 2651473 
300 2651479 
301 2651484 
302 2651484 
303 2651488 
304 2651491 
305 2651498 
306 2651512 
307 2651513 
308 2651513 
309 2651513 
310 2651520 
311 2651520 
312 2651520 
313 2651575 
314 2651578 
315 2651579 
316 2651582 
317 2651585 
318 2651586 
319 2651595 
320 2651599 
321 2651606 
322 2651607 
323 2651607 
324 2651611 
325 2651611 
326 2651614 
327 2651615 
328 2651618 
329 2651619 
330 2651620 
331 2651620 
332 2651636 
333 2651637 
334 2651637 
335 2651638 
336 2651647 
337 2651651 
338 2651663 
339 2651665 
340 2651666 
341 2651672 
342 2651673 
343 2651689 
344 2651689 
345 2651689 
346 2651691 
347 2651697 
348 2651731 
349 2651731 
350 2651731 
351 2651731 
352 2651732 
353 2651732 
354 2651733 
355 2651733 
356 2651738 
357 2651738 
358 2651738 
359 2651739 
360 2651739 
361 2651739 
362 2651740 
363 2651740 
364 2651740 
365 2651748 
366 2651749 
367 2651751 
368 2651752 
369 2651752 
370 2651762 
371 2651763 
372 2651763 
373 2651764 
374 2651769 
375 2651773 
376 2651775 
377 2651778 
378 2651782 
379 2651786 
380 2651789 
381 2651917 
382 2651918 
383 2651918 
384 2651929 
385 2651954 
386 2651959 
387 2651961 
388 2651965 
389 2651966 
390 2651969 
391 2652131 
392 2652144 
393 2652147 
394 2652150 
395 2652152 
396 2652158 
397 2652168 
398 2652169 
399 2652170 
400 2652170 
401 2652172 
402 2652172 
403 2652172 
404 2652172 
405 2652176 
406 2652178 
407 2652201 
408 2652205 
409 2652207 
410 2652207 
411 2652210 
412 2652224 
413 2652306 
414 2652311 
415 2652315 
416 2652315 
417 2652315 
418 2652317 
419 2652323 
420 2652392 
421 2652394 
422 2652397 
423 2652399 
424 2652406 
425 2652406 
426 2652407 
427 2652409 
428 2652414 
429 2652443 
430 2652450 
431 2652450 
432 2652450 
433 2652453 
434 2652466 
435 2652467 
436 2652468 
437 2652486 
438 2652540 
439 2652618 
440 2652620 
441 2652620 
442 2652621 
443 2652621 
444 2652621 
445 2652660 
446 2652666 
447 2652668 
448 2652684 
449 2652685 
450 2652688 
451 2652775 
452 2652775 
453 2652778 
454 2652779 
455 2652782 
456 2652791 
457 2652795 
458 2652796 
459 2652797 
460 2652799 
461 2652801 
462 2652804 
463 2652804 
464 2652805 
465 2652805 
466 2652805 
467 2652812 
468 2652815 
469 2652819 
470 2652820 
471 2652820 
472 2652820 
473 2652821 
474 2652836 
475 2652840 
476 2652847 
477 2652849 
478 2652851 
479 2652853 
480 2652859 
481 2652877 
482 2652879 
483 2652883 
484 2652888 
485 2652895 
486 2652971 
487 2652978 
488 2652989 
489 2653000 
490 2653006 
491 2653009 
492 2653034 
493 2653037 
494 2653039 
495 2653040 
496 2653041 
497 2653045 
498 2653045 
499 2653049 
500 2653056 
501 2653061 
502 2653061 
503 2653070 
504 2653070 
505 2653071 
506 2653072 
507 2653072 
508 2653074 
509 2653079 
510 2653088 
511 2653089 
512 2653096 
513 2653097 
514 2653097 
515 2653098 
516 2653098 
517 2653098 
518 2653099 
519 2653099 
520 2653099 
521 2653100 
522 2653100 
523 2653101 
524 2653101 
525 2653112 
526 2653113 
527 2653113 
528 2653114 
529 2653114 
530 2653114 
531 2653115 
532 2653117 
533 2653120 
534 2653120 
535 2653121 
536 2653121 
537 2653121 
538 2653127 
539 2653127 
540 2653128 
541 2653128 
542 2653129 
543 2653131 
544 2653131 
545 2653133 
546 2653133 
547 2653134 
548 2653134 
549 2653135 
550 2653135 
551 2653136 
552 2653136 
553 2653136 
554 2653137 
555 2653137 
556 2653139 
557 2653140 
558 2653140 
559 2653141 
560 2653141 
561 2653142 
562 2653142 
563 2653142 
564 2653143 
565 2653143 
566 2653143 
567 2653143 
568 2653144 
569 2653144 
570 2653144 
571 2653145 
572 2653145 
573 2653149 
574 2653150 
575 2653150 
576 2653151 
577 2653155 
578 2653156 
579 2653156 
580 2653157 
581 2653157 
582 2653158 
583 2653158 
584 2653161 
585 2653161 
586 2653161 
587 2653164 
588 2653164 
589 2653193 
590 2653193 
