1 2509200 
2 2509201 
3 2509202 
4 2509202 
5 2509202 
6 2509203 
7 2509204 
8 2509204 
9 2509205 
10 2509206 
11 2509206 
12 2509206 
13 2509207 
14 2509208 
15 2509211 
16 2509213 
17 2509213 
18 2509214 
19 2509216 
20 2509216 
21 2509216 
22 2509217 
23 2509220 
24 2509221 
25 2509221 
26 2509222 
27 2509222 
28 2509223 
29 2509223 
30 2509223 
31 2509224 
32 2509224 
33 2509226 
34 2509226 
35 2509227 
36 2509228 
37 2509232 
38 2509232 
39 2509233 
40 2509233 
41 2509233 
42 2509233 
43 2509234 
44 2509234 
45 2509235 
46 2509235 
47 2509235 
48 2509236 
49 2509237 
50 2509237 
51 2509238 
52 2509238 
53 2509239 
54 2509239 
55 2509240 
56 2509240 
57 2509247 
58 2509247 
59 2509248 
60 2509248 
61 2509249 
62 2509249 
63 2509249 
64 2509250 
65 2509250 
66 2509250 
67 2509251 
68 2509251 
69 2509252 
70 2509252 
71 2509253 
72 2509253 
73 2509272 
74 2509273 
75 2509273 
76 2509273 
77 2509274 
78 2509274 
79 2509283 
80 2509289 
81 2509293 
82 2509300 
83 2509301 
84 2509301 
85 2509302 
86 2509313 
87 2509314 
88 2509316 
89 2509317 
90 2509321 
91 2509322 
92 2509327 
93 2509327 
94 2509327 
95 2509329 
96 2509333 
97 2509339 
98 2509340 
99 2509340 
100 2509341 
101 2509341 
102 2509342 
103 2509342 
104 2509343 
105 2509343 
106 2509346 
107 2509349 
108 2509354 
109 2509354 
110 2509354 
111 2509355 
112 2509357 
113 2509358 
114 2509358 
115 2509358 
116 2509358 
117 2509359 
118 2509359 
119 2509359 
120 2509360 
121 2509363 
122 2509364 
123 2509366 
124 2509366 
125 2509367 
126 2509367 
127 2509367 
128 2509367 
129 2509368 
130 2509368 
131 2509369 
132 2509369 
133 2509370 
134 2509371 
135 2509371 
136 2509371 
137 2509373 
138 2509374 
139 2509374 
140 2509382 
141 2509384 
142 2509384 
143 2509385 
144 2509385 
145 2509385 
146 2509386 
147 2509386 
148 2509386 
149 2509387 
150 2509387 
151 2509387 
152 2509388 
153 2509388 
154 2509388 
155 2509389 
156 2509389 
157 2509389 
158 2509389 
159 2509390 
160 2509390 
161 2509390 
162 2509391 
163 2509391 
164 2509391 
165 2509391 
166 2509392 
167 2509392 
168 2509392 
169 2509392 
170 2509393 
171 2509393 
172 2509393 
173 2509394 
174 2509394 
175 2509394 
176 2509394 
177 2509395 
178 2509395 
179 2509395 
180 2509396 
181 2509396 
182 2509396 
183 2509397 
184 2509397 
185 2509397 
186 2509398 
187 2509398 
188 2509400 
189 2509403 
190 2509406 
191 2509410 
192 2509411 
193 2509411 
194 2509411 
195 2509412 
196 2509415 
197 2509415 
198 2509416 
199 2509416 
200 2509417 
201 2509417 
202 2509418 
203 2509419 
204 2509419 
205 2509420 
206 2509420 
207 2509421 
208 2509423 
209 2509424 
210 2509425 
211 2509425 
212 2509425 
213 2509426 
214 2509426 
215 2509426 
216 2509427 
217 2509427 
218 2509427 
219 2509428 
220 2509428 
221 2509429 
222 2509429 
223 2509430 
224 2509431 
225 2509433 
226 2509433 
227 2509435 
228 2509435 
229 2509440 
230 2509440 
231 2509440 
232 2509441 
233 2509441 
234 2509441 
235 2509443 
236 2509443 
237 2509444 
238 2509444 
239 2509444 
240 2509445 
241 2509445 
242 2509446 
243 2509447 
244 2509447 
245 2509447 
246 2509448 
247 2509448 
248 2509448 
249 2509449 
250 2509449 
251 2509449 
252 2509450 
253 2509450 
254 2509450 
255 2509451 
256 2509452 
257 2509452 
258 2509452 
259 2509453 
260 2509453 
261 2509453 
262 2509453 
263 2509454 
264 2509454 
265 2509454 
266 2509454 
267 2509455 
268 2509456 
269 2509458 
270 2509461 
271 2509462 
272 2509464 
273 2509467 
274 2509467 
275 2509467 
276 2509470 
277 2509471 
278 2509472 
279 2509472 
280 2509473 
281 2509473 
282 2509473 
283 2509474 
284 2509474 
285 2509475 
286 2509481 
287 2509483 
288 2509486 
289 2509486 
290 2509487 
291 2509487 
292 2509487 
293 2509488 
294 2509494 
295 2509494 
296 2509499 
297 2509499 
298 2509500 
299 2509502 
300 2509504 
301 2509508 
302 2509508 
303 2509508 
304 2509509 
305 2509509 
306 2509510 
307 2509510 
308 2509519 
309 2509520 
310 2509520 
311 2509521 
312 2509521 
313 2509522 
314 2509522 
315 2509522 
316 2509523 
317 2509524 
318 2509525 
319 2509526 
320 2509526 
321 2509527 
322 2509528 
323 2509528 
324 2509529 
325 2509529 
326 2509529 
327 2509530 
328 2509530 
329 2509530 
330 2509531 
331 2509531 
332 2509532 
333 2509532 
334 2509532 
335 2509533 
336 2509533 
337 2509534 
338 2509534 
339 2509534 
340 2509534 
341 2509535 
342 2509535 
343 2509536 
344 2509536 
345 2509540 
346 2509540 
347 2509541 
348 2509541 
349 2509541 
350 2509542 
351 2509542 
352 2509543 
353 2509543 
354 2509543 
355 2509544 
356 2509545 
357 2509545 
358 2509546 
359 2509546 
360 2509547 
361 2509547 
362 2509547 
363 2509548 
364 2509548 
365 2509548 
366 2509549 
367 2509551 
368 2509552 
369 2509552 
370 2509553 
371 2509553 
372 2509554 
373 2509554 
374 2509554 
375 2509555 
376 2509555 
377 2509555 
378 2509556 
379 2509556 
380 2509557 
381 2509557 
382 2509559 
383 2509559 
384 2509560 
385 2509560 
386 2509561 
387 2509561 
388 2509561 
389 2509562 
390 2509562 
391 2509563 
392 2509563 
393 2509564 
394 2509564 
395 2509564 
396 2509565 
397 2509565 
398 2509566 
399 2509566 
400 2509567 
401 2509567 
402 2509567 
403 2509568 
404 2509568 
405 2509568 
406 2509569 
407 2509569 
408 2509569 
409 2509571 
410 2509571 
411 2509573 
412 2509573 
413 2509573 
414 2509574 
415 2509575 
416 2509575 
417 2509576 
418 2509577 
419 2509578 
420 2509578 
421 2509578 
422 2509582 
423 2509583 
424 2509583 
425 2509587 
426 2509589 
427 2509617 
428 2509624 
429 2509624 
430 2509625 
431 2509625 
432 2509625 
433 2509626 
434 2509626 
435 2509627 
436 2509627 
437 2509627 
438 2509628 
439 2509628 
440 2509628 
441 2509629 
442 2509629 
443 2509630 
444 2509630 
445 2509631 
446 2509631 
447 2509632 
448 2509632 
449 2509632 
450 2509633 
451 2509633 
452 2509634 
453 2509634 
454 2509635 
455 2509635 
456 2509636 
457 2509636 
458 2509636 
459 2509637 
460 2509637 
461 2509637 
462 2509638 
463 2509676 
464 2509676 
465 2509679 
466 2509679 
467 2509681 
468 2509683 
469 2509684 
470 2509687 
471 2509689 
472 2509690 
473 2509690 
474 2509690 
475 2509696 
476 2509698 
477 2509702 
478 2509705 
479 2509706 
480 2509706 
481 2509707 
482 2509707 
483 2509707 
484 2509708 
485 2509711 
486 2509712 
487 2509718 
488 2509720 
489 2509720 
490 2509720 
491 2509721 
492 2509721 
493 2509721 
494 2509722 
495 2509724 
496 2509725 
497 2509726 
498 2509726 
499 2509726 
500 2509727 
501 2509727 
502 2509729 
503 2509729 
504 2509730 
505 2509730 
506 2509732 
507 2509733 
508 2509733 
509 2509733 
510 2509735 
511 2509736 
512 2509737 
513 2509737 
514 2509738 
515 2509738 
516 2509738 
517 2509738 
518 2509741 
519 2509742 
520 2509742 
521 2509752 
522 2509752 
523 2509753 
524 2509753 
525 2509753 
526 2509754 
527 2509755 
528 2509755 
529 2509758 
530 2509767 
531 2509768 
532 2509774 
533 2509775 
534 2509776 
535 2509778 
536 2509778 
537 2509779 
538 2509779 
539 2509781 
540 2509786 
541 2509786 
542 2509786 
543 2509787 
544 2509787 
545 2509787 
546 2509788 
547 2509788 
548 2509788 
549 2509788 
550 2509789 
551 2509789 
552 2509789 
553 2509790 
554 2509790 
555 2509790 
556 2509791 
557 2509791 
558 2509791 
559 2509792 
560 2509792 
561 2509793 
562 2509793 
563 2509796 
564 2509796 
565 2509797 
566 2509797 
567 2509797 
568 2509798 
569 2509798 
570 2509799 
571 2509799 
572 2509799 
573 2509800 
574 2509802 
575 2509802 
576 2509803 
577 2509803 
578 2509804 
579 2509805 
580 2509805 
581 2509806 
582 2509806 
583 2509808 
584 2509809 
585 2509810 
586 2509810 
587 2509811 
588 2509811 
589 2509812 
590 2509812 
591 2509813 
592 2509813 
593 2509813 
594 2509814 
595 2509815 
596 2509816 
597 2509829 
598 2509843 
599 2509843 
600 2509874 
601 2509874 
602 2509877 
603 2509880 
604 2509880 
605 2509881 
606 2509881 
607 2509881 
608 2509882 
609 2509882 
610 2509883 
611 2509883 
612 2509888 
613 2509889 
614 2509889 
615 2509890 
616 2509890 
617 2510028 
618 2510028 
619 2510029 
620 2510034 
621 2510037 
622 2510037 
623 2510037 
624 2510054 
625 2510057 
626 2510057 
627 2510092 
628 2510092 
629 2510093 
630 2510093 
631 2510093 
632 2510094 
633 2510096 
634 2510096 
635 2510099 
636 2510100 
637 2510100 
638 2510100 
639 2510100 
640 2510101 
641 2510101 
642 2510101 
643 2510102 
644 2510102 
645 2510102 
646 2510103 
647 2510103 
648 2510103 
649 2510106 
650 2510107 
651 2510107 
652 2510107 
653 2510108 
654 2510113 
655 2510115 
656 2510136 
657 2510139 
658 2510141 
659 2510141 
660 2510145 
661 2510152 
662 2510152 
663 2510153 
664 2510153 
665 2510155 
666 2510195 
667 2510197 
668 2510197 
669 2510200 
670 2510212 
671 2510213 
672 2510213 
673 2510213 
674 2510214 
675 2510214 
676 2510214 
677 2510216 
678 2510216 
679 2510217 
680 2510217 
681 2510218 
682 2510218 
683 2510218 
684 2510219 
685 2510219 
686 2510220 
687 2510220 
688 2510220 
689 2510221 
690 2510225 
691 2510225 
692 2510225 
693 2510226 
694 2510226 
695 2510227 
696 2510229 
697 2510234 
698 2510264 
699 2510264 
700 2510267 
701 2510267 
702 2510267 
703 2510271 
704 2510273 
705 2510273 
706 2510277 
707 2510278 
708 2510278 
709 2510279 
710 2510279 
711 2510279 
712 2510280 
713 2510280 
714 2510281 
715 2510281 
716 2510282 
717 2510282 
718 2510283 
719 2510283 
720 2510283 
721 2510284 
722 2510284 
723 2510285 
724 2510285 
725 2510285 
726 2510286 
727 2510286 
728 2510286 
729 2510287 
730 2510287 
731 2510288 
732 2510288 
733 2510288 
734 2510289 
735 2510289 
736 2510290 
737 2510290 
738 2510290 
739 2510291 
740 2510291 
741 2510292 
742 2510293 
743 2510294 
744 2510294 
745 2510295 
746 2510295 
747 2510295 
748 2510296 
749 2510296 
750 2510297 
751 2510297 
752 2510297 
753 2510297 
754 2510298 
755 2510298 
756 2510298 
757 2510299 
758 2510299 
759 2510299 
760 2510300 
761 2510300 
762 2510300 
763 2510301 
764 2510301 
765 2510303 
766 2510303 
767 2510304 
768 2510304 
769 2510305 
770 2510305 
771 2510306 
772 2510306 
773 2510306 
774 2510307 
775 2510309 
776 2510309 
777 2510310 
778 2510310 
779 2510310 
780 2510311 
781 2510315 
782 2510315 
783 2510316 
784 2510316 
785 2510316 
786 2510319 
787 2510319 
788 2510325 
789 2510326 
790 2510326 
791 2510331 
792 2510331 
793 2510332 
794 2510332 
795 2510333 
796 2510333 
797 2510333 
798 2510334 
799 2510334 
800 2510334 
801 2510335 
802 2510335 
803 2510335 
804 2510335 
805 2510336 
806 2510336 
807 2510336 
808 2510336 
809 2510337 
810 2510337 
811 2510337 
812 2510337 
813 2510338 
814 2510338 
815 2510338 
816 2510339 
817 2510340 
818 2510342 
819 2510343 
820 2510343 
821 2510344 
822 2510344 
823 2510350 
824 2510350 
825 2510350 
826 2510351 
827 2510360 
828 2510362 
829 2510363 
830 2510372 
831 2510377 
832 2510382 
833 2510383 
834 2510383 
835 2510384 
836 2510385 
837 2510385 
838 2510385 
839 2510389 
840 2510398 
841 2510398 
842 2510446 
843 2510449 
844 2510450 
845 2510450 
846 2510450 
847 2510451 
848 2510455 
849 2510455 
850 2510459 
851 2510466 
852 2510466 
853 2510466 
854 2510467 
855 2510467 
856 2510467 
857 2510468 
858 2510468 
859 2510468 
860 2510468 
861 2510469 
862 2510469 
863 2510470 
864 2510470 
865 2510470 
866 2510470 
867 2510471 
868 2510471 
869 2510471 
870 2510472 
871 2510472 
872 2510472 
873 2510473 
874 2510473 
875 2510473 
876 2510474 
877 2510474 
878 2510474 
879 2510475 
880 2510475 
881 2510475 
882 2510475 
883 2510476 
884 2510476 
885 2510476 
886 2510477 
887 2510477 
888 2510477 
889 2510478 
890 2510478 
891 2510478 
892 2510479 
893 2510479 
894 2510479 
895 2510480 
896 2510480 
897 2510480 
898 2510480 
899 2510481 
900 2510481 
901 2510481 
902 2510482 
903 2510482 
904 2510482 
905 2510483 
906 2510483 
907 2510484 
908 2510484 
909 2510484 
910 2510484 
911 2510485 
912 2510485 
913 2510485 
914 2510486 
915 2510486 
916 2510486 
917 2510487 
918 2510487 
919 2510487 
920 2510488 
921 2510488 
922 2510488 
923 2510489 
924 2510489 
925 2510489 
926 2510490 
927 2510490 
928 2510490 
929 2510491 
930 2510491 
931 2510491 
932 2510492 
933 2510492 
934 2510492 
935 2510492 
936 2510493 
937 2510493 
938 2510493 
939 2510494 
940 2510494 
941 2510494 
942 2510494 
943 2510495 
944 2510495 
945 2510495 
946 2510496 
947 2510496 
948 2510496 
949 2510497 
950 2510497 
951 2510497 
952 2510497 
953 2510498 
954 2510498 
955 2510498 
956 2510499 
957 2510499 
958 2510502 
959 2510509 
960 2510533 
961 2510533 
962 2510534 
963 2510551 
964 2510552 
965 2510553 
966 2510553 
967 2510553 
968 2510554 
969 2510554 
970 2510554 
971 2510555 
972 2510555 
973 2510557 
974 2510558 
975 2510561 
976 2510567 
977 2510569 
978 2510570 
979 2510620 
980 2510620 
981 2510621 
982 2510621 
983 2510623 
984 2510624 
985 2510624 
986 2510675 
987 2510675 
988 2510676 
989 2510676 
990 2510676 
991 2510676 
992 2510677 
993 2510756 
994 2510757 
995 2510757 
996 2510779 
997 2510792 
998 2510792 
999 2510793 
1000 2510793 
1001 2510793 
1002 2510794 
1003 2510796 
1004 2510806 
1005 2510806 
1006 2510831 
1007 2510835 
1008 2510839 
1009 2510844 
1010 2510854 
1011 2510855 
1012 2510855 
1013 2510855 
1014 2510856 
1015 2510856 
1016 2510856 
1017 2510857 
1018 2510857 
1019 2510857 
1020 2510858 
1021 2510858 
1022 2510858 
1023 2510859 
1024 2510859 
1025 2510859 
1026 2510860 
1027 2510860 
1028 2510860 
1029 2510861 
1030 2510861 
1031 2510861 
1032 2510862 
1033 2510862 
1034 2510862 
1035 2510863 
1036 2510863 
1037 2510863 
1038 2510864 
1039 2510864 
1040 2510865 
1041 2510865 
1042 2510865 
1043 2510865 
1044 2510866 
1045 2510866 
1046 2510867 
1047 2510867 
1048 2510867 
1049 2510868 
1050 2510878 
1051 2510880 
1052 2510881 
1053 2510881 
1054 2510882 
1055 2510883 
1056 2510883 
1057 2510884 
1058 2510888 
1059 2510889 
1060 2510889 
1061 2510891 
1062 2510891 
1063 2510892 
1064 2510893 
1065 2510893 
1066 2510938 
1067 2510943 
1068 2510943 
1069 2510944 
1070 2510946 
1071 2510952 
1072 2510993 
1073 2510993 
1074 2510993 
1075 2511005 
1076 2511005 
1077 2511006 
1078 2511006 
1079 2511007 
1080 2511007 
1081 2511016 
1082 2511047 
1083 2511048 
1084 2511048 
1085 2511048 
1086 2511049 
1087 2511051 
1088 2511051 
1089 2511056 
1090 2511072 
1091 2511073 
1092 2511076 
1093 2511116 
1094 2511120 
1095 2511120 
1096 2511121 
1097 2511121 
1098 2511126 
1099 2511127 
1100 2511128 
1101 2511135 
1102 2511136 
1103 2511136 
1104 2511136 
1105 2511142 
1106 2511142 
1107 2511142 
1108 2511143 
1109 2511143 
1110 2511143 
1111 2511144 
1112 2511144 
1113 2511144 
1114 2511145 
1115 2511145 
1116 2511145 
1117 2511146 
1118 2511146 
1119 2511146 
1120 2511146 
1121 2511147 
1122 2511147 
1123 2511147 
1124 2511148 
1125 2511148 
1126 2511148 
1127 2511149 
1128 2511149 
1129 2511149 
1130 2511150 
1131 2511150 
1132 2511150 
1133 2511151 
1134 2511151 
1135 2511151 
1136 2511152 
1137 2511153 
1138 2511153 
1139 2511154 
1140 2511154 
1141 2511155 
1142 2511155 
1143 2511155 
1144 2511156 
1145 2511156 
1146 2511156 
1147 2511157 
1148 2511157 
1149 2511157 
1150 2511158 
1151 2511158 
1152 2511159 
1153 2511159 
1154 2511160 
1155 2511161 
1156 2511161 
1157 2511161 
1158 2511162 
1159 2511162 
1160 2511162 
1161 2511163 
1162 2511163 
1163 2511163 
1164 2511164 
1165 2511164 
1166 2511164 
1167 2511165 
1168 2511165 
1169 2511165 
1170 2511165 
1171 2511166 
1172 2511166 
1173 2511167 
1174 2511171 
1175 2511171 
1176 2511172 
1177 2511172 
1178 2511172 
1179 2511173 
1180 2511173 
1181 2511177 
1182 2511177 
1183 2511177 
1184 2511178 
1185 2511178 
1186 2511178 
1187 2511179 
1188 2511179 
1189 2511179 
1190 2511180 
1191 2511180 
1192 2511181 
1193 2511181 
1194 2511197 
1195 2511200 
1196 2511201 
1197 2511201 
1198 2511203 
1199 2511207 
1200 2511207 
1201 2511208 
1202 2511208 
1203 2511209 
1204 2511209 
1205 2511209 
1206 2511210 
1207 2511210 
1208 2511210 
1209 2511210 
1210 2511211 
1211 2511211 
1212 2511211 
1213 2511212 
1214 2511219 
1215 2511220 
1216 2511220 
1217 2511221 
1218 2511221 
1219 2511221 
1220 2511222 
1221 2511222 
1222 2511223 
1223 2511223 
1224 2511226 
1225 2511226 
1226 2511226 
1227 2511243 
1228 2511245 
1229 2511249 
1230 2511250 
1231 2511250 
1232 2511250 
1233 2511251 
1234 2511251 
1235 2511251 
1236 2511255 
1237 2511259 
1238 2511259 
1239 2511259 
1240 2511260 
1241 2511260 
1242 2511264 
1243 2511264 
1244 2511265 
1245 2511271 
1246 2511276 
1247 2511277 
1248 2511277 
1249 2511278 
1250 2511284 
1251 2511288 
1252 2511293 
1253 2511293 
1254 2511295 
1255 2511298 
1256 2511300 
1257 2511304 
1258 2511305 
1259 2511305 
1260 2511305 
1261 2511306 
1262 2511306 
1263 2511306 
1264 2511307 
1265 2511307 
1266 2511307 
1267 2511307 
1268 2511308 
1269 2511308 
1270 2511308 
1271 2511309 
1272 2511309 
1273 2511309 
1274 2511310 
1275 2511310 
1276 2511310 
1277 2511311 
1278 2511311 
1279 2511311 
1280 2511312 
1281 2511312 
1282 2511312 
1283 2511312 
1284 2511313 
1285 2511313 
1286 2511313 
1287 2511314 
1288 2511314 
1289 2511314 
1290 2511315 
1291 2511315 
1292 2511315 
1293 2511316 
1294 2511316 
1295 2511316 
1296 2511317 
1297 2511317 
1298 2511317 
1299 2511318 
1300 2511318 
1301 2511318 
1302 2511318 
1303 2511319 
1304 2511319 
1305 2511319 
1306 2511320 
1307 2511320 
1308 2511320 
1309 2511321 
1310 2511321 
1311 2511321 
1312 2511322 
1313 2511322 
1314 2511322 
1315 2511323 
1316 2511323 
1317 2511323 
1318 2511324 
1319 2511324 
1320 2511324 
1321 2511325 
1322 2511325 
1323 2511325 
1324 2511325 
1325 2511326 
1326 2511326 
1327 2511327 
1328 2511327 
1329 2511327 
1330 2511328 
1331 2511328 
1332 2511328 
1333 2511328 
1334 2511329 
1335 2511329 
1336 2511329 
1337 2511330 
1338 2511330 
1339 2511330 
1340 2511330 
1341 2511331 
1342 2511331 
1343 2511331 
1344 2511332 
1345 2511332 
1346 2511332 
1347 2511333 
1348 2511333 
1349 2511333 
1350 2511333 
1351 2511334 
1352 2511334 
1353 2511334 
1354 2511335 
1355 2511335 
1356 2511335 
1357 2511335 
1358 2511336 
1359 2511336 
1360 2511336 
1361 2511336 
1362 2511337 
1363 2511337 
1364 2511337 
1365 2511338 
1366 2511341 
1367 2511341 
1368 2511342 
1369 2511342 
1370 2511342 
1371 2511343 
1372 2511343 
1373 2511343 
1374 2511344 
1375 2511344 
1376 2511344 
1377 2511345 
1378 2511345 
1379 2511345 
1380 2511345 
1381 2511346 
1382 2511346 
1383 2511346 
1384 2511347 
1385 2511347 
1386 2511347 
1387 2511348 
1388 2511348 
1389 2511348 
1390 2511349 
1391 2511349 
1392 2511349 
1393 2511350 
1394 2511352 
1395 2511352 
1396 2511352 
1397 2511353 
1398 2511353 
1399 2511353 
1400 2511354 
1401 2511354 
1402 2511354 
1403 2511355 
1404 2511355 
1405 2511355 
1406 2511356 
1407 2511356 
1408 2511356 
1409 2511357 
1410 2511357 
1411 2511357 
1412 2511358 
1413 2511358 
1414 2511358 
1415 2511359 
1416 2511359 
1417 2511359 
1418 2511360 
1419 2511360 
1420 2511361 
1421 2511361 
1422 2511361 
1423 2511364 
1424 2511365 
1425 2511365 
1426 2511365 
1427 2511366 
1428 2511366 
1429 2511366 
1430 2511367 
1431 2511367 
1432 2511367 
1433 2511368 
1434 2511368 
1435 2511368 
1436 2511369 
1437 2511369 
1438 2511369 
1439 2511370 
1440 2511370 
1441 2511370 
1442 2511371 
1443 2511371 
1444 2511371 
1445 2511372 
1446 2511372 
1447 2511372 
1448 2511373 
1449 2511373 
1450 2511374 
1451 2511374 
1452 2511374 
1453 2511375 
1454 2511375 
1455 2511375 
1456 2511376 
1457 2511376 
1458 2511377 
1459 2511377 
1460 2511377 
1461 2511378 
1462 2511378 
1463 2511378 
1464 2511379 
1465 2511379 
1466 2511379 
1467 2511380 
1468 2511380 
1469 2511381 
1470 2511381 
1471 2511381 
1472 2511382 
1473 2511382 
1474 2511382 
1475 2511383 
1476 2511383 
1477 2511384 
1478 2511384 
1479 2511384 
1480 2511385 
1481 2511385 
1482 2511386 
1483 2511386 
1484 2511386 
1485 2511387 
1486 2511387 
1487 2511388 
1488 2511388 
1489 2511388 
1490 2511389 
1491 2511389 
1492 2511389 
1493 2511390 
1494 2511390 
1495 2511390 
1496 2511391 
1497 2511391 
1498 2511391 
1499 2511392 
1500 2511392 
1501 2511392 
1502 2511393 
1503 2511393 
1504 2511393 
1505 2511393 
1506 2511394 
1507 2511394 
1508 2511394 
1509 2511395 
1510 2511395 
1511 2511395 
1512 2511396 
1513 2511396 
1514 2511396 
1515 2511396 
1516 2511397 
1517 2511397 
1518 2511397 
1519 2511398 
1520 2511398 
1521 2511398 
1522 2511399 
1523 2511399 
1524 2511399 
1525 2511399 
1526 2511400 
1527 2511400 
1528 2511400 
1529 2511401 
1530 2511401 
1531 2511401 
1532 2511402 
1533 2511402 
1534 2511402 
1535 2511403 
1536 2511403 
1537 2511403 
1538 2511404 
1539 2511404 
1540 2511404 
1541 2511405 
1542 2511405 
1543 2511405 
1544 2511406 
1545 2511406 
1546 2511406 
1547 2511407 
1548 2511407 
1549 2511407 
1550 2511408 
1551 2511408 
1552 2511408 
1553 2511409 
1554 2511409 
1555 2511409 
1556 2511410 
1557 2511410 
1558 2511411 
1559 2511411 
1560 2511411 
1561 2511411 
1562 2511412 
1563 2511412 
1564 2511412 
1565 2511413 
1566 2511413 
1567 2511413 
1568 2511414 
1569 2511414 
1570 2511414 
1571 2511415 
1572 2511415 
1573 2511415 
1574 2511416 
1575 2511416 
1576 2511416 
1577 2511416 
1578 2511417 
1579 2511417 
1580 2511417 
1581 2511418 
1582 2511418 
1583 2511418 
1584 2511419 
1585 2511419 
1586 2511419 
1587 2511420 
1588 2511420 
1589 2511420 
1590 2511421 
1591 2511421 
1592 2511421 
1593 2511422 
1594 2511422 
1595 2511422 
1596 2511423 
1597 2511423 
1598 2511424 
1599 2511424 
1600 2511424 
1601 2511425 
1602 2511425 
1603 2511425 
1604 2511426 
1605 2511426 
1606 2511426 
1607 2511427 
1608 2511427 
1609 2511427 
1610 2511428 
1611 2511428 
1612 2511428 
1613 2511428 
1614 2511429 
1615 2511429 
1616 2511429 
1617 2511430 
1618 2511430 
1619 2511430 
1620 2511431 
1621 2511431 
1622 2511431 
1623 2511432 
1624 2511432 
1625 2511432 
1626 2511433 
1627 2511433 
1628 2511433 
1629 2511433 
1630 2511434 
1631 2511434 
1632 2511435 
1633 2511435 
1634 2511435 
1635 2511436 
1636 2511436 
1637 2511436 
1638 2511436 
1639 2511437 
1640 2511437 
1641 2511437 
1642 2511438 
1643 2511438 
1644 2511438 
1645 2511439 
1646 2511439 
1647 2511439 
1648 2511439 
1649 2511440 
1650 2511440 
1651 2511440 
1652 2511441 
1653 2511441 
1654 2511441 
1655 2511442 
1656 2511442 
1657 2511442 
1658 2511443 
1659 2511443 
1660 2511443 
1661 2511443 
1662 2511444 
1663 2511444 
1664 2511444 
1665 2511444 
1666 2511445 
1667 2511445 
1668 2511445 
1669 2511445 
1670 2511446 
1671 2511446 
1672 2511446 
1673 2511447 
1674 2511447 
1675 2511447 
1676 2511448 
1677 2511448 
1678 2511448 
1679 2511449 
1680 2511449 
1681 2511449 
1682 2511450 
1683 2511450 
1684 2511450 
1685 2511450 
1686 2511451 
1687 2511451 
1688 2511451 
1689 2511452 
1690 2511452 
1691 2511453 
1692 2511453 
1693 2511455 
1694 2511455 
1695 2511455 
1696 2511456 
1697 2511456 
1698 2511456 
1699 2511457 
1700 2511457 
1701 2511457 
1702 2511458 
1703 2511458 
1704 2511458 
1705 2511459 
1706 2511459 
1707 2511460 
1708 2511460 
1709 2511460 
1710 2511461 
1711 2511461 
1712 2511462 
1713 2511462 
1714 2511463 
1715 2511463 
1716 2511464 
1717 2511464 
1718 2511464 
1719 2511465 
1720 2511465 
1721 2511466 
1722 2511466 
1723 2511466 
1724 2511467 
1725 2511467 
1726 2511467 
1727 2511468 
1728 2511468 
1729 2511468 
1730 2511469 
1731 2511469 
1732 2511469 
1733 2511470 
1734 2511470 
1735 2511471 
1736 2511471 
1737 2511471 
1738 2511472 
1739 2511472 
1740 2511472 
1741 2511473 
1742 2511473 
1743 2511474 
1744 2511474 
1745 2511474 
1746 2511475 
1747 2511475 
1748 2511475 
1749 2511476 
1750 2511476 
1751 2511476 
1752 2511477 
1753 2511477 
1754 2511478 
1755 2511478 
1756 2511478 
1757 2511479 
1758 2511479 
1759 2511480 
1760 2511480 
1761 2511480 
1762 2511481 
1763 2511481 
1764 2511481 
1765 2511482 
1766 2511482 
1767 2511482 
1768 2511483 
1769 2511483 
1770 2511483 
1771 2511484 
1772 2511484 
1773 2511484 
1774 2511485 
1775 2511485 
1776 2511485 
1777 2511485 
1778 2511486 
1779 2511486 
1780 2511487 
1781 2511487 
1782 2511487 
1783 2511488 
1784 2511488 
1785 2511488 
1786 2511488 
1787 2511489 
1788 2511489 
1789 2511490 
1790 2511490 
1791 2511490 
1792 2511491 
1793 2511491 
1794 2511491 
1795 2511492 
1796 2511492 
1797 2511492 
1798 2511493 
1799 2511493 
1800 2511493 
1801 2511494 
1802 2511494 
1803 2511494 
1804 2511494 
1805 2511495 
1806 2511495 
1807 2511495 
1808 2511496 
1809 2511496 
1810 2511496 
1811 2511497 
1812 2511497 
1813 2511497 
1814 2511498 
1815 2511498 
1816 2511498 
1817 2511499 
1818 2511499 
1819 2511499 
1820 2511500 
1821 2511500 
1822 2511500 
1823 2511501 
1824 2511501 
1825 2511501 
1826 2511502 
1827 2511502 
1828 2511502 
1829 2511503 
1830 2511503 
1831 2511503 
1832 2511504 
1833 2511504 
1834 2511505 
1835 2511505 
1836 2511506 
1837 2511506 
1838 2511507 
1839 2511507 
1840 2511507 
1841 2511508 
1842 2511508 
1843 2511508 
1844 2511509 
1845 2511509 
1846 2511509 
1847 2511510 
1848 2511510 
1849 2511511 
1850 2511511 
1851 2511511 
1852 2511512 
1853 2511512 
1854 2511513 
1855 2511513 
1856 2511513 
1857 2511514 
1858 2511514 
1859 2511514 
1860 2511515 
1861 2511515 
1862 2511516 
1863 2511516 
1864 2511516 
1865 2511518 
1866 2511518 
1867 2511518 
1868 2511519 
1869 2511519 
1870 2511520 
1871 2511520 
1872 2511520 
1873 2511521 
1874 2511521 
1875 2511521 
1876 2511522 
1877 2511522 
1878 2511522 
1879 2511523 
1880 2511523 
1881 2511523 
1882 2511524 
1883 2511524 
1884 2511524 
1885 2511525 
1886 2511525 
1887 2511525 
1888 2511526 
1889 2511526 
1890 2511527 
1891 2511527 
1892 2511527 
1893 2511528 
1894 2511528 
1895 2511528 
1896 2511529 
1897 2511529 
1898 2511529 
1899 2511530 
1900 2511530 
1901 2511530 
1902 2511531 
1903 2511531 
1904 2511531 
1905 2511532 
1906 2511532 
1907 2511532 
1908 2511532 
1909 2511533 
1910 2511533 
1911 2511533 
1912 2511534 
1913 2511534 
1914 2511534 
1915 2511535 
1916 2511535 
1917 2511535 
1918 2511536 
1919 2511536 
1920 2511536 
1921 2511537 
1922 2511537 
1923 2511538 
1924 2511538 
1925 2511538 
1926 2511538 
1927 2511539 
1928 2511539 
1929 2511540 
1930 2511540 
1931 2511541 
1932 2511541 
1933 2511541 
1934 2511542 
1935 2511542 
1936 2511542 
1937 2511543 
1938 2511543 
1939 2511543 
1940 2511544 
1941 2511544 
1942 2511544 
1943 2511544 
1944 2511545 
1945 2511545 
1946 2511545 
1947 2511545 
1948 2511545 
1949 2511546 
1950 2511546 
1951 2511546 
1952 2511547 
1953 2511547 
1954 2511547 
1955 2511547 
1956 2511548 
1957 2511548 
1958 2511548 
1959 2511549 
1960 2511549 
1961 2511549 
1962 2511549 
1963 2511549 
1964 2511550 
1965 2511550 
1966 2511550 
1967 2511550 
1968 2511551 
1969 2511551 
1970 2511551 
1971 2511551 
1972 2511551 
1973 2511552 
1974 2511552 
1975 2511552 
1976 2511552 
1977 2511552 
1978 2511553 
1979 2511553 
1980 2511553 
1981 2511553 
1982 2511554 
1983 2511554 
1984 2511555 
1985 2511555 
1986 2511555 
1987 2511556 
1988 2511556 
1989 2511556 
1990 2511557 
1991 2511557 
1992 2511557 
1993 2511558 
1994 2511558 
1995 2511558 
1996 2511559 
1997 2511559 
1998 2511559 
1999 2511560 
2000 2511560 
2001 2511561 
2002 2511561 
2003 2511561 
2004 2511561 
2005 2511562 
2006 2511562 
2007 2511562 
2008 2511563 
2009 2511563 
2010 2511563 
2011 2511564 
2012 2511564 
2013 2511564 
2014 2511565 
2015 2511565 
2016 2511565 
2017 2511565 
2018 2511565 
2019 2511566 
2020 2511566 
2021 2511566 
2022 2511566 
2023 2511566 
2024 2511567 
2025 2511567 
2026 2511568 
2027 2511568 
2028 2511568 
2029 2511569 
2030 2511569 
2031 2511569 
2032 2511569 
2033 2511570 
2034 2511570 
2035 2511570 
2036 2511571 
2037 2511571 
2038 2511571 
2039 2511572 
2040 2511572 
2041 2511572 
2042 2511578 
2043 2511579 
2044 2511579 
2045 2511579 
2046 2511579 
2047 2511580 
2048 2511580 
2049 2511580 
2050 2511581 
2051 2511581 
2052 2511581 
2053 2511582 
2054 2511582 
2055 2511582 
2056 2511583 
2057 2511583 
2058 2511583 
2059 2511584 
2060 2511584 
2061 2511584 
2062 2511585 
2063 2511585 
2064 2511585 
2065 2511586 
2066 2511586 
2067 2511586 
2068 2511587 
2069 2511587 
2070 2511588 
2071 2511588 
2072 2511588 
2073 2511589 
2074 2511589 
2075 2511589 
2076 2511590 
2077 2511590 
2078 2511591 
2079 2511591 
2080 2511591 
2081 2511592 
2082 2511592 
2083 2511593 
2084 2511593 
2085 2511593 
2086 2511593 
2087 2511594 
2088 2511594 
2089 2511594 
2090 2511595 
2091 2511595 
2092 2511595 
2093 2511596 
2094 2511596 
2095 2511597 
2096 2511597 
2097 2511597 
2098 2511597 
2099 2511598 
2100 2511598 
2101 2511599 
2102 2511599 
2103 2511599 
2104 2511599 
2105 2511600 
2106 2511600 
2107 2511600 
2108 2511601 
2109 2511601 
2110 2511601 
2111 2511601 
2112 2511602 
2113 2511602 
2114 2511603 
2115 2511603 
2116 2511603 
2117 2511604 
2118 2511604 
2119 2511604 
2120 2511605 
2121 2511605 
2122 2511605 
2123 2511605 
2124 2511606 
2125 2511606 
2126 2511606 
2127 2511607 
2128 2511607 
2129 2511608 
2130 2511608 
2131 2511609 
2132 2511609 
2133 2511610 
2134 2511610 
2135 2511610 
2136 2511611 
2137 2511611 
2138 2511611 
2139 2511612 
2140 2511612 
2141 2511612 
2142 2511613 
2143 2511613 
2144 2511613 
2145 2511614 
2146 2511614 
2147 2511614 
2148 2511615 
2149 2511615 
2150 2511615 
2151 2511616 
2152 2511616 
2153 2511616 
2154 2511616 
2155 2511617 
2156 2511617 
2157 2511617 
2158 2511618 
2159 2511618 
2160 2511618 
2161 2511619 
2162 2511619 
2163 2511619 
2164 2511620 
2165 2511620 
2166 2511620 
2167 2511621 
2168 2511621 
2169 2511621 
2170 2511621 
2171 2511622 
2172 2511622 
2173 2511622 
2174 2511623 
2175 2511623 
2176 2511623 
2177 2511624 
2178 2511624 
2179 2511624 
2180 2511625 
2181 2511625 
2182 2511625 
2183 2511626 
2184 2511626 
2185 2511626 
2186 2511626 
2187 2511627 
2188 2511627 
2189 2511627 
2190 2511628 
2191 2511628 
2192 2511628 
2193 2511629 
2194 2511629 
2195 2511629 
2196 2511630 
2197 2511630 
2198 2511630 
2199 2511631 
2200 2511631 
2201 2511631 
2202 2511631 
2203 2511632 
2204 2511632 
2205 2511632 
2206 2511633 
2207 2511633 
2208 2511633 
2209 2511633 
2210 2511634 
2211 2511634 
2212 2511634 
2213 2511635 
2214 2511635 
2215 2511635 
2216 2511635 
2217 2511636 
2218 2511636 
2219 2511636 
2220 2511637 
2221 2511637 
2222 2511637 
2223 2511637 
2224 2511638 
2225 2511639 
2226 2511639 
2227 2511639 
2228 2511640 
2229 2511640 
2230 2511640 
2231 2511640 
2232 2511641 
2233 2511641 
2234 2511641 
2235 2511642 
2236 2511642 
2237 2511642 
2238 2511643 
2239 2511643 
2240 2511643 
2241 2511643 
2242 2511644 
2243 2511644 
2244 2511644 
2245 2511645 
2246 2511645 
2247 2511645 
2248 2511646 
2249 2511646 
2250 2511646 
2251 2511647 
2252 2511647 
2253 2511647 
2254 2511647 
2255 2511648 
2256 2511648 
2257 2511648 
2258 2511649 
2259 2511649 
2260 2511649 
2261 2511650 
2262 2511650 
2263 2511650 
2264 2511651 
2265 2511651 
2266 2511651 
2267 2511652 
2268 2511652 
2269 2511652 
2270 2511653 
2271 2511653 
2272 2511653 
2273 2511654 
2274 2511654 
2275 2511654 
2276 2511655 
2277 2511655 
2278 2511655 
2279 2511656 
2280 2511656 
2281 2511656 
2282 2511656 
2283 2511657 
2284 2511657 
2285 2511657 
2286 2511658 
2287 2511658 
2288 2511658 
2289 2511659 
2290 2511659 
2291 2511659 
2292 2511660 
2293 2511660 
2294 2511660 
2295 2511661 
2296 2511661 
2297 2511661 
2298 2511662 
2299 2511662 
2300 2511662 
2301 2511662 
2302 2511662 
2303 2511663 
2304 2511663 
2305 2511663 
2306 2511664 
2307 2511664 
2308 2511664 
2309 2511665 
2310 2511665 
2311 2511665 
2312 2511665 
2313 2511666 
2314 2511666 
2315 2511666 
2316 2511667 
2317 2511667 
2318 2511667 
2319 2511668 
2320 2511668 
2321 2511668 
2322 2511669 
2323 2511669 
2324 2511669 
2325 2511670 
2326 2511670 
2327 2511670 
2328 2511671 
2329 2511671 
2330 2511671 
2331 2511672 
2332 2511672 
2333 2511673 
2334 2511673 
2335 2511673 
2336 2511674 
2337 2511674 
2338 2511674 
2339 2511675 
2340 2511675 
2341 2511675 
2342 2511676 
2343 2511676 
2344 2511676 
2345 2511677 
2346 2511677 
2347 2511677 
2348 2511678 
2349 2511678 
2350 2511679 
2351 2511679 
2352 2511679 
2353 2511680 
2354 2511680 
2355 2511680 
2356 2511681 
2357 2511681 
2358 2511682 
2359 2511682 
2360 2511682 
2361 2511683 
2362 2511683 
2363 2511683 
2364 2511684 
2365 2511684 
2366 2511684 
2367 2511685 
2368 2511685 
2369 2511685 
2370 2511686 
2371 2511686 
2372 2511686 
2373 2511687 
2374 2511687 
2375 2511687 
2376 2511688 
2377 2511688 
2378 2511688 
2379 2511689 
2380 2511689 
2381 2511689 
2382 2511690 
2383 2511690 
2384 2511691 
2385 2511691 
2386 2511691 
2387 2511692 
2388 2511692 
2389 2511693 
2390 2511693 
2391 2511693 
2392 2511694 
2393 2511694 
2394 2511694 
2395 2511695 
2396 2511695 
2397 2511695 
2398 2511696 
2399 2511696 
2400 2511696 
2401 2511697 
2402 2511697 
2403 2511697 
2404 2511698 
2405 2511698 
2406 2511698 
2407 2511699 
2408 2511699 
2409 2511699 
2410 2511700 
2411 2511700 
2412 2511700 
2413 2511701 
2414 2511701 
2415 2511701 
2416 2511702 
2417 2511702 
2418 2511703 
2419 2511703 
2420 2511703 
2421 2511704 
2422 2511704 
2423 2511704 
2424 2511705 
2425 2511705 
2426 2511705 
2427 2511706 
2428 2511706 
2429 2511706 
2430 2511706 
2431 2511707 
2432 2511707 
2433 2511707 
2434 2511707 
2435 2511708 
2436 2511708 
2437 2511708 
2438 2511708 
2439 2511709 
2440 2511709 
2441 2511709 
2442 2511710 
2443 2511710 
2444 2511710 
2445 2511711 
2446 2511711 
2447 2511711 
2448 2511711 
2449 2511712 
2450 2511712 
2451 2511713 
2452 2511713 
2453 2511713 
2454 2511714 
2455 2511714 
2456 2511715 
2457 2511715 
2458 2511715 
2459 2511715 
2460 2511716 
2461 2511716 
2462 2511716 
2463 2511716 
2464 2511717 
2465 2511717 
2466 2511717 
2467 2511718 
2468 2511718 
2469 2511718 
2470 2511719 
2471 2511719 
2472 2511720 
2473 2511720 
2474 2511720 
2475 2511721 
2476 2511721 
2477 2511721 
2478 2511722 
2479 2511722 
2480 2511722 
2481 2511723 
2482 2511723 
2483 2511723 
2484 2511724 
2485 2511724 
2486 2511724 
2487 2511724 
2488 2511725 
2489 2511725 
2490 2511726 
2491 2511726 
2492 2511726 
2493 2511727 
2494 2511727 
2495 2511727 
2496 2511728 
2497 2511728 
2498 2511728 
2499 2511729 
2500 2511729 
2501 2511729 
2502 2511730 
2503 2511730 
2504 2511731 
2505 2511731 
2506 2511731 
2507 2511732 
2508 2511732 
2509 2511732 
2510 2511733 
2511 2511733 
2512 2511733 
2513 2511734 
2514 2511734 
2515 2511734 
2516 2511735 
2517 2511735 
2518 2511736 
2519 2511736 
2520 2511736 
2521 2511737 
2522 2511737 
2523 2511737 
2524 2511738 
2525 2511738 
2526 2511739 
2527 2511739 
2528 2511739 
2529 2511740 
2530 2511740 
2531 2511740 
2532 2511741 
2533 2511741 
2534 2511742 
2535 2511742 
2536 2511742 
2537 2511743 
2538 2511743 
2539 2511744 
2540 2511744 
2541 2511744 
2542 2511745 
2543 2511745 
2544 2511745 
2545 2511746 
2546 2511746 
2547 2511746 
2548 2511747 
2549 2511747 
2550 2511747 
2551 2511748 
2552 2511748 
2553 2511748 
2554 2511749 
2555 2511749 
2556 2511749 
2557 2511750 
2558 2511750 
2559 2511750 
2560 2511751 
2561 2511751 
2562 2511751 
2563 2511752 
2564 2511752 
2565 2511752 
2566 2511753 
2567 2511753 
2568 2511753 
2569 2511754 
2570 2511754 
2571 2511755 
2572 2511755 
2573 2511755 
2574 2511755 
2575 2511756 
2576 2511756 
2577 2511756 
2578 2511757 
2579 2511757 
2580 2511757 
2581 2511758 
2582 2511758 
2583 2511758 
2584 2511759 
2585 2511759 
2586 2511762 
2587 2511776 
2588 2511778 
2589 2511779 
2590 2511780 
2591 2511780 
2592 2511781 
2593 2511781 
2594 2511781 
2595 2511782 
2596 2511782 
2597 2511782 
2598 2511783 
2599 2511783 
2600 2511783 
2601 2511783 
2602 2511784 
2603 2511784 
2604 2511784 
2605 2511785 
2606 2511785 
2607 2511785 
2608 2511786 
2609 2511786 
2610 2511786 
2611 2511787 
2612 2511787 
2613 2511787 
2614 2511788 
2615 2511788 
2616 2511788 
2617 2511788 
2618 2511789 
2619 2511789 
2620 2511789 
2621 2511790 
2622 2511790 
2623 2511790 
2624 2511791 
2625 2511791 
2626 2511791 
2627 2511792 
2628 2511792 
2629 2511792 
2630 2511793 
2631 2511793 
2632 2511793 
2633 2511794 
2634 2511794 
2635 2511794 
2636 2511795 
2637 2511795 
2638 2511795 
2639 2511796 
2640 2511796 
2641 2511796 
2642 2511797 
2643 2511797 
2644 2511797 
2645 2511798 
2646 2511798 
2647 2511798 
2648 2511799 
2649 2511799 
2650 2511800 
2651 2511800 
2652 2511800 
2653 2511800 
2654 2511801 
2655 2511801 
2656 2511801 
2657 2511802 
2658 2511802 
2659 2511803 
2660 2511803 
2661 2511803 
2662 2511804 
2663 2511804 
2664 2511804 
2665 2511805 
2666 2511805 
2667 2511805 
2668 2511806 
2669 2511806 
2670 2511806 
2671 2511807 
2672 2511807 
2673 2511807 
2674 2511808 
2675 2511808 
2676 2511808 
2677 2511809 
2678 2511809 
2679 2511809 
2680 2511810 
2681 2511810 
2682 2511810 
2683 2511811 
2684 2511811 
2685 2511811 
2686 2511812 
2687 2511812 
2688 2511812 
2689 2511813 
2690 2511813 
2691 2511813 
2692 2511813 
2693 2511814 
2694 2511814 
2695 2511814 
2696 2511815 
2697 2511815 
2698 2511815 
2699 2511816 
2700 2511816 
2701 2511817 
2702 2511817 
2703 2511817 
2704 2511818 
2705 2511818 
2706 2511818 
2707 2511819 
2708 2511819 
2709 2511819 
2710 2511820 
2711 2511820 
2712 2511821 
2713 2511821 
2714 2511821 
2715 2511822 
2716 2511822 
2717 2511822 
2718 2511823 
2719 2511823 
2720 2511823 
2721 2511824 
2722 2511824 
2723 2511825 
2724 2511825 
2725 2511825 
2726 2511826 
2727 2511826 
2728 2511826 
2729 2511827 
2730 2511827 
2731 2511827 
2732 2511828 
2733 2511828 
2734 2511828 
2735 2511829 
2736 2511829 
2737 2511829 
2738 2511830 
2739 2511830 
2740 2511831 
2741 2511831 
2742 2511831 
2743 2511831 
2744 2511832 
2745 2511832 
2746 2511832 
2747 2511832 
2748 2511833 
2749 2511833 
2750 2511833 
2751 2511833 
2752 2511834 
2753 2511834 
2754 2511834 
2755 2511835 
2756 2511835 
2757 2511835 
2758 2511836 
2759 2511836 
2760 2511836 
2761 2511837 
2762 2511837 
2763 2511837 
2764 2511838 
2765 2511838 
2766 2511838 
2767 2511839 
2768 2511839 
2769 2511839 
2770 2511840 
2771 2511840 
2772 2511840 
2773 2511841 
2774 2511841 
2775 2511841 
2776 2511842 
2777 2511842 
2778 2511842 
2779 2511842 
2780 2511843 
2781 2511843 
2782 2511843 
2783 2511843 
2784 2511844 
2785 2511844 
2786 2511844 
2787 2511845 
2788 2511845 
2789 2511845 
2790 2511846 
2791 2511846 
2792 2511846 
2793 2511847 
2794 2511847 
2795 2511847 
2796 2511848 
2797 2511848 
2798 2511848 
2799 2511849 
2800 2511849 
2801 2511849 
2802 2511850 
2803 2511850 
2804 2511850 
2805 2511850 
2806 2511851 
2807 2511851 
2808 2511851 
2809 2511852 
2810 2511852 
2811 2511855 
2812 2511855 
2813 2511856 
2814 2511856 
2815 2511856 
2816 2511856 
2817 2511857 
2818 2511857 
2819 2511857 
2820 2511857 
2821 2511858 
2822 2511858 
2823 2511858 
2824 2511858 
2825 2511859 
2826 2511859 
2827 2511859 
2828 2511860 
2829 2511860 
2830 2511860 
2831 2511861 
2832 2511861 
2833 2511861 
2834 2511862 
2835 2511862 
2836 2511863 
2837 2511863 
2838 2511863 
2839 2511863 
2840 2511864 
2841 2511864 
2842 2511864 
2843 2511865 
2844 2511865 
2845 2511865 
2846 2511865 
2847 2511866 
2848 2511866 
2849 2511866 
2850 2511867 
2851 2511867 
2852 2511867 
2853 2511868 
2854 2511868 
2855 2511868 
2856 2511869 
2857 2511869 
2858 2511869 
2859 2511870 
2860 2511870 
2861 2511870 
2862 2511871 
2863 2511871 
2864 2511871 
2865 2511871 
2866 2511872 
2867 2511872 
2868 2511872 
2869 2511873 
2870 2511873 
2871 2511873 
2872 2511874 
2873 2511874 
2874 2511874 
2875 2511875 
2876 2511875 
2877 2511876 
2878 2511876 
2879 2511876 
2880 2511877 
2881 2511877 
2882 2511878 
2883 2511878 
2884 2511878 
2885 2511879 
2886 2511879 
2887 2511879 
2888 2511880 
2889 2511880 
2890 2511881 
2891 2511881 
2892 2511881 
2893 2511882 
2894 2511882 
2895 2511882 
2896 2511883 
2897 2511883 
2898 2511883 
2899 2511883 
2900 2511884 
2901 2511884 
2902 2511884 
2903 2511885 
2904 2511885 
2905 2511885 
2906 2511886 
2907 2511886 
2908 2511886 
2909 2511887 
2910 2511887 
2911 2511887 
2912 2511888 
2913 2511888 
2914 2511888 
2915 2511889 
2916 2511889 
2917 2511889 
2918 2511890 
2919 2511890 
2920 2511890 
2921 2511891 
2922 2511891 
2923 2511891 
2924 2511892 
2925 2511892 
2926 2511892 
2927 2511893 
2928 2511893 
2929 2511894 
2930 2511894 
2931 2511894 
2932 2511895 
2933 2511895 
2934 2511895 
2935 2511896 
2936 2511896 
2937 2511896 
2938 2511897 
2939 2511897 
2940 2511897 
2941 2511898 
2942 2511898 
2943 2511898 
2944 2511899 
2945 2511899 
2946 2511899 
2947 2511900 
2948 2511900 
2949 2511901 
2950 2511901 
2951 2511901 
2952 2511901 
2953 2511902 
2954 2511902 
2955 2511902 
2956 2511903 
2957 2511903 
2958 2511903 
2959 2511904 
2960 2511904 
2961 2511904 
2962 2511905 
2963 2511905 
2964 2511906 
2965 2511906 
2966 2511906 
2967 2511907 
2968 2511907 
2969 2511908 
2970 2511908 
2971 2511908 
2972 2511909 
2973 2511909 
2974 2511909 
2975 2511910 
2976 2511910 
2977 2511910 
2978 2511911 
2979 2511911 
2980 2511911 
2981 2511912 
2982 2511912 
2983 2511912 
2984 2511913 
2985 2511913 
2986 2511913 
2987 2511914 
2988 2511914 
2989 2511914 
2990 2511915 
2991 2511915 
2992 2511915 
2993 2511916 
2994 2511916 
2995 2511916 
2996 2511917 
2997 2511917 
2998 2511917 
2999 2511918 
3000 2511918 
3001 2511918 
3002 2511919 
3003 2511919 
3004 2511919 
3005 2511920 
3006 2511920 
3007 2511920 
3008 2511921 
3009 2511921 
3010 2511921 
3011 2511922 
3012 2511922 
3013 2511923 
3014 2511923 
3015 2511923 
3016 2511923 
3017 2511924 
3018 2511924 
3019 2511924 
3020 2511925 
3021 2511925 
3022 2511925 
3023 2511926 
3024 2511926 
3025 2511926 
3026 2511927 
3027 2511927 
3028 2511927 
3029 2511928 
3030 2511928 
3031 2511928 
3032 2511929 
3033 2511929 
3034 2511930 
3035 2511930 
3036 2511930 
3037 2511931 
3038 2511931 
3039 2511931 
3040 2511932 
3041 2511932 
3042 2511933 
3043 2511933 
3044 2511934 
3045 2511935 
3046 2511935 
3047 2511935 
3048 2511936 
3049 2511936 
3050 2511936 
3051 2511937 
3052 2511937 
3053 2511938 
3054 2511939 
3055 2511939 
3056 2511939 
3057 2511940 
3058 2511940 
3059 2511940 
3060 2511940 
3061 2511941 
3062 2511941 
3063 2511941 
3064 2511942 
3065 2511942 
3066 2511943 
3067 2511943 
3068 2511943 
3069 2511943 
3070 2511944 
3071 2511944 
3072 2511944 
3073 2511945 
3074 2511945 
3075 2511945 
3076 2511945 
3077 2511946 
3078 2511946 
3079 2511946 
3080 2511946 
3081 2511946 
3082 2511947 
3083 2511947 
3084 2511947 
3085 2511947 
3086 2511948 
3087 2511948 
3088 2511948 
3089 2511948 
3090 2511949 
3091 2511949 
3092 2511949 
3093 2511950 
3094 2511950 
3095 2511950 
3096 2511951 
3097 2511951 
3098 2511952 
3099 2511952 
3100 2511952 
3101 2511953 
3102 2511953 
3103 2511953 
3104 2511954 
3105 2511954 
3106 2511956 
3107 2511956 
3108 2511957 
3109 2511957 
3110 2511958 
3111 2511959 
3112 2511959 
3113 2511959 
3114 2511962 
3115 2511965 
3116 2511967 
3117 2511968 
3118 2511971 
3119 2511971 
3120 2511974 
3121 2511981 
3122 2511981 
3123 2511982 
3124 2511983 
3125 2511986 
3126 2511987 
3127 2511987 
3128 2511988 
3129 2511989 
3130 2511990 
3131 2511991 
3132 2511991 
3133 2511994 
3134 2511994 
3135 2511995 
3136 2511995 
3137 2512003 
3138 2512003 
3139 2512005 
3140 2512006 
3141 2512007 
3142 2512007 
3143 2512008 
3144 2512008 
3145 2512009 
3146 2512020 
3147 2512020 
3148 2512020 
3149 2512021 
3150 2512021 
3151 2512021 
3152 2512022 
3153 2512022 
3154 2512022 
3155 2512023 
3156 2512023 
3157 2512023 
3158 2512023 
3159 2512024 
3160 2512030 
3161 2512030 
3162 2512030 
3163 2512030 
3164 2512031 
3165 2512032 
3166 2512034 
3167 2512034 
3168 2512034 
3169 2512041 
3170 2512042 
3171 2512048 
3172 2512048 
3173 2512048 
3174 2512049 
3175 2512049 
3176 2512049 
3177 2512050 
3178 2512050 
3179 2512050 
3180 2512051 
3181 2512051 
3182 2512051 
3183 2512052 
3184 2512052 
3185 2512052 
3186 2512053 
3187 2512053 
3188 2512053 
3189 2512053 
3190 2512054 
3191 2512054 
3192 2512054 
3193 2512055 
3194 2512055 
3195 2512055 
3196 2512056 
3197 2512056 
3198 2512056 
3199 2512057 
3200 2512057 
3201 2512057 
3202 2512058 
3203 2512058 
3204 2512058 
3205 2512059 
3206 2512059 
3207 2512059 
3208 2512059 
3209 2512060 
3210 2512060 
3211 2512060 
3212 2512061 
3213 2512061 
3214 2512061 
3215 2512062 
3216 2512062 
3217 2512062 
3218 2512063 
3219 2512063 
3220 2512063 
3221 2512064 
3222 2512064 
3223 2512064 
3224 2512064 
3225 2512065 
3226 2512065 
3227 2512065 
3228 2512066 
3229 2512066 
3230 2512066 
3231 2512067 
3232 2512067 
3233 2512067 
3234 2512068 
3235 2512068 
3236 2512068 
3237 2512069 
3238 2512069 
3239 2512069 
3240 2512069 
3241 2512070 
3242 2512070 
3243 2512070 
3244 2512071 
3245 2512071 
3246 2512071 
3247 2512072 
3248 2512072 
3249 2512072 
3250 2512073 
3251 2512073 
3252 2512073 
3253 2512074 
3254 2512074 
3255 2512074 
3256 2512075 
3257 2512075 
3258 2512075 
3259 2512075 
3260 2512076 
3261 2512076 
3262 2512076 
3263 2512077 
3264 2512077 
3265 2512077 
3266 2512078 
3267 2512079 
3268 2512080 
3269 2512080 
3270 2512080 
3271 2512081 
3272 2512081 
3273 2512081 
3274 2512082 
3275 2512083 
3276 2512084 
3277 2512084 
3278 2512085 
3279 2512095 
3280 2512096 
3281 2512111 
3282 2512131 
3283 2512134 
3284 2512137 
3285 2512143 
3286 2512143 
3287 2512146 
3288 2512158 
3289 2512158 
3290 2512167 
3291 2512170 
3292 2512173 
3293 2512177 
3294 2512177 
3295 2512178 
3296 2512178 
3297 2512179 
3298 2512179 
3299 2512180 
3300 2512180 
3301 2512183 
3302 2512183 
3303 2512209 
3304 2512213 
3305 2512214 
3306 2512215 
3307 2512215 
3308 2512216 
3309 2512216 
3310 2512216 
3311 2512216 
3312 2512217 
3313 2512220 
3314 2512220 
3315 2512222 
3316 2512222 
3317 2512226 
3318 2512226 
3319 2512229 
3320 2512230 
3321 2512230 
3322 2512230 
3323 2512231 
3324 2512231 
3325 2512233 
3326 2512263 
3327 2512263 
3328 2512263 
3329 2512266 
3330 2512267 
3331 2512267 
3332 2512267 
3333 2512267 
3334 2512268 
3335 2512268 
3336 2512268 
3337 2512269 
3338 2512273 
3339 2512295 
3340 2512295 
3341 2512296 
3342 2512296 
3343 2512296 
3344 2512319 
3345 2512320 
3346 2512320 
3347 2512325 
3348 2512328 
3349 2512328 
3350 2512333 
3351 2512338 
3352 2512353 
3353 2512356 
3354 2512356 
3355 2512357 
3356 2512357 
3357 2512357 
3358 2512359 
3359 2512360 
3360 2512360 
3361 2512360 
3362 2512365 
3363 2512367 
3364 2512367 
3365 2512372 
3366 2512375 
3367 2512378 
3368 2512380 
3369 2512382 
3370 2512382 
3371 2512385 
3372 2512387 
3373 2512388 
3374 2512392 
3375 2512395 
3376 2512395 
3377 2512397 
3378 2512399 
3379 2512400 
3380 2512401 
3381 2512401 
3382 2512401 
3383 2512402 
3384 2512403 
3385 2512407 
3386 2512408 
3387 2512408 
3388 2512408 
3389 2512409 
3390 2512409 
3391 2512409 
3392 2512410 
3393 2512410 
3394 2512410 
3395 2512411 
3396 2512411 
3397 2512411 
3398 2512412 
3399 2512412 
3400 2512412 
3401 2512413 
3402 2512414 
3403 2512414 
3404 2512414 
3405 2512415 
3406 2512415 
3407 2512415 
3408 2512416 
3409 2512416 
3410 2512416 
3411 2512417 
3412 2512417 
3413 2512417 
3414 2512418 
3415 2512418 
3416 2512419 
3417 2512419 
3418 2512419 
3419 2512420 
3420 2512420 
3421 2512420 
3422 2512420 
3423 2512421 
3424 2512421 
3425 2512422 
3426 2512422 
3427 2512422 
3428 2512423 
3429 2512423 
3430 2512423 
3431 2512424 
3432 2512424 
3433 2512425 
3434 2512425 
3435 2512425 
3436 2512426 
3437 2512426 
3438 2512426 
3439 2512427 
3440 2512427 
3441 2512427 
3442 2512428 
3443 2512428 
3444 2512428 
3445 2512429 
3446 2512429 
3447 2512429 
3448 2512430 
3449 2512430 
3450 2512430 
3451 2512431 
3452 2512431 
3453 2512431 
3454 2512432 
3455 2512432 
3456 2512433 
3457 2512433 
3458 2512433 
3459 2512434 
3460 2512434 
3461 2512435 
3462 2512435 
3463 2512435 
3464 2512436 
3465 2512436 
3466 2512436 
3467 2512437 
3468 2512438 
3469 2512438 
3470 2512440 
3471 2512440 
3472 2512440 
3473 2512441 
3474 2512441 
3475 2512441 
3476 2512442 
3477 2512442 
3478 2512442 
3479 2512443 
3480 2512443 
3481 2512444 
3482 2512444 
3483 2512445 
3484 2512445 
3485 2512445 
3486 2512446 
3487 2512446 
3488 2512447 
3489 2512447 
3490 2512447 
3491 2512450 
3492 2512450 
3493 2512451 
3494 2512451 
3495 2512451 
3496 2512452 
3497 2512452 
3498 2512452 
3499 2512452 
3500 2512453 
3501 2512453 
3502 2512453 
3503 2512454 
3504 2512455 
3505 2512455 
3506 2512455 
3507 2512456 
3508 2512456 
3509 2512457 
3510 2512457 
3511 2512457 
3512 2512457 
3513 2512458 
3514 2512458 
3515 2512458 
3516 2512459 
3517 2512459 
3518 2512460 
3519 2512460 
3520 2512460 
3521 2512461 
3522 2512461 
3523 2512461 
3524 2512462 
3525 2512462 
3526 2512465 
3527 2512465 
3528 2512465 
3529 2512466 
3530 2512466 
3531 2512467 
3532 2512467 
3533 2512467 
3534 2512468 
3535 2512468 
3536 2512469 
3537 2512469 
3538 2512469 
3539 2512469 
3540 2512470 
3541 2512470 
3542 2512470 
3543 2512471 
3544 2512471 
3545 2512472 
3546 2512472 
3547 2512473 
3548 2512473 
3549 2512473 
3550 2512474 
3551 2512474 
3552 2512474 
3553 2512475 
3554 2512475 
3555 2512476 
3556 2512476 
3557 2512477 
3558 2512478 
3559 2512478 
3560 2512478 
3561 2512479 
3562 2512479 
3563 2512480 
3564 2512480 
3565 2512481 
3566 2512481 
3567 2512481 
3568 2512482 
3569 2512482 
3570 2512483 
3571 2512483 
3572 2512483 
3573 2512484 
3574 2512484 
3575 2512485 
3576 2512485 
3577 2512486 
3578 2512486 
3579 2512486 
3580 2512487 
3581 2512487 
3582 2512487 
3583 2512488 
3584 2512488 
3585 2512488 
3586 2512489 
3587 2512489 
3588 2512489 
3589 2512490 
3590 2512490 
3591 2512490 
3592 2512491 
3593 2512491 
3594 2512492 
3595 2512492 
3596 2512493 
3597 2512493 
3598 2512494 
3599 2512494 
3600 2512494 
3601 2512495 
3602 2512495 
3603 2512496 
3604 2512496 
3605 2512497 
3606 2512497 
3607 2512498 
3608 2512498 
3609 2512498 
3610 2512499 
3611 2512499 
3612 2512501 
3613 2512501 
3614 2512502 
3615 2512502 
3616 2512503 
3617 2512503 
3618 2512503 
3619 2512504 
3620 2512504 
3621 2512505 
3622 2512505 
3623 2512505 
3624 2512505 
3625 2512506 
3626 2512506 
3627 2512507 
3628 2512507 
3629 2512507 
3630 2512508 
3631 2512508 
3632 2512508 
3633 2512508 
3634 2512509 
3635 2512509 
3636 2512509 
3637 2512510 
3638 2512510 
3639 2512510 
3640 2512511 
3641 2512511 
3642 2512511 
3643 2512512 
3644 2512512 
3645 2512513 
3646 2512513 
3647 2512514 
3648 2512514 
3649 2512514 
3650 2512515 
3651 2512515 
3652 2512515 
3653 2512515 
3654 2512516 
3655 2512516 
3656 2512517 
3657 2512518 
3658 2512519 
3659 2512520 
3660 2512520 
3661 2512521 
3662 2512521 
3663 2512523 
3664 2512523 
3665 2512524 
3666 2512524 
3667 2512525 
3668 2512525 
3669 2512526 
3670 2512526 
3671 2512527 
3672 2512527 
3673 2512528 
3674 2512528 
3675 2512529 
3676 2512529 
3677 2512529 
3678 2512530 
3679 2512530 
3680 2512531 
3681 2512531 
3682 2512531 
3683 2512532 
3684 2512532 
3685 2512532 
3686 2512533 
3687 2512533 
3688 2512534 
3689 2512534 
3690 2512535 
3691 2512535 
3692 2512535 
3693 2512536 
3694 2512536 
3695 2512536 
3696 2512538 
3697 2512538 
3698 2512539 
3699 2512539 
3700 2512539 
3701 2512540 
3702 2512540 
3703 2512540 
3704 2512567 
3705 2512571 
3706 2512588 
3707 2512592 
3708 2512594 
3709 2512602 
3710 2512604 
3711 2512604 
3712 2512605 
3713 2512605 
3714 2512606 
3715 2512608 
3716 2512610 
3717 2512612 
3718 2512612 
3719 2512613 
3720 2512613 
3721 2512619 
3722 2512619 
3723 2512619 
3724 2512620 
3725 2512623 
3726 2512624 
3727 2512624 
3728 2512625 
3729 2512625 
3730 2512625 
3731 2512626 
3732 2512626 
3733 2512627 
3734 2512627 
3735 2512630 
3736 2512632 
3737 2512633 
3738 2512637 
3739 2512637 
3740 2512639 
3741 2512641 
3742 2512642 
3743 2512642 
3744 2512643 
3745 2512646 
3746 2512657 
3747 2512657 
3748 2512658 
3749 2512659 
3750 2512660 
3751 2512660 
3752 2512661 
3753 2512666 
3754 2512668 
3755 2512668 
3756 2512668 
3757 2512678 
3758 2512678 
3759 2512679 
3760 2512680 
3761 2512680 
3762 2512681 
3763 2512682 
3764 2512682 
3765 2512682 
3766 2512691 
3767 2512692 
3768 2512693 
3769 2512694 
3770 2512695 
3771 2512695 
3772 2512695 
3773 2512695 
3774 2512696 
3775 2512696 
3776 2512697 
3777 2512699 
3778 2512704 
3779 2512704 
3780 2512704 
3781 2512705 
3782 2512707 
3783 2512708 
3784 2512736 
3785 2512737 
3786 2512738 
3787 2512738 
3788 2512738 
3789 2512739 
3790 2512739 
3791 2512739 
3792 2512740 
3793 2512740 
3794 2512740 
3795 2512741 
3796 2512741 
3797 2512741 
3798 2512742 
3799 2512742 
3800 2512742 
3801 2512743 
3802 2512743 
3803 2512743 
3804 2512744 
3805 2512744 
3806 2512744 
3807 2512745 
3808 2512745 
3809 2512745 
3810 2512746 
3811 2512746 
3812 2512747 
3813 2512747 
3814 2512747 
3815 2512748 
3816 2512748 
3817 2512749 
3818 2512751 
3819 2512752 
3820 2512753 
3821 2512754 
3822 2512755 
3823 2512755 
3824 2512755 
3825 2512756 
3826 2512756 
3827 2512756 
3828 2512757 
3829 2512758 
3830 2512758 
3831 2512767 
3832 2512767 
3833 2512767 
3834 2512768 
3835 2512769 
3836 2512769 
3837 2512769 
3838 2512775 
3839 2512776 
3840 2512776 
3841 2512777 
3842 2512777 
3843 2512778 
3844 2512779 
3845 2512779 
3846 2512780 
3847 2512780 
3848 2512782 
3849 2512783 
3850 2512785 
3851 2512786 
3852 2512786 
3853 2512787 
3854 2512787 
3855 2512787 
3856 2512788 
3857 2512789 
3858 2512789 
3859 2512790 
3860 2512790 
3861 2512792 
3862 2512793 
3863 2512793 
3864 2512795 
3865 2512795 
