2241 1589 9 921 586 1589 0 992 27 0 1589 1589 1589 1589 662 1396 5 0 0 280 1290 1589 0 1589 0 1468 1589 0 1589 0 1589 0 1589 1031 1589 22 857 0 0 0 0 1589 108 0 1589 248 0 1589 1589 1589 1589 0 1098 1589 1589 1013 0 0 1567
1589 2241 4 916 6 2241 0 1644 27 0 2241 2241 2241 2241 55 902 0 0 0 190 1428 2241 0 2241 0 1473 2241 0 2241 0 2241 0 2241 902 2241 0 1149 0 0 0 0 2241 223 0 2241 0 0 2241 2241 2241 2241 0 1101 2241 2241 1013 0 0 2219
9 4 2241 651 36 4 12 92 11 12 4 4 4 4 41 83 650 12 0 158 50 4 12 4 12 12 4 12 4 12 4 12 4 212 4 5 138 12 12 12 12 4 333 82 4 12 12 4 4 4 4 12 0 4 4 0 12 12 5
921 916 651 2241 215 916 0 319 27 0 916 916 916 916 61 1035 1123 0 1 195 921 916 0 916 0 929 916 0 916 0 916 0 916 907 916 0 596 0 0 0 0 916 8 0 916 191 0 916 916 916 916 0 916 916 916 919 0 0 917
586 6 36 215 2241 6 19 10 242 19 6 6 6 6 996 774 218 19 49 573 21 6 19 6 19 192 6 19 6 19 6 19 6 367 6 6 83 19 19 19 19 6 503 181 6 824 19 6 6 6 6 19 12 6 6 4 19 19 10
1589 2241 4 916 6 2241 0 1644 27 0 2241 2241 2241 2241 55 902 0 0 0 190 1428 2241 0 2241 0 1473 2241 0 2241 0 2241 0 2241 902 2241 0 1149 0 0 0 0 2241 223 0 2241 0 0 2241 2241 2241 2241 0 1101 2241 2241 1013 0 0 2219
0 0 12 0 19 0 2241 0 0 2241 0 0 0 0 0 147 0 2241 0 507 0 0 2241 0 2241 49 0 2241 0 2241 0 2241 0 0 0 0 2 2241 2241 2241 2241 0 204 1520 0 0 2241 0 0 0 0 2241 230 0 0 186 2241 2241 0
992 1644 92 319 10 1644 0 2241 27 0 1644 1644 1644 1644 1 305 0 0 97 210 831 1644 0 1644 0 876 1644 0 1644 0 1644 0 1644 305 1644 0 645 0 0 0 0 1644 224 97 1644 1 0 1644 1644 1644 1644 0 504 1644 1644 416 0 0 1622
27 27 11 27 242 27 0 27 2241 0 27 27 27 27 67 28 0 0 0 120 27 27 0 27 0 111 27 0 27 0 27 0 27 27 27 199 18 0 0 0 0 27 142 393 27 393 0 27 27 27 27 0 27 27 27 386 0 0 27
0 0 12 0 19 0 2241 0 0 2241 0 0 0 0 0 147 0 2241 0 507 0 0 2241 0 2241 49 0 2241 0 2241 0 2241 0 0 0 0 2 2241 2241 2241 2241 0 204 1520 0 0 2241 0 0 0 0 2241 230 0 0 186 2241 2241 0
1589 2241 4 916 6 2241 0 1644 27 0 2241 2241 2241 2241 55 902 0 0 0 190 1428 2241 0 2241 0 1473 2241 0 2241 0 2241 0 2241 902 2241 0 1149 0 0 0 0 2241 223 0 2241 0 0 2241 2241 2241 2241 0 1101 2241 2241 1013 0 0 2219
1589 2241 4 916 6 2241 0 1644 27 0 2241 2241 2241 2241 55 902 0 0 0 190 1428 2241 0 2241 0 1473 2241 0 2241 0 2241 0 2241 902 2241 0 1149 0 0 0 0 2241 223 0 2241 0 0 2241 2241 2241 2241 0 1101 2241 2241 1013 0 0 2219
1589 2241 4 916 6 2241 0 1644 27 0 2241 2241 2241 2241 55 902 0 0 0 190 1428 2241 0 2241 0 1473 2241 0 2241 0 2241 0 2241 902 2241 0 1149 0 0 0 0 2241 223 0 2241 0 0 2241 2241 2241 2241 0 1101 2241 2241 1013 0 0 2219
1589 2241 4 916 6 2241 0 1644 27 0 2241 2241 2241 2241 55 902 0 0 0 190 1428 2241 0 2241 0 1473 2241 0 2241 0 2241 0 2241 902 2241 0 1149 0 0 0 0 2241 223 0 2241 0 0 2241 2241 2241 2241 0 1101 2241 2241 1013 0 0 2219
662 55 41 61 996 55 0 1 67 0 55 55 55 55 2241 701 6 0 69 275 76 55 0 55 0 285 55 0 55 0 55 0 55 552 55 174 216 0 0 0 0 55 330 2 55 424 0 55 55 55 55 0 55 55 55 64 0 0 59
1396 902 83 1035 774 902 147 305 28 147 902 902 902 902 701 2241 18 147 0 445 895 902 147 902 147 1103 902 147 902 147 902 147 902 1043 902 12 588 147 147 147 147 902 115 147 902 384 147 902 902 902 902 147 874 902 902 878 147 147 905
5 0 650 1123 218 0 0 0 0 0 0 0 0 0 6 18 2241 0 0 16 5 0 0 0 0 13 0 0 0 0 0 0 0 1 0 0 92 0 0 0 0 0 132 18 0 173 0 0 0 0 0 0 0 0 0 3 0 0 1
0 0 12 0 19 0 2241 0 0 2241 0 0 0 0 0 147 0 2241 0 507 0 0 2241 0 2241 49 0 2241 0 2241 0 2241 0 0 0 0 2 2241 2241 2241 2241 0 204 1520 0 0 2241 0 0 0 0 2241 230 0 0 186 2241 2241 0
0 0 0 1 49 0 0 97 0 0 0 0 0 0 69 0 0 0 2241 2 0 0 0 0 0 34 0 0 0 0 0 0 0 0 0 0 88 0 0 0 0 0 496 0 0 1 0 0 0 0 0 0 39 0 0 6 0 0 6
280 190 158 195 573 190 507 210 120 507 190 190 190 190 275 445 16 507 2 2241 197 190 507 190 507 225 190 507 190 507 190 507 190 322 190 1 415 507 507 507 507 190 224 528 190 147 507 190 190 190 190 507 311 190 190 199 507 507 190
1290 1428 50 921 21 1428 0 831 27 0 1428 1428 1428 1428 76 895 5 0 0 197 2241 1428 0 1428 0 1508 1428 0 1428 0 1428 0 1428 908 1428 34 521 0 0 0 0 1428 97 0 1428 20 0 1428 1428 1428 1428 0 1127 1428 1428 1308 0 0 1428
1589 2241 4 916 6 2241 0 1644 27 0 2241 2241 2241 2241 55 902 0 0 0 190 1428 2241 0 2241 0 1473 2241 0 2241 0 2241 0 2241 902 2241 0 1149 0 0 0 0 2241 223 0 2241 0 0 2241 2241 2241 2241 0 1101 2241 2241 1013 0 0 2219
0 0 12 0 19 0 2241 0 0 2241 0 0 0 0 0 147 0 2241 0 507 0 0 2241 0 2241 49 0 2241 0 2241 0 2241 0 0 0 0 2 2241 2241 2241 2241 0 204 1520 0 0 2241 0 0 0 0 2241 230 0 0 186 2241 2241 0
1589 2241 4 916 6 2241 0 1644 27 0 2241 2241 2241 2241 55 902 0 0 0 190 1428 2241 0 2241 0 1473 2241 0 2241 0 2241 0 2241 902 2241 0 1149 0 0 0 0 2241 223 0 2241 0 0 2241 2241 2241 2241 0 1101 2241 2241 1013 0 0 2219
0 0 12 0 19 0 2241 0 0 2241 0 0 0 0 0 147 0 2241 0 507 0 0 2241 0 2241 49 0 2241 0 2241 0 2241 0 0 0 0 2 2241 2241 2241 2241 0 204 1520 0 0 2241 0 0 0 0 2241 230 0 0 186 2241 2241 0
1468 1473 12 929 192 1473 49 876 111 49 1473 1473 1473 1473 285 1103 13 49 34 225 1508 1473 49 1473 49 2241 1473 49 1473 49 1473 49 1473 934 1473 14 521 49 49 49 49 1473 135 49 1473 25 49 1473 1473 1473 1473 49 1094 1473 1473 1037 49 49 1480
1589 2241 4 916 6 2241 0 1644 27 0 2241 2241 2241 2241 55 902 0 0 0 190 1428 2241 0 2241 0 1473 2241 0 2241 0 2241 0 2241 902 2241 0 1149 0 0 0 0 2241 223 0 2241 0 0 2241 2241 2241 2241 0 1101 2241 2241 1013 0 0 2219
0 0 12 0 19 0 2241 0 0 2241 0 0 0 0 0 147 0 2241 0 507 0 0 2241 0 2241 49 0 2241 0 2241 0 2241 0 0 0 0 2 2241 2241 2241 2241 0 204 1520 0 0 2241 0 0 0 0 2241 230 0 0 186 2241 2241 0
1589 2241 4 916 6 2241 0 1644 27 0 2241 2241 2241 2241 55 902 0 0 0 190 1428 2241 0 2241 0 1473 2241 0 2241 0 2241 0 2241 902 2241 0 1149 0 0 0 0 2241 223 0 2241 0 0 2241 2241 2241 2241 0 1101 2241 2241 1013 0 0 2219
0 0 12 0 19 0 2241 0 0 2241 0 0 0 0 0 147 0 2241 0 507 0 0 2241 0 2241 49 0 2241 0 2241 0 2241 0 0 0 0 2 2241 2241 2241 2241 0 204 1520 0 0 2241 0 0 0 0 2241 230 0 0 186 2241 2241 0
1589 2241 4 916 6 2241 0 1644 27 0 2241 2241 2241 2241 55 902 0 0 0 190 1428 2241 0 2241 0 1473 2241 0 2241 0 2241 0 2241 902 2241 0 1149 0 0 0 0 2241 223 0 2241 0 0 2241 2241 2241 2241 0 1101 2241 2241 1013 0 0 2219
0 0 12 0 19 0 2241 0 0 2241 0 0 0 0 0 147 0 2241 0 507 0 0 2241 0 2241 49 0 2241 0 2241 0 2241 0 0 0 0 2 2241 2241 2241 2241 0 204 1520 0 0 2241 0 0 0 0 2241 230 0 0 186 2241 2241 0
1589 2241 4 916 6 2241 0 1644 27 0 2241 2241 2241 2241 55 902 0 0 0 190 1428 2241 0 2241 0 1473 2241 0 2241 0 2241 0 2241 902 2241 0 1149 0 0 0 0 2241 223 0 2241 0 0 2241 2241 2241 2241 0 1101 2241 2241 1013 0 0 2219
1031 902 212 907 367 902 0 305 27 0 902 902 902 902 552 1043 1 0 0 322 908 902 0 902 0 934 902 0 902 0 902 0 902 2241 902 1 528 0 0 0 0 902 301 0 902 408 0 902 902 902 902 0 902 902 902 1215 0 0 906
1589 2241 4 916 6 2241 0 1644 27 0 2241 2241 2241 2241 55 902 0 0 0 190 1428 2241 0 2241 0 1473 2241 0 2241 0 2241 0 2241 902 2241 0 1149 0 0 0 0 2241 223 0 2241 0 0 2241 2241 2241 2241 0 1101 2241 2241 1013 0 0 2219
22 0 5 0 6 0 0 0 199 0 0 0 0 0 174 12 0 0 0 1 34 0 0 0 0 14 0 0 0 0 0 0 0 1 0 2241 192 0 0 0 0 0 6 17 0 167 0 0 0 0 0 0 277 0 0 0 0 0 0
857 1149 138 596 83 1149 2 645 18 2 1149 1149 1149 1149 216 588 92 2 88 415 521 1149 2 1149 2 521 1149 2 1149 2 1149 2 1149 528 1149 192 2241 2 2 2 2 1149 104 23 1149 172 2 1149 1149 1149 1149 2 527 1149 1149 523 2 2 1127
0 0 12 0 19 0 2241 0 0 2241 0 0 0 0 0 147 0 2241 0 507 0 0 2241 0 2241 49 0 2241 0 2241 0 2241 0 0 0 0 2 2241 2241 2241 2241 0 204 1520 0 0 2241 0 0 0 0 2241 230 0 0 186 2241 2241 0
0 0 12 0 19 0 2241 0 0 2241 0 0 0 0 0 147 0 2241 0 507 0 0 2241 0 2241 49 0 2241 0 2241 0 2241 0 0 0 0 2 2241 2241 2241 2241 0 204 1520 0 0 2241 0 0 0 0 2241 230 0 0 186 2241 2241 0
0 0 12 0 19 0 2241 0 0 2241 0 0 0 0 0 147 0 2241 0 507 0 0 2241 0 2241 49 0 2241 0 2241 0 2241 0 0 0 0 2 2241 2241 2241 2241 0 204 1520 0 0 2241 0 0 0 0 2241 230 0 0 186 2241 2241 0
0 0 12 0 19 0 2241 0 0 2241 0 0 0 0 0 147 0 2241 0 507 0 0 2241 0 2241 49 0 2241 0 2241 0 2241 0 0 0 0 2 2241 2241 2241 2241 0 204 1520 0 0 2241 0 0 0 0 2241 230 0 0 186 2241 2241 0
1589 2241 4 916 6 2241 0 1644 27 0 2241 2241 2241 2241 55 902 0 0 0 190 1428 2241 0 2241 0 1473 2241 0 2241 0 2241 0 2241 902 2241 0 1149 0 0 0 0 2241 223 0 2241 0 0 2241 2241 2241 2241 0 1101 2241 2241 1013 0 0 2219
108 223 333 8 503 223 204 224 142 204 223 223 223 223 330 115 132 204 496 224 97 223 204 223 204 135 223 204 223 204 223 204 223 301 223 6 104 204 204 204 204 223 2241 106 223 140 204 223 223 223 223 204 5 223 223 0 204 204 227
0 0 82 0 181 0 1520 97 393 1520 0 0 0 0 2 147 18 1520 0 528 0 0 1520 0 1520 49 0 1520 0 1520 0 1520 0 0 0 17 23 1520 1520 1520 1520 0 106 2241 0 22 1520 0 0 0 0 1520 230 0 0 186 1520 1520 0
1589 2241 4 916 6 2241 0 1644 27 0 2241 2241 2241 2241 55 902 0 0 0 190 1428 2241 0 2241 0 1473 2241 0 2241 0 2241 0 2241 902 2241 0 1149 0 0 0 0 2241 223 0 2241 0 0 2241 2241 2241 2241 0 1101 2241 2241 1013 0 0 2219
248 0 12 191 824 0 0 1 393 0 0 0 0 0 424 384 173 0 1 147 20 0 0 0 0 25 0 0 0 0 0 0 0 408 0 167 172 0 0 0 0 0 140 22 0 2241 0 0 0 0 0 0 0 0 0 467 0 0 0
0 0 12 0 19 0 2241 0 0 2241 0 0 0 0 0 147 0 2241 0 507 0 0 2241 0 2241 49 0 2241 0 2241 0 2241 0 0 0 0 2 2241 2241 2241 2241 0 204 1520 0 0 2241 0 0 0 0 2241 230 0 0 186 2241 2241 0
1589 2241 4 916 6 2241 0 1644 27 0 2241 2241 2241 2241 55 902 0 0 0 190 1428 2241 0 2241 0 1473 2241 0 2241 0 2241 0 2241 902 2241 0 1149 0 0 0 0 2241 223 0 2241 0 0 2241 2241 2241 2241 0 1101 2241 2241 1013 0 0 2219
1589 2241 4 916 6 2241 0 1644 27 0 2241 2241 2241 2241 55 902 0 0 0 190 1428 2241 0 2241 0 1473 2241 0 2241 0 2241 0 2241 902 2241 0 1149 0 0 0 0 2241 223 0 2241 0 0 2241 2241 2241 2241 0 1101 2241 2241 1013 0 0 2219
1589 2241 4 916 6 2241 0 1644 27 0 2241 2241 2241 2241 55 902 0 0 0 190 1428 2241 0 2241 0 1473 2241 0 2241 0 2241 0 2241 902 2241 0 1149 0 0 0 0 2241 223 0 2241 0 0 2241 2241 2241 2241 0 1101 2241 2241 1013 0 0 2219
1589 2241 4 916 6 2241 0 1644 27 0 2241 2241 2241 2241 55 902 0 0 0 190 1428 2241 0 2241 0 1473 2241 0 2241 0 2241 0 2241 902 2241 0 1149 0 0 0 0 2241 223 0 2241 0 0 2241 2241 2241 2241 0 1101 2241 2241 1013 0 0 2219
0 0 12 0 19 0 2241 0 0 2241 0 0 0 0 0 147 0 2241 0 507 0 0 2241 0 2241 49 0 2241 0 2241 0 2241 0 0 0 0 2 2241 2241 2241 2241 0 204 1520 0 0 2241 0 0 0 0 2241 230 0 0 186 2241 2241 0
1098 1101 0 916 12 1101 230 504 27 230 1101 1101 1101 1101 55 874 0 230 39 311 1127 1101 230 1101 230 1094 1101 230 1101 230 1101 230 1101 902 1101 277 527 230 230 230 230 1101 5 230 1101 0 230 1101 1101 1101 1101 230 2241 1101 1101 1119 230 230 1101
1589 2241 4 916 6 2241 0 1644 27 0 2241 2241 2241 2241 55 902 0 0 0 190 1428 2241 0 2241 0 1473 2241 0 2241 0 2241 0 2241 902 2241 0 1149 0 0 0 0 2241 223 0 2241 0 0 2241 2241 2241 2241 0 1101 2241 2241 1013 0 0 2219
1589 2241 4 916 6 2241 0 1644 27 0 2241 2241 2241 2241 55 902 0 0 0 190 1428 2241 0 2241 0 1473 2241 0 2241 0 2241 0 2241 902 2241 0 1149 0 0 0 0 2241 223 0 2241 0 0 2241 2241 2241 2241 0 1101 2241 2241 1013 0 0 2219
1013 1013 0 919 4 1013 186 416 386 186 1013 1013 1013 1013 64 878 3 186 6 199 1308 1013 186 1013 186 1037 1013 186 1013 186 1013 186 1013 1215 1013 0 523 186 186 186 186 1013 0 186 1013 467 186 1013 1013 1013 1013 186 1119 1013 1013 2241 186 186 1013
0 0 12 0 19 0 2241 0 0 2241 0 0 0 0 0 147 0 2241 0 507 0 0 2241 0 2241 49 0 2241 0 2241 0 2241 0 0 0 0 2 2241 2241 2241 2241 0 204 1520 0 0 2241 0 0 0 0 2241 230 0 0 186 2241 2241 0
0 0 12 0 19 0 2241 0 0 2241 0 0 0 0 0 147 0 2241 0 507 0 0 2241 0 2241 49 0 2241 0 2241 0 2241 0 0 0 0 2 2241 2241 2241 2241 0 204 1520 0 0 2241 0 0 0 0 2241 230 0 0 186 2241 2241 0
1567 2219 5 917 10 2219 0 1622 27 0 2219 2219 2219 2219 59 905 1 0 6 190 1428 2219 0 2219 0 1480 2219 0 2219 0 2219 0 2219 906 2219 0 1127 0 0 0 0 2219 227 0 2219 0 0 2219 2219 2219 2219 0 1101 2219 2219 1013 0 0 2241
