1327 0 1327 1327 1327 225 22 0 0 1004 469 0 1327 0 1327 744 0 4 1327 1327 547 1305 1327 23 114 1160 1327 0 1327 722 1327 1327 1149 1327 1321 0 1327 160 1327 0 0 0 1327 1 1327 1327 841 749 1327 0 1231 1327 1327 0 1132 722 1327 1327 1327
0 1327 0 0 0 0 1249 0 0 0 707 1327 0 0 0 0 1327 1169 0 0 525 0 0 0 0 0 0 1327 0 0 0 0 0 0 0 1327 0 1050 0 0 1327 1327 0 1153 0 0 486 0 0 1327 0 0 0 1327 0 605 0 0 0
1327 0 1327 1327 1327 225 22 0 0 1004 469 0 1327 0 1327 744 0 4 1327 1327 547 1305 1327 23 114 1160 1327 0 1327 722 1327 1327 1149 1327 1321 0 1327 160 1327 0 0 0 1327 1 1327 1327 841 749 1327 0 1231 1327 1327 0 1132 722 1327 1327 1327
1327 0 1327 1327 1327 225 22 0 0 1004 469 0 1327 0 1327 744 0 4 1327 1327 547 1305 1327 23 114 1160 1327 0 1327 722 1327 1327 1149 1327 1321 0 1327 160 1327 0 0 0 1327 1 1327 1327 841 749 1327 0 1231 1327 1327 0 1132 722 1327 1327 1327
1327 0 1327 1327 1327 225 22 0 0 1004 469 0 1327 0 1327 744 0 4 1327 1327 547 1305 1327 23 114 1160 1327 0 1327 722 1327 1327 1149 1327 1321 0 1327 160 1327 0 0 0 1327 1 1327 1327 841 749 1327 0 1231 1327 1327 0 1132 722 1327 1327 1327
225 0 225 225 225 1327 49 64 51 227 57 0 225 11 225 68 0 0 225 225 49 225 225 32 26 196 225 0 225 59 225 225 183 225 225 0 225 78 225 53 0 0 225 4 225 225 181 112 225 0 268 225 225 0 170 46 225 225 225
22 1249 22 22 22 49 1327 0 0 22 729 1249 22 3 22 0 1249 1091 22 22 485 22 22 17 3 22 22 1249 22 22 22 22 22 22 22 1249 22 1052 22 2 1249 1249 22 1075 22 22 508 0 22 1249 23 22 22 1249 22 527 22 22 22
0 0 0 0 0 64 0 1327 724 0 0 0 0 0 0 0 0 0 0 0 0 0 0 3 1 0 0 0 0 286 0 0 0 0 0 0 0 0 0 0 0 0 0 0 0 0 0 6 0 0 0 0 0 0 8 0 0 0 0
0 0 0 0 0 51 0 724 1327 0 0 0 0 0 0 0 0 0 0 0 0 0 0 4 5 0 0 0 0 286 0 0 0 0 0 0 0 0 0 0 0 0 0 0 0 0 0 4 0 0 0 0 0 0 8 0 0 0 0
1004 0 1004 1004 1004 227 22 0 0 1327 146 0 1004 1 1004 421 0 10 1004 1004 224 982 1004 343 22 837 1004 0 1004 399 1004 1004 882 1004 998 0 1004 160 1004 1 0 0 1004 169 1004 1004 841 574 1004 0 908 1004 1004 0 809 399 1004 1004 1004
469 707 469 469 469 57 729 0 0 146 1327 707 469 16 469 369 707 711 469 469 879 469 469 62 121 458 469 707 469 453 469 469 391 469 463 707 469 530 469 41 707 707 469 708 469 469 100 283 469 707 373 469 469 707 469 874 469 469 469
0 1327 0 0 0 0 1249 0 0 0 707 1327 0 0 0 0 1327 1169 0 0 525 0 0 0 0 0 0 1327 0 0 0 0 0 0 0 1327 0 1050 0 0 1327 1327 0 1153 0 0 486 0 0 1327 0 0 0 1327 0 605 0 0 0
1327 0 1327 1327 1327 225 22 0 0 1004 469 0 1327 0 1327 744 0 4 1327 1327 547 1305 1327 23 114 1160 1327 0 1327 722 1327 1327 1149 1327 1321 0 1327 160 1327 0 0 0 1327 1 1327 1327 841 749 1327 0 1231 1327 1327 0 1132 722 1327 1327 1327
0 0 0 0 0 11 3 0 0 1 16 0 0 1327 0 0 0 62 0 0 39 4 0 6 682 23 0 0 0 21 0 0 30 0 0 0 0 0 0 0 0 0 0 1 0 0 0 39 0 0 1 0 0 0 7 0 0 0 0
1327 0 1327 1327 1327 225 22 0 0 1004 469 0 1327 0 1327 744 0 4 1327 1327 547 1305 1327 23 114 1160 1327 0 1327 722 1327 1327 1149 1327 1321 0 1327 160 1327 0 0 0 1327 1 1327 1327 841 749 1327 0 1231 1327 1327 0 1132 722 1327 1327 1327
744 0 744 744 744 68 0 0 0 421 369 0 744 0 744 1327 0 4 744 744 505 744 744 1 112 577 744 0 744 638 744 744 566 744 744 0 744 0 744 7 0 0 744 1 744 744 258 426 744 0 744 744 744 0 744 722 744 744 744
0 1327 0 0 0 0 1249 0 0 0 707 1327 0 0 0 0 1327 1169 0 0 525 0 0 0 0 0 0 1327 0 0 0 0 0 0 0 1327 0 1050 0 0 1327 1327 0 1153 0 0 486 0 0 1327 0 0 0 1327 0 605 0 0 0
4 1169 4 4 4 0 1091 0 0 10 711 1169 4 62 4 4 1169 1327 4 4 529 4 4 10 0 4 4 1169 4 4 4 4 4 4 4 1169 4 892 4 5 1169 1169 4 1163 4 4 328 4 4 1169 4 4 4 1169 4 609 4 4 4
1327 0 1327 1327 1327 225 22 0 0 1004 469 0 1327 0 1327 744 0 4 1327 1327 547 1305 1327 23 114 1160 1327 0 1327 722 1327 1327 1149 1327 1321 0 1327 160 1327 0 0 0 1327 1 1327 1327 841 749 1327 0 1231 1327 1327 0 1132 722 1327 1327 1327
1327 0 1327 1327 1327 225 22 0 0 1004 469 0 1327 0 1327 744 0 4 1327 1327 547 1305 1327 23 114 1160 1327 0 1327 722 1327 1327 1149 1327 1321 0 1327 160 1327 0 0 0 1327 1 1327 1327 841 749 1327 0 1231 1327 1327 0 1132 722 1327 1327 1327
547 525 547 547 547 49 485 0 0 224 879 525 547 39 547 505 525 529 547 547 1327 547 547 152 167 428 547 525 547 543 547 547 412 547 547 525 547 286 547 39 525 525 547 526 547 547 92 360 547 525 509 547 547 525 547 1030 547 547 547
1305 0 1305 1305 1305 225 22 0 0 982 469 0 1305 4 1305 744 0 4 1305 1305 547 1327 1305 23 114 1138 1305 0 1305 722 1305 1305 1127 1305 1299 0 1305 160 1305 7 0 0 1305 1 1305 1305 819 735 1305 0 1209 1305 1305 0 1110 722 1305 1305 1305
1327 0 1327 1327 1327 225 22 0 0 1004 469 0 1327 0 1327 744 0 4 1327 1327 547 1305 1327 23 114 1160 1327 0 1327 722 1327 1327 1149 1327 1321 0 1327 160 1327 0 0 0 1327 1 1327 1327 841 749 1327 0 1231 1327 1327 0 1132 722 1327 1327 1327
23 0 23 23 23 32 17 3 4 343 62 0 23 6 23 1 0 10 23 23 152 23 23 1327 193 54 23 0 23 17 23 23 107 23 23 0 23 0 23 2 0 0 23 169 23 23 23 172 23 0 25 23 23 0 24 0 23 23 23
114 0 114 114 114 26 3 1 5 22 121 0 114 682 114 112 0 0 114 114 167 114 114 193 1327 124 114 0 114 126 114 114 75 114 114 0 114 0 114 33 0 0 114 0 114 114 9 44 114 0 115 114 114 0 121 110 114 114 114
1160 0 1160 1160 1160 196 22 0 0 837 458 0 1160 23 1160 577 0 4 1160 1160 428 1138 1160 54 124 1327 1160 0 1160 555 1160 1160 1093 1160 1154 0 1160 160 1160 57 0 0 1160 1 1160 1160 833 724 1160 0 1064 1160 1160 0 965 555 1160 1160 1160
1327 0 1327 1327 1327 225 22 0 0 1004 469 0 1327 0 1327 744 0 4 1327 1327 547 1305 1327 23 114 1160 1327 0 1327 722 1327 1327 1149 1327 1321 0 1327 160 1327 0 0 0 1327 1 1327 1327 841 749 1327 0 1231 1327 1327 0 1132 722 1327 1327 1327
0 1327 0 0 0 0 1249 0 0 0 707 1327 0 0 0 0 1327 1169 0 0 525 0 0 0 0 0 0 1327 0 0 0 0 0 0 0 1327 0 1050 0 0 1327 1327 0 1153 0 0 486 0 0 1327 0 0 0 1327 0 605 0 0 0
1327 0 1327 1327 1327 225 22 0 0 1004 469 0 1327 0 1327 744 0 4 1327 1327 547 1305 1327 23 114 1160 1327 0 1327 722 1327 1327 1149 1327 1321 0 1327 160 1327 0 0 0 1327 1 1327 1327 841 749 1327 0 1231 1327 1327 0 1132 722 1327 1327 1327
722 0 722 722 722 59 22 286 286 399 453 0 722 21 722 638 0 4 722 722 543 722 722 17 126 555 722 0 722 1327 722 722 544 722 725 0 722 26 722 26 0 0 722 1 722 722 236 450 722 0 650 722 722 0 730 638 722 722 722
1327 0 1327 1327 1327 225 22 0 0 1004 469 0 1327 0 1327 744 0 4 1327 1327 547 1305 1327 23 114 1160 1327 0 1327 722 1327 1327 1149 1327 1321 0 1327 160 1327 0 0 0 1327 1 1327 1327 841 749 1327 0 1231 1327 1327 0 1132 722 1327 1327 1327
1327 0 1327 1327 1327 225 22 0 0 1004 469 0 1327 0 1327 744 0 4 1327 1327 547 1305 1327 23 114 1160 1327 0 1327 722 1327 1327 1149 1327 1321 0 1327 160 1327 0 0 0 1327 1 1327 1327 841 749 1327 0 1231 1327 1327 0 1132 722 1327 1327 1327
1149 0 1149 1149 1149 183 22 0 0 882 391 0 1149 30 1149 566 0 4 1149 1149 412 1127 1149 107 75 1093 1149 0 1149 544 1149 1149 1327 1149 1143 0 1149 160 1149 30 0 0 1149 1 1149 1149 811 772 1149 0 1053 1149 1149 0 954 544 1149 1149 1149
1327 0 1327 1327 1327 225 22 0 0 1004 469 0 1327 0 1327 744 0 4 1327 1327 547 1305 1327 23 114 1160 1327 0 1327 722 1327 1327 1149 1327 1321 0 1327 160 1327 0 0 0 1327 1 1327 1327 841 749 1327 0 1231 1327 1327 0 1132 722 1327 1327 1327
1321 0 1321 1321 1321 225 22 0 0 998 463 0 1321 0 1321 744 0 4 1321 1321 547 1299 1321 23 114 1154 1321 0 1321 725 1321 1321 1143 1321 1327 0 1321 163 1321 3 0 0 1321 1 1321 1321 835 749 1321 0 1232 1321 1321 0 1126 722 1321 1321 1321
0 1327 0 0 0 0 1249 0 0 0 707 1327 0 0 0 0 1327 1169 0 0 525 0 0 0 0 0 0 1327 0 0 0 0 0 0 0 1327 0 1050 0 0 1327 1327 0 1153 0 0 486 0 0 1327 0 0 0 1327 0 605 0 0 0
1327 0 1327 1327 1327 225 22 0 0 1004 469 0 1327 0 1327 744 0 4 1327 1327 547 1305 1327 23 114 1160 1327 0 1327 722 1327 1327 1149 1327 1321 0 1327 160 1327 0 0 0 1327 1 1327 1327 841 749 1327 0 1231 1327 1327 0 1132 722 1327 1327 1327
160 1050 160 160 160 78 1052 0 0 160 530 1050 160 0 160 0 1050 892 160 160 286 160 160 0 0 160 160 1050 160 26 160 160 160 160 163 1050 160 1327 160 109 1050 1050 160 876 160 160 646 144 160 1050 183 160 160 1050 1 328 160 160 160
1327 0 1327 1327 1327 225 22 0 0 1004 469 0 1327 0 1327 744 0 4 1327 1327 547 1305 1327 23 114 1160 1327 0 1327 722 1327 1327 1149 1327 1321 0 1327 160 1327 0 0 0 1327 1 1327 1327 841 749 1327 0 1231 1327 1327 0 1132 722 1327 1327 1327
0 0 0 0 0 53 2 0 0 1 41 0 0 0 0 7 0 5 0 0 39 7 0 2 33 57 0 0 0 26 0 0 30 0 3 0 0 109 0 1327 0 0 0 1 0 0 0 97 0 0 23 0 0 0 13 0 0 0 0
0 1327 0 0 0 0 1249 0 0 0 707 1327 0 0 0 0 1327 1169 0 0 525 0 0 0 0 0 0 1327 0 0 0 0 0 0 0 1327 0 1050 0 0 1327 1327 0 1153 0 0 486 0 0 1327 0 0 0 1327 0 605 0 0 0
0 1327 0 0 0 0 1249 0 0 0 707 1327 0 0 0 0 1327 1169 0 0 525 0 0 0 0 0 0 1327 0 0 0 0 0 0 0 1327 0 1050 0 0 1327 1327 0 1153 0 0 486 0 0 1327 0 0 0 1327 0 605 0 0 0
1327 0 1327 1327 1327 225 22 0 0 1004 469 0 1327 0 1327 744 0 4 1327 1327 547 1305 1327 23 114 1160 1327 0 1327 722 1327 1327 1149 1327 1321 0 1327 160 1327 0 0 0 1327 1 1327 1327 841 749 1327 0 1231 1327 1327 0 1132 722 1327 1327 1327
1 1153 1 1 1 4 1075 0 0 169 708 1153 1 1 1 1 1153 1163 1 1 526 1 1 169 0 1 1 1153 1 1 1 1 1 1 1 1153 1 876 1 1 1153 1153 1 1327 1 1 312 1 1 1153 1 1 1 1153 1 606 1 1 1
1327 0 1327 1327 1327 225 22 0 0 1004 469 0 1327 0 1327 744 0 4 1327 1327 547 1305 1327 23 114 1160 1327 0 1327 722 1327 1327 1149 1327 1321 0 1327 160 1327 0 0 0 1327 1 1327 1327 841 749 1327 0 1231 1327 1327 0 1132 722 1327 1327 1327
1327 0 1327 1327 1327 225 22 0 0 1004 469 0 1327 0 1327 744 0 4 1327 1327 547 1305 1327 23 114 1160 1327 0 1327 722 1327 1327 1149 1327 1321 0 1327 160 1327 0 0 0 1327 1 1327 1327 841 749 1327 0 1231 1327 1327 0 1132 722 1327 1327 1327
841 486 841 841 841 181 508 0 0 841 100 486 841 0 841 258 486 328 841 841 92 819 841 23 9 833 841 486 841 236 841 841 811 841 835 486 841 646 841 0 486 486 841 312 841 841 1327 476 841 486 745 841 841 486 646 236 841 841 841
749 0 749 749 749 112 0 6 4 574 283 0 749 39 749 426 0 4 749 749 360 735 749 172 44 724 749 0 749 450 749 749 772 749 749 0 749 144 749 97 0 0 749 1 749 749 476 1327 749 0 726 749 749 0 602 421 749 749 749
1327 0 1327 1327 1327 225 22 0 0 1004 469 0 1327 0 1327 744 0 4 1327 1327 547 1305 1327 23 114 1160 1327 0 1327 722 1327 1327 1149 1327 1321 0 1327 160 1327 0 0 0 1327 1 1327 1327 841 749 1327 0 1231 1327 1327 0 1132 722 1327 1327 1327
0 1327 0 0 0 0 1249 0 0 0 707 1327 0 0 0 0 1327 1169 0 0 525 0 0 0 0 0 0 1327 0 0 0 0 0 0 0 1327 0 1050 0 0 1327 1327 0 1153 0 0 486 0 0 1327 0 0 0 1327 0 605 0 0 0
1231 0 1231 1231 1231 268 23 0 0 908 373 0 1231 1 1231 744 0 4 1231 1231 509 1209 1231 25 115 1064 1231 0 1231 650 1231 1231 1053 1231 1232 0 1231 183 1231 23 0 0 1231 1 1231 1231 745 726 1231 0 1327 1231 1231 0 1036 722 1231 1231 1231
1327 0 1327 1327 1327 225 22 0 0 1004 469 0 1327 0 1327 744 0 4 1327 1327 547 1305 1327 23 114 1160 1327 0 1327 722 1327 1327 1149 1327 1321 0 1327 160 1327 0 0 0 1327 1 1327 1327 841 749 1327 0 1231 1327 1327 0 1132 722 1327 1327 1327
1327 0 1327 1327 1327 225 22 0 0 1004 469 0 1327 0 1327 744 0 4 1327 1327 547 1305 1327 23 114 1160 1327 0 1327 722 1327 1327 1149 1327 1321 0 1327 160 1327 0 0 0 1327 1 1327 1327 841 749 1327 0 1231 1327 1327 0 1132 722 1327 1327 1327
0 1327 0 0 0 0 1249 0 0 0 707 1327 0 0 0 0 1327 1169 0 0 525 0 0 0 0 0 0 1327 0 0 0 0 0 0 0 1327 0 1050 0 0 1327 1327 0 1153 0 0 486 0 0 1327 0 0 0 1327 0 605 0 0 0
1132 0 1132 1132 1132 170 22 8 8 809 469 0 1132 7 1132 744 0 4 1132 1132 547 1110 1132 24 121 965 1132 0 1132 730 1132 1132 954 1132 1126 0 1132 1 1132 13 0 0 1132 1 1132 1132 646 602 1132 0 1036 1132 1132 0 1327 722 1132 1132 1132
722 605 722 722 722 46 527 0 0 399 874 605 722 0 722 722 605 609 722 722 1030 722 722 0 110 555 722 605 722 638 722 722 544 722 722 605 722 328 722 0 605 605 722 606 722 722 236 421 722 605 722 722 722 605 722 1327 722 722 722
1327 0 1327 1327 1327 225 22 0 0 1004 469 0 1327 0 1327 744 0 4 1327 1327 547 1305 1327 23 114 1160 1327 0 1327 722 1327 1327 1149 1327 1321 0 1327 160 1327 0 0 0 1327 1 1327 1327 841 749 1327 0 1231 1327 1327 0 1132 722 1327 1327 1327
1327 0 1327 1327 1327 225 22 0 0 1004 469 0 1327 0 1327 744 0 4 1327 1327 547 1305 1327 23 114 1160 1327 0 1327 722 1327 1327 1149 1327 1321 0 1327 160 1327 0 0 0 1327 1 1327 1327 841 749 1327 0 1231 1327 1327 0 1132 722 1327 1327 1327
1327 0 1327 1327 1327 225 22 0 0 1004 469 0 1327 0 1327 744 0 4 1327 1327 547 1305 1327 23 114 1160 1327 0 1327 722 1327 1327 1149 1327 1321 0 1327 160 1327 0 0 0 1327 1 1327 1327 841 749 1327 0 1231 1327 1327 0 1132 722 1327 1327 1327
