1 2851201 
2 2851204 
3 2851209 
4 2851213 
5 2851215 
6 2851216 
7 2851216 
8 2851217 
9 2851217 
10 2851218 
11 2851219 
12 2851221 
13 2851223 
14 2851223 
15 2851224 
16 2851224 
17 2851228 
18 2851228 
19 2851228 
20 2851229 
21 2851231 
22 2851231 
23 2851232 
24 2851232 
25 2851232 
26 2851234 
27 2851234 
28 2851234 
29 2851237 
30 2851239 
31 2851244 
32 2851251 
33 2851255 
34 2851255 
35 2851255 
36 2851255 
37 2851256 
38 2851256 
39 2851256 
40 2851257 
41 2851257 
42 2851257 
43 2851258 
44 2851258 
45 2851258 
46 2851259 
47 2851259 
48 2851259 
49 2851260 
50 2851260 
51 2851263 
52 2851273 
53 2851294 
54 2851296 
55 2851296 
56 2851296 
57 2851297 
58 2851297 
59 2851298 
60 2851298 
61 2851298 
62 2851299 
63 2851299 
64 2851299 
65 2851300 
66 2851300 
67 2851300 
68 2851301 
69 2851301 
70 2851302 
71 2851302 
72 2851302 
73 2851303 
74 2851303 
75 2851303 
76 2851304 
77 2851304 
78 2851304 
79 2851305 
80 2851305 
81 2851305 
82 2851306 
83 2851306 
84 2851307 
85 2851307 
86 2851307 
87 2851308 
88 2851308 
89 2851308 
90 2851309 
91 2851309 
92 2851309 
93 2851310 
94 2851310 
95 2851310 
96 2851311 
97 2851311 
98 2851311 
99 2851312 
100 2851312 
101 2851312 
102 2851313 
103 2851313 
104 2851313 
105 2851313 
106 2851314 
107 2851314 
108 2851314 
109 2851315 
110 2851315 
111 2851315 
112 2851324 
113 2851324 
114 2851325 
115 2851325 
116 2851326 
117 2851326 
118 2851326 
119 2851327 
120 2851327 
121 2851327 
122 2851328 
123 2851328 
124 2851328 
125 2851329 
126 2851329 
127 2851330 
128 2851330 
129 2851330 
130 2851331 
131 2851331 
132 2851331 
133 2851332 
134 2851332 
135 2851332 
136 2851333 
137 2851333 
138 2851333 
139 2851334 
140 2851334 
141 2851334 
142 2851335 
143 2851335 
144 2851336 
145 2851336 
146 2851336 
147 2851337 
148 2851337 
149 2851337 
150 2851337 
151 2851338 
152 2851338 
153 2851339 
154 2851339 
155 2851339 
156 2851340 
157 2851348 
158 2851348 
159 2851351 
160 2851353 
161 2851354 
162 2851354 
163 2851354 
164 2851355 
165 2851364 
166 2851364 
167 2851365 
168 2851365 
169 2851365 
170 2851366 
171 2851366 
172 2851366 
173 2851367 
174 2851367 
175 2851367 
176 2851368 
177 2851368 
178 2851368 
179 2851369 
180 2851369 
181 2851369 
182 2851370 
183 2851370 
184 2851370 
185 2851371 
186 2851371 
187 2851371 
188 2851372 
189 2851372 
190 2851372 
191 2851373 
192 2851373 
193 2851374 
194 2851374 
195 2851375 
196 2851375 
197 2851375 
198 2851376 
199 2851376 
200 2851376 
201 2851377 
202 2851377 
203 2851378 
204 2851378 
205 2851378 
206 2851379 
207 2851379 
208 2851383 
209 2851397 
210 2851399 
211 2851400 
212 2851405 
213 2851405 
214 2851406 
215 2851406 
216 2851413 
217 2851414 
218 2851414 
219 2851423 
220 2851423 
221 2851432 
222 2851440 
223 2851441 
224 2851441 
225 2851441 
226 2851441 
227 2851442 
228 2851442 
229 2851442 
230 2851445 
231 2851448 
232 2851460 
233 2851460 
234 2851461 
235 2851461 
236 2851461 
237 2851462 
238 2851465 
239 2851466 
240 2851466 
241 2851467 
242 2851467 
243 2851468 
244 2851468 
245 2851469 
246 2851469 
247 2851470 
248 2851470 
249 2851471 
250 2851471 
251 2851473 
252 2851475 
253 2851475 
254 2851476 
255 2851476 
256 2851476 
257 2851477 
258 2851477 
259 2851477 
260 2851478 
261 2851479 
262 2851480 
263 2851480 
264 2851480 
265 2851481 
266 2851482 
267 2851483 
268 2851488 
269 2851489 
270 2851491 
271 2851495 
272 2851497 
273 2851498 
274 2851503 
275 2851503 
276 2851504 
277 2851504 
278 2851505 
279 2851505 
280 2851509 
281 2851543 
282 2851545 
283 2851552 
284 2851552 
285 2851555 
286 2851555 
287 2851555 
288 2851568 
289 2851571 
290 2851573 
291 2851593 
292 2851597 
293 2851599 
294 2851600 
295 2851600 
296 2851601 
297 2851601 
298 2851601 
299 2851602 
300 2851602 
301 2851608 
302 2851610 
303 2851612 
304 2851613 
305 2851617 
306 2851617 
307 2851621 
308 2851652 
309 2851656 
310 2851663 
311 2851675 
312 2851681 
313 2851681 
314 2851683 
315 2851685 
316 2851703 
317 2851705 
318 2851705 
319 2851709 
320 2851718 
321 2851720 
322 2851720 
323 2851720 
324 2851724 
325 2851744 
326 2851745 
327 2851746 
328 2851746 
329 2851746 
330 2851747 
331 2851747 
332 2851748 
333 2851748 
334 2851764 
335 2851767 
336 2851771 
337 2851776 
338 2851797 
339 2851797 
340 2851797 
341 2851807 
342 2851809 
343 2851809 
344 2851813 
345 2851826 
346 2851826 
347 2851827 
348 2851834 
349 2851836 
350 2851845 
351 2851850 
352 2851855 
353 2851889 
354 2851892 
355 2851893 
356 2851900 
357 2851900 
358 2851900 
359 2851901 
360 2851901 
361 2851901 
362 2851903 
363 2851905 
364 2851906 
365 2851908 
366 2851911 
367 2851914 
368 2851916 
369 2851917 
370 2851918 
371 2851918 
372 2851918 
373 2851919 
374 2851919 
375 2851919 
376 2851920 
377 2851937 
378 2851937 
379 2851937 
380 2851938 
381 2851938 
382 2851938 
383 2851939 
384 2851948 
385 2851954 
386 2851954 
387 2851962 
388 2851986 
389 2851986 
390 2851990 
391 2851990 
392 2851996 
393 2852025 
394 2852035 
395 2852045 
396 2852071 
397 2852071 
398 2852093 
399 2852100 
400 2852100 
401 2852102 
402 2852108 
403 2852115 
404 2852115 
405 2852131 
406 2852132 
407 2852132 
408 2852133 
409 2852136 
410 2852138 
411 2852139 
412 2852139 
413 2852139 
414 2852143 
415 2852143 
416 2852146 
417 2852151 
418 2852151 
419 2852191 
420 2852192 
421 2852193 
422 2852195 
423 2852197 
424 2852206 
425 2852218 
426 2852251 
427 2852251 
428 2852257 
429 2852270 
430 2852271 
431 2852276 
432 2852287 
433 2852298 
434 2852299 
435 2852301 
436 2852303 
437 2852303 
438 2852318 
439 2852320 
440 2852322 
441 2852329 
442 2852369 
443 2852375 
444 2852375 
445 2852375 
446 2852377 
447 2852408 
448 2852408 
449 2852412 
450 2852413 
451 2852423 
452 2852443 
453 2852445 
454 2852449 
455 2852449 
456 2852454 
457 2852457 
458 2852461 
459 2852461 
460 2852464 
461 2852467 
462 2852484 
463 2852485 
464 2852489 
465 2852492 
466 2852497 
467 2852497 
468 2852498 
469 2852521 
470 2852521 
471 2852522 
472 2852522 
473 2852522 
474 2852524 
475 2852543 
476 2852544 
477 2852554 
478 2852555 
479 2852557 
480 2852557 
481 2852561 
482 2852563 
483 2852564 
484 2852564 
485 2852565 
486 2852565 
487 2852585 
488 2852585 
489 2852585 
490 2852588 
491 2852591 
492 2852597 
493 2852620 
494 2852620 
495 2852620 
496 2852621 
497 2852621 
498 2852621 
499 2852622 
500 2852622 
501 2852622 
502 2852623 
503 2852623 
504 2852623 
505 2852623 
506 2852624 
507 2852624 
508 2852624 
509 2852625 
510 2852625 
511 2852625 
512 2852626 
513 2852626 
514 2852626 
515 2852627 
516 2852627 
517 2852627 
518 2852628 
519 2852628 
520 2852628 
521 2852628 
522 2852629 
523 2852629 
524 2852633 
525 2852633 
526 2852633 
527 2852633 
528 2852635 
529 2852638 
530 2852638 
531 2852639 
532 2852639 
533 2852639 
534 2852640 
535 2852647 
536 2852648 
537 2852650 
538 2852650 
539 2852651 
540 2852651 
541 2852652 
542 2852652 
543 2852652 
544 2852653 
545 2852657 
546 2852657 
547 2852657 
548 2852658 
549 2852658 
550 2852658 
551 2852658 
552 2852659 
553 2852659 
554 2852659 
555 2852659 
556 2852660 
557 2852660 
558 2852661 
559 2852661 
560 2852661 
561 2852690 
562 2852690 
563 2852691 
564 2852691 
565 2852692 
566 2852692 
567 2852698 
568 2852702 
569 2852702 
570 2852703 
571 2852703 
572 2852703 
573 2852704 
574 2852704 
575 2852704 
576 2852705 
577 2852705 
578 2852705 
579 2852715 
580 2852719 
581 2852741 
582 2852755 
583 2852761 
584 2852765 
585 2852769 
586 2852776 
587 2852782 
588 2852782 
589 2852786 
590 2852795 
591 2852795 
592 2852799 
593 2852799 
594 2852811 
595 2852812 
596 2852817 
597 2852823 
598 2852828 
599 2852828 
600 2852829 
601 2852829 
602 2852840 
603 2852848 
604 2852850 
605 2852851 
606 2852855 
607 2852855 
608 2852855 
609 2852856 
610 2852864 
611 2852867 
612 2852867 
613 2852868 
614 2852870 
615 2852870 
616 2852872 
617 2852883 
618 2852884 
619 2852885 
620 2852889 
621 2852898 
622 2852898 
623 2852899 
624 2852899 
625 2852900 
626 2852903 
627 2852905 
628 2852910 
629 2852918 
630 2852919 
631 2852919 
632 2852925 
633 2852925 
634 2852926 
635 2852926 
636 2852927 
637 2852927 
638 2852928 
639 2852931 
640 2852932 
641 2852933 
642 2852953 
643 2852953 
644 2852964 
645 2852973 
646 2852980 
647 2852982 
648 2852982 
649 2852983 
650 2852994 
651 2853005 
652 2853006 
653 2853010 
654 2853020 
655 2853028 
656 2853033 
657 2853035 
658 2853039 
659 2853040 
660 2853044 
661 2853048 
662 2853049 
663 2853063 
664 2853065 
665 2853066 
666 2853067 
667 2853076 
668 2853077 
669 2853077 
670 2853077 
671 2853078 
672 2853078 
673 2853078 
674 2853079 
675 2853079 
676 2853079 
677 2853080 
678 2853080 
679 2853084 
680 2853086 
681 2853090 
682 2853091 
683 2853091 
684 2853096 
685 2853098 
686 2853103 
687 2853108 
688 2853109 
689 2853109 
690 2853109 
691 2853110 
692 2853110 
693 2853110 
694 2853111 
695 2853111 
696 2853111 
697 2853113 
698 2853114 
699 2853115 
700 2853116 
701 2853120 
702 2853120 
703 2853129 
704 2853131 
705 2853133 
706 2853135 
707 2853139 
708 2853155 
709 2853162 
710 2853165 
711 2853167 
712 2853170 
713 2853172 
714 2853180 
715 2853180 
716 2853181 
717 2853184 
718 2853184 
719 2853184 
720 2853187 
721 2853188 
722 2853188 
723 2853188 
724 2853192 
725 2853192 
726 2853192 
727 2853193 
728 2853196 
729 2853197 
730 2853203 
731 2853209 
732 2853210 
733 2853210 
734 2853215 
735 2853216 
736 2853216 
737 2853217 
738 2853217 
739 2853217 
740 2853217 
741 2853218 
742 2853226 
743 2853226 
744 2853231 
745 2853235 
746 2853245 
747 2853246 
748 2853253 
749 2853255 
750 2853257 
751 2853257 
752 2853258 
753 2853258 
754 2853258 
755 2853258 
756 2853258 
757 2853259 
758 2853259 
759 2853259 
760 2853260 
761 2853260 
762 2853261 
763 2853261 
764 2853261 
765 2853263 
766 2853271 
767 2853271 
768 2853272 
769 2853280 
770 2853281 
771 2853281 
772 2853281 
773 2853284 
774 2853288 
775 2853288 
776 2853288 
777 2853289 
778 2853289 
779 2853290 
780 2853291 
781 2853294 
782 2853294 
783 2853295 
784 2853295 
785 2853295 
786 2853296 
787 2853296 
788 2853296 
789 2853297 
790 2853304 
791 2853306 
792 2853316 
793 2853317 
794 2853319 
795 2853322 
796 2853329 
797 2853330 
798 2853331 
799 2853333 
800 2853333 
801 2853336 
802 2853336 
803 2853336 
804 2853337 
805 2853338 
806 2853338 
807 2853339 
808 2853339 
809 2853345 
810 2853345 
811 2853346 
812 2853346 
813 2853346 
814 2853347 
815 2853348 
816 2853348 
817 2853349 
818 2853349 
819 2853349 
820 2853350 
821 2853350 
822 2853350 
823 2853350 
824 2853351 
825 2853351 
826 2853351 
827 2853352 
828 2853352 
829 2853352 
830 2853353 
831 2853353 
832 2853353 
833 2853354 
834 2853354 
835 2853354 
836 2853355 
837 2853355 
838 2853368 
839 2853377 
840 2853378 
841 2853383 
842 2853387 
843 2853387 
844 2853388 
845 2853402 
846 2853402 
847 2853421 
848 2853421 
849 2853422 
850 2853422 
851 2853423 
852 2853423 
853 2853423 
854 2853427 
855 2853429 
856 2853429 
857 2853429 
858 2853450 
859 2853451 
860 2853451 
861 2853451 
862 2853452 
863 2853454 
864 2853458 
865 2853462 
866 2853462 
867 2853463 
868 2853466 
869 2853468 
870 2853472 
871 2853472 
872 2853472 
873 2853472 
874 2853474 
875 2853476 
876 2853481 
877 2853481 
878 2853482 
879 2853497 
880 2853497 
881 2853498 
882 2853498 
883 2853504 
884 2853508 
885 2853509 
886 2853510 
887 2853510 
888 2853514 
889 2853517 
890 2853524 
891 2853526 
892 2853526 
893 2853527 
894 2853527 
895 2853530 
896 2853531 
897 2853534 
898 2853535 
899 2853543 
900 2853543 
901 2853543 
902 2853549 
903 2853552 
904 2853553 
905 2853568 
906 2853569 
907 2853569 
908 2853569 
909 2853570 
910 2853570 
911 2853570 
912 2853571 
913 2853571 
914 2853571 
915 2853572 
916 2853572 
917 2853572 
918 2853574 
919 2853582 
920 2853585 
921 2853596 
922 2853601 
923 2853601 
924 2853602 
925 2853602 
926 2853602 
927 2853608 
928 2853613 
929 2853615 
930 2853616 
931 2853616 
932 2853616 
933 2853617 
934 2853617 
935 2853620 
936 2853620 
937 2853621 
938 2853621 
939 2853622 
940 2853622 
941 2853636 
942 2853636 
943 2853636 
944 2853636 
945 2853639 
946 2853640 
947 2853640 
948 2853640 
949 2853640 
950 2853644 
951 2853649 
952 2853655 
953 2853655 
954 2853656 
955 2853663 
956 2853670 
957 2853672 
958 2853673 
959 2853679 
960 2853687 
961 2853687 
962 2853688 
963 2853688 
964 2853690 
965 2853709 
966 2853710 
967 2853710 
968 2853710 
969 2853711 
970 2853711 
971 2853711 
972 2853713 
973 2853714 
974 2853716 
975 2853733 
976 2853734 
977 2853736 
978 2853743 
979 2853751 
980 2853757 
981 2853757 
982 2853758 
983 2853758 
984 2853766 
985 2853782 
986 2853787 
987 2853788 
988 2853790 
989 2853793 
990 2853793 
991 2853798 
992 2853801 
993 2853809 
994 2853809 
995 2853811 
996 2853814 
997 2853820 
998 2853824 
999 2853830 
1000 2853830 
1001 2853834 
1002 2853835 
1003 2853835 
1004 2853836 
1005 2853836 
1006 2853837 
1007 2853837 
1008 2853843 
1009 2853845 
1010 2853846 
1011 2853846 
1012 2853846 
1013 2853846 
1014 2853847 
1015 2853847 
1016 2853847 
1017 2853850 
1018 2853850 
1019 2853851 
1020 2853851 
1021 2853852 
1022 2853853 
1023 2853853 
1024 2853853 
1025 2853853 
1026 2853854 
1027 2853857 
1028 2853857 
1029 2853860 
1030 2853860 
1031 2853863 
1032 2853864 
1033 2853864 
1034 2853882 
1035 2853883 
1036 2853883 
1037 2853883 
1038 2853884 
1039 2853884 
1040 2853884 
1041 2853885 
1042 2853885 
1043 2853885 
1044 2853886 
1045 2853886 
1046 2853886 
1047 2853887 
1048 2853887 
1049 2853888 
1050 2853888 
1051 2853894 
1052 2853894 
1053 2853895 
1054 2853895 
1055 2853899 
1056 2853899 
1057 2853901 
1058 2853902 
1059 2853902 
1060 2853903 
1061 2853905 
1062 2853905 
1063 2853905 
1064 2853906 
1065 2853906 
1066 2853906 
1067 2853907 
1068 2853910 
1069 2853914 
1070 2853914 
1071 2853916 
1072 2853917 
1073 2853919 
1074 2853920 
1075 2853920 
1076 2853920 
1077 2853920 
1078 2853921 
1079 2853921 
1080 2853921 
1081 2853922 
1082 2853928 
1083 2853928 
1084 2853928 
1085 2853928 
1086 2853929 
1087 2853929 
1088 2853930 
1089 2853931 
1090 2853932 
1091 2853933 
1092 2853934 
1093 2853935 
1094 2853935 
1095 2853935 
1096 2853936 
1097 2853936 
1098 2853936 
1099 2853937 
1100 2853937 
1101 2853938 
1102 2853938 
1103 2853938 
1104 2853939 
1105 2853939 
1106 2853939 
1107 2853939 
1108 2853941 
1109 2853941 
1110 2853942 
1111 2853942 
1112 2853943 
1113 2853943 
1114 2853943 
1115 2853943 
1116 2853945 
1117 2853952 
1118 2853953 
1119 2853953 
1120 2853956 
1121 2853956 
1122 2853956 
1123 2853957 
1124 2853957 
1125 2853957 
1126 2853958 
1127 2853959 
1128 2853964 
1129 2853967 
1130 2853967 
1131 2853968 
1132 2853969 
1133 2853969 
1134 2853970 
1135 2853972 
1136 2853972 
1137 2853976 
1138 2853981 
1139 2853984 
1140 2853985 
1141 2853985 
1142 2854013 
1143 2854015 
1144 2854021 
1145 2854024 
1146 2854024 
1147 2854025 
1148 2854025 
1149 2854026 
1150 2854026 
1151 2854027 
1152 2854028 
1153 2854028 
1154 2854028 
1155 2854028 
1156 2854029 
1157 2854029 
1158 2854029 
1159 2854030 
1160 2854030 
1161 2854035 
1162 2854038 
1163 2854038 
1164 2854039 
1165 2854039 
1166 2854039 
1167 2854040 
1168 2854040 
1169 2854043 
1170 2854048 
1171 2854049 
1172 2854049 
1173 2854052 
1174 2854052 
1175 2854055 
1176 2854058 
1177 2854074 
1178 2854078 
1179 2854078 
1180 2854078 
1181 2854079 
1182 2854079 
1183 2854080 
1184 2854080 
1185 2854080 
1186 2854081 
1187 2854083 
1188 2854083 
1189 2854086 
1190 2854088 
1191 2854088 
1192 2854089 
1193 2854089 
1194 2854089 
1195 2854090 
1196 2854090 
1197 2854090 
1198 2854090 
1199 2854097 
1200 2854098 
1201 2854098 
1202 2854098 
1203 2854099 
1204 2854099 
1205 2854100 
1206 2854100 
1207 2854101 
1208 2854102 
1209 2854103 
1210 2854109 
1211 2854111 
1212 2854114 
1213 2854115 
1214 2854123 
1215 2854124 
1216 2854124 
1217 2854124 
1218 2854125 
1219 2854129 
1220 2854129 
1221 2854130 
1222 2854130 
1223 2854130 
1224 2854130 
1225 2854131 
1226 2854131 
1227 2854131 
1228 2854131 
1229 2854132 
1230 2854132 
1231 2854133 
1232 2854133 
1233 2854133 
1234 2854137 
1235 2854137 
1236 2854137 
1237 2854139 
1238 2854144 
1239 2854144 
1240 2854144 
1241 2854148 
1242 2854148 
1243 2854149 
1244 2854149 
1245 2854150 
1246 2854150 
1247 2854151 
1248 2854151 
1249 2854156 
1250 2854159 
1251 2854159 
1252 2854159 
1253 2854160 
1254 2854160 
1255 2854161 
1256 2854161 
1257 2854161 
1258 2854162 
1259 2854162 
1260 2854162 
1261 2854162 
1262 2854166 
1263 2854168 
1264 2854169 
1265 2854169 
1266 2854170 
1267 2854171 
1268 2854179 
1269 2854179 
1270 2854180 
1271 2854180 
1272 2854181 
1273 2854184 
1274 2854184 
1275 2854186 
1276 2854186 
1277 2854189 
1278 2854190 
1279 2854190 
1280 2854190 
1281 2854191 
1282 2854199 
1283 2854199 
1284 2854202 
1285 2854203 
1286 2854203 
1287 2854204 
1288 2854208 
1289 2854209 
1290 2854209 
1291 2854223 
1292 2854224 
1293 2854224 
1294 2854225 
1295 2854226 
1296 2854226 
1297 2854226 
1298 2854227 
1299 2854227 
1300 2854227 
1301 2854228 
1302 2854228 
1303 2854229 
1304 2854229 
1305 2854238 
1306 2854242 
1307 2854243 
1308 2854245 
1309 2854246 
1310 2854247 
1311 2854248 
1312 2854251 
1313 2854256 
1314 2854263 
1315 2854264 
1316 2854265 
1317 2854266 
1318 2854267 
1319 2854269 
1320 2854270 
1321 2854270 
1322 2854271 
1323 2854271 
1324 2854271 
1325 2854272 
1326 2854274 
1327 2854279 
1328 2854279 
1329 2854280 
1330 2854280 
1331 2854280 
1332 2854280 
1333 2854281 
1334 2854283 
1335 2854285 
1336 2854287 
1337 2854290 
1338 2854291 
1339 2854292 
1340 2854294 
1341 2854295 
1342 2854296 
1343 2854299 
1344 2854299 
1345 2854303 
1346 2854306 
1347 2854317 
1348 2854318 
1349 2854318 
1350 2854319 
1351 2854320 
1352 2854320 
1353 2854324 
1354 2854325 
1355 2854327 
1356 2854327 
1357 2854327 
1358 2854328 
1359 2854328 
1360 2854329 
1361 2854329 
1362 2854329 
1363 2854329 
1364 2854330 
1365 2854330 
1366 2854330 
1367 2854331 
1368 2854331 
1369 2854331 
1370 2854331 
1371 2854332 
1372 2854332 
1373 2854332 
1374 2854333 
1375 2854334 
1376 2854334 
1377 2854335 
1378 2854337 
1379 2854337 
1380 2854338 
1381 2854339 
1382 2854339 
1383 2854340 
1384 2854341 
1385 2854341 
1386 2854342 
1387 2854343 
1388 2854344 
1389 2854350 
1390 2854350 
1391 2854350 
1392 2854351 
1393 2854351 
1394 2854352 
1395 2854354 
1396 2854355 
1397 2854355 
1398 2854356 
1399 2854356 
1400 2854356 
1401 2854357 
1402 2854360 
1403 2854361 
1404 2854364 
1405 2854364 
1406 2854365 
1407 2854365 
1408 2854365 
1409 2854365 
1410 2854366 
1411 2854366 
1412 2854366 
1413 2854368 
1414 2854368 
1415 2854369 
1416 2854369 
1417 2854369 
1418 2854370 
1419 2854370 
1420 2854370 
1421 2854371 
1422 2854371 
1423 2854371 
1424 2854381 
1425 2854382 
1426 2854383 
1427 2854383 
1428 2854383 
1429 2854384 
1430 2854384 
1431 2854385 
1432 2854385 
1433 2854387 
1434 2854388 
1435 2854389 
1436 2854390 
1437 2854390 
1438 2854398 
1439 2854398 
1440 2854405 
1441 2854408 
1442 2854408 
1443 2854408 
1444 2854409 
1445 2854409 
1446 2854410 
1447 2854413 
1448 2854413 
1449 2854413 
1450 2854414 
1451 2854414 
1452 2854414 
1453 2854415 
1454 2854415 
1455 2854415 
1456 2854416 
1457 2854416 
1458 2854416 
1459 2854425 
1460 2854426 
1461 2854427 
1462 2854427 
1463 2854428 
1464 2854428 
1465 2854428 
1466 2854432 
1467 2854432 
1468 2854433 
1469 2854433 
1470 2854433 
1471 2854434 
1472 2854434 
1473 2854437 
1474 2854446 
1475 2854447 
1476 2854447 
1477 2854448 
1478 2854448 
1479 2854456 
1480 2854463 
1481 2854463 
1482 2854464 
1483 2854464 
1484 2854464 
1485 2854465 
1486 2854466 
1487 2854467 
1488 2854467 
1489 2854467 
1490 2854469 
1491 2854497 
1492 2854497 
1493 2854497 
1494 2854498 
1495 2854498 
1496 2854499 
1497 2854506 
1498 2854506 
1499 2854513 
1500 2854517 
1501 2854520 
1502 2854529 
1503 2854530 
1504 2854536 
1505 2854538 
1506 2854538 
1507 2854543 
1508 2854543 
1509 2854543 
1510 2854544 
1511 2854544 
1512 2854563 
1513 2854563 
1514 2854563 
1515 2854564 
1516 2854566 
1517 2854567 
1518 2854568 
1519 2854568 
1520 2854569 
1521 2854569 
1522 2854570 
1523 2854570 
1524 2854572 
1525 2854582 
1526 2854584 
1527 2854596 
1528 2854597 
1529 2854597 
1530 2854597 
1531 2854598 
1532 2854598 
1533 2854599 
1534 2854599 
1535 2854601 
1536 2854602 
1537 2854602 
1538 2854602 
1539 2854603 
1540 2854603 
1541 2854603 
1542 2854604 
1543 2854604 
1544 2854604 
1545 2854610 
1546 2854612 
1547 2854614 
1548 2854615 
1549 2854617 
1550 2854621 
1551 2854622 
1552 2854626 
1553 2854626 
1554 2854632 
1555 2854632 
1556 2854632 
1557 2854633 
1558 2854633 
1559 2854634 
1560 2854634 
1561 2854634 
1562 2854636 
1563 2854638 
1564 2854640 
1565 2854640 
1566 2854643 
1567 2854643 
1568 2854644 
1569 2854645 
1570 2854645 
1571 2854645 
1572 2854651 
1573 2854656 
1574 2854658 
1575 2854661 
1576 2854663 
1577 2854664 
1578 2854665 
1579 2854665 
1580 2854665 
1581 2854666 
1582 2854668 
1583 2854675 
1584 2854677 
1585 2854678 
1586 2854678 
1587 2854689 
1588 2854689 
1589 2854704 
1590 2854704 
1591 2854711 
1592 2854715 
1593 2854743 
1594 2854744 
1595 2854744 
1596 2854744 
1597 2854745 
1598 2854745 
1599 2854747 
1600 2854751 
1601 2854754 
1602 2854758 
1603 2854758 
1604 2854759 
1605 2854759 
1606 2854761 
1607 2854762 
1608 2854762 
1609 2854762 
1610 2854764 
1611 2854765 
1612 2854765 
1613 2854766 
1614 2854767 
1615 2854768 
1616 2854770 
1617 2854772 
1618 2854772 
1619 2854774 
1620 2854776 
1621 2854778 
1622 2854778 
1623 2854780 
1624 2854781 
1625 2854783 
1626 2854783 
1627 2854783 
1628 2854785 
1629 2854785 
1630 2854788 
1631 2854789 
1632 2854789 
1633 2854792 
