466 432 119 432 3 432 272 0 31 25 25 0 25 25 25 25 389 7 432 34 103 25 25 432 25 25 3 432 25 432 244 427 432 25 432 25 25 25 25 2 25 2 432 25 25 25 383 432 25 25 25 25 432 25 432 25 432 25 25
432 466 134 466 0 466 247 0 29 0 0 0 0 0 0 0 423 4 466 9 78 0 0 466 0 0 0 466 0 466 219 461 466 0 466 0 0 0 0 0 0 2 466 0 0 0 383 466 0 0 0 0 466 0 466 0 466 0 0
119 134 466 134 0 134 234 4 6 122 122 2 122 122 122 122 134 0 134 30 13 122 122 134 122 122 0 134 122 134 177 134 134 122 134 122 122 122 122 0 122 3 134 122 122 122 103 134 122 122 122 122 134 122 134 122 134 122 122
432 466 134 466 0 466 247 0 29 0 0 0 0 0 0 0 423 4 466 9 78 0 0 466 0 0 0 466 0 466 219 461 466 0 466 0 0 0 0 0 0 2 466 0 0 0 383 466 0 0 0 0 466 0 466 0 466 0 0
3 0 0 0 466 0 4 25 0 0 0 0 0 0 0 0 2 359 0 2 3 0 0 0 0 0 466 0 0 0 4 4 0 0 0 0 0 0 0 0 0 2 0 0 0 0 3 0 0 0 0 0 0 0 0 0 0 0 0
432 466 134 466 0 466 247 0 29 0 0 0 0 0 0 0 423 4 466 9 78 0 0 466 0 0 0 466 0 466 219 461 466 0 466 0 0 0 0 0 0 2 466 0 0 0 383 466 0 0 0 0 466 0 466 0 466 0 0
272 247 234 247 4 247 466 7 32 185 185 0 185 185 185 185 247 4 247 93 76 185 185 247 185 185 4 247 185 247 384 242 247 185 247 185 185 185 185 3 185 2 247 185 185 185 231 247 185 185 185 185 247 185 247 185 247 185 185
0 0 4 0 25 0 7 466 37 0 0 27 0 0 0 0 21 29 0 2 2 0 0 0 0 0 25 0 0 0 0 0 0 0 0 0 0 0 0 5 0 4 0 0 0 0 5 0 0 0 0 0 0 0 0 0 0 0 0
31 29 6 29 0 29 32 37 466 0 0 0 0 0 0 0 29 2 29 1 2 0 0 29 0 0 0 29 0 29 32 29 29 0 29 0 0 0 0 12 0 2 29 0 0 0 35 29 0 0 0 0 29 0 29 0 29 0 0
25 0 122 0 0 0 185 0 0 466 466 0 466 466 466 466 0 0 0 374 357 466 466 0 466 466 0 0 466 0 217 0 0 466 0 466 466 466 466 0 466 0 0 466 466 466 0 0 466 466 466 466 0 466 0 466 0 466 466
25 0 122 0 0 0 185 0 0 466 466 0 466 466 466 466 0 0 0 374 357 466 466 0 466 466 0 0 466 0 217 0 0 466 0 466 466 466 466 0 466 0 0 466 466 466 0 0 466 466 466 466 0 466 0 466 0 466 466
0 0 2 0 0 0 0 27 0 0 0 466 0 0 0 0 0 0 0 0 4 0 0 0 0 0 0 0 0 0 0 0 0 0 0 0 0 0 0 0 0 25 0 0 0 0 0 0 0 0 0 0 0 0 0 0 0 0 0
25 0 122 0 0 0 185 0 0 466 466 0 466 466 466 466 0 0 0 374 357 466 466 0 466 466 0 0 466 0 217 0 0 466 0 466 466 466 466 0 466 0 0 466 466 466 0 0 466 466 466 466 0 466 0 466 0 466 466
25 0 122 0 0 0 185 0 0 466 466 0 466 466 466 466 0 0 0 374 357 466 466 0 466 466 0 0 466 0 217 0 0 466 0 466 466 466 466 0 466 0 0 466 466 466 0 0 466 466 466 466 0 466 0 466 0 466 466
25 0 122 0 0 0 185 0 0 466 466 0 466 466 466 466 0 0 0 374 357 466 466 0 466 466 0 0 466 0 217 0 0 466 0 466 466 466 466 0 466 0 0 466 466 466 0 0 466 466 466 466 0 466 0 466 0 466 466
25 0 122 0 0 0 185 0 0 466 466 0 466 466 466 466 0 0 0 374 357 466 466 0 466 466 0 0 466 0 217 0 0 466 0 466 466 466 466 0 466 0 0 466 466 466 0 0 466 466 466 466 0 466 0 466 0 466 466
389 423 134 423 2 423 247 21 29 0 0 0 0 0 0 0 466 4 423 21 35 0 0 423 0 0 2 423 0 423 219 418 423 0 423 0 0 0 0 2 0 2 423 0 0 0 340 423 0 0 0 0 423 0 423 0 423 0 0
7 4 0 4 359 4 4 29 2 0 0 0 0 0 0 0 4 466 4 4 0 0 0 4 0 0 359 4 0 4 4 8 4 0 4 0 0 0 0 1 0 2 4 0 0 0 7 4 0 0 0 0 4 0 4 0 4 0 0
432 466 134 466 0 466 247 0 29 0 0 0 0 0 0 0 423 4 466 9 78 0 0 466 0 0 0 466 0 466 219 461 466 0 466 0 0 0 0 0 0 2 466 0 0 0 383 466 0 0 0 0 466 0 466 0 466 0 0
34 9 30 9 2 9 93 2 1 374 374 0 374 374 374 374 21 4 9 466 358 374 374 9 374 374 2 9 374 9 125 9 9 374 9 374 374 374 374 2 374 3 9 374 374 374 9 9 374 374 374 374 9 374 9 374 9 374 374
103 78 13 78 3 78 76 2 2 357 357 4 357 357 357 357 35 0 78 358 466 357 357 78 357 357 3 78 357 78 108 78 78 357 78 357 357 357 357 1 357 2 78 357 357 357 78 78 357 357 357 357 78 357 78 357 78 357 357
25 0 122 0 0 0 185 0 0 466 466 0 466 466 466 466 0 0 0 374 357 466 466 0 466 466 0 0 466 0 217 0 0 466 0 466 466 466 466 0 466 0 0 466 466 466 0 0 466 466 466 466 0 466 0 466 0 466 466
25 0 122 0 0 0 185 0 0 466 466 0 466 466 466 466 0 0 0 374 357 466 466 0 466 466 0 0 466 0 217 0 0 466 0 466 466 466 466 0 466 0 0 466 466 466 0 0 466 466 466 466 0 466 0 466 0 466 466
432 466 134 466 0 466 247 0 29 0 0 0 0 0 0 0 423 4 466 9 78 0 0 466 0 0 0 466 0 466 219 461 466 0 466 0 0 0 0 0 0 2 466 0 0 0 383 466 0 0 0 0 466 0 466 0 466 0 0
25 0 122 0 0 0 185 0 0 466 466 0 466 466 466 466 0 0 0 374 357 466 466 0 466 466 0 0 466 0 217 0 0 466 0 466 466 466 466 0 466 0 0 466 466 466 0 0 466 466 466 466 0 466 0 466 0 466 466
25 0 122 0 0 0 185 0 0 466 466 0 466 466 466 466 0 0 0 374 357 466 466 0 466 466 0 0 466 0 217 0 0 466 0 466 466 466 466 0 466 0 0 466 466 466 0 0 466 466 466 466 0 466 0 466 0 466 466
3 0 0 0 466 0 4 25 0 0 0 0 0 0 0 0 2 359 0 2 3 0 0 0 0 0 466 0 0 0 4 4 0 0 0 0 0 0 0 0 0 2 0 0 0 0 3 0 0 0 0 0 0 0 0 0 0 0 0
432 466 134 466 0 466 247 0 29 0 0 0 0 0 0 0 423 4 466 9 78 0 0 466 0 0 0 466 0 466 219 461 466 0 466 0 0 0 0 0 0 2 466 0 0 0 383 466 0 0 0 0 466 0 466 0 466 0 0
25 0 122 0 0 0 185 0 0 466 466 0 466 466 466 466 0 0 0 374 357 466 466 0 466 466 0 0 466 0 217 0 0 466 0 466 466 466 466 0 466 0 0 466 466 466 0 0 466 466 466 466 0 466 0 466 0 466 466
432 466 134 466 0 466 247 0 29 0 0 0 0 0 0 0 423 4 466 9 78 0 0 466 0 0 0 466 0 466 219 461 466 0 466 0 0 0 0 0 0 2 466 0 0 0 383 466 0 0 0 0 466 0 466 0 466 0 0
244 219 177 219 4 219 384 0 32 217 217 0 217 217 217 217 219 4 219 125 108 217 217 219 217 217 4 219 217 219 466 214 219 217 219 217 217 217 217 8 217 2 219 217 217 217 219 219 217 217 217 217 219 217 219 217 219 217 217
427 461 134 461 4 461 242 0 29 0 0 0 0 0 0 0 418 8 461 9 78 0 0 461 0 0 4 461 0 461 214 466 461 0 461 0 0 0 0 0 0 2 461 0 0 0 378 461 0 0 0 0 461 0 461 0 461 0 0
432 466 134 466 0 466 247 0 29 0 0 0 0 0 0 0 423 4 466 9 78 0 0 466 0 0 0 466 0 466 219 461 466 0 466 0 0 0 0 0 0 2 466 0 0 0 383 466 0 0 0 0 466 0 466 0 466 0 0
25 0 122 0 0 0 185 0 0 466 466 0 466 466 466 466 0 0 0 374 357 466 466 0 466 466 0 0 466 0 217 0 0 466 0 466 466 466 466 0 466 0 0 466 466 466 0 0 466 466 466 466 0 466 0 466 0 466 466
432 466 134 466 0 466 247 0 29 0 0 0 0 0 0 0 423 4 466 9 78 0 0 466 0 0 0 466 0 466 219 461 466 0 466 0 0 0 0 0 0 2 466 0 0 0 383 466 0 0 0 0 466 0 466 0 466 0 0
25 0 122 0 0 0 185 0 0 466 466 0 466 466 466 466 0 0 0 374 357 466 466 0 466 466 0 0 466 0 217 0 0 466 0 466 466 466 466 0 466 0 0 466 466 466 0 0 466 466 466 466 0 466 0 466 0 466 466
25 0 122 0 0 0 185 0 0 466 466 0 466 466 466 466 0 0 0 374 357 466 466 0 466 466 0 0 466 0 217 0 0 466 0 466 466 466 466 0 466 0 0 466 466 466 0 0 466 466 466 466 0 466 0 466 0 466 466
25 0 122 0 0 0 185 0 0 466 466 0 466 466 466 466 0 0 0 374 357 466 466 0 466 466 0 0 466 0 217 0 0 466 0 466 466 466 466 0 466 0 0 466 466 466 0 0 466 466 466 466 0 466 0 466 0 466 466
25 0 122 0 0 0 185 0 0 466 466 0 466 466 466 466 0 0 0 374 357 466 466 0 466 466 0 0 466 0 217 0 0 466 0 466 466 466 466 0 466 0 0 466 466 466 0 0 466 466 466 466 0 466 0 466 0 466 466
2 0 0 0 0 0 3 5 12 0 0 0 0 0 0 0 2 1 0 2 1 0 0 0 0 0 0 0 0 0 8 0 0 0 0 0 0 0 0 466 0 2 0 0 0 0 1 0 0 0 0 0 0 0 0 0 0 0 0
25 0 122 0 0 0 185 0 0 466 466 0 466 466 466 466 0 0 0 374 357 466 466 0 466 466 0 0 466 0 217 0 0 466 0 466 466 466 466 0 466 0 0 466 466 466 0 0 466 466 466 466 0 466 0 466 0 466 466
2 2 3 2 2 2 2 4 2 0 0 25 0 0 0 0 2 2 2 3 2 0 0 2 0 0 2 2 0 2 2 2 2 0 2 0 0 0 0 2 0 466 2 0 0 0 2 2 0 0 0 0 2 0 2 0 2 0 0
432 466 134 466 0 466 247 0 29 0 0 0 0 0 0 0 423 4 466 9 78 0 0 466 0 0 0 466 0 466 219 461 466 0 466 0 0 0 0 0 0 2 466 0 0 0 383 466 0 0 0 0 466 0 466 0 466 0 0
25 0 122 0 0 0 185 0 0 466 466 0 466 466 466 466 0 0 0 374 357 466 466 0 466 466 0 0 466 0 217 0 0 466 0 466 466 466 466 0 466 0 0 466 466 466 0 0 466 466 466 466 0 466 0 466 0 466 466
25 0 122 0 0 0 185 0 0 466 466 0 466 466 466 466 0 0 0 374 357 466 466 0 466 466 0 0 466 0 217 0 0 466 0 466 466 466 466 0 466 0 0 466 466 466 0 0 466 466 466 466 0 466 0 466 0 466 466
25 0 122 0 0 0 185 0 0 466 466 0 466 466 466 466 0 0 0 374 357 466 466 0 466 466 0 0 466 0 217 0 0 466 0 466 466 466 466 0 466 0 0 466 466 466 0 0 466 466 466 466 0 466 0 466 0 466 466
383 383 103 383 3 383 231 5 35 0 0 0 0 0 0 0 340 7 383 9 78 0 0 383 0 0 3 383 0 383 219 378 383 0 383 0 0 0 0 1 0 2 383 0 0 0 466 383 0 0 0 0 383 0 383 0 383 0 0
432 466 134 466 0 466 247 0 29 0 0 0 0 0 0 0 423 4 466 9 78 0 0 466 0 0 0 466 0 466 219 461 466 0 466 0 0 0 0 0 0 2 466 0 0 0 383 466 0 0 0 0 466 0 466 0 466 0 0
25 0 122 0 0 0 185 0 0 466 466 0 466 466 466 466 0 0 0 374 357 466 466 0 466 466 0 0 466 0 217 0 0 466 0 466 466 466 466 0 466 0 0 466 466 466 0 0 466 466 466 466 0 466 0 466 0 466 466
25 0 122 0 0 0 185 0 0 466 466 0 466 466 466 466 0 0 0 374 357 466 466 0 466 466 0 0 466 0 217 0 0 466 0 466 466 466 466 0 466 0 0 466 466 466 0 0 466 466 466 466 0 466 0 466 0 466 466
25 0 122 0 0 0 185 0 0 466 466 0 466 466 466 466 0 0 0 374 357 466 466 0 466 466 0 0 466 0 217 0 0 466 0 466 466 466 466 0 466 0 0 466 466 466 0 0 466 466 466 466 0 466 0 466 0 466 466
25 0 122 0 0 0 185 0 0 466 466 0 466 466 466 466 0 0 0 374 357 466 466 0 466 466 0 0 466 0 217 0 0 466 0 466 466 466 466 0 466 0 0 466 466 466 0 0 466 466 466 466 0 466 0 466 0 466 466
432 466 134 466 0 466 247 0 29 0 0 0 0 0 0 0 423 4 466 9 78 0 0 466 0 0 0 466 0 466 219 461 466 0 466 0 0 0 0 0 0 2 466 0 0 0 383 466 0 0 0 0 466 0 466 0 466 0 0
25 0 122 0 0 0 185 0 0 466 466 0 466 466 466 466 0 0 0 374 357 466 466 0 466 466 0 0 466 0 217 0 0 466 0 466 466 466 466 0 466 0 0 466 466 466 0 0 466 466 466 466 0 466 0 466 0 466 466
432 466 134 466 0 466 247 0 29 0 0 0 0 0 0 0 423 4 466 9 78 0 0 466 0 0 0 466 0 466 219 461 466 0 466 0 0 0 0 0 0 2 466 0 0 0 383 466 0 0 0 0 466 0 466 0 466 0 0
25 0 122 0 0 0 185 0 0 466 466 0 466 466 466 466 0 0 0 374 357 466 466 0 466 466 0 0 466 0 217 0 0 466 0 466 466 466 466 0 466 0 0 466 466 466 0 0 466 466 466 466 0 466 0 466 0 466 466
432 466 134 466 0 466 247 0 29 0 0 0 0 0 0 0 423 4 466 9 78 0 0 466 0 0 0 466 0 466 219 461 466 0 466 0 0 0 0 0 0 2 466 0 0 0 383 466 0 0 0 0 466 0 466 0 466 0 0
25 0 122 0 0 0 185 0 0 466 466 0 466 466 466 466 0 0 0 374 357 466 466 0 466 466 0 0 466 0 217 0 0 466 0 466 466 466 466 0 466 0 0 466 466 466 0 0 466 466 466 466 0 466 0 466 0 466 466
25 0 122 0 0 0 185 0 0 466 466 0 466 466 466 466 0 0 0 374 357 466 466 0 466 466 0 0 466 0 217 0 0 466 0 466 466 466 466 0 466 0 0 466 466 466 0 0 466 466 466 466 0 466 0 466 0 466 466
