2065 49 22 1929 8 1677 121 0 0 3 1929 879 1929 5 1929 1929 808 10 450 140 0 1897 1929 64 1929 1177 1313 1503 0 1929 1929 1929 1929 12 514 1929 1197 1929 1929 1929 1929 351 0 1929 0 1929 1929 1929 1824 0 0 1929 1929 0 1407 0 1929 223 298
49 2065 0 49 0 49 1569 2016 2016 1882 49 845 49 0 49 49 1113 0 49 1974 2016 49 49 1915 49 39 615 49 2016 49 49 49 49 0 15 49 49 49 49 49 49 49 2016 49 2016 49 49 49 101 2016 2016 49 49 2016 49 2016 49 1793 1680
22 0 2065 0 0 40 6 0 0 4 0 9 0 0 0 0 1 25 72 0 0 16 0 2 0 112 2 5 0 0 0 0 0 30 1015 0 25 0 0 0 0 6 0 0 0 0 0 0 3 0 0 0 0 0 39 0 0 0 0
1929 49 0 2065 0 1656 121 0 0 3 2065 911 2065 0 2065 2065 808 5 379 140 0 2033 2065 64 2065 1189 1313 1639 0 2065 2065 2065 2065 7 492 2065 1333 2065 2065 2065 2065 487 0 2065 0 2065 2065 2065 1948 0 0 2065 2065 0 1543 0 2065 223 434
8 0 0 0 2065 3 7 0 0 5 0 84 0 0 0 0 48 15 79 0 0 16 0 2 0 86 0 5 0 0 0 0 0 21 166 0 97 0 0 0 0 10 0 0 0 0 0 0 4 0 0 0 0 0 28 0 0 0 0
1677 49 40 1656 3 2065 121 0 0 3 1656 879 1656 353 1656 1656 808 351 380 140 0 1624 1656 64 1656 1224 1313 1230 0 1656 1656 1656 1656 121 532 1656 924 1656 1656 1656 1656 266 0 1656 0 1656 1656 1656 1688 0 0 1656 1656 0 1134 0 1656 223 260
121 1569 6 121 7 121 2065 1618 1618 1620 121 680 121 7 121 121 1283 299 36 1478 1618 89 121 1468 121 121 785 217 1618 121 121 121 121 0 23 121 8 121 121 121 121 5 1618 121 1618 121 121 121 173 1618 1618 121 121 1618 236 1618 121 1735 1184
0 2016 0 0 0 0 1618 2065 2065 1931 0 837 0 0 0 0 1162 0 0 1925 2065 0 0 1915 0 0 664 0 2065 0 0 0 0 0 0 0 0 0 0 0 0 0 2065 0 2065 0 0 0 52 2065 2065 0 0 2065 0 2065 0 1842 1631
0 2016 0 0 0 0 1618 2065 2065 1931 0 837 0 0 0 0 1162 0 0 1925 2065 0 0 1915 0 0 664 0 2065 0 0 0 0 0 0 0 0 0 0 0 0 0 2065 0 2065 0 0 0 52 2065 2065 0 0 2065 0 2065 0 1842 1631
3 1882 4 3 5 3 1620 1931 1931 2065 3 840 3 2 3 3 1165 118 11 1791 1931 3 3 1781 3 3 667 3 1931 3 3 3 3 0 2 3 0 3 3 3 3 10 1931 3 1931 3 3 3 55 1931 1931 3 3 1931 4 1931 3 1845 1497
1929 49 0 2065 0 1656 121 0 0 3 2065 911 2065 0 2065 2065 808 5 379 140 0 2033 2065 64 2065 1189 1313 1639 0 2065 2065 2065 2065 7 492 2065 1333 2065 2065 2065 2065 487 0 2065 0 2065 2065 2065 1948 0 0 2065 2065 0 1543 0 2065 223 434
879 845 9 911 84 879 680 837 837 840 911 2065 911 174 911 911 281 179 191 878 837 879 911 853 911 324 475 911 837 911 911 911 911 146 214 911 615 911 911 911 911 212 837 911 837 911 911 911 912 837 837 911 911 837 770 837 911 961 1045
1929 49 0 2065 0 1656 121 0 0 3 2065 911 2065 0 2065 2065 808 5 379 140 0 2033 2065 64 2065 1189 1313 1639 0 2065 2065 2065 2065 7 492 2065 1333 2065 2065 2065 2065 487 0 2065 0 2065 2065 2065 1948 0 0 2065 2065 0 1543 0 2065 223 434
5 0 0 0 0 353 7 0 0 2 0 174 0 2065 0 0 1 956 132 0 0 0 0 2 0 98 21 12 0 0 0 0 0 155 39 0 39 0 0 0 0 7 0 0 0 0 0 0 32 0 0 0 0 0 11 0 0 0 0
1929 49 0 2065 0 1656 121 0 0 3 2065 911 2065 0 2065 2065 808 5 379 140 0 2033 2065 64 2065 1189 1313 1639 0 2065 2065 2065 2065 7 492 2065 1333 2065 2065 2065 2065 487 0 2065 0 2065 2065 2065 1948 0 0 2065 2065 0 1543 0 2065 223 434
1929 49 0 2065 0 1656 121 0 0 3 2065 911 2065 0 2065 2065 808 5 379 140 0 2033 2065 64 2065 1189 1313 1639 0 2065 2065 2065 2065 7 492 2065 1333 2065 2065 2065 2065 487 0 2065 0 2065 2065 2065 1948 0 0 2065 2065 0 1543 0 2065 223 434
808 1113 1 808 48 808 1283 1162 1162 1165 808 281 808 1 808 808 2065 0 95 1022 1162 776 808 1012 808 770 1472 409 1162 808 808 808 808 2 198 808 406 808 808 808 808 6 1162 808 1162 808 808 808 860 1162 1162 808 808 1162 286 1162 808 1385 728
10 0 25 5 15 351 299 0 0 118 5 179 5 956 5 5 0 2065 90 0 0 5 5 2 5 98 21 383 0 5 5 5 5 138 40 5 60 5 5 5 5 11 0 5 0 5 5 5 37 0 0 5 5 0 357 0 5 0 0
450 49 72 379 79 380 36 0 0 11 379 191 379 132 379 379 95 90 2065 140 0 368 379 64 379 313 191 374 0 379 379 379 379 228 144 379 368 379 379 379 379 523 0 379 0 379 379 379 379 0 0 379 379 0 318 0 379 32 198
140 1974 0 140 0 140 1478 1925 1925 1791 140 878 140 0 140 140 1022 0 140 2065 1925 140 140 1969 140 77 524 140 1925 140 140 140 140 0 15 140 140 140 140 140 140 140 1925 140 1925 140 140 140 192 1925 1925 140 140 1925 140 1925 140 1702 1771
0 2016 0 0 0 0 1618 2065 2065 1931 0 837 0 0 0 0 1162 0 0 1925 2065 0 0 1915 0 0 664 0 2065 0 0 0 0 0 0 0 0 0 0 0 0 0 2065 0 2065 0 0 0 52 2065 2065 0 0 2065 0 2065 0 1842 1631
1897 49 16 2033 16 1624 89 0 0 3 2033 879 2033 0 2033 2033 776 5 368 140 0 2065 2033 64 2033 1157 1281 1607 0 2033 2033 2033 2033 7 492 2033 1333 2033 2033 2033 2033 487 0 2033 0 2033 2033 2033 1916 0 0 2033 2033 0 1545 0 2033 191 434
1929 49 0 2065 0 1656 121 0 0 3 2065 911 2065 0 2065 2065 808 5 379 140 0 2033 2065 64 2065 1189 1313 1639 0 2065 2065 2065 2065 7 492 2065 1333 2065 2065 2065 2065 487 0 2065 0 2065 2065 2065 1948 0 0 2065 2065 0 1543 0 2065 223 434
64 1915 2 64 2 64 1468 1915 1915 1781 64 853 64 2 64 64 1012 2 64 1969 1915 64 64 2065 64 30 514 64 1915 64 64 64 64 78 2 64 64 64 64 64 64 64 1915 64 1915 64 64 64 116 1915 1915 64 64 1915 64 1915 64 1692 1695
1929 49 0 2065 0 1656 121 0 0 3 2065 911 2065 0 2065 2065 808 5 379 140 0 2033 2065 64 2065 1189 1313 1639 0 2065 2065 2065 2065 7 492 2065 1333 2065 2065 2065 2065 487 0 2065 0 2065 2065 2065 1948 0 0 2065 2065 0 1543 0 2065 223 434
1177 39 112 1189 86 1224 121 0 0 3 1189 324 1189 98 1189 1189 770 98 313 77 0 1157 1189 30 1189 2065 1015 801 0 1189 1189 1189 1189 51 408 1189 631 1189 1189 1189 1189 161 0 1189 0 1189 1189 1189 1162 0 0 1189 1189 0 667 0 1189 223 144
1313 615 2 1313 0 1313 785 664 664 667 1313 475 1313 21 1313 1313 1472 21 191 524 664 1281 1313 514 1313 1015 2065 887 664 1313 1313 1313 1313 13 472 1313 581 1313 1313 1313 1313 5 664 1313 664 1313 1313 1313 1365 664 664 1313 1313 664 791 664 1313 887 230
1503 49 5 1639 5 1230 217 0 0 3 1639 911 1639 12 1639 1639 409 383 374 140 0 1607 1639 64 1639 801 887 2065 0 1639 1639 1639 1639 7 347 1639 1082 1639 1639 1639 1639 487 0 1639 0 1639 1639 1639 1522 0 0 1639 1639 0 1603 0 1639 223 434
0 2016 0 0 0 0 1618 2065 2065 1931 0 837 0 0 0 0 1162 0 0 1925 2065 0 0 1915 0 0 664 0 2065 0 0 0 0 0 0 0 0 0 0 0 0 0 2065 0 2065 0 0 0 52 2065 2065 0 0 2065 0 2065 0 1842 1631
1929 49 0 2065 0 1656 121 0 0 3 2065 911 2065 0 2065 2065 808 5 379 140 0 2033 2065 64 2065 1189 1313 1639 0 2065 2065 2065 2065 7 492 2065 1333 2065 2065 2065 2065 487 0 2065 0 2065 2065 2065 1948 0 0 2065 2065 0 1543 0 2065 223 434
1929 49 0 2065 0 1656 121 0 0 3 2065 911 2065 0 2065 2065 808 5 379 140 0 2033 2065 64 2065 1189 1313 1639 0 2065 2065 2065 2065 7 492 2065 1333 2065 2065 2065 2065 487 0 2065 0 2065 2065 2065 1948 0 0 2065 2065 0 1543 0 2065 223 434
1929 49 0 2065 0 1656 121 0 0 3 2065 911 2065 0 2065 2065 808 5 379 140 0 2033 2065 64 2065 1189 1313 1639 0 2065 2065 2065 2065 7 492 2065 1333 2065 2065 2065 2065 487 0 2065 0 2065 2065 2065 1948 0 0 2065 2065 0 1543 0 2065 223 434
1929 49 0 2065 0 1656 121 0 0 3 2065 911 2065 0 2065 2065 808 5 379 140 0 2033 2065 64 2065 1189 1313 1639 0 2065 2065 2065 2065 7 492 2065 1333 2065 2065 2065 2065 487 0 2065 0 2065 2065 2065 1948 0 0 2065 2065 0 1543 0 2065 223 434
12 0 30 7 21 121 0 0 0 0 7 146 7 155 7 7 2 138 228 0 0 7 7 78 7 51 13 7 0 7 7 7 7 2065 16 7 38 7 7 7 7 15 0 7 0 7 7 7 7 0 0 7 7 0 7 0 7 0 0
514 15 1015 492 166 532 23 0 0 2 492 214 492 39 492 492 198 40 144 15 0 492 492 2 492 408 472 347 0 492 492 492 492 16 2065 492 185 492 492 492 492 25 0 492 0 492 492 492 495 0 0 492 492 0 471 0 492 0 15
1929 49 0 2065 0 1656 121 0 0 3 2065 911 2065 0 2065 2065 808 5 379 140 0 2033 2065 64 2065 1189 1313 1639 0 2065 2065 2065 2065 7 492 2065 1333 2065 2065 2065 2065 487 0 2065 0 2065 2065 2065 1948 0 0 2065 2065 0 1543 0 2065 223 434
1197 49 25 1333 97 924 8 0 0 0 1333 615 1333 39 1333 1333 406 60 368 140 0 1333 1333 64 1333 631 581 1082 0 1333 1333 1333 1333 38 185 1333 2065 1333 1333 1333 1333 482 0 1333 0 1333 1333 1333 1216 0 0 1333 1333 0 973 0 1333 40 434
1929 49 0 2065 0 1656 121 0 0 3 2065 911 2065 0 2065 2065 808 5 379 140 0 2033 2065 64 2065 1189 1313 1639 0 2065 2065 2065 2065 7 492 2065 1333 2065 2065 2065 2065 487 0 2065 0 2065 2065 2065 1948 0 0 2065 2065 0 1543 0 2065 223 434
1929 49 0 2065 0 1656 121 0 0 3 2065 911 2065 0 2065 2065 808 5 379 140 0 2033 2065 64 2065 1189 1313 1639 0 2065 2065 2065 2065 7 492 2065 1333 2065 2065 2065 2065 487 0 2065 0 2065 2065 2065 1948 0 0 2065 2065 0 1543 0 2065 223 434
1929 49 0 2065 0 1656 121 0 0 3 2065 911 2065 0 2065 2065 808 5 379 140 0 2033 2065 64 2065 1189 1313 1639 0 2065 2065 2065 2065 7 492 2065 1333 2065 2065 2065 2065 487 0 2065 0 2065 2065 2065 1948 0 0 2065 2065 0 1543 0 2065 223 434
1929 49 0 2065 0 1656 121 0 0 3 2065 911 2065 0 2065 2065 808 5 379 140 0 2033 2065 64 2065 1189 1313 1639 0 2065 2065 2065 2065 7 492 2065 1333 2065 2065 2065 2065 487 0 2065 0 2065 2065 2065 1948 0 0 2065 2065 0 1543 0 2065 223 434
351 49 6 487 10 266 5 0 0 10 487 212 487 7 487 487 6 11 523 140 0 487 487 64 487 161 5 487 0 487 487 487 487 15 25 487 482 487 487 487 487 2065 0 487 0 487 487 487 406 0 0 487 487 0 482 0 487 5 434
0 2016 0 0 0 0 1618 2065 2065 1931 0 837 0 0 0 0 1162 0 0 1925 2065 0 0 1915 0 0 664 0 2065 0 0 0 0 0 0 0 0 0 0 0 0 0 2065 0 2065 0 0 0 52 2065 2065 0 0 2065 0 2065 0 1842 1631
1929 49 0 2065 0 1656 121 0 0 3 2065 911 2065 0 2065 2065 808 5 379 140 0 2033 2065 64 2065 1189 1313 1639 0 2065 2065 2065 2065 7 492 2065 1333 2065 2065 2065 2065 487 0 2065 0 2065 2065 2065 1948 0 0 2065 2065 0 1543 0 2065 223 434
0 2016 0 0 0 0 1618 2065 2065 1931 0 837 0 0 0 0 1162 0 0 1925 2065 0 0 1915 0 0 664 0 2065 0 0 0 0 0 0 0 0 0 0 0 0 0 2065 0 2065 0 0 0 52 2065 2065 0 0 2065 0 2065 0 1842 1631
1929 49 0 2065 0 1656 121 0 0 3 2065 911 2065 0 2065 2065 808 5 379 140 0 2033 2065 64 2065 1189 1313 1639 0 2065 2065 2065 2065 7 492 2065 1333 2065 2065 2065 2065 487 0 2065 0 2065 2065 2065 1948 0 0 2065 2065 0 1543 0 2065 223 434
1929 49 0 2065 0 1656 121 0 0 3 2065 911 2065 0 2065 2065 808 5 379 140 0 2033 2065 64 2065 1189 1313 1639 0 2065 2065 2065 2065 7 492 2065 1333 2065 2065 2065 2065 487 0 2065 0 2065 2065 2065 1948 0 0 2065 2065 0 1543 0 2065 223 434
1929 49 0 2065 0 1656 121 0 0 3 2065 911 2065 0 2065 2065 808 5 379 140 0 2033 2065 64 2065 1189 1313 1639 0 2065 2065 2065 2065 7 492 2065 1333 2065 2065 2065 2065 487 0 2065 0 2065 2065 2065 1948 0 0 2065 2065 0 1543 0 2065 223 434
1824 101 3 1948 4 1688 173 52 52 55 1948 912 1948 32 1948 1948 860 37 379 192 52 1916 1948 116 1948 1162 1365 1522 52 1948 1948 1948 1948 7 495 1948 1216 1948 1948 1948 1948 406 52 1948 52 1948 1948 1948 2065 52 52 1948 1948 52 1426 52 1948 275 418
0 2016 0 0 0 0 1618 2065 2065 1931 0 837 0 0 0 0 1162 0 0 1925 2065 0 0 1915 0 0 664 0 2065 0 0 0 0 0 0 0 0 0 0 0 0 0 2065 0 2065 0 0 0 52 2065 2065 0 0 2065 0 2065 0 1842 1631
0 2016 0 0 0 0 1618 2065 2065 1931 0 837 0 0 0 0 1162 0 0 1925 2065 0 0 1915 0 0 664 0 2065 0 0 0 0 0 0 0 0 0 0 0 0 0 2065 0 2065 0 0 0 52 2065 2065 0 0 2065 0 2065 0 1842 1631
1929 49 0 2065 0 1656 121 0 0 3 2065 911 2065 0 2065 2065 808 5 379 140 0 2033 2065 64 2065 1189 1313 1639 0 2065 2065 2065 2065 7 492 2065 1333 2065 2065 2065 2065 487 0 2065 0 2065 2065 2065 1948 0 0 2065 2065 0 1543 0 2065 223 434
1929 49 0 2065 0 1656 121 0 0 3 2065 911 2065 0 2065 2065 808 5 379 140 0 2033 2065 64 2065 1189 1313 1639 0 2065 2065 2065 2065 7 492 2065 1333 2065 2065 2065 2065 487 0 2065 0 2065 2065 2065 1948 0 0 2065 2065 0 1543 0 2065 223 434
0 2016 0 0 0 0 1618 2065 2065 1931 0 837 0 0 0 0 1162 0 0 1925 2065 0 0 1915 0 0 664 0 2065 0 0 0 0 0 0 0 0 0 0 0 0 0 2065 0 2065 0 0 0 52 2065 2065 0 0 2065 0 2065 0 1842 1631
1407 49 39 1543 28 1134 236 0 0 4 1543 770 1543 11 1543 1543 286 357 318 140 0 1545 1543 64 1543 667 791 1603 0 1543 1543 1543 1543 7 471 1543 973 1543 1543 1543 1543 482 0 1543 0 1543 1543 1543 1426 0 0 1543 1543 0 2065 0 1543 53 434
0 2016 0 0 0 0 1618 2065 2065 1931 0 837 0 0 0 0 1162 0 0 1925 2065 0 0 1915 0 0 664 0 2065 0 0 0 0 0 0 0 0 0 0 0 0 0 2065 0 2065 0 0 0 52 2065 2065 0 0 2065 0 2065 0 1842 1631
1929 49 0 2065 0 1656 121 0 0 3 2065 911 2065 0 2065 2065 808 5 379 140 0 2033 2065 64 2065 1189 1313 1639 0 2065 2065 2065 2065 7 492 2065 1333 2065 2065 2065 2065 487 0 2065 0 2065 2065 2065 1948 0 0 2065 2065 0 1543 0 2065 223 434
223 1793 0 223 0 223 1735 1842 1842 1845 223 961 223 0 223 223 1385 0 32 1702 1842 191 223 1692 223 223 887 223 1842 223 223 223 223 0 0 223 40 223 223 223 223 5 1842 223 1842 223 223 223 275 1842 1842 223 223 1842 53 1842 223 2065 1408
298 1680 0 434 0 260 1184 1631 1631 1497 434 1045 434 0 434 434 728 0 198 1771 1631 434 434 1695 434 144 230 434 1631 434 434 434 434 0 15 434 434 434 434 434 434 434 1631 434 1631 434 434 434 418 1631 1631 434 434 1631 434 1631 434 1408 2065
