1288 941 10 429 429 29 36 790 4 21 429 790 790 790 429 429 231 224 790 429 429 429 293 790 11 429 171 17 638 790 790 429 429 742 210 429 717 790 790 24 429 790 790 485 296 429 790 429 429 429 343 790 790 429 790 429 790 429 867
941 1288 0 151 151 16 38 1137 0 18 151 1137 1137 1137 151 151 19 12 1137 151 151 151 15 1137 0 151 63 13 781 1137 1137 151 151 966 11 151 932 1137 1137 13 151 1137 1137 207 511 151 1137 151 151 151 65 1137 1137 151 1137 151 1137 151 964
10 0 1288 0 0 483 10 0 0 56 0 0 0 0 0 0 14 24 0 0 0 0 0 0 0 0 0 295 4 0 0 0 0 0 5 0 102 0 0 0 0 0 0 3 4 0 0 0 0 0 0 0 0 0 0 0 0 0 0
429 151 0 1288 1288 24 5 0 0 17 1288 0 0 0 1288 1288 1022 514 0 1288 1288 1288 1152 0 0 1288 215 52 654 0 0 1288 1288 0 272 1288 362 0 0 18 1288 0 0 1212 924 1288 0 1288 1288 1288 1202 0 0 1288 0 1288 0 1288 173
429 151 0 1288 1288 24 5 0 0 17 1288 0 0 0 1288 1288 1022 514 0 1288 1288 1288 1152 0 0 1288 215 52 654 0 0 1288 1288 0 272 1288 362 0 0 18 1288 0 0 1212 924 1288 0 1288 1288 1288 1202 0 0 1288 0 1288 0 1288 173
29 16 483 24 24 1288 17 16 7 29 24 16 16 16 24 24 62 152 16 24 24 24 24 16 264 24 9 171 17 16 16 24 24 50 33 24 14 16 16 6 24 16 16 27 21 24 16 24 24 24 24 16 16 24 16 24 16 24 19
36 38 10 5 5 17 1288 38 18 109 5 38 38 38 5 5 189 25 38 5 5 5 22 38 18 5 5 99 7 38 38 5 5 38 197 5 41 38 38 144 5 38 38 5 7 5 38 5 5 5 9 38 38 5 38 5 38 5 36
790 1137 0 0 0 16 38 1288 0 63 0 1288 1288 1288 0 0 9 12 1288 0 0 0 2 1288 0 0 63 13 630 1288 1288 0 0 1117 23 0 781 1288 1288 13 0 1288 1288 56 360 0 1288 0 0 0 5 1288 1288 0 1288 0 1288 0 1115
4 0 0 0 0 7 18 0 1288 24 0 0 0 0 0 0 1 21 0 0 0 0 0 0 0 0 0 1 0 0 0 0 0 0 109 0 0 0 0 79 0 0 0 3 0 0 0 0 0 0 33 0 0 0 0 0 0 0 0
21 18 56 17 17 29 109 63 24 1288 17 63 63 63 17 17 52 14 63 17 17 17 17 63 4 17 23 22 14 63 63 17 17 57 84 17 24 63 63 215 17 63 63 17 18 17 63 17 17 17 14 63 63 17 63 17 63 17 62
429 151 0 1288 1288 24 5 0 0 17 1288 0 0 0 1288 1288 1022 514 0 1288 1288 1288 1152 0 0 1288 215 52 654 0 0 1288 1288 0 272 1288 362 0 0 18 1288 0 0 1212 924 1288 0 1288 1288 1288 1202 0 0 1288 0 1288 0 1288 173
790 1137 0 0 0 16 38 1288 0 63 0 1288 1288 1288 0 0 9 12 1288 0 0 0 2 1288 0 0 63 13 630 1288 1288 0 0 1117 23 0 781 1288 1288 13 0 1288 1288 56 360 0 1288 0 0 0 5 1288 1288 0 1288 0 1288 0 1115
790 1137 0 0 0 16 38 1288 0 63 0 1288 1288 1288 0 0 9 12 1288 0 0 0 2 1288 0 0 63 13 630 1288 1288 0 0 1117 23 0 781 1288 1288 13 0 1288 1288 56 360 0 1288 0 0 0 5 1288 1288 0 1288 0 1288 0 1115
790 1137 0 0 0 16 38 1288 0 63 0 1288 1288 1288 0 0 9 12 1288 0 0 0 2 1288 0 0 63 13 630 1288 1288 0 0 1117 23 0 781 1288 1288 13 0 1288 1288 56 360 0 1288 0 0 0 5 1288 1288 0 1288 0 1288 0 1115
429 151 0 1288 1288 24 5 0 0 17 1288 0 0 0 1288 1288 1022 514 0 1288 1288 1288 1152 0 0 1288 215 52 654 0 0 1288 1288 0 272 1288 362 0 0 18 1288 0 0 1212 924 1288 0 1288 1288 1288 1202 0 0 1288 0 1288 0 1288 173
429 151 0 1288 1288 24 5 0 0 17 1288 0 0 0 1288 1288 1022 514 0 1288 1288 1288 1152 0 0 1288 215 52 654 0 0 1288 1288 0 272 1288 362 0 0 18 1288 0 0 1212 924 1288 0 1288 1288 1288 1202 0 0 1288 0 1288 0 1288 173
231 19 14 1022 1022 62 189 9 1 52 1022 9 9 9 1022 1022 1288 514 9 1022 1022 1022 1010 9 0 1022 215 56 388 9 9 1022 1022 9 370 1022 96 9 9 19 1022 9 9 946 658 1022 9 1022 1022 1022 1003 9 9 1022 9 1022 9 1022 182
224 12 24 514 514 152 25 12 21 14 514 12 12 12 514 514 514 1288 12 514 514 514 535 12 27 514 220 198 128 12 12 514 514 12 291 514 9 12 12 49 514 12 12 516 150 514 12 514 514 514 529 12 12 514 12 514 12 514 185
790 1137 0 0 0 16 38 1288 0 63 0 1288 1288 1288 0 0 9 12 1288 0 0 0 2 1288 0 0 63 13 630 1288 1288 0 0 1117 23 0 781 1288 1288 13 0 1288 1288 56 360 0 1288 0 0 0 5 1288 1288 0 1288 0 1288 0 1115
429 151 0 1288 1288 24 5 0 0 17 1288 0 0 0 1288 1288 1022 514 0 1288 1288 1288 1152 0 0 1288 215 52 654 0 0 1288 1288 0 272 1288 362 0 0 18 1288 0 0 1212 924 1288 0 1288 1288 1288 1202 0 0 1288 0 1288 0 1288 173
429 151 0 1288 1288 24 5 0 0 17 1288 0 0 0 1288 1288 1022 514 0 1288 1288 1288 1152 0 0 1288 215 52 654 0 0 1288 1288 0 272 1288 362 0 0 18 1288 0 0 1212 924 1288 0 1288 1288 1288 1202 0 0 1288 0 1288 0 1288 173
429 151 0 1288 1288 24 5 0 0 17 1288 0 0 0 1288 1288 1022 514 0 1288 1288 1288 1152 0 0 1288 215 52 654 0 0 1288 1288 0 272 1288 362 0 0 18 1288 0 0 1212 924 1288 0 1288 1288 1288 1202 0 0 1288 0 1288 0 1288 173
293 15 0 1152 1152 24 22 2 0 17 1152 2 2 2 1152 1152 1010 535 2 1152 1152 1152 1288 2 0 1152 231 52 518 2 2 1152 1152 2 283 1152 226 2 2 18 1152 2 2 1076 788 1152 2 1152 1152 1152 1152 2 2 1152 2 1152 2 1152 175
790 1137 0 0 0 16 38 1288 0 63 0 1288 1288 1288 0 0 9 12 1288 0 0 0 2 1288 0 0 63 13 630 1288 1288 0 0 1117 23 0 781 1288 1288 13 0 1288 1288 56 360 0 1288 0 0 0 5 1288 1288 0 1288 0 1288 0 1115
11 0 0 0 0 264 18 0 0 4 0 0 0 0 0 0 0 27 0 0 0 0 0 0 1288 0 17 67 0 0 0 0 0 66 38 0 0 0 0 297 0 0 0 0 0 0 0 0 0 0 3 0 0 0 0 0 0 0 0
429 151 0 1288 1288 24 5 0 0 17 1288 0 0 0 1288 1288 1022 514 0 1288 1288 1288 1152 0 0 1288 215 52 654 0 0 1288 1288 0 272 1288 362 0 0 18 1288 0 0 1212 924 1288 0 1288 1288 1288 1202 0 0 1288 0 1288 0 1288 173
171 63 0 215 215 9 5 63 0 23 215 63 63 63 215 215 215 220 63 215 215 215 231 63 17 215 1288 33 147 63 63 215 215 63 239 215 65 63 63 17 215 63 63 215 63 215 63 215 215 215 215 63 63 215 63 215 63 215 236
17 13 295 52 52 171 99 13 1 22 52 13 13 13 52 52 56 198 13 52 52 52 52 13 67 52 33 1288 39 13 13 52 52 41 133 52 13 13 13 53 52 13 13 49 36 52 13 52 52 52 55 13 13 52 13 52 13 52 39
638 781 4 654 654 17 7 630 0 14 654 630 630 630 654 654 388 128 630 654 654 654 518 630 0 654 147 39 1288 630 630 654 654 543 95 654 992 630 630 0 654 630 630 710 846 654 630 654 654 654 568 630 630 654 630 654 630 654 625
790 1137 0 0 0 16 38 1288 0 63 0 1288 1288 1288 0 0 9 12 1288 0 0 0 2 1288 0 0 63 13 630 1288 1288 0 0 1117 23 0 781 1288 1288 13 0 1288 1288 56 360 0 1288 0 0 0 5 1288 1288 0 1288 0 1288 0 1115
790 1137 0 0 0 16 38 1288 0 63 0 1288 1288 1288 0 0 9 12 1288 0 0 0 2 1288 0 0 63 13 630 1288 1288 0 0 1117 23 0 781 1288 1288 13 0 1288 1288 56 360 0 1288 0 0 0 5 1288 1288 0 1288 0 1288 0 1115
429 151 0 1288 1288 24 5 0 0 17 1288 0 0 0 1288 1288 1022 514 0 1288 1288 1288 1152 0 0 1288 215 52 654 0 0 1288 1288 0 272 1288 362 0 0 18 1288 0 0 1212 924 1288 0 1288 1288 1288 1202 0 0 1288 0 1288 0 1288 173
429 151 0 1288 1288 24 5 0 0 17 1288 0 0 0 1288 1288 1022 514 0 1288 1288 1288 1152 0 0 1288 215 52 654 0 0 1288 1288 0 272 1288 362 0 0 18 1288 0 0 1212 924 1288 0 1288 1288 1288 1202 0 0 1288 0 1288 0 1288 173
742 966 0 0 0 50 38 1117 0 57 0 1117 1117 1117 0 0 9 12 1117 0 0 0 2 1117 66 0 63 41 543 1117 1117 0 0 1288 23 0 610 1117 1117 16 0 1117 1117 56 189 0 1117 0 0 0 5 1117 1117 0 1117 0 1117 0 1115
210 11 5 272 272 33 197 23 109 84 272 23 23 23 272 272 370 291 23 272 272 272 283 23 38 272 239 133 95 23 23 272 272 23 1288 272 11 23 23 54 272 23 23 267 25 272 23 272 272 272 308 23 23 272 23 272 23 272 196
429 151 0 1288 1288 24 5 0 0 17 1288 0 0 0 1288 1288 1022 514 0 1288 1288 1288 1152 0 0 1288 215 52 654 0 0 1288 1288 0 272 1288 362 0 0 18 1288 0 0 1212 924 1288 0 1288 1288 1288 1202 0 0 1288 0 1288 0 1288 173
717 932 102 362 362 14 41 781 0 24 362 781 781 781 362 362 96 9 781 362 362 362 226 781 0 362 65 13 992 781 781 362 362 610 11 362 1288 781 781 14 362 781 781 418 722 362 781 362 362 362 276 781 781 362 781 362 781 362 608
790 1137 0 0 0 16 38 1288 0 63 0 1288 1288 1288 0 0 9 12 1288 0 0 0 2 1288 0 0 63 13 630 1288 1288 0 0 1117 23 0 781 1288 1288 13 0 1288 1288 56 360 0 1288 0 0 0 5 1288 1288 0 1288 0 1288 0 1115
790 1137 0 0 0 16 38 1288 0 63 0 1288 1288 1288 0 0 9 12 1288 0 0 0 2 1288 0 0 63 13 630 1288 1288 0 0 1117 23 0 781 1288 1288 13 0 1288 1288 56 360 0 1288 0 0 0 5 1288 1288 0 1288 0 1288 0 1115
24 13 0 18 18 6 144 13 79 215 18 13 13 13 18 18 19 49 13 18 18 18 18 13 297 18 17 53 0 13 13 18 18 16 54 18 14 13 13 1288 18 13 13 18 0 18 13 18 18 18 21 13 13 18 13 18 13 18 13
429 151 0 1288 1288 24 5 0 0 17 1288 0 0 0 1288 1288 1022 514 0 1288 1288 1288 1152 0 0 1288 215 52 654 0 0 1288 1288 0 272 1288 362 0 0 18 1288 0 0 1212 924 1288 0 1288 1288 1288 1202 0 0 1288 0 1288 0 1288 173
790 1137 0 0 0 16 38 1288 0 63 0 1288 1288 1288 0 0 9 12 1288 0 0 0 2 1288 0 0 63 13 630 1288 1288 0 0 1117 23 0 781 1288 1288 13 0 1288 1288 56 360 0 1288 0 0 0 5 1288 1288 0 1288 0 1288 0 1115
790 1137 0 0 0 16 38 1288 0 63 0 1288 1288 1288 0 0 9 12 1288 0 0 0 2 1288 0 0 63 13 630 1288 1288 0 0 1117 23 0 781 1288 1288 13 0 1288 1288 56 360 0 1288 0 0 0 5 1288 1288 0 1288 0 1288 0 1115
485 207 3 1212 1212 27 5 56 3 17 1212 56 56 56 1212 1212 946 516 56 1212 1212 1212 1076 56 0 1212 215 49 710 56 56 1212 1212 56 267 1212 418 56 56 18 1212 56 56 1288 848 1212 56 1212 1212 1212 1126 56 56 1212 56 1212 56 1212 229
296 511 4 924 924 21 7 360 0 18 924 360 360 360 924 924 658 150 360 924 924 924 788 360 0 924 63 36 846 360 360 924 924 189 25 924 722 360 360 0 924 360 360 848 1288 924 360 924 924 924 838 360 360 924 360 924 360 924 187
429 151 0 1288 1288 24 5 0 0 17 1288 0 0 0 1288 1288 1022 514 0 1288 1288 1288 1152 0 0 1288 215 52 654 0 0 1288 1288 0 272 1288 362 0 0 18 1288 0 0 1212 924 1288 0 1288 1288 1288 1202 0 0 1288 0 1288 0 1288 173
790 1137 0 0 0 16 38 1288 0 63 0 1288 1288 1288 0 0 9 12 1288 0 0 0 2 1288 0 0 63 13 630 1288 1288 0 0 1117 23 0 781 1288 1288 13 0 1288 1288 56 360 0 1288 0 0 0 5 1288 1288 0 1288 0 1288 0 1115
429 151 0 1288 1288 24 5 0 0 17 1288 0 0 0 1288 1288 1022 514 0 1288 1288 1288 1152 0 0 1288 215 52 654 0 0 1288 1288 0 272 1288 362 0 0 18 1288 0 0 1212 924 1288 0 1288 1288 1288 1202 0 0 1288 0 1288 0 1288 173
429 151 0 1288 1288 24 5 0 0 17 1288 0 0 0 1288 1288 1022 514 0 1288 1288 1288 1152 0 0 1288 215 52 654 0 0 1288 1288 0 272 1288 362 0 0 18 1288 0 0 1212 924 1288 0 1288 1288 1288 1202 0 0 1288 0 1288 0 1288 173
429 151 0 1288 1288 24 5 0 0 17 1288 0 0 0 1288 1288 1022 514 0 1288 1288 1288 1152 0 0 1288 215 52 654 0 0 1288 1288 0 272 1288 362 0 0 18 1288 0 0 1212 924 1288 0 1288 1288 1288 1202 0 0 1288 0 1288 0 1288 173
343 65 0 1202 1202 24 9 5 33 14 1202 5 5 5 1202 1202 1003 529 5 1202 1202 1202 1152 5 3 1202 215 55 568 5 5 1202 1202 5 308 1202 276 5 5 21 1202 5 5 1126 838 1202 5 1202 1202 1202 1288 5 5 1202 5 1202 5 1202 178
790 1137 0 0 0 16 38 1288 0 63 0 1288 1288 1288 0 0 9 12 1288 0 0 0 2 1288 0 0 63 13 630 1288 1288 0 0 1117 23 0 781 1288 1288 13 0 1288 1288 56 360 0 1288 0 0 0 5 1288 1288 0 1288 0 1288 0 1115
790 1137 0 0 0 16 38 1288 0 63 0 1288 1288 1288 0 0 9 12 1288 0 0 0 2 1288 0 0 63 13 630 1288 1288 0 0 1117 23 0 781 1288 1288 13 0 1288 1288 56 360 0 1288 0 0 0 5 1288 1288 0 1288 0 1288 0 1115
429 151 0 1288 1288 24 5 0 0 17 1288 0 0 0 1288 1288 1022 514 0 1288 1288 1288 1152 0 0 1288 215 52 654 0 0 1288 1288 0 272 1288 362 0 0 18 1288 0 0 1212 924 1288 0 1288 1288 1288 1202 0 0 1288 0 1288 0 1288 173
790 1137 0 0 0 16 38 1288 0 63 0 1288 1288 1288 0 0 9 12 1288 0 0 0 2 1288 0 0 63 13 630 1288 1288 0 0 1117 23 0 781 1288 1288 13 0 1288 1288 56 360 0 1288 0 0 0 5 1288 1288 0 1288 0 1288 0 1115
429 151 0 1288 1288 24 5 0 0 17 1288 0 0 0 1288 1288 1022 514 0 1288 1288 1288 1152 0 0 1288 215 52 654 0 0 1288 1288 0 272 1288 362 0 0 18 1288 0 0 1212 924 1288 0 1288 1288 1288 1202 0 0 1288 0 1288 0 1288 173
790 1137 0 0 0 16 38 1288 0 63 0 1288 1288 1288 0 0 9 12 1288 0 0 0 2 1288 0 0 63 13 630 1288 1288 0 0 1117 23 0 781 1288 1288 13 0 1288 1288 56 360 0 1288 0 0 0 5 1288 1288 0 1288 0 1288 0 1115
429 151 0 1288 1288 24 5 0 0 17 1288 0 0 0 1288 1288 1022 514 0 1288 1288 1288 1152 0 0 1288 215 52 654 0 0 1288 1288 0 272 1288 362 0 0 18 1288 0 0 1212 924 1288 0 1288 1288 1288 1202 0 0 1288 0 1288 0 1288 173
867 964 0 173 173 19 36 1115 0 62 173 1115 1115 1115 173 173 182 185 1115 173 173 173 175 1115 0 173 236 39 625 1115 1115 173 173 1115 196 173 608 1115 1115 13 173 1115 1115 229 187 173 1115 173 173 173 178 1115 1115 173 1115 173 1115 173 1288
