857 857 0 0 857 857 298 0 382 857 857 749 0 0 857 857 857 3 857 0 0 857 857 0 79 825 0 263 0 110 605 0 50 857 857 857 0 17 828 857 857 857 0 534 857 459 857 0 615 0 857 0 857 400 857 0 857 0 557
857 857 0 0 857 857 298 0 382 857 857 749 0 0 857 857 857 3 857 0 0 857 857 0 79 825 0 263 0 110 605 0 50 857 857 857 0 17 828 857 857 857 0 534 857 459 857 0 615 0 857 0 857 400 857 0 857 0 557
0 0 857 79 0 0 0 0 0 0 0 0 0 0 0 0 0 2 0 0 0 0 0 0 0 0 0 32 0 0 0 0 0 0 0 0 0 0 0 0 0 0 0 4 0 0 0 0 4 0 0 0 0 0 0 0 0 0 0
0 0 79 857 0 0 0 0 0 0 0 0 0 0 0 0 0 0 0 0 0 0 0 0 0 0 0 15 0 0 0 0 0 0 0 0 0 0 0 0 0 0 0 0 0 8 0 0 1 0 0 0 0 0 0 0 0 0 0
857 857 0 0 857 857 298 0 382 857 857 749 0 0 857 857 857 3 857 0 0 857 857 0 79 825 0 263 0 110 605 0 50 857 857 857 0 17 828 857 857 857 0 534 857 459 857 0 615 0 857 0 857 400 857 0 857 0 557
857 857 0 0 857 857 298 0 382 857 857 749 0 0 857 857 857 3 857 0 0 857 857 0 79 825 0 263 0 110 605 0 50 857 857 857 0 17 828 857 857 857 0 534 857 459 857 0 615 0 857 0 857 400 857 0 857 0 557
298 298 0 0 298 298 857 559 773 298 298 298 559 559 298 298 298 0 298 0 559 298 298 559 638 298 559 233 559 0 298 559 179 298 298 298 559 576 269 298 298 298 559 6 298 298 298 559 140 559 298 559 298 523 298 559 298 559 598
0 0 0 0 0 0 559 857 475 0 0 0 857 857 0 0 0 0 0 0 857 0 0 857 572 0 857 0 857 0 0 857 477 0 0 0 857 644 0 0 0 0 857 160 0 0 0 857 3 857 0 857 0 228 0 857 0 857 300
382 382 0 0 382 382 773 475 857 382 382 301 475 475 382 382 382 0 382 0 475 382 382 475 554 382 475 233 475 0 334 475 95 382 382 382 475 492 353 382 382 382 475 59 382 382 382 475 147 475 382 475 382 523 382 475 382 475 682
857 857 0 0 857 857 298 0 382 857 857 749 0 0 857 857 857 3 857 0 0 857 857 0 79 825 0 263 0 110 605 0 50 857 857 857 0 17 828 857 857 857 0 534 857 459 857 0 615 0 857 0 857 400 857 0 857 0 557
857 857 0 0 857 857 298 0 382 857 857 749 0 0 857 857 857 3 857 0 0 857 857 0 79 825 0 263 0 110 605 0 50 857 857 857 0 17 828 857 857 857 0 534 857 459 857 0 615 0 857 0 857 400 857 0 857 0 557
749 749 0 0 749 749 298 0 301 749 749 857 0 0 749 749 749 8 749 5 0 749 749 0 79 717 0 263 0 111 638 0 50 749 749 749 0 17 720 749 749 749 0 455 749 351 749 0 591 0 749 0 749 483 749 0 749 0 449
0 0 0 0 0 0 559 857 475 0 0 0 857 857 0 0 0 0 0 0 857 0 0 857 572 0 857 0 857 0 0 857 477 0 0 0 857 644 0 0 0 0 857 160 0 0 0 857 3 857 0 857 0 228 0 857 0 857 300
0 0 0 0 0 0 559 857 475 0 0 0 857 857 0 0 0 0 0 0 857 0 0 857 572 0 857 0 857 0 0 857 477 0 0 0 857 644 0 0 0 0 857 160 0 0 0 857 3 857 0 857 0 228 0 857 0 857 300
857 857 0 0 857 857 298 0 382 857 857 749 0 0 857 857 857 3 857 0 0 857 857 0 79 825 0 263 0 110 605 0 50 857 857 857 0 17 828 857 857 857 0 534 857 459 857 0 615 0 857 0 857 400 857 0 857 0 557
857 857 0 0 857 857 298 0 382 857 857 749 0 0 857 857 857 3 857 0 0 857 857 0 79 825 0 263 0 110 605 0 50 857 857 857 0 17 828 857 857 857 0 534 857 459 857 0 615 0 857 0 857 400 857 0 857 0 557
857 857 0 0 857 857 298 0 382 857 857 749 0 0 857 857 857 3 857 0 0 857 857 0 79 825 0 263 0 110 605 0 50 857 857 857 0 17 828 857 857 857 0 534 857 459 857 0 615 0 857 0 857 400 857 0 857 0 557
3 3 2 0 3 3 0 0 0 3 3 8 0 0 3 3 3 857 3 825 0 3 3 0 2 4 0 10 0 3 9 0 49 3 3 3 0 1 19 3 3 3 0 5 3 3 3 0 16 0 3 0 3 43 3 0 3 0 0
857 857 0 0 857 857 298 0 382 857 857 749 0 0 857 857 857 3 857 0 0 857 857 0 79 825 0 263 0 110 605 0 50 857 857 857 0 17 828 857 857 857 0 534 857 459 857 0 615 0 857 0 857 400 857 0 857 0 557
0 0 0 0 0 0 0 0 0 0 0 5 0 0 0 0 0 825 0 857 0 0 0 0 2 1 0 9 0 0 6 0 47 0 0 0 0 1 16 0 0 0 0 2 0 1 0 0 13 0 0 0 0 43 0 0 0 0 0
0 0 0 0 0 0 559 857 475 0 0 0 857 857 0 0 0 0 0 0 857 0 0 857 572 0 857 0 857 0 0 857 477 0 0 0 857 644 0 0 0 0 857 160 0 0 0 857 3 857 0 857 0 228 0 857 0 857 300
857 857 0 0 857 857 298 0 382 857 857 749 0 0 857 857 857 3 857 0 0 857 857 0 79 825 0 263 0 110 605 0 50 857 857 857 0 17 828 857 857 857 0 534 857 459 857 0 615 0 857 0 857 400 857 0 857 0 557
857 857 0 0 857 857 298 0 382 857 857 749 0 0 857 857 857 3 857 0 0 857 857 0 79 825 0 263 0 110 605 0 50 857 857 857 0 17 828 857 857 857 0 534 857 459 857 0 615 0 857 0 857 400 857 0 857 0 557
0 0 0 0 0 0 559 857 475 0 0 0 857 857 0 0 0 0 0 0 857 0 0 857 572 0 857 0 857 0 0 857 477 0 0 0 857 644 0 0 0 0 857 160 0 0 0 857 3 857 0 857 0 228 0 857 0 857 300
79 79 0 0 79 79 638 572 554 79 79 79 572 572 79 79 79 2 79 2 572 79 79 572 857 79 572 88 572 1 79 572 192 79 79 79 572 598 50 79 79 79 572 7 79 79 79 572 53 572 79 572 79 307 79 572 79 572 379
825 825 0 0 825 825 298 0 382 825 825 717 0 0 825 825 825 4 825 1 0 825 825 0 79 857 0 263 0 111 573 0 18 825 825 825 0 17 796 825 825 825 0 502 825 487 825 0 583 0 825 0 825 400 825 0 825 0 557
0 0 0 0 0 0 559 857 475 0 0 0 857 857 0 0 0 0 0 0 857 0 0 857 572 0 857 0 857 0 0 857 477 0 0 0 857 644 0 0 0 0 857 160 0 0 0 857 3 857 0 857 0 228 0 857 0 857 300
263 263 32 15 263 263 233 0 233 263 263 263 0 0 263 263 263 10 263 9 0 263 263 0 88 263 0 857 0 16 245 0 10 263 263 263 0 17 234 263 263 263 0 70 263 263 263 0 172 0 263 0 263 235 263 0 263 0 253
0 0 0 0 0 0 559 857 475 0 0 0 857 857 0 0 0 0 0 0 857 0 0 857 572 0 857 0 857 0 0 857 477 0 0 0 857 644 0 0 0 0 857 160 0 0 0 857 3 857 0 857 0 228 0 857 0 857 300
110 110 0 0 110 110 0 0 0 110 110 111 0 0 110 110 110 3 110 0 0 110 110 0 1 111 0 16 0 857 120 0 5 110 110 110 0 1 120 110 110 110 0 113 110 0 110 0 114 0 110 0 110 1 110 0 110 0 0
605 605 0 0 605 605 298 0 334 605 605 638 0 0 605 605 605 9 605 6 0 605 605 0 79 573 0 245 0 120 857 0 65 605 605 605 0 17 576 605 605 605 0 282 605 365 605 0 419 0 605 0 605 473 605 0 605 0 334
0 0 0 0 0 0 559 857 475 0 0 0 857 857 0 0 0 0 0 0 857 0 0 857 572 0 857 0 857 0 0 857 477 0 0 0 857 644 0 0 0 0 857 160 0 0 0 857 3 857 0 857 0 228 0 857 0 857 300
50 50 0 0 50 50 179 477 95 50 50 50 477 477 50 50 50 49 50 47 477 50 50 477 192 18 477 10 477 5 65 477 857 50 50 50 477 264 50 50 50 50 477 210 50 167 50 477 53 477 50 477 50 24 50 477 50 477 3
857 857 0 0 857 857 298 0 382 857 857 749 0 0 857 857 857 3 857 0 0 857 857 0 79 825 0 263 0 110 605 0 50 857 857 857 0 17 828 857 857 857 0 534 857 459 857 0 615 0 857 0 857 400 857 0 857 0 557
857 857 0 0 857 857 298 0 382 857 857 749 0 0 857 857 857 3 857 0 0 857 857 0 79 825 0 263 0 110 605 0 50 857 857 857 0 17 828 857 857 857 0 534 857 459 857 0 615 0 857 0 857 400 857 0 857 0 557
857 857 0 0 857 857 298 0 382 857 857 749 0 0 857 857 857 3 857 0 0 857 857 0 79 825 0 263 0 110 605 0 50 857 857 857 0 17 828 857 857 857 0 534 857 459 857 0 615 0 857 0 857 400 857 0 857 0 557
0 0 0 0 0 0 559 857 475 0 0 0 857 857 0 0 0 0 0 0 857 0 0 857 572 0 857 0 857 0 0 857 477 0 0 0 857 644 0 0 0 0 857 160 0 0 0 857 3 857 0 857 0 228 0 857 0 857 300
17 17 0 0 17 17 576 644 492 17 17 17 644 644 17 17 17 1 17 1 644 17 17 644 598 17 644 17 644 1 17 644 264 17 17 17 644 857 18 17 17 17 644 5 17 17 17 644 33 644 17 644 17 245 17 644 17 644 317
828 828 0 0 828 828 269 0 353 828 828 720 0 0 828 828 828 19 828 16 0 828 828 0 50 796 0 234 0 120 576 0 50 828 828 828 0 18 857 828 828 828 0 534 828 430 828 0 601 0 828 0 828 371 828 0 828 0 528
857 857 0 0 857 857 298 0 382 857 857 749 0 0 857 857 857 3 857 0 0 857 857 0 79 825 0 263 0 110 605 0 50 857 857 857 0 17 828 857 857 857 0 534 857 459 857 0 615 0 857 0 857 400 857 0 857 0 557
857 857 0 0 857 857 298 0 382 857 857 749 0 0 857 857 857 3 857 0 0 857 857 0 79 825 0 263 0 110 605 0 50 857 857 857 0 17 828 857 857 857 0 534 857 459 857 0 615 0 857 0 857 400 857 0 857 0 557
857 857 0 0 857 857 298 0 382 857 857 749 0 0 857 857 857 3 857 0 0 857 857 0 79 825 0 263 0 110 605 0 50 857 857 857 0 17 828 857 857 857 0 534 857 459 857 0 615 0 857 0 857 400 857 0 857 0 557
0 0 0 0 0 0 559 857 475 0 0 0 857 857 0 0 0 0 0 0 857 0 0 857 572 0 857 0 857 0 0 857 477 0 0 0 857 644 0 0 0 0 857 160 0 0 0 857 3 857 0 857 0 228 0 857 0 857 300
534 534 4 0 534 534 6 160 59 534 534 455 160 160 534 534 534 5 534 2 160 534 534 160 7 502 160 70 160 113 282 160 210 534 534 534 160 5 534 534 534 534 160 857 534 136 534 160 483 160 534 160 534 114 534 160 534 160 234
857 857 0 0 857 857 298 0 382 857 857 749 0 0 857 857 857 3 857 0 0 857 857 0 79 825 0 263 0 110 605 0 50 857 857 857 0 17 828 857 857 857 0 534 857 459 857 0 615 0 857 0 857 400 857 0 857 0 557
459 459 0 8 459 459 298 0 382 459 459 351 0 0 459 459 459 3 459 1 0 459 459 0 79 487 0 263 0 0 365 0 167 459 459 459 0 17 430 459 459 459 0 136 459 857 459 0 217 0 459 0 459 296 459 0 459 0 459
857 857 0 0 857 857 298 0 382 857 857 749 0 0 857 857 857 3 857 0 0 857 857 0 79 825 0 263 0 110 605 0 50 857 857 857 0 17 828 857 857 857 0 534 857 459 857 0 615 0 857 0 857 400 857 0 857 0 557
0 0 0 0 0 0 559 857 475 0 0 0 857 857 0 0 0 0 0 0 857 0 0 857 572 0 857 0 857 0 0 857 477 0 0 0 857 644 0 0 0 0 857 160 0 0 0 857 3 857 0 857 0 228 0 857 0 857 300
615 615 4 1 615 615 140 3 147 615 615 591 3 3 615 615 615 16 615 13 3 615 615 3 53 583 3 172 3 114 419 3 53 615 615 615 3 33 601 615 615 615 3 483 615 217 615 3 857 3 615 3 615 251 615 3 615 3 315
0 0 0 0 0 0 559 857 475 0 0 0 857 857 0 0 0 0 0 0 857 0 0 857 572 0 857 0 857 0 0 857 477 0 0 0 857 644 0 0 0 0 857 160 0 0 0 857 3 857 0 857 0 228 0 857 0 857 300
857 857 0 0 857 857 298 0 382 857 857 749 0 0 857 857 857 3 857 0 0 857 857 0 79 825 0 263 0 110 605 0 50 857 857 857 0 17 828 857 857 857 0 534 857 459 857 0 615 0 857 0 857 400 857 0 857 0 557
0 0 0 0 0 0 559 857 475 0 0 0 857 857 0 0 0 0 0 0 857 0 0 857 572 0 857 0 857 0 0 857 477 0 0 0 857 644 0 0 0 0 857 160 0 0 0 857 3 857 0 857 0 228 0 857 0 857 300
857 857 0 0 857 857 298 0 382 857 857 749 0 0 857 857 857 3 857 0 0 857 857 0 79 825 0 263 0 110 605 0 50 857 857 857 0 17 828 857 857 857 0 534 857 459 857 0 615 0 857 0 857 400 857 0 857 0 557
400 400 0 0 400 400 523 228 523 400 400 483 228 228 400 400 400 43 400 43 228 400 400 228 307 400 228 235 228 1 473 228 24 400 400 400 228 245 371 400 400 400 228 114 400 296 400 228 251 228 400 228 400 857 400 228 400 228 556
857 857 0 0 857 857 298 0 382 857 857 749 0 0 857 857 857 3 857 0 0 857 857 0 79 825 0 263 0 110 605 0 50 857 857 857 0 17 828 857 857 857 0 534 857 459 857 0 615 0 857 0 857 400 857 0 857 0 557
0 0 0 0 0 0 559 857 475 0 0 0 857 857 0 0 0 0 0 0 857 0 0 857 572 0 857 0 857 0 0 857 477 0 0 0 857 644 0 0 0 0 857 160 0 0 0 857 3 857 0 857 0 228 0 857 0 857 300
857 857 0 0 857 857 298 0 382 857 857 749 0 0 857 857 857 3 857 0 0 857 857 0 79 825 0 263 0 110 605 0 50 857 857 857 0 17 828 857 857 857 0 534 857 459 857 0 615 0 857 0 857 400 857 0 857 0 557
0 0 0 0 0 0 559 857 475 0 0 0 857 857 0 0 0 0 0 0 857 0 0 857 572 0 857 0 857 0 0 857 477 0 0 0 857 644 0 0 0 0 857 160 0 0 0 857 3 857 0 857 0 228 0 857 0 857 300
557 557 0 0 557 557 598 300 682 557 557 449 300 300 557 557 557 0 557 0 300 557 557 300 379 557 300 253 300 0 334 300 3 557 557 557 300 317 528 557 557 557 300 234 557 459 557 300 315 300 557 300 557 556 557 300 557 300 857
