4338 4173 3138 1490 4338 4 2 0 4338 4338 0 4338 0 0 4338 4338 4338 0 4338 3026 3319 4264 0 0 0 4338 4338 0 0 0 4338 4338 0 4338 397 951 4338 217 11 385 0 3206 191 0 4338 0 4338 0 2266 4338 3179 0 4338 4338 4338 4338 4033 0 4329
4173 4338 3138 1325 4173 4 17 0 4173 4173 0 4173 0 0 4173 4173 4173 0 4173 2861 3319 4099 0 0 0 4173 4173 0 0 0 4173 4173 0 4173 361 951 4173 217 9 361 0 3041 191 0 4173 0 4173 0 2266 4173 3014 0 4173 4173 4173 4173 3868 0 4164
3138 3138 4338 618 3138 4 3 0 3138 3138 0 3138 241 0 3138 3138 3138 30 3138 1826 2630 3064 0 1 0 3138 3138 0 0 328 3138 3138 9 3138 365 968 3138 273 49 361 1 2286 192 0 3138 328 3138 0 2025 3138 1979 0 3138 3138 3138 3138 2833 0 3129
1490 1325 618 4338 1490 6 2 50 1490 1490 0 1490 1625 0 1490 1490 1490 31 1490 1527 625 1492 0 0 0 1490 1490 0 0 2574 1490 1490 89 1490 397 45 1490 217 189 385 0 1544 191 0 1490 2574 1490 28 72 1490 1490 0 1490 1490 1490 1490 1185 0 1481
4338 4173 3138 1490 4338 4 2 0 4338 4338 0 4338 0 0 4338 4338 4338 0 4338 3026 3319 4264 0 0 0 4338 4338 0 0 0 4338 4338 0 4338 397 951 4338 217 11 385 0 3206 191 0 4338 0 4338 0 2266 4338 3179 0 4338 4338 4338 4338 4033 0 4329
4 4 4 6 4 4338 3894 22 4 4 4114 4 10 4114 4 4 4 272 4 21 869 4 4114 8 4114 4 4 4114 3847 6 4 4 1561 4 3620 318 4 3098 981 3342 8 49 3732 4114 4 6 4 3105 1769 4 4 4114 4 4 4 4 4 3178 4
2 17 3 2 2 3894 4338 11 2 2 4118 2 5 4118 2 2 2 209 2 19 645 2 4118 3 4118 2 2 4118 3913 2 2 2 1341 2 3851 292 2 3192 732 3571 3 44 3913 4118 2 2 2 2885 1545 2 2 4118 2 2 2 2 2 2958 2
0 0 0 50 0 22 11 4338 0 0 0 0 0 0 0 0 0 44 0 170 31 10 0 0 0 0 0 0 0 0 0 0 66 0 2 40 0 12 7 7 0 28 4 0 0 0 0 0 0 0 46 0 0 0 0 0 0 0 0
4338 4173 3138 1490 4338 4 2 0 4338 4338 0 4338 0 0 4338 4338 4338 0 4338 3026 3319 4264 0 0 0 4338 4338 0 0 0 4338 4338 0 4338 397 951 4338 217 11 385 0 3206 191 0 4338 0 4338 0 2266 4338 3179 0 4338 4338 4338 4338 4033 0 4329
4338 4173 3138 1490 4338 4 2 0 4338 4338 0 4338 0 0 4338 4338 4338 0 4338 3026 3319 4264 0 0 0 4338 4338 0 0 0 4338 4338 0 4338 397 951 4338 217 11 385 0 3206 191 0 4338 0 4338 0 2266 4338 3179 0 4338 4338 4338 4338 4033 0 4329
0 0 0 0 0 4114 4118 0 0 0 4338 0 3 4338 0 0 0 249 0 17 865 0 4338 0 4338 0 0 4338 4071 0 0 0 1561 0 3844 289 0 3322 952 3566 0 42 3956 4338 0 0 0 3105 1765 0 0 4338 0 0 0 0 0 3178 0
4338 4173 3138 1490 4338 4 2 0 4338 4338 0 4338 0 0 4338 4338 4338 0 4338 3026 3319 4264 0 0 0 4338 4338 0 0 0 4338 4338 0 4338 397 951 4338 217 11 385 0 3206 191 0 4338 0 4338 0 2266 4338 3179 0 4338 4338 4338 4338 4033 0 4329
0 0 241 1625 0 10 5 0 0 0 3 0 4338 3 0 0 0 31 0 37 0 2 3 2 3 0 0 3 6 3389 0 0 91 0 5 7 0 110 133 4 2 304 6 3 0 3389 0 1 72 0 0 3 0 0 0 0 11 0 2
0 0 0 0 0 4114 4118 0 0 0 4338 0 3 4338 0 0 0 249 0 17 865 0 4338 0 4338 0 0 4338 4071 0 0 0 1561 0 3844 289 0 3322 952 3566 0 42 3956 4338 0 0 0 3105 1765 0 0 4338 0 0 0 0 0 3178 0
4338 4173 3138 1490 4338 4 2 0 4338 4338 0 4338 0 0 4338 4338 4338 0 4338 3026 3319 4264 0 0 0 4338 4338 0 0 0 4338 4338 0 4338 397 951 4338 217 11 385 0 3206 191 0 4338 0 4338 0 2266 4338 3179 0 4338 4338 4338 4338 4033 0 4329
4338 4173 3138 1490 4338 4 2 0 4338 4338 0 4338 0 0 4338 4338 4338 0 4338 3026 3319 4264 0 0 0 4338 4338 0 0 0 4338 4338 0 4338 397 951 4338 217 11 385 0 3206 191 0 4338 0 4338 0 2266 4338 3179 0 4338 4338 4338 4338 4033 0 4329
4338 4173 3138 1490 4338 4 2 0 4338 4338 0 4338 0 0 4338 4338 4338 0 4338 3026 3319 4264 0 0 0 4338 4338 0 0 0 4338 4338 0 4338 397 951 4338 217 11 385 0 3206 191 0 4338 0 4338 0 2266 4338 3179 0 4338 4338 4338 4338 4033 0 4329
0 0 30 31 0 272 209 44 0 0 249 0 31 249 0 0 0 4338 0 176 260 8 249 814 249 0 0 249 2 62 0 0 249 0 14 743 0 96 383 0 814 25 5 249 0 62 0 250 249 0 0 249 0 0 0 0 8 250 0
4338 4173 3138 1490 4338 4 2 0 4338 4338 0 4338 0 0 4338 4338 4338 0 4338 3026 3319 4264 0 0 0 4338 4338 0 0 0 4338 4338 0 4338 397 951 4338 217 11 385 0 3206 191 0 4338 0 4338 0 2266 4338 3179 0 4338 4338 4338 4338 4033 0 4329
3026 2861 1826 1527 3026 21 19 170 3026 3026 17 3026 37 17 3026 3026 3026 176 3026 4338 2007 3030 17 9 17 3026 3026 17 17 37 3026 3026 34 3026 414 13 3026 234 41 402 9 1938 208 17 3026 37 3026 18 1103 3026 2958 17 3026 3026 3026 3026 2721 18 3017
3319 3319 2630 625 3319 869 645 31 3319 3319 865 3319 0 865 3319 3319 3319 260 3319 2007 4338 3245 865 11 865 3319 3319 865 598 0 3319 3319 872 3319 371 964 3319 373 429 93 11 2372 483 865 3319 0 3319 865 2977 3319 2160 865 3319 3319 3319 3319 3319 865 3319
4264 4099 3064 1492 4264 4 2 10 4264 4264 0 4264 2 0 4264 4264 4264 8 4264 3030 3245 4338 0 1 0 4264 4264 0 0 2 4264 4264 1 4264 397 951 4264 217 11 385 1 3164 191 0 4264 2 4264 4 2192 4264 3185 0 4264 4264 4264 4264 3959 0 4255
0 0 0 0 0 4114 4118 0 0 0 4338 0 3 4338 0 0 0 249 0 17 865 0 4338 0 4338 0 0 4338 4071 0 0 0 1561 0 3844 289 0 3322 952 3566 0 42 3956 4338 0 0 0 3105 1765 0 0 4338 0 0 0 0 0 3178 0
0 0 1 0 0 8 3 0 0 0 0 0 2 0 0 0 0 814 0 9 11 1 0 4338 0 0 0 0 1 0 0 0 43 0 1 1039 0 94 31 27 4338 25 3 0 0 0 0 2 9 0 0 0 0 0 0 0 7 6 1
0 0 0 0 0 4114 4118 0 0 0 4338 0 3 4338 0 0 0 249 0 17 865 0 4338 0 4338 0 0 4338 4071 0 0 0 1561 0 3844 289 0 3322 952 3566 0 42 3956 4338 0 0 0 3105 1765 0 0 4338 0 0 0 0 0 3178 0
4338 4173 3138 1490 4338 4 2 0 4338 4338 0 4338 0 0 4338 4338 4338 0 4338 3026 3319 4264 0 0 0 4338 4338 0 0 0 4338 4338 0 4338 397 951 4338 217 11 385 0 3206 191 0 4338 0 4338 0 2266 4338 3179 0 4338 4338 4338 4338 4033 0 4329
4338 4173 3138 1490 4338 4 2 0 4338 4338 0 4338 0 0 4338 4338 4338 0 4338 3026 3319 4264 0 0 0 4338 4338 0 0 0 4338 4338 0 4338 397 951 4338 217 11 385 0 3206 191 0 4338 0 4338 0 2266 4338 3179 0 4338 4338 4338 4338 4033 0 4329
0 0 0 0 0 4114 4118 0 0 0 4338 0 3 4338 0 0 0 249 0 17 865 0 4338 0 4338 0 0 4338 4071 0 0 0 1561 0 3844 289 0 3322 952 3566 0 42 3956 4338 0 0 0 3105 1765 0 0 4338 0 0 0 0 0 3178 0
0 0 0 0 0 3847 3913 0 0 0 4071 0 6 4071 0 0 0 2 0 17 598 0 4071 1 4071 0 0 4071 4338 3 0 0 1294 0 3844 290 0 3238 685 3566 1 42 3957 4071 0 3 0 2838 1498 0 0 4071 0 0 0 0 18 2911 5
0 0 328 2574 0 6 2 0 0 0 0 0 3389 0 0 0 0 62 0 37 0 2 0 0 0 0 0 0 3 4338 0 0 91 0 2 21 0 107 154 1 0 54 3 0 0 4338 0 28 72 0 0 0 0 0 0 0 11 0 2
4338 4173 3138 1490 4338 4 2 0 4338 4338 0 4338 0 0 4338 4338 4338 0 4338 3026 3319 4264 0 0 0 4338 4338 0 0 0 4338 4338 0 4338 397 951 4338 217 11 385 0 3206 191 0 4338 0 4338 0 2266 4338 3179 0 4338 4338 4338 4338 4033 0 4329
4338 4173 3138 1490 4338 4 2 0 4338 4338 0 4338 0 0 4338 4338 4338 0 4338 3026 3319 4264 0 0 0 4338 4338 0 0 0 4338 4338 0 4338 397 951 4338 217 11 385 0 3206 191 0 4338 0 4338 0 2266 4338 3179 0 4338 4338 4338 4338 4033 0 4329
0 0 9 89 0 1561 1341 66 0 0 1561 0 91 1561 0 0 0 249 0 34 872 1 1561 43 1561 0 0 1561 1294 91 0 0 4338 0 1067 160 0 545 513 789 43 0 1179 1561 0 91 0 1581 1537 0 68 1561 0 0 0 0 0 1580 0
4338 4173 3138 1490 4338 4 2 0 4338 4338 0 4338 0 0 4338 4338 4338 0 4338 3026 3319 4264 0 0 0 4338 4338 0 0 0 4338 4338 0 4338 397 951 4338 217 11 385 0 3206 191 0 4338 0 4338 0 2266 4338 3179 0 4338 4338 4338 4338 4033 0 4329
397 361 365 397 397 3620 3851 2 397 397 3844 397 5 3844 397 397 397 14 397 414 371 397 3844 1 3844 397 397 3844 3844 2 397 397 1067 397 4338 290 397 3164 524 3953 1 439 4035 3844 397 2 397 2611 1271 397 397 3844 397 397 397 397 92 2684 388
951 951 968 45 951 318 292 40 951 951 289 951 7 289 951 951 951 743 951 13 964 951 289 1039 289 951 951 289 290 21 951 951 160 951 290 4338 951 299 873 437 1039 986 292 289 951 21 951 55 988 951 78 289 951 951 951 951 958 82 952
4338 4173 3138 1490 4338 4 2 0 4338 4338 0 4338 0 0 4338 4338 4338 0 4338 3026 3319 4264 0 0 0 4338 4338 0 0 0 4338 4338 0 4338 397 951 4338 217 11 385 0 3206 191 0 4338 0 4338 0 2266 4338 3179 0 4338 4338 4338 4338 4033 0 4329
217 217 273 217 217 3098 3192 12 217 217 3322 217 110 3322 217 217 217 96 217 234 373 217 3322 94 3322 217 217 3322 3238 107 217 217 545 217 3164 299 217 4338 686 3180 94 259 3164 3322 217 107 217 2089 749 217 217 3322 217 217 217 217 218 2162 218
11 9 49 189 11 981 732 7 11 11 952 11 133 952 11 11 11 383 11 41 429 11 952 31 952 11 11 952 685 154 11 11 513 11 524 873 11 686 4338 528 31 73 570 952 11 154 11 470 458 11 109 952 11 11 11 11 11 464 11
385 361 361 385 385 3342 3571 7 385 385 3566 385 4 3566 385 385 385 0 385 402 93 385 3566 27 3566 385 385 3566 3566 1 385 385 789 385 3953 437 385 3180 528 4338 27 427 3757 3566 385 1 385 2333 993 385 385 3566 385 385 385 385 80 2406 376
0 0 1 0 0 8 3 0 0 0 0 0 2 0 0 0 0 814 0 9 11 1 0 4338 0 0 0 0 1 0 0 0 43 0 1 1039 0 94 31 27 4338 25 3 0 0 0 0 2 9 0 0 0 0 0 0 0 7 6 1
3206 3041 2286 1544 3206 49 44 28 3206 3206 42 3206 304 42 3206 3206 3206 25 3206 1938 2372 3164 42 25 42 3206 3206 42 42 54 3206 3206 0 3206 439 986 3206 259 73 427 25 4338 233 42 3206 54 3206 10 1134 3206 2229 42 3206 3206 3206 3206 2901 52 3197
191 191 192 191 191 3732 3913 4 191 191 3956 191 6 3956 191 191 191 5 191 208 483 191 3956 3 3956 191 191 3956 3957 3 191 191 1179 191 4035 292 191 3164 570 3757 3 233 4338 3956 191 3 191 2723 1383 191 191 3956 191 191 191 191 39 2796 182
0 0 0 0 0 4114 4118 0 0 0 4338 0 3 4338 0 0 0 249 0 17 865 0 4338 0 4338 0 0 4338 4071 0 0 0 1561 0 3844 289 0 3322 952 3566 0 42 3956 4338 0 0 0 3105 1765 0 0 4338 0 0 0 0 0 3178 0
4338 4173 3138 1490 4338 4 2 0 4338 4338 0 4338 0 0 4338 4338 4338 0 4338 3026 3319 4264 0 0 0 4338 4338 0 0 0 4338 4338 0 4338 397 951 4338 217 11 385 0 3206 191 0 4338 0 4338 0 2266 4338 3179 0 4338 4338 4338 4338 4033 0 4329
0 0 328 2574 0 6 2 0 0 0 0 0 3389 0 0 0 0 62 0 37 0 2 0 0 0 0 0 0 3 4338 0 0 91 0 2 21 0 107 154 1 0 54 3 0 0 4338 0 28 72 0 0 0 0 0 0 0 11 0 2
4338 4173 3138 1490 4338 4 2 0 4338 4338 0 4338 0 0 4338 4338 4338 0 4338 3026 3319 4264 0 0 0 4338 4338 0 0 0 4338 4338 0 4338 397 951 4338 217 11 385 0 3206 191 0 4338 0 4338 0 2266 4338 3179 0 4338 4338 4338 4338 4033 0 4329
0 0 0 28 0 3105 2885 0 0 0 3105 0 1 3105 0 0 0 250 0 18 865 4 3105 2 3105 0 0 3105 2838 28 0 0 1581 0 2611 55 0 2089 470 2333 2 10 2723 3105 0 28 0 4338 1765 0 0 3105 0 0 0 0 0 3993 0
2266 2266 2025 72 2266 1769 1545 0 2266 2266 1765 2266 72 1765 2266 2266 2266 249 2266 1103 2977 2192 1765 9 1765 2266 2266 1765 1498 72 2266 2266 1537 2266 1271 988 2266 749 458 993 9 1134 1383 1765 2266 72 2266 1765 4338 2266 1107 1765 2266 2266 2266 2266 2266 1765 2266
4338 4173 3138 1490 4338 4 2 0 4338 4338 0 4338 0 0 4338 4338 4338 0 4338 3026 3319 4264 0 0 0 4338 4338 0 0 0 4338 4338 0 4338 397 951 4338 217 11 385 0 3206 191 0 4338 0 4338 0 2266 4338 3179 0 4338 4338 4338 4338 4033 0 4329
3179 3014 1979 1490 3179 4 2 46 3179 3179 0 3179 0 0 3179 3179 3179 0 3179 2958 2160 3185 0 0 0 3179 3179 0 0 0 3179 3179 68 3179 397 78 3179 217 109 385 0 2229 191 0 3179 0 3179 0 1107 3179 4338 0 3179 3179 3179 3179 2874 0 3170
0 0 0 0 0 4114 4118 0 0 0 4338 0 3 4338 0 0 0 249 0 17 865 0 4338 0 4338 0 0 4338 4071 0 0 0 1561 0 3844 289 0 3322 952 3566 0 42 3956 4338 0 0 0 3105 1765 0 0 4338 0 0 0 0 0 3178 0
4338 4173 3138 1490 4338 4 2 0 4338 4338 0 4338 0 0 4338 4338 4338 0 4338 3026 3319 4264 0 0 0 4338 4338 0 0 0 4338 4338 0 4338 397 951 4338 217 11 385 0 3206 191 0 4338 0 4338 0 2266 4338 3179 0 4338 4338 4338 4338 4033 0 4329
4338 4173 3138 1490 4338 4 2 0 4338 4338 0 4338 0 0 4338 4338 4338 0 4338 3026 3319 4264 0 0 0 4338 4338 0 0 0 4338 4338 0 4338 397 951 4338 217 11 385 0 3206 191 0 4338 0 4338 0 2266 4338 3179 0 4338 4338 4338 4338 4033 0 4329
4338 4173 3138 1490 4338 4 2 0 4338 4338 0 4338 0 0 4338 4338 4338 0 4338 3026 3319 4264 0 0 0 4338 4338 0 0 0 4338 4338 0 4338 397 951 4338 217 11 385 0 3206 191 0 4338 0 4338 0 2266 4338 3179 0 4338 4338 4338 4338 4033 0 4329
4338 4173 3138 1490 4338 4 2 0 4338 4338 0 4338 0 0 4338 4338 4338 0 4338 3026 3319 4264 0 0 0 4338 4338 0 0 0 4338 4338 0 4338 397 951 4338 217 11 385 0 3206 191 0 4338 0 4338 0 2266 4338 3179 0 4338 4338 4338 4338 4033 0 4329
4033 3868 2833 1185 4033 4 2 0 4033 4033 0 4033 11 0 4033 4033 4033 8 4033 2721 3319 3959 0 7 0 4033 4033 0 18 11 4033 4033 0 4033 92 958 4033 218 11 80 7 2901 39 0 4033 11 4033 0 2266 4033 2874 0 4033 4033 4033 4033 4338 0 4024
0 0 0 0 0 3178 2958 0 0 0 3178 0 0 3178 0 0 0 250 0 18 865 0 3178 6 3178 0 0 3178 2911 0 0 0 1580 0 2684 82 0 2162 464 2406 6 52 2796 3178 0 0 0 3993 1765 0 0 3178 0 0 0 0 0 4338 0
4329 4164 3129 1481 4329 4 2 0 4329 4329 0 4329 2 0 4329 4329 4329 0 4329 3017 3319 4255 0 1 0 4329 4329 0 5 2 4329 4329 0 4329 388 952 4329 218 11 376 1 3197 182 0 4329 2 4329 0 2266 4329 3170 0 4329 4329 4329 4329 4024 0 4338
