1575 0 1555 1575 1575 1531 1 0 0 1575 1568 0 167 317 1575 0 0 0 1575 1575 255 1575 1575 1556 80 1575 1575 0 1575 138 1575 1575 1575 1575 1575 991 704 3 1575 0 0 0 1336 0 515 1575 1575 114 1575 0 0 1575 1575 0 1575 0 1575 395 1575
0 1575 17 0 0 0 1409 0 0 0 0 1575 1100 1082 0 0 1575 1575 0 0 970 0 0 0 0 0 0 1575 0 0 0 0 0 0 0 584 0 1328 0 0 1575 1575 0 1575 103 0 0 886 0 1575 0 0 0 1575 0 1575 0 0 0
1555 17 1575 1555 1555 1511 18 0 0 1555 1548 17 184 334 1555 0 17 17 1555 1555 272 1555 1555 1536 80 1555 1555 17 1555 138 1555 1555 1555 1555 1555 971 693 20 1555 0 17 17 1319 17 515 1555 1555 131 1555 17 0 1555 1555 17 1555 17 1555 395 1555
1575 0 1555 1575 1575 1531 1 0 0 1575 1568 0 167 317 1575 0 0 0 1575 1575 255 1575 1575 1556 80 1575 1575 0 1575 138 1575 1575 1575 1575 1575 991 704 3 1575 0 0 0 1336 0 515 1575 1575 114 1575 0 0 1575 1575 0 1575 0 1575 395 1575
1575 0 1555 1575 1575 1531 1 0 0 1575 1568 0 167 317 1575 0 0 0 1575 1575 255 1575 1575 1556 80 1575 1575 0 1575 138 1575 1575 1575 1575 1575 991 704 3 1575 0 0 0 1336 0 515 1575 1575 114 1575 0 0 1575 1575 0 1575 0 1575 395 1575
1531 0 1511 1531 1531 1575 31 0 0 1531 1524 0 123 324 1531 0 0 0 1531 1531 211 1531 1531 1534 87 1531 1531 0 1531 94 1531 1531 1531 1531 1531 991 660 3 1531 1 0 0 1292 0 471 1531 1531 70 1531 0 0 1531 1531 0 1531 0 1531 351 1531
1 1409 18 1 1 31 1575 0 0 1 1 1409 1101 1083 1 0 1409 1409 1 1 971 1 1 4 1 1 1 1409 1 1 1 1 1 1 1 418 1 1396 1 1 1409 1409 1 1409 104 1 1 956 1 1409 0 1 1 1409 1 1409 1 1 1
0 0 0 0 0 0 0 1575 437 0 0 0 0 0 0 0 0 0 0 0 0 0 0 0 27 0 0 0 0 517 0 0 0 0 0 0 22 8 0 0 0 0 0 0 8 0 0 66 0 0 6 0 0 0 0 0 0 0 0
0 0 0 0 0 0 0 437 1575 0 0 0 0 0 0 6 0 0 0 0 0 0 0 0 106 0 0 0 0 1 0 0 0 0 0 0 302 8 0 0 0 0 0 0 45 0 0 1 0 0 3 0 0 0 0 0 0 1 0
1575 0 1555 1575 1575 1531 1 0 0 1575 1568 0 167 317 1575 0 0 0 1575 1575 255 1575 1575 1556 80 1575 1575 0 1575 138 1575 1575 1575 1575 1575 991 704 3 1575 0 0 0 1336 0 515 1575 1575 114 1575 0 0 1575 1575 0 1575 0 1575 395 1575
1568 0 1548 1568 1568 1524 1 0 0 1568 1575 0 167 310 1568 0 0 0 1568 1568 248 1568 1568 1549 81 1568 1568 0 1568 139 1568 1568 1568 1568 1568 991 697 3 1568 3 0 0 1329 0 508 1568 1568 114 1568 0 0 1568 1568 0 1568 0 1568 388 1568
0 1575 17 0 0 0 1409 0 0 0 0 1575 1100 1082 0 0 1575 1575 0 0 970 0 0 0 0 0 0 1575 0 0 0 0 0 0 0 584 0 1328 0 0 1575 1575 0 1575 103 0 0 886 0 1575 0 0 0 1575 0 1575 0 0 0
167 1100 184 167 167 123 1101 0 0 167 167 1100 1575 1085 167 5 1100 1100 167 167 1254 167 167 148 6 167 167 1100 167 97 167 167 167 167 167 109 167 1159 167 18 1100 1100 167 1100 221 167 167 1048 167 1100 0 167 167 1100 167 1100 167 184 167
317 1082 334 317 317 324 1083 0 0 317 310 1082 1085 1575 317 0 1082 1082 317 317 1045 317 317 321 176 317 317 1082 317 0 317 317 317 317 317 91 312 1099 317 0 1082 1082 317 1082 167 317 317 914 317 1082 0 317 317 1082 317 1082 317 103 317
1575 0 1555 1575 1575 1531 1 0 0 1575 1568 0 167 317 1575 0 0 0 1575 1575 255 1575 1575 1556 80 1575 1575 0 1575 138 1575 1575 1575 1575 1575 991 704 3 1575 0 0 0 1336 0 515 1575 1575 114 1575 0 0 1575 1575 0 1575 0 1575 395 1575
0 0 0 0 0 0 0 0 6 0 0 0 5 0 0 1575 0 0 0 0 2 0 0 1 221 0 0 0 0 0 0 0 0 0 0 0 6 2 0 0 0 0 0 0 0 0 0 1 0 0 0 0 0 0 0 0 0 100 0
0 1575 17 0 0 0 1409 0 0 0 0 1575 1100 1082 0 0 1575 1575 0 0 970 0 0 0 0 0 0 1575 0 0 0 0 0 0 0 584 0 1328 0 0 1575 1575 0 1575 103 0 0 886 0 1575 0 0 0 1575 0 1575 0 0 0
0 1575 17 0 0 0 1409 0 0 0 0 1575 1100 1082 0 0 1575 1575 0 0 970 0 0 0 0 0 0 1575 0 0 0 0 0 0 0 584 0 1328 0 0 1575 1575 0 1575 103 0 0 886 0 1575 0 0 0 1575 0 1575 0 0 0
1575 0 1555 1575 1575 1531 1 0 0 1575 1568 0 167 317 1575 0 0 0 1575 1575 255 1575 1575 1556 80 1575 1575 0 1575 138 1575 1575 1575 1575 1575 991 704 3 1575 0 0 0 1336 0 515 1575 1575 114 1575 0 0 1575 1575 0 1575 0 1575 395 1575
1575 0 1555 1575 1575 1531 1 0 0 1575 1568 0 167 317 1575 0 0 0 1575 1575 255 1575 1575 1556 80 1575 1575 0 1575 138 1575 1575 1575 1575 1575 991 704 3 1575 0 0 0 1336 0 515 1575 1575 114 1575 0 0 1575 1575 0 1575 0 1575 395 1575
255 970 272 255 255 211 971 0 0 255 248 970 1254 1045 255 2 970 970 255 255 1575 255 255 236 13 255 255 970 255 111 255 255 255 255 255 4 255 971 255 25 970 970 251 970 266 255 255 985 255 970 0 255 255 970 255 970 255 271 255
1575 0 1555 1575 1575 1531 1 0 0 1575 1568 0 167 317 1575 0 0 0 1575 1575 255 1575 1575 1556 80 1575 1575 0 1575 138 1575 1575 1575 1575 1575 991 704 3 1575 0 0 0 1336 0 515 1575 1575 114 1575 0 0 1575 1575 0 1575 0 1575 395 1575
1575 0 1555 1575 1575 1531 1 0 0 1575 1568 0 167 317 1575 0 0 0 1575 1575 255 1575 1575 1556 80 1575 1575 0 1575 138 1575 1575 1575 1575 1575 991 704 3 1575 0 0 0 1336 0 515 1575 1575 114 1575 0 0 1575 1575 0 1575 0 1575 395 1575
1556 0 1536 1556 1556 1534 4 0 0 1556 1549 0 148 321 1556 1 0 0 1556 1556 236 1556 1556 1575 84 1556 1556 0 1556 119 1556 1556 1556 1556 1556 991 685 3 1556 5 0 0 1317 0 496 1556 1556 95 1556 0 0 1556 1556 0 1556 0 1556 376 1556
80 0 80 80 80 87 1 27 106 80 81 0 6 176 80 221 0 0 80 80 13 80 80 84 1575 80 80 0 80 47 80 80 80 80 80 65 180 15 80 106 0 0 67 0 51 80 80 144 80 0 0 80 80 0 80 0 80 108 80
1575 0 1555 1575 1575 1531 1 0 0 1575 1568 0 167 317 1575 0 0 0 1575 1575 255 1575 1575 1556 80 1575 1575 0 1575 138 1575 1575 1575 1575 1575 991 704 3 1575 0 0 0 1336 0 515 1575 1575 114 1575 0 0 1575 1575 0 1575 0 1575 395 1575
1575 0 1555 1575 1575 1531 1 0 0 1575 1568 0 167 317 1575 0 0 0 1575 1575 255 1575 1575 1556 80 1575 1575 0 1575 138 1575 1575 1575 1575 1575 991 704 3 1575 0 0 0 1336 0 515 1575 1575 114 1575 0 0 1575 1575 0 1575 0 1575 395 1575
0 1575 17 0 0 0 1409 0 0 0 0 1575 1100 1082 0 0 1575 1575 0 0 970 0 0 0 0 0 0 1575 0 0 0 0 0 0 0 584 0 1328 0 0 1575 1575 0 1575 103 0 0 886 0 1575 0 0 0 1575 0 1575 0 0 0
1575 0 1555 1575 1575 1531 1 0 0 1575 1568 0 167 317 1575 0 0 0 1575 1575 255 1575 1575 1556 80 1575 1575 0 1575 138 1575 1575 1575 1575 1575 991 704 3 1575 0 0 0 1336 0 515 1575 1575 114 1575 0 0 1575 1575 0 1575 0 1575 395 1575
138 0 138 138 138 94 1 517 1 138 139 0 97 0 138 0 0 0 138 138 111 138 138 119 47 138 138 0 138 1575 138 138 138 138 138 42 132 2 138 0 0 0 199 0 145 138 138 87 138 0 0 138 138 0 138 0 138 112 138
1575 0 1555 1575 1575 1531 1 0 0 1575 1568 0 167 317 1575 0 0 0 1575 1575 255 1575 1575 1556 80 1575 1575 0 1575 138 1575 1575 1575 1575 1575 991 704 3 1575 0 0 0 1336 0 515 1575 1575 114 1575 0 0 1575 1575 0 1575 0 1575 395 1575
1575 0 1555 1575 1575 1531 1 0 0 1575 1568 0 167 317 1575 0 0 0 1575 1575 255 1575 1575 1556 80 1575 1575 0 1575 138 1575 1575 1575 1575 1575 991 704 3 1575 0 0 0 1336 0 515 1575 1575 114 1575 0 0 1575 1575 0 1575 0 1575 395 1575
1575 0 1555 1575 1575 1531 1 0 0 1575 1568 0 167 317 1575 0 0 0 1575 1575 255 1575 1575 1556 80 1575 1575 0 1575 138 1575 1575 1575 1575 1575 991 704 3 1575 0 0 0 1336 0 515 1575 1575 114 1575 0 0 1575 1575 0 1575 0 1575 395 1575
1575 0 1555 1575 1575 1531 1 0 0 1575 1568 0 167 317 1575 0 0 0 1575 1575 255 1575 1575 1556 80 1575 1575 0 1575 138 1575 1575 1575 1575 1575 991 704 3 1575 0 0 0 1336 0 515 1575 1575 114 1575 0 0 1575 1575 0 1575 0 1575 395 1575
1575 0 1555 1575 1575 1531 1 0 0 1575 1568 0 167 317 1575 0 0 0 1575 1575 255 1575 1575 1556 80 1575 1575 0 1575 138 1575 1575 1575 1575 1575 991 704 3 1575 0 0 0 1336 0 515 1575 1575 114 1575 0 0 1575 1575 0 1575 0 1575 395 1575
991 584 971 991 991 991 418 0 0 991 991 584 109 91 991 0 584 584 991 991 4 991 991 991 65 991 991 584 991 42 991 991 991 991 991 1575 125 337 991 0 584 584 794 584 226 991 991 0 991 584 0 991 991 584 991 584 991 116 991
704 0 693 704 704 660 1 22 302 704 697 0 167 312 704 6 0 0 704 704 255 704 704 685 180 704 704 0 704 132 704 704 704 704 704 125 1575 3 704 237 0 0 583 0 472 704 704 113 704 0 4 704 704 0 704 0 704 395 704
3 1328 20 3 3 3 1396 8 8 3 3 1328 1159 1099 3 2 1328 1328 3 3 971 3 3 3 15 3 3 1328 3 2 3 3 3 3 3 337 3 1575 3 4 1328 1328 3 1328 106 3 3 1004 3 1328 1 3 3 1328 3 1328 3 3 3
1575 0 1555 1575 1575 1531 1 0 0 1575 1568 0 167 317 1575 0 0 0 1575 1575 255 1575 1575 1556 80 1575 1575 0 1575 138 1575 1575 1575 1575 1575 991 704 3 1575 0 0 0 1336 0 515 1575 1575 114 1575 0 0 1575 1575 0 1575 0 1575 395 1575
0 0 0 0 0 1 1 0 0 0 3 0 18 0 0 0 0 0 0 0 25 0 0 5 106 0 0 0 0 0 0 0 0 0 0 0 237 4 0 1575 0 0 58 0 82 0 0 18 0 0 0 0 0 0 0 0 0 485 0
0 1575 17 0 0 0 1409 0 0 0 0 1575 1100 1082 0 0 1575 1575 0 0 970 0 0 0 0 0 0 1575 0 0 0 0 0 0 0 584 0 1328 0 0 1575 1575 0 1575 103 0 0 886 0 1575 0 0 0 1575 0 1575 0 0 0
0 1575 17 0 0 0 1409 0 0 0 0 1575 1100 1082 0 0 1575 1575 0 0 970 0 0 0 0 0 0 1575 0 0 0 0 0 0 0 584 0 1328 0 0 1575 1575 0 1575 103 0 0 886 0 1575 0 0 0 1575 0 1575 0 0 0
1336 0 1319 1336 1336 1292 1 0 0 1336 1329 0 167 317 1336 0 0 0 1336 1336 251 1336 1336 1317 67 1336 1336 0 1336 199 1336 1336 1336 1336 1336 794 583 3 1336 58 0 0 1575 0 425 1336 1336 118 1336 0 21 1336 1336 0 1336 0 1336 459 1336
0 1575 17 0 0 0 1409 0 0 0 0 1575 1100 1082 0 0 1575 1575 0 0 970 0 0 0 0 0 0 1575 0 0 0 0 0 0 0 584 0 1328 0 0 1575 1575 0 1575 103 0 0 886 0 1575 0 0 0 1575 0 1575 0 0 0
515 103 515 515 515 471 104 8 45 515 508 103 221 167 515 0 103 103 515 515 266 515 515 496 51 515 515 103 515 145 515 515 515 515 515 226 472 106 515 82 103 103 425 103 1575 515 515 92 515 103 9 515 515 103 515 103 515 375 515
1575 0 1555 1575 1575 1531 1 0 0 1575 1568 0 167 317 1575 0 0 0 1575 1575 255 1575 1575 1556 80 1575 1575 0 1575 138 1575 1575 1575 1575 1575 991 704 3 1575 0 0 0 1336 0 515 1575 1575 114 1575 0 0 1575 1575 0 1575 0 1575 395 1575
1575 0 1555 1575 1575 1531 1 0 0 1575 1568 0 167 317 1575 0 0 0 1575 1575 255 1575 1575 1556 80 1575 1575 0 1575 138 1575 1575 1575 1575 1575 991 704 3 1575 0 0 0 1336 0 515 1575 1575 114 1575 0 0 1575 1575 0 1575 0 1575 395 1575
114 886 131 114 114 70 956 66 1 114 114 886 1048 914 114 1 886 886 114 114 985 114 114 95 144 114 114 886 114 87 114 114 114 114 114 0 113 1004 114 18 886 886 118 886 92 114 114 1575 114 886 18 114 114 886 114 886 114 103 114
1575 0 1555 1575 1575 1531 1 0 0 1575 1568 0 167 317 1575 0 0 0 1575 1575 255 1575 1575 1556 80 1575 1575 0 1575 138 1575 1575 1575 1575 1575 991 704 3 1575 0 0 0 1336 0 515 1575 1575 114 1575 0 0 1575 1575 0 1575 0 1575 395 1575
0 1575 17 0 0 0 1409 0 0 0 0 1575 1100 1082 0 0 1575 1575 0 0 970 0 0 0 0 0 0 1575 0 0 0 0 0 0 0 584 0 1328 0 0 1575 1575 0 1575 103 0 0 886 0 1575 0 0 0 1575 0 1575 0 0 0
0 0 0 0 0 0 0 6 3 0 0 0 0 0 0 0 0 0 0 0 0 0 0 0 0 0 0 0 0 0 0 0 0 0 0 0 4 1 0 0 0 0 21 0 9 0 0 18 0 0 1575 0 0 0 0 0 0 0 0
1575 0 1555 1575 1575 1531 1 0 0 1575 1568 0 167 317 1575 0 0 0 1575 1575 255 1575 1575 1556 80 1575 1575 0 1575 138 1575 1575 1575 1575 1575 991 704 3 1575 0 0 0 1336 0 515 1575 1575 114 1575 0 0 1575 1575 0 1575 0 1575 395 1575
1575 0 1555 1575 1575 1531 1 0 0 1575 1568 0 167 317 1575 0 0 0 1575 1575 255 1575 1575 1556 80 1575 1575 0 1575 138 1575 1575 1575 1575 1575 991 704 3 1575 0 0 0 1336 0 515 1575 1575 114 1575 0 0 1575 1575 0 1575 0 1575 395 1575
0 1575 17 0 0 0 1409 0 0 0 0 1575 1100 1082 0 0 1575 1575 0 0 970 0 0 0 0 0 0 1575 0 0 0 0 0 0 0 584 0 1328 0 0 1575 1575 0 1575 103 0 0 886 0 1575 0 0 0 1575 0 1575 0 0 0
1575 0 1555 1575 1575 1531 1 0 0 1575 1568 0 167 317 1575 0 0 0 1575 1575 255 1575 1575 1556 80 1575 1575 0 1575 138 1575 1575 1575 1575 1575 991 704 3 1575 0 0 0 1336 0 515 1575 1575 114 1575 0 0 1575 1575 0 1575 0 1575 395 1575
0 1575 17 0 0 0 1409 0 0 0 0 1575 1100 1082 0 0 1575 1575 0 0 970 0 0 0 0 0 0 1575 0 0 0 0 0 0 0 584 0 1328 0 0 1575 1575 0 1575 103 0 0 886 0 1575 0 0 0 1575 0 1575 0 0 0
1575 0 1555 1575 1575 1531 1 0 0 1575 1568 0 167 317 1575 0 0 0 1575 1575 255 1575 1575 1556 80 1575 1575 0 1575 138 1575 1575 1575 1575 1575 991 704 3 1575 0 0 0 1336 0 515 1575 1575 114 1575 0 0 1575 1575 0 1575 0 1575 395 1575
395 0 395 395 395 351 1 0 1 395 388 0 184 103 395 100 0 0 395 395 271 395 395 376 108 395 395 0 395 112 395 395 395 395 395 116 395 3 395 485 0 0 459 0 375 395 395 103 395 0 0 395 395 0 395 0 395 1575 395
1575 0 1555 1575 1575 1531 1 0 0 1575 1568 0 167 317 1575 0 0 0 1575 1575 255 1575 1575 1556 80 1575 1575 0 1575 138 1575 1575 1575 1575 1575 991 704 3 1575 0 0 0 1336 0 515 1575 1575 114 1575 0 0 1575 1575 0 1575 0 1575 395 1575
