1738 1738 0 0 1738 793 1 1738 0 0 1738 259 0 0 1738 1738 0 1673 54 1738 1738 0 0 538 12 1465 0 0 2 0 958 0 0 510 1738 0 1738 0 1738 1738 1738 1738 1738 0 1322 0 0 1544 0 1738 1738 11 0 0 0 1738 1738 0 1555
1738 1738 0 0 1738 793 1 1738 0 0 1738 259 0 0 1738 1738 0 1673 54 1738 1738 0 0 538 12 1465 0 0 2 0 958 0 0 510 1738 0 1738 0 1738 1738 1738 1738 1738 0 1322 0 0 1544 0 1738 1738 11 0 0 0 1738 1738 0 1555
0 0 1738 0 0 35 1575 0 0 1738 0 1 1713 1738 0 0 0 45 8 0 0 1738 1738 7 26 0 1738 1738 1694 31 35 1738 1738 0 0 1738 0 1738 0 0 0 0 0 1738 0 0 1738 2 0 0 0 1592 1738 1738 1738 0 0 1738 0
0 0 0 1738 0 0 2 0 0 0 0 1 0 0 0 0 0 1 22 0 0 0 0 13 1348 12 0 0 1 411 76 0 0 602 0 0 0 0 0 0 0 0 0 0 9 0 0 23 1738 0 0 63 0 0 0 0 0 0 0
1738 1738 0 0 1738 793 1 1738 0 0 1738 259 0 0 1738 1738 0 1673 54 1738 1738 0 0 538 12 1465 0 0 2 0 958 0 0 510 1738 0 1738 0 1738 1738 1738 1738 1738 0 1322 0 0 1544 0 1738 1738 11 0 0 0 1738 1738 0 1555
793 793 35 0 793 1738 6 793 716 35 793 41 10 35 793 793 20 829 41 793 793 35 35 41 12 520 35 35 3 10 272 35 35 510 793 35 793 35 793 793 793 793 793 35 377 20 35 793 0 793 793 46 35 35 35 793 793 35 610
1 1 1575 2 1 6 1738 1 3 1575 1 2 1573 1575 1 1 3 4 59 1 1 1575 1575 8 28 1 1575 1575 1583 23 36 1575 1575 3 1 1575 1 1575 1 1 1 1 1 1575 1 3 1575 3 2 1 1 1429 1575 1575 1575 1 1 1575 1
1738 1738 0 0 1738 793 1 1738 0 0 1738 259 0 0 1738 1738 0 1673 54 1738 1738 0 0 538 12 1465 0 0 2 0 958 0 0 510 1738 0 1738 0 1738 1738 1738 1738 1738 0 1322 0 0 1544 0 1738 1738 11 0 0 0 1738 1738 0 1555
0 0 0 0 0 716 3 0 1738 0 0 0 0 0 0 0 0 1 0 0 0 0 0 0 38 0 0 0 0 0 0 0 0 0 0 0 0 0 0 0 0 0 0 0 0 0 0 0 0 0 0 0 0 0 0 0 0 0 0
0 0 1738 0 0 35 1575 0 0 1738 0 1 1713 1738 0 0 0 45 8 0 0 1738 1738 7 26 0 1738 1738 1694 31 35 1738 1738 0 0 1738 0 1738 0 0 0 0 0 1738 0 0 1738 2 0 0 0 1592 1738 1738 1738 0 0 1738 0
1738 1738 0 0 1738 793 1 1738 0 0 1738 259 0 0 1738 1738 0 1673 54 1738 1738 0 0 538 12 1465 0 0 2 0 958 0 0 510 1738 0 1738 0 1738 1738 1738 1738 1738 0 1322 0 0 1544 0 1738 1738 11 0 0 0 1738 1738 0 1555
259 259 1 1 259 41 2 259 0 1 259 1738 1 1 259 259 7 194 494 259 259 1 1 1277 8 259 1 1 3 0 636 1 1 38 259 1 259 1 259 259 259 259 259 1 310 7 1 286 1 259 259 1 1 1 1 259 259 1 431
0 0 1713 0 0 10 1573 0 0 1713 0 1 1738 1713 0 0 0 20 8 0 0 1713 1713 7 26 0 1713 1713 1694 31 35 1713 1713 0 0 1713 0 1713 0 0 0 0 0 1713 0 0 1713 2 0 0 0 1567 1713 1713 1713 0 0 1713 0
0 0 1738 0 0 35 1575 0 0 1738 0 1 1713 1738 0 0 0 45 8 0 0 1738 1738 7 26 0 1738 1738 1694 31 35 1738 1738 0 0 1738 0 1738 0 0 0 0 0 1738 0 0 1738 2 0 0 0 1592 1738 1738 1738 0 0 1738 0
1738 1738 0 0 1738 793 1 1738 0 0 1738 259 0 0 1738 1738 0 1673 54 1738 1738 0 0 538 12 1465 0 0 2 0 958 0 0 510 1738 0 1738 0 1738 1738 1738 1738 1738 0 1322 0 0 1544 0 1738 1738 11 0 0 0 1738 1738 0 1555
1738 1738 0 0 1738 793 1 1738 0 0 1738 259 0 0 1738 1738 0 1673 54 1738 1738 0 0 538 12 1465 0 0 2 0 958 0 0 510 1738 0 1738 0 1738 1738 1738 1738 1738 0 1322 0 0 1544 0 1738 1738 11 0 0 0 1738 1738 0 1555
0 0 0 0 0 20 3 0 0 0 0 7 0 0 0 0 1738 2 17 0 0 0 0 4 2 12 0 0 3 75 24 0 0 12 0 0 0 0 0 0 0 0 0 0 1 1738 0 23 0 0 0 22 0 0 0 0 0 0 0
1673 1673 45 1 1673 829 4 1673 1 45 1673 194 20 45 1673 1673 2 1738 55 1673 1673 45 45 473 13 1400 45 45 1 3 893 45 45 510 1673 45 1673 45 1673 1673 1673 1673 1673 45 1257 2 45 1479 1 1673 1673 56 45 45 45 1673 1673 45 1490
54 54 8 22 54 41 59 54 0 8 54 494 8 8 54 54 17 55 1738 54 54 8 8 642 29 54 8 8 25 8 493 8 8 55 54 8 54 8 54 54 54 54 54 8 75 17 8 52 22 54 54 8 8 8 8 54 54 8 57
1738 1738 0 0 1738 793 1 1738 0 0 1738 259 0 0 1738 1738 0 1673 54 1738 1738 0 0 538 12 1465 0 0 2 0 958 0 0 510 1738 0 1738 0 1738 1738 1738 1738 1738 0 1322 0 0 1544 0 1738 1738 11 0 0 0 1738 1738 0 1555
1738 1738 0 0 1738 793 1 1738 0 0 1738 259 0 0 1738 1738 0 1673 54 1738 1738 0 0 538 12 1465 0 0 2 0 958 0 0 510 1738 0 1738 0 1738 1738 1738 1738 1738 0 1322 0 0 1544 0 1738 1738 11 0 0 0 1738 1738 0 1555
0 0 1738 0 0 35 1575 0 0 1738 0 1 1713 1738 0 0 0 45 8 0 0 1738 1738 7 26 0 1738 1738 1694 31 35 1738 1738 0 0 1738 0 1738 0 0 0 0 0 1738 0 0 1738 2 0 0 0 1592 1738 1738 1738 0 0 1738 0
0 0 1738 0 0 35 1575 0 0 1738 0 1 1713 1738 0 0 0 45 8 0 0 1738 1738 7 26 0 1738 1738 1694 31 35 1738 1738 0 0 1738 0 1738 0 0 0 0 0 1738 0 0 1738 2 0 0 0 1592 1738 1738 1738 0 0 1738 0
538 538 7 13 538 41 8 538 0 7 538 1277 7 7 538 538 4 473 642 538 538 7 7 1738 17 538 7 7 9 8 1063 7 7 37 538 7 538 7 538 538 538 538 538 7 589 4 7 534 13 538 538 7 7 7 7 538 538 7 700
12 12 26 1348 12 12 28 12 38 26 12 8 26 26 12 12 2 13 29 12 12 26 26 17 1738 207 26 26 27 417 68 26 26 614 12 26 12 26 12 12 12 12 12 26 1 2 26 35 1348 12 12 76 26 26 26 12 12 26 0
1465 1465 0 12 1465 520 1 1465 0 0 1465 259 0 0 1465 1465 12 1400 54 1465 1465 0 0 538 207 1738 0 0 2 0 865 0 0 237 1465 0 1465 0 1465 1465 1465 1465 1465 0 1312 12 0 1271 12 1465 1465 62 0 0 0 1465 1465 0 1465
0 0 1738 0 0 35 1575 0 0 1738 0 1 1713 1738 0 0 0 45 8 0 0 1738 1738 7 26 0 1738 1738 1694 31 35 1738 1738 0 0 1738 0 1738 0 0 0 0 0 1738 0 0 1738 2 0 0 0 1592 1738 1738 1738 0 0 1738 0
0 0 1738 0 0 35 1575 0 0 1738 0 1 1713 1738 0 0 0 45 8 0 0 1738 1738 7 26 0 1738 1738 1694 31 35 1738 1738 0 0 1738 0 1738 0 0 0 0 0 1738 0 0 1738 2 0 0 0 1592 1738 1738 1738 0 0 1738 0
2 2 1694 1 2 3 1583 2 0 1694 2 3 1694 1694 2 2 3 1 25 2 2 1694 1694 9 27 2 1694 1694 1738 30 37 1694 1694 0 2 1694 2 1694 2 2 2 2 2 1694 2 3 1694 4 1 2 2 1548 1694 1694 1694 2 2 1694 2
0 0 31 411 0 10 23 0 0 31 0 0 31 31 0 0 75 3 8 0 0 31 31 8 417 0 31 31 30 1738 0 31 31 1 0 31 0 31 0 0 0 0 0 31 13 75 31 25 411 0 0 31 31 31 31 0 0 31 0
958 958 35 76 958 272 36 958 0 35 958 636 35 35 958 958 24 893 493 958 958 35 35 1063 68 865 35 35 37 0 1738 35 35 294 958 35 958 35 958 958 958 958 958 35 738 24 35 764 76 958 958 22 35 35 35 958 958 35 910
0 0 1738 0 0 35 1575 0 0 1738 0 1 1713 1738 0 0 0 45 8 0 0 1738 1738 7 26 0 1738 1738 1694 31 35 1738 1738 0 0 1738 0 1738 0 0 0 0 0 1738 0 0 1738 2 0 0 0 1592 1738 1738 1738 0 0 1738 0
0 0 1738 0 0 35 1575 0 0 1738 0 1 1713 1738 0 0 0 45 8 0 0 1738 1738 7 26 0 1738 1738 1694 31 35 1738 1738 0 0 1738 0 1738 0 0 0 0 0 1738 0 0 1738 2 0 0 0 1592 1738 1738 1738 0 0 1738 0
510 510 0 602 510 510 3 510 0 0 510 38 0 0 510 510 12 510 55 510 510 0 0 37 614 237 0 0 0 1 294 0 0 1738 510 0 510 0 510 510 510 510 510 0 94 12 0 522 602 510 510 11 0 0 0 510 510 0 327
1738 1738 0 0 1738 793 1 1738 0 0 1738 259 0 0 1738 1738 0 1673 54 1738 1738 0 0 538 12 1465 0 0 2 0 958 0 0 510 1738 0 1738 0 1738 1738 1738 1738 1738 0 1322 0 0 1544 0 1738 1738 11 0 0 0 1738 1738 0 1555
0 0 1738 0 0 35 1575 0 0 1738 0 1 1713 1738 0 0 0 45 8 0 0 1738 1738 7 26 0 1738 1738 1694 31 35 1738 1738 0 0 1738 0 1738 0 0 0 0 0 1738 0 0 1738 2 0 0 0 1592 1738 1738 1738 0 0 1738 0
1738 1738 0 0 1738 793 1 1738 0 0 1738 259 0 0 1738 1738 0 1673 54 1738 1738 0 0 538 12 1465 0 0 2 0 958 0 0 510 1738 0 1738 0 1738 1738 1738 1738 1738 0 1322 0 0 1544 0 1738 1738 11 0 0 0 1738 1738 0 1555
0 0 1738 0 0 35 1575 0 0 1738 0 1 1713 1738 0 0 0 45 8 0 0 1738 1738 7 26 0 1738 1738 1694 31 35 1738 1738 0 0 1738 0 1738 0 0 0 0 0 1738 0 0 1738 2 0 0 0 1592 1738 1738 1738 0 0 1738 0
1738 1738 0 0 1738 793 1 1738 0 0 1738 259 0 0 1738 1738 0 1673 54 1738 1738 0 0 538 12 1465 0 0 2 0 958 0 0 510 1738 0 1738 0 1738 1738 1738 1738 1738 0 1322 0 0 1544 0 1738 1738 11 0 0 0 1738 1738 0 1555
1738 1738 0 0 1738 793 1 1738 0 0 1738 259 0 0 1738 1738 0 1673 54 1738 1738 0 0 538 12 1465 0 0 2 0 958 0 0 510 1738 0 1738 0 1738 1738 1738 1738 1738 0 1322 0 0 1544 0 1738 1738 11 0 0 0 1738 1738 0 1555
1738 1738 0 0 1738 793 1 1738 0 0 1738 259 0 0 1738 1738 0 1673 54 1738 1738 0 0 538 12 1465 0 0 2 0 958 0 0 510 1738 0 1738 0 1738 1738 1738 1738 1738 0 1322 0 0 1544 0 1738 1738 11 0 0 0 1738 1738 0 1555
1738 1738 0 0 1738 793 1 1738 0 0 1738 259 0 0 1738 1738 0 1673 54 1738 1738 0 0 538 12 1465 0 0 2 0 958 0 0 510 1738 0 1738 0 1738 1738 1738 1738 1738 0 1322 0 0 1544 0 1738 1738 11 0 0 0 1738 1738 0 1555
1738 1738 0 0 1738 793 1 1738 0 0 1738 259 0 0 1738 1738 0 1673 54 1738 1738 0 0 538 12 1465 0 0 2 0 958 0 0 510 1738 0 1738 0 1738 1738 1738 1738 1738 0 1322 0 0 1544 0 1738 1738 11 0 0 0 1738 1738 0 1555
0 0 1738 0 0 35 1575 0 0 1738 0 1 1713 1738 0 0 0 45 8 0 0 1738 1738 7 26 0 1738 1738 1694 31 35 1738 1738 0 0 1738 0 1738 0 0 0 0 0 1738 0 0 1738 2 0 0 0 1592 1738 1738 1738 0 0 1738 0
1322 1322 0 9 1322 377 1 1322 0 0 1322 310 0 0 1322 1322 1 1257 75 1322 1322 0 0 589 1 1312 0 0 2 13 738 0 0 94 1322 0 1322 0 1322 1322 1322 1322 1322 0 1738 1 0 1128 9 1322 1322 0 0 0 0 1322 1322 0 1338
0 0 0 0 0 20 3 0 0 0 0 7 0 0 0 0 1738 2 17 0 0 0 0 4 2 12 0 0 3 75 24 0 0 12 0 0 0 0 0 0 0 0 0 0 1 1738 0 23 0 0 0 22 0 0 0 0 0 0 0
0 0 1738 0 0 35 1575 0 0 1738 0 1 1713 1738 0 0 0 45 8 0 0 1738 1738 7 26 0 1738 1738 1694 31 35 1738 1738 0 0 1738 0 1738 0 0 0 0 0 1738 0 0 1738 2 0 0 0 1592 1738 1738 1738 0 0 1738 0
1544 1544 2 23 1544 793 3 1544 0 2 1544 286 2 2 1544 1544 23 1479 52 1544 1544 2 2 534 35 1271 2 2 4 25 764 2 2 522 1544 2 1544 2 1544 1544 1544 1544 1544 2 1128 23 2 1738 23 1544 1544 13 2 2 2 1544 1544 2 1361
0 0 0 1738 0 0 2 0 0 0 0 1 0 0 0 0 0 1 22 0 0 0 0 13 1348 12 0 0 1 411 76 0 0 602 0 0 0 0 0 0 0 0 0 0 9 0 0 23 1738 0 0 63 0 0 0 0 0 0 0
1738 1738 0 0 1738 793 1 1738 0 0 1738 259 0 0 1738 1738 0 1673 54 1738 1738 0 0 538 12 1465 0 0 2 0 958 0 0 510 1738 0 1738 0 1738 1738 1738 1738 1738 0 1322 0 0 1544 0 1738 1738 11 0 0 0 1738 1738 0 1555
1738 1738 0 0 1738 793 1 1738 0 0 1738 259 0 0 1738 1738 0 1673 54 1738 1738 0 0 538 12 1465 0 0 2 0 958 0 0 510 1738 0 1738 0 1738 1738 1738 1738 1738 0 1322 0 0 1544 0 1738 1738 11 0 0 0 1738 1738 0 1555
11 11 1592 63 11 46 1429 11 0 1592 11 1 1567 1592 11 11 22 56 8 11 11 1592 1592 7 76 62 1592 1592 1548 31 22 1592 1592 11 11 1592 11 1592 11 11 11 11 11 1592 0 22 1592 13 63 11 11 1738 1592 1592 1592 11 11 1592 0
0 0 1738 0 0 35 1575 0 0 1738 0 1 1713 1738 0 0 0 45 8 0 0 1738 1738 7 26 0 1738 1738 1694 31 35 1738 1738 0 0 1738 0 1738 0 0 0 0 0 1738 0 0 1738 2 0 0 0 1592 1738 1738 1738 0 0 1738 0
0 0 1738 0 0 35 1575 0 0 1738 0 1 1713 1738 0 0 0 45 8 0 0 1738 1738 7 26 0 1738 1738 1694 31 35 1738 1738 0 0 1738 0 1738 0 0 0 0 0 1738 0 0 1738 2 0 0 0 1592 1738 1738 1738 0 0 1738 0
0 0 1738 0 0 35 1575 0 0 1738 0 1 1713 1738 0 0 0 45 8 0 0 1738 1738 7 26 0 1738 1738 1694 31 35 1738 1738 0 0 1738 0 1738 0 0 0 0 0 1738 0 0 1738 2 0 0 0 1592 1738 1738 1738 0 0 1738 0
1738 1738 0 0 1738 793 1 1738 0 0 1738 259 0 0 1738 1738 0 1673 54 1738 1738 0 0 538 12 1465 0 0 2 0 958 0 0 510 1738 0 1738 0 1738 1738 1738 1738 1738 0 1322 0 0 1544 0 1738 1738 11 0 0 0 1738 1738 0 1555
1738 1738 0 0 1738 793 1 1738 0 0 1738 259 0 0 1738 1738 0 1673 54 1738 1738 0 0 538 12 1465 0 0 2 0 958 0 0 510 1738 0 1738 0 1738 1738 1738 1738 1738 0 1322 0 0 1544 0 1738 1738 11 0 0 0 1738 1738 0 1555
0 0 1738 0 0 35 1575 0 0 1738 0 1 1713 1738 0 0 0 45 8 0 0 1738 1738 7 26 0 1738 1738 1694 31 35 1738 1738 0 0 1738 0 1738 0 0 0 0 0 1738 0 0 1738 2 0 0 0 1592 1738 1738 1738 0 0 1738 0
1555 1555 0 0 1555 610 1 1555 0 0 1555 431 0 0 1555 1555 0 1490 57 1555 1555 0 0 700 0 1465 0 0 2 0 910 0 0 327 1555 0 1555 0 1555 1555 1555 1555 1555 0 1338 0 0 1361 0 1555 1555 0 0 0 0 1555 1555 0 1738
