1116 0 566 566 566 566 571 178 265 0 566 566 0 0 566 568 566 0 566 12 574 536 566 566 566 566 0 566 566 0 482 139 0 420 568 0 566 0 0 566 0 566 566 0 0 563 277 566 2 0 566 550 566 566 135 0 566 0 0
0 1116 0 0 0 0 0 0 0 0 0 0 1116 1116 0 0 0 0 0 0 0 0 0 0 0 0 1116 0 0 1116 0 0 1116 0 0 1116 0 1116 1116 0 1116 0 0 1116 1116 0 0 0 458 1116 0 0 0 0 255 1116 0 1116 1116
566 0 1116 1116 1116 1116 1085 65 56 0 1116 1116 0 0 1116 1017 1116 0 1116 12 1059 1086 1116 1116 1116 1116 0 1116 1116 0 1032 276 0 382 1069 0 1116 0 0 1116 0 1116 1116 0 0 1113 657 1116 6 0 1116 0 1116 1116 268 0 1116 0 0
566 0 1116 1116 1116 1116 1085 65 56 0 1116 1116 0 0 1116 1017 1116 0 1116 12 1059 1086 1116 1116 1116 1116 0 1116 1116 0 1032 276 0 382 1069 0 1116 0 0 1116 0 1116 1116 0 0 1113 657 1116 6 0 1116 0 1116 1116 268 0 1116 0 0
566 0 1116 1116 1116 1116 1085 65 56 0 1116 1116 0 0 1116 1017 1116 0 1116 12 1059 1086 1116 1116 1116 1116 0 1116 1116 0 1032 276 0 382 1069 0 1116 0 0 1116 0 1116 1116 0 0 1113 657 1116 6 0 1116 0 1116 1116 268 0 1116 0 0
566 0 1116 1116 1116 1116 1085 65 56 0 1116 1116 0 0 1116 1017 1116 0 1116 12 1059 1086 1116 1116 1116 1116 0 1116 1116 0 1032 276 0 382 1069 0 1116 0 0 1116 0 1116 1116 0 0 1113 657 1116 6 0 1116 0 1116 1116 268 0 1116 0 0
571 0 1085 1085 1085 1085 1116 67 42 0 1085 1085 0 0 1085 986 1085 2 1085 19 1028 1055 1085 1085 1085 1085 0 1085 1085 0 1001 289 0 389 1038 0 1085 0 0 1085 0 1085 1085 0 0 1082 651 1085 6 0 1085 5 1085 1085 237 0 1085 0 0
178 0 65 65 65 65 67 1116 395 4 65 65 0 0 65 67 65 180 65 89 65 65 65 65 65 65 0 65 65 0 61 52 0 73 67 0 65 0 0 65 0 65 65 0 0 62 35 65 118 0 65 180 65 65 22 0 65 0 0
265 0 56 56 56 56 42 395 1116 32 56 56 0 0 56 58 56 523 56 34 56 59 56 56 56 56 0 56 56 0 56 33 0 15 58 0 56 0 0 56 0 56 56 0 0 53 63 56 4 0 56 233 56 56 54 0 56 0 0
0 0 0 0 0 0 0 4 32 1116 0 0 0 0 0 71 0 14 0 7 5 0 0 0 0 0 0 0 0 0 0 3 0 43 0 0 0 0 0 0 0 0 0 0 0 0 18 0 0 0 0 0 0 0 188 0 0 0 0
566 0 1116 1116 1116 1116 1085 65 56 0 1116 1116 0 0 1116 1017 1116 0 1116 12 1059 1086 1116 1116 1116 1116 0 1116 1116 0 1032 276 0 382 1069 0 1116 0 0 1116 0 1116 1116 0 0 1113 657 1116 6 0 1116 0 1116 1116 268 0 1116 0 0
566 0 1116 1116 1116 1116 1085 65 56 0 1116 1116 0 0 1116 1017 1116 0 1116 12 1059 1086 1116 1116 1116 1116 0 1116 1116 0 1032 276 0 382 1069 0 1116 0 0 1116 0 1116 1116 0 0 1113 657 1116 6 0 1116 0 1116 1116 268 0 1116 0 0
0 1116 0 0 0 0 0 0 0 0 0 0 1116 1116 0 0 0 0 0 0 0 0 0 0 0 0 1116 0 0 1116 0 0 1116 0 0 1116 0 1116 1116 0 1116 0 0 1116 1116 0 0 0 458 1116 0 0 0 0 255 1116 0 1116 1116
0 1116 0 0 0 0 0 0 0 0 0 0 1116 1116 0 0 0 0 0 0 0 0 0 0 0 0 1116 0 0 1116 0 0 1116 0 0 1116 0 1116 1116 0 1116 0 0 1116 1116 0 0 0 458 1116 0 0 0 0 255 1116 0 1116 1116
566 0 1116 1116 1116 1116 1085 65 56 0 1116 1116 0 0 1116 1017 1116 0 1116 12 1059 1086 1116 1116 1116 1116 0 1116 1116 0 1032 276 0 382 1069 0 1116 0 0 1116 0 1116 1116 0 0 1113 657 1116 6 0 1116 0 1116 1116 268 0 1116 0 0
568 0 1017 1017 1017 1017 986 67 58 71 1017 1017 0 0 1017 1116 1017 1 1017 20 960 987 1017 1017 1017 1017 0 1017 1017 0 933 191 0 429 1017 0 1017 0 0 1017 0 1017 1017 0 0 1014 616 1017 6 0 1017 2 1017 1017 302 0 1017 0 0
566 0 1116 1116 1116 1116 1085 65 56 0 1116 1116 0 0 1116 1017 1116 0 1116 12 1059 1086 1116 1116 1116 1116 0 1116 1116 0 1032 276 0 382 1069 0 1116 0 0 1116 0 1116 1116 0 0 1113 657 1116 6 0 1116 0 1116 1116 268 0 1116 0 0
0 0 0 0 0 0 2 180 523 14 0 0 0 0 0 1 0 1116 0 34 4 3 0 0 0 0 0 0 0 0 0 40 0 16 6 0 0 0 0 0 0 0 0 0 0 0 45 0 6 0 0 0 0 0 4 0 0 0 0
566 0 1116 1116 1116 1116 1085 65 56 0 1116 1116 0 0 1116 1017 1116 0 1116 12 1059 1086 1116 1116 1116 1116 0 1116 1116 0 1032 276 0 382 1069 0 1116 0 0 1116 0 1116 1116 0 0 1113 657 1116 6 0 1116 0 1116 1116 268 0 1116 0 0
12 0 12 12 12 12 19 89 34 7 12 12 0 0 12 20 12 34 12 1116 17 25 12 12 12 12 0 12 12 0 54 30 0 405 12 0 12 0 0 12 0 12 12 0 0 12 17 12 5 0 12 9 12 12 41 0 12 0 0
574 0 1059 1059 1059 1059 1028 65 56 5 1059 1059 0 0 1059 960 1059 4 1059 17 1116 1029 1059 1059 1059 1059 0 1059 1059 0 975 284 0 385 1012 0 1059 0 0 1059 0 1059 1059 0 0 1056 600 1059 19 0 1059 8 1059 1059 268 0 1059 0 0
536 0 1086 1086 1086 1086 1055 65 59 0 1086 1086 0 0 1086 987 1086 3 1086 25 1029 1116 1086 1086 1086 1086 0 1086 1086 0 1002 283 0 352 1039 0 1086 0 0 1086 0 1086 1086 0 0 1083 660 1086 13 0 1086 3 1086 1086 245 0 1086 0 0
566 0 1116 1116 1116 1116 1085 65 56 0 1116 1116 0 0 1116 1017 1116 0 1116 12 1059 1086 1116 1116 1116 1116 0 1116 1116 0 1032 276 0 382 1069 0 1116 0 0 1116 0 1116 1116 0 0 1113 657 1116 6 0 1116 0 1116 1116 268 0 1116 0 0
566 0 1116 1116 1116 1116 1085 65 56 0 1116 1116 0 0 1116 1017 1116 0 1116 12 1059 1086 1116 1116 1116 1116 0 1116 1116 0 1032 276 0 382 1069 0 1116 0 0 1116 0 1116 1116 0 0 1113 657 1116 6 0 1116 0 1116 1116 268 0 1116 0 0
566 0 1116 1116 1116 1116 1085 65 56 0 1116 1116 0 0 1116 1017 1116 0 1116 12 1059 1086 1116 1116 1116 1116 0 1116 1116 0 1032 276 0 382 1069 0 1116 0 0 1116 0 1116 1116 0 0 1113 657 1116 6 0 1116 0 1116 1116 268 0 1116 0 0
566 0 1116 1116 1116 1116 1085 65 56 0 1116 1116 0 0 1116 1017 1116 0 1116 12 1059 1086 1116 1116 1116 1116 0 1116 1116 0 1032 276 0 382 1069 0 1116 0 0 1116 0 1116 1116 0 0 1113 657 1116 6 0 1116 0 1116 1116 268 0 1116 0 0
0 1116 0 0 0 0 0 0 0 0 0 0 1116 1116 0 0 0 0 0 0 0 0 0 0 0 0 1116 0 0 1116 0 0 1116 0 0 1116 0 1116 1116 0 1116 0 0 1116 1116 0 0 0 458 1116 0 0 0 0 255 1116 0 1116 1116
566 0 1116 1116 1116 1116 1085 65 56 0 1116 1116 0 0 1116 1017 1116 0 1116 12 1059 1086 1116 1116 1116 1116 0 1116 1116 0 1032 276 0 382 1069 0 1116 0 0 1116 0 1116 1116 0 0 1113 657 1116 6 0 1116 0 1116 1116 268 0 1116 0 0
566 0 1116 1116 1116 1116 1085 65 56 0 1116 1116 0 0 1116 1017 1116 0 1116 12 1059 1086 1116 1116 1116 1116 0 1116 1116 0 1032 276 0 382 1069 0 1116 0 0 1116 0 1116 1116 0 0 1113 657 1116 6 0 1116 0 1116 1116 268 0 1116 0 0
0 1116 0 0 0 0 0 0 0 0 0 0 1116 1116 0 0 0 0 0 0 0 0 0 0 0 0 1116 0 0 1116 0 0 1116 0 0 1116 0 1116 1116 0 1116 0 0 1116 1116 0 0 0 458 1116 0 0 0 0 255 1116 0 1116 1116
482 0 1032 1032 1032 1032 1001 61 56 0 1032 1032 0 0 1032 933 1032 0 1032 54 975 1002 1032 1032 1032 1032 0 1032 1032 0 1116 293 0 298 985 0 1032 0 0 1032 0 1032 1032 0 0 1029 594 1032 6 0 1032 10 1032 1032 268 0 1032 0 0
139 0 276 276 276 276 289 52 33 3 276 276 0 0 276 191 276 40 276 30 284 283 276 276 276 276 0 276 276 0 293 1116 0 45 246 0 276 0 0 276 0 276 276 0 0 276 199 276 223 0 276 116 276 276 75 0 276 0 0
0 1116 0 0 0 0 0 0 0 0 0 0 1116 1116 0 0 0 0 0 0 0 0 0 0 0 0 1116 0 0 1116 0 0 1116 0 0 1116 0 1116 1116 0 1116 0 0 1116 1116 0 0 0 458 1116 0 0 0 0 255 1116 0 1116 1116
420 0 382 382 382 382 389 73 15 43 382 382 0 0 382 429 382 16 382 405 385 352 382 382 382 382 0 382 382 0 298 45 0 1116 382 0 382 0 0 382 0 382 382 0 0 383 307 382 2 0 382 211 382 382 137 0 382 0 0
568 0 1069 1069 1069 1069 1038 67 58 0 1069 1069 0 0 1069 1017 1069 6 1069 12 1012 1039 1069 1069 1069 1069 0 1069 1069 0 985 246 0 382 1116 0 1069 0 0 1069 0 1069 1069 0 0 1066 626 1069 6 0 1069 2 1069 1069 268 0 1069 0 0
0 1116 0 0 0 0 0 0 0 0 0 0 1116 1116 0 0 0 0 0 0 0 0 0 0 0 0 1116 0 0 1116 0 0 1116 0 0 1116 0 1116 1116 0 1116 0 0 1116 1116 0 0 0 458 1116 0 0 0 0 255 1116 0 1116 1116
566 0 1116 1116 1116 1116 1085 65 56 0 1116 1116 0 0 1116 1017 1116 0 1116 12 1059 1086 1116 1116 1116 1116 0 1116 1116 0 1032 276 0 382 1069 0 1116 0 0 1116 0 1116 1116 0 0 1113 657 1116 6 0 1116 0 1116 1116 268 0 1116 0 0
0 1116 0 0 0 0 0 0 0 0 0 0 1116 1116 0 0 0 0 0 0 0 0 0 0 0 0 1116 0 0 1116 0 0 1116 0 0 1116 0 1116 1116 0 1116 0 0 1116 1116 0 0 0 458 1116 0 0 0 0 255 1116 0 1116 1116
0 1116 0 0 0 0 0 0 0 0 0 0 1116 1116 0 0 0 0 0 0 0 0 0 0 0 0 1116 0 0 1116 0 0 1116 0 0 1116 0 1116 1116 0 1116 0 0 1116 1116 0 0 0 458 1116 0 0 0 0 255 1116 0 1116 1116
566 0 1116 1116 1116 1116 1085 65 56 0 1116 1116 0 0 1116 1017 1116 0 1116 12 1059 1086 1116 1116 1116 1116 0 1116 1116 0 1032 276 0 382 1069 0 1116 0 0 1116 0 1116 1116 0 0 1113 657 1116 6 0 1116 0 1116 1116 268 0 1116 0 0
0 1116 0 0 0 0 0 0 0 0 0 0 1116 1116 0 0 0 0 0 0 0 0 0 0 0 0 1116 0 0 1116 0 0 1116 0 0 1116 0 1116 1116 0 1116 0 0 1116 1116 0 0 0 458 1116 0 0 0 0 255 1116 0 1116 1116
566 0 1116 1116 1116 1116 1085 65 56 0 1116 1116 0 0 1116 1017 1116 0 1116 12 1059 1086 1116 1116 1116 1116 0 1116 1116 0 1032 276 0 382 1069 0 1116 0 0 1116 0 1116 1116 0 0 1113 657 1116 6 0 1116 0 1116 1116 268 0 1116 0 0
566 0 1116 1116 1116 1116 1085 65 56 0 1116 1116 0 0 1116 1017 1116 0 1116 12 1059 1086 1116 1116 1116 1116 0 1116 1116 0 1032 276 0 382 1069 0 1116 0 0 1116 0 1116 1116 0 0 1113 657 1116 6 0 1116 0 1116 1116 268 0 1116 0 0
0 1116 0 0 0 0 0 0 0 0 0 0 1116 1116 0 0 0 0 0 0 0 0 0 0 0 0 1116 0 0 1116 0 0 1116 0 0 1116 0 1116 1116 0 1116 0 0 1116 1116 0 0 0 458 1116 0 0 0 0 255 1116 0 1116 1116
0 1116 0 0 0 0 0 0 0 0 0 0 1116 1116 0 0 0 0 0 0 0 0 0 0 0 0 1116 0 0 1116 0 0 1116 0 0 1116 0 1116 1116 0 1116 0 0 1116 1116 0 0 0 458 1116 0 0 0 0 255 1116 0 1116 1116
563 0 1113 1113 1113 1113 1082 62 53 0 1113 1113 0 0 1113 1014 1113 0 1113 12 1056 1083 1113 1113 1113 1113 0 1113 1113 0 1029 276 0 383 1066 0 1113 0 0 1113 0 1113 1113 0 0 1116 657 1113 6 0 1113 1 1113 1113 268 0 1113 0 0
277 0 657 657 657 657 651 35 63 18 657 657 0 0 657 616 657 45 657 17 600 660 657 657 657 657 0 657 657 0 594 199 0 307 626 0 657 0 0 657 0 657 657 0 0 657 1116 657 27 0 657 234 657 657 153 0 657 0 0
566 0 1116 1116 1116 1116 1085 65 56 0 1116 1116 0 0 1116 1017 1116 0 1116 12 1059 1086 1116 1116 1116 1116 0 1116 1116 0 1032 276 0 382 1069 0 1116 0 0 1116 0 1116 1116 0 0 1113 657 1116 6 0 1116 0 1116 1116 268 0 1116 0 0
2 458 6 6 6 6 6 118 4 0 6 6 458 458 6 6 6 6 6 5 19 13 6 6 6 6 458 6 6 458 6 223 458 2 6 458 6 458 458 6 458 6 6 458 458 6 27 6 1116 458 6 8 6 6 1 458 6 458 458
0 1116 0 0 0 0 0 0 0 0 0 0 1116 1116 0 0 0 0 0 0 0 0 0 0 0 0 1116 0 0 1116 0 0 1116 0 0 1116 0 1116 1116 0 1116 0 0 1116 1116 0 0 0 458 1116 0 0 0 0 255 1116 0 1116 1116
566 0 1116 1116 1116 1116 1085 65 56 0 1116 1116 0 0 1116 1017 1116 0 1116 12 1059 1086 1116 1116 1116 1116 0 1116 1116 0 1032 276 0 382 1069 0 1116 0 0 1116 0 1116 1116 0 0 1113 657 1116 6 0 1116 0 1116 1116 268 0 1116 0 0
550 0 0 0 0 0 5 180 233 0 0 0 0 0 0 2 0 0 0 9 8 3 0 0 0 0 0 0 0 0 10 116 0 211 2 0 0 0 0 0 0 0 0 0 0 1 234 0 8 0 0 1116 0 0 42 0 0 0 0
566 0 1116 1116 1116 1116 1085 65 56 0 1116 1116 0 0 1116 1017 1116 0 1116 12 1059 1086 1116 1116 1116 1116 0 1116 1116 0 1032 276 0 382 1069 0 1116 0 0 1116 0 1116 1116 0 0 1113 657 1116 6 0 1116 0 1116 1116 268 0 1116 0 0
566 0 1116 1116 1116 1116 1085 65 56 0 1116 1116 0 0 1116 1017 1116 0 1116 12 1059 1086 1116 1116 1116 1116 0 1116 1116 0 1032 276 0 382 1069 0 1116 0 0 1116 0 1116 1116 0 0 1113 657 1116 6 0 1116 0 1116 1116 268 0 1116 0 0
135 255 268 268 268 268 237 22 54 188 268 268 255 255 268 302 268 4 268 41 268 245 268 268 268 268 255 268 268 255 268 75 255 137 268 255 268 255 255 268 255 268 268 255 255 268 153 268 1 255 268 42 268 268 1116 255 268 255 255
0 1116 0 0 0 0 0 0 0 0 0 0 1116 1116 0 0 0 0 0 0 0 0 0 0 0 0 1116 0 0 1116 0 0 1116 0 0 1116 0 1116 1116 0 1116 0 0 1116 1116 0 0 0 458 1116 0 0 0 0 255 1116 0 1116 1116
566 0 1116 1116 1116 1116 1085 65 56 0 1116 1116 0 0 1116 1017 1116 0 1116 12 1059 1086 1116 1116 1116 1116 0 1116 1116 0 1032 276 0 382 1069 0 1116 0 0 1116 0 1116 1116 0 0 1113 657 1116 6 0 1116 0 1116 1116 268 0 1116 0 0
0 1116 0 0 0 0 0 0 0 0 0 0 1116 1116 0 0 0 0 0 0 0 0 0 0 0 0 1116 0 0 1116 0 0 1116 0 0 1116 0 1116 1116 0 1116 0 0 1116 1116 0 0 0 458 1116 0 0 0 0 255 1116 0 1116 1116
0 1116 0 0 0 0 0 0 0 0 0 0 1116 1116 0 0 0 0 0 0 0 0 0 0 0 0 1116 0 0 1116 0 0 1116 0 0 1116 0 1116 1116 0 1116 0 0 1116 1116 0 0 0 458 1116 0 0 0 0 255 1116 0 1116 1116
