3152 2073 1950 293 268 2036 824 2073 27 2073 1937 2073 0 0 24 2080 2015 278 16 2025 2073 2073 87 0 2060 286 879 614 0 45 2073 2073 1476 596 258 2073 2073 485 437 147 1342 1403 496 0 2073 2073 2073 1986 2073 2073 2073 445 2073 102 1993 304 567 1895 2073
2073 3152 1999 707 640 2701 1117 3152 0 3152 2436 3152 0 0 0 3107 2266 0 0 2572 3152 3152 89 0 2722 708 0 773 0 0 3152 3152 1789 1220 724 3152 3152 64 0 557 2050 1444 224 0 3152 3152 3152 3065 3152 3152 3152 402 3152 0 2401 983 0 2560 3152
1950 1999 3152 707 23 1548 35 1999 0 1999 2099 1999 0 0 197 1954 1113 0 0 2120 1999 1999 286 0 1569 197 956 8 0 0 1999 1999 1915 67 9 1999 1999 633 272 0 1876 1610 501 0 1999 1999 1999 1912 1999 1999 1999 341 1999 6 2135 913 614 1407 1999
293 707 707 3152 768 256 268 707 0 707 713 707 2071 0 22 662 45 2 2071 748 707 707 111 2071 277 287 117 561 1822 48 707 707 966 555 242 707 707 816 896 0 707 233 223 2071 707 707 707 707 707 707 707 1204 707 110 964 527 117 115 707
268 640 23 768 3152 641 923 640 2 640 184 640 749 0 27 659 887 219 777 60 640 640 59 749 645 621 141 876 749 6 640 640 229 741 930 640 640 538 205 574 160 211 200 749 640 640 640 640 640 640 640 823 640 1573 477 643 141 641 640
2036 2701 1548 256 641 3152 1084 2701 1 2701 1985 2701 280 2 120 2703 2266 1 73 2121 2701 2701 120 163 2776 538 0 773 6 1 2701 2701 1338 1254 945 2701 2701 65 0 634 1599 1473 224 280 2701 2701 2701 2614 2701 2701 2701 522 2701 1 1950 542 0 2840 2701
824 1117 35 268 923 1084 3152 1117 15 1117 401 1117 118 41 47 1096 1790 273 118 537 1117 1117 131 118 1091 1553 1281 1811 118 98 1117 1117 44 1141 779 1117 1117 251 1281 572 462 218 479 118 1117 1117 1117 1117 1117 1117 1117 474 1117 81 366 674 1281 1084 1117
2073 3152 1999 707 640 2701 1117 3152 0 3152 2436 3152 0 0 0 3107 2266 0 0 2572 3152 3152 89 0 2722 708 0 773 0 0 3152 3152 1789 1220 724 3152 3152 64 0 557 2050 1444 224 0 3152 3152 3152 3065 3152 3152 3152 402 3152 0 2401 983 0 2560 3152
27 0 0 0 2 1 15 0 3152 0 0 0 0 0 0 0 0 1 0 1 0 0 0 0 0 20 0 17 0 0 0 0 0 213 90 0 0 0 94 2203 2 12 205 0 0 0 0 3 0 0 0 88 0 41 18 0 0 6 0
2073 3152 1999 707 640 2701 1117 3152 0 3152 2436 3152 0 0 0 3107 2266 0 0 2572 3152 3152 89 0 2722 708 0 773 0 0 3152 3152 1789 1220 724 3152 3152 64 0 557 2050 1444 224 0 3152 3152 3152 3065 3152 3152 3152 402 3152 0 2401 983 0 2560 3152
1937 2436 2099 713 184 1985 401 2436 0 2436 3152 2436 6 2 374 2391 1550 1 6 2307 2436 2436 463 6 2006 338 93 167 6 0 2436 2436 1974 504 169 2436 2436 98 11 233 1655 1596 390 6 2436 2436 2436 2349 2436 2436 2436 411 2436 12 2441 701 93 1844 2436
2073 3152 1999 707 640 2701 1117 3152 0 3152 2436 3152 0 0 0 3107 2266 0 0 2572 3152 3152 89 0 2722 708 0 773 0 0 3152 3152 1789 1220 724 3152 3152 64 0 557 2050 1444 224 0 3152 3152 3152 3065 3152 3152 3152 402 3152 0 2401 983 0 2560 3152
0 0 0 2071 749 280 118 0 0 0 6 0 3152 0 0 2 0 125 2904 41 0 0 0 2931 4 0 0 459 1871 0 0 0 259 765 608 0 0 1221 779 94 0 21 37 3152 0 0 0 0 0 0 0 1023 0 91 257 103 0 385 0
0 0 0 0 0 2 41 0 0 0 2 0 0 3152 0 0 0 8 14 2 0 0 0 0 0 0 0 34 535 0 0 0 1 2 16 0 0 6 0 0 0 2 6 0 0 0 0 0 0 0 0 56 0 1 0 2 0 0 0
24 0 197 22 27 120 47 0 0 0 374 0 0 0 3152 21 0 64 8 41 0 0 3000 169 309 28 0 49 0 0 0 0 246 545 105 0 0 38 3 196 0 214 741 0 0 0 0 17 0 0 0 460 0 28 138 166 0 71 0
2080 3107 1954 662 659 2703 1096 3107 0 3107 2391 3107 2 0 21 3152 2285 2 2 2527 3107 3107 44 2 2722 663 19 792 0 2 3107 3107 1744 1220 739 3107 3107 64 19 557 2005 1444 232 2 3107 3107 3107 3020 3107 3107 3107 421 3107 0 2356 938 19 2562 3107
2015 2266 1113 45 887 2266 1790 2266 0 2266 1550 2266 0 0 0 2285 3152 272 28 1686 2266 2266 51 0 2273 938 739 1474 0 0 2266 2266 903 1273 758 2266 2266 76 739 557 1164 1056 332 0 2266 2266 2266 2179 2266 2266 2266 374 2266 129 1515 563 739 2266 2266
278 0 0 2 219 1 273 0 1 0 1 0 125 8 64 2 272 3152 129 5 0 0 66 125 2 637 273 238 12 72 0 0 12 130 246 0 0 218 278 1 197 41 326 125 0 0 0 32 0 0 0 177 0 1044 122 466 812 20 0
16 0 0 2071 777 73 118 0 0 0 6 0 2904 14 8 2 28 129 3152 41 0 0 0 2800 4 0 28 487 1886 8 0 0 259 765 426 0 0 1231 807 66 0 45 55 2904 0 0 0 0 0 0 0 1051 0 101 257 103 28 171 0
2025 2572 2120 748 60 2121 537 2572 1 2572 2307 2572 41 2 41 2527 1686 5 41 3152 2572 2572 130 41 2142 202 93 193 41 4 2572 2572 1802 640 144 2572 2572 157 41 29 1933 1303 267 41 2572 2572 2572 2485 2572 2572 2572 208 2572 5 2175 537 75 1980 2572
2073 3152 1999 707 640 2701 1117 3152 0 3152 2436 3152 0 0 0 3107 2266 0 0 2572 3152 3152 89 0 2722 708 0 773 0 0 3152 3152 1789 1220 724 3152 3152 64 0 557 2050 1444 224 0 3152 3152 3152 3065 3152 3152 3152 402 3152 0 2401 983 0 2560 3152
2073 3152 1999 707 640 2701 1117 3152 0 3152 2436 3152 0 0 0 3107 2266 0 0 2572 3152 3152 89 0 2722 708 0 773 0 0 3152 3152 1789 1220 724 3152 3152 64 0 557 2050 1444 224 0 3152 3152 3152 3065 3152 3152 3152 402 3152 0 2401 983 0 2560 3152
87 89 286 111 59 120 131 89 0 89 463 89 0 0 3000 44 51 66 0 130 89 89 3152 169 251 117 51 100 0 3 89 89 335 545 84 89 89 41 54 196 89 214 679 0 89 89 89 106 89 89 89 505 89 31 227 255 51 71 89
0 0 0 2071 749 163 118 0 0 0 6 0 2931 0 169 2 0 125 2800 41 0 0 169 3152 173 0 0 459 1882 0 0 0 259 765 387 0 0 1221 779 90 0 23 37 2931 0 0 0 0 0 0 0 1192 0 91 257 103 0 172 0
2060 2722 1569 277 645 2776 1091 2722 0 2722 2006 2722 4 0 309 2722 2273 2 4 2142 2722 2722 251 173 3152 545 7 780 4 7 2722 2722 1359 1228 728 2722 2722 69 7 638 1620 1444 241 4 2722 2722 2722 2635 2722 2722 2722 646 2722 5 1971 553 7 2564 2722
286 708 197 287 621 538 1553 708 20 708 338 708 0 0 28 663 938 637 0 202 708 708 117 0 545 3152 1401 1293 0 336 708 708 224 609 698 708 708 97 1398 573 337 298 354 0 708 708 708 722 708 708 708 325 708 599 449 830 1400 538 708
879 0 956 117 141 0 1281 0 0 0 93 0 0 0 0 19 739 273 28 93 0 0 51 0 7 1401 3152 1059 0 0 0 0 533 85 186 0 0 842 2271 0 566 506 805 0 0 0 0 13 0 0 0 328 0 115 136 493 2613 0 0
614 773 8 561 876 773 1811 773 17 773 167 773 459 34 49 792 1474 238 487 193 773 773 100 459 780 1293 1059 3152 434 20 773 773 22 1113 822 773 773 442 1055 574 285 217 467 459 773 773 773 773 773 773 773 820 773 36 270 579 1059 773 773
0 0 0 1822 749 6 118 0 0 0 6 0 1871 535 0 0 0 12 1886 41 0 0 0 1882 4 0 0 434 3152 0 0 0 259 313 87 0 0 624 771 87 0 10 13 1871 0 0 0 0 0 0 0 849 0 91 257 85 0 0 0
45 0 0 48 6 1 98 0 0 0 0 0 0 0 0 2 0 72 8 4 0 0 3 0 7 336 0 20 0 3152 0 0 72 73 27 0 0 202 0 15 338 40 356 0 0 0 0 12 0 0 0 293 0 49 58 37 0 16 0
2073 3152 1999 707 640 2701 1117 3152 0 3152 2436 3152 0 0 0 3107 2266 0 0 2572 3152 3152 89 0 2722 708 0 773 0 0 3152 3152 1789 1220 724 3152 3152 64 0 557 2050 1444 224 0 3152 3152 3152 3065 3152 3152 3152 402 3152 0 2401 983 0 2560 3152
2073 3152 1999 707 640 2701 1117 3152 0 3152 2436 3152 0 0 0 3107 2266 0 0 2572 3152 3152 89 0 2722 708 0 773 0 0 3152 3152 1789 1220 724 3152 3152 64 0 557 2050 1444 224 0 3152 3152 3152 3065 3152 3152 3152 402 3152 0 2401 983 0 2560 3152
1476 1789 1915 966 229 1338 44 1789 0 1789 1974 1789 259 1 246 1744 903 12 259 1802 1789 1789 335 259 1359 224 533 22 259 72 1789 1789 3152 16 77 1789 1789 323 300 0 1940 1426 431 259 1789 1789 1789 1724 1789 1789 1789 200 1789 141 1958 444 269 1197 1789
596 1220 67 555 741 1254 1141 1220 213 1220 504 1220 765 2 545 1220 1273 130 765 640 1220 1220 545 765 1228 609 85 1113 313 73 1220 1220 16 3152 794 1220 1220 921 85 568 447 338 223 765 1220 1220 1220 1237 1220 1220 1220 738 1220 100 469 622 85 1291 1220
258 724 9 242 930 945 779 724 90 724 169 724 608 16 105 739 758 246 426 144 724 724 84 387 728 698 186 822 87 27 724 724 77 794 3152 724 724 127 178 703 274 241 109 608 724 724 724 745 724 724 724 276 724 323 326 597 186 1013 724
2073 3152 1999 707 640 2701 1117 3152 0 3152 2436 3152 0 0 0 3107 2266 0 0 2572 3152 3152 89 0 2722 708 0 773 0 0 3152 3152 1789 1220 724 3152 3152 64 0 557 2050 1444 224 0 3152 3152 3152 3065 3152 3152 3152 402 3152 0 2401 983 0 2560 3152
2073 3152 1999 707 640 2701 1117 3152 0 3152 2436 3152 0 0 0 3107 2266 0 0 2572 3152 3152 89 0 2722 708 0 773 0 0 3152 3152 1789 1220 724 3152 3152 64 0 557 2050 1444 224 0 3152 3152 3152 3065 3152 3152 3152 402 3152 0 2401 983 0 2560 3152
485 64 633 816 538 65 251 64 0 64 98 64 1221 6 38 64 76 218 1231 157 64 64 41 1221 69 97 842 442 624 202 64 64 323 921 127 64 64 3152 22 0 85 54 364 1221 64 64 64 64 64 64 64 918 64 643 138 370 303 71 64
437 0 272 896 205 0 1281 0 94 0 11 0 779 0 3 19 739 278 807 41 0 0 54 779 7 1398 2271 1055 771 0 0 0 300 85 178 0 0 22 3152 94 488 420 614 779 0 0 0 13 0 0 0 310 0 96 122 154 2271 0 0
147 557 0 0 574 634 572 557 2203 557 233 557 94 0 196 557 557 1 66 29 557 557 196 90 638 573 0 574 87 15 557 557 0 568 703 557 557 0 94 3152 71 212 125 94 557 557 557 560 557 557 557 367 557 0 282 542 0 657 557
1342 2050 1876 707 160 1599 462 2050 2 2050 1655 2050 0 0 0 2005 1164 197 0 1933 2050 2050 89 0 1620 337 566 285 0 338 2050 2050 1940 447 274 2050 2050 85 488 71 3152 1439 472 0 2050 2050 2050 2040 2050 2050 2050 245 2050 72 1683 556 651 1458 2050
1403 1444 1610 233 211 1473 218 1444 12 1444 1596 1444 21 2 214 1444 1056 41 45 1303 1444 1444 214 23 1444 298 506 217 10 40 1444 1444 1426 338 241 1444 1444 54 420 212 1439 3152 450 21 1444 1444 1444 1465 1444 1444 1444 496 1444 78 1522 476 503 1337 1444
496 224 501 223 200 224 479 224 205 224 390 224 37 6 741 232 332 326 55 267 224 224 679 37 241 354 805 467 13 356 224 224 431 223 109 224 224 364 614 125 472 450 3152 37 224 224 224 233 224 224 224 380 224 272 310 401 757 240 224
0 0 0 2071 749 280 118 0 0 0 6 0 3152 0 0 2 0 125 2904 41 0 0 0 2931 4 0 0 459 1871 0 0 0 259 765 608 0 0 1221 779 94 0 21 37 3152 0 0 0 0 0 0 0 1023 0 91 257 103 0 385 0
2073 3152 1999 707 640 2701 1117 3152 0 3152 2436 3152 0 0 0 3107 2266 0 0 2572 3152 3152 89 0 2722 708 0 773 0 0 3152 3152 1789 1220 724 3152 3152 64 0 557 2050 1444 224 0 3152 3152 3152 3065 3152 3152 3152 402 3152 0 2401 983 0 2560 3152
2073 3152 1999 707 640 2701 1117 3152 0 3152 2436 3152 0 0 0 3107 2266 0 0 2572 3152 3152 89 0 2722 708 0 773 0 0 3152 3152 1789 1220 724 3152 3152 64 0 557 2050 1444 224 0 3152 3152 3152 3065 3152 3152 3152 402 3152 0 2401 983 0 2560 3152
2073 3152 1999 707 640 2701 1117 3152 0 3152 2436 3152 0 0 0 3107 2266 0 0 2572 3152 3152 89 0 2722 708 0 773 0 0 3152 3152 1789 1220 724 3152 3152 64 0 557 2050 1444 224 0 3152 3152 3152 3065 3152 3152 3152 402 3152 0 2401 983 0 2560 3152
1986 3065 1912 707 640 2614 1117 3065 3 3065 2349 3065 0 0 17 3020 2179 32 0 2485 3065 3065 106 0 2635 722 13 773 0 12 3065 3065 1724 1237 745 3065 3065 64 13 560 2040 1465 233 0 3065 3065 3065 3152 3065 3065 3065 402 3065 32 2314 983 13 2473 3065
2073 3152 1999 707 640 2701 1117 3152 0 3152 2436 3152 0 0 0 3107 2266 0 0 2572 3152 3152 89 0 2722 708 0 773 0 0 3152 3152 1789 1220 724 3152 3152 64 0 557 2050 1444 224 0 3152 3152 3152 3065 3152 3152 3152 402 3152 0 2401 983 0 2560 3152
2073 3152 1999 707 640 2701 1117 3152 0 3152 2436 3152 0 0 0 3107 2266 0 0 2572 3152 3152 89 0 2722 708 0 773 0 0 3152 3152 1789 1220 724 3152 3152 64 0 557 2050 1444 224 0 3152 3152 3152 3065 3152 3152 3152 402 3152 0 2401 983 0 2560 3152
2073 3152 1999 707 640 2701 1117 3152 0 3152 2436 3152 0 0 0 3107 2266 0 0 2572 3152 3152 89 0 2722 708 0 773 0 0 3152 3152 1789 1220 724 3152 3152 64 0 557 2050 1444 224 0 3152 3152 3152 3065 3152 3152 3152 402 3152 0 2401 983 0 2560 3152
445 402 341 1204 823 522 474 402 88 402 411 402 1023 56 460 421 374 177 1051 208 402 402 505 1192 646 325 328 820 849 293 402 402 200 738 276 402 402 918 310 367 245 496 380 1023 402 402 402 402 402 402 402 3152 402 141 531 426 305 358 402
2073 3152 1999 707 640 2701 1117 3152 0 3152 2436 3152 0 0 0 3107 2266 0 0 2572 3152 3152 89 0 2722 708 0 773 0 0 3152 3152 1789 1220 724 3152 3152 64 0 557 2050 1444 224 0 3152 3152 3152 3065 3152 3152 3152 402 3152 0 2401 983 0 2560 3152
102 0 6 110 1573 1 81 0 41 0 12 0 91 1 28 0 129 1044 101 5 0 0 31 91 5 599 115 36 91 49 0 0 141 100 323 0 0 643 96 0 72 78 272 91 0 0 0 32 0 0 0 141 0 3152 47 85 1 1 0
1993 2401 2135 964 477 1950 366 2401 18 2401 2441 2401 257 0 138 2356 1515 122 257 2175 2401 2401 227 257 1971 449 136 270 257 58 2401 2401 1958 469 326 2401 2401 138 122 282 1683 1522 310 257 2401 2401 2401 2314 2401 2401 2401 531 2401 47 3152 696 82 1809 2401
304 983 913 527 643 542 674 983 0 983 701 983 103 2 166 938 563 466 103 537 983 983 255 103 553 830 493 579 85 37 983 983 444 622 597 983 983 370 154 542 556 476 401 103 983 983 983 983 983 983 983 426 983 85 696 3152 493 548 983
567 0 614 117 141 0 1281 0 0 0 93 0 0 0 0 19 739 812 28 75 0 0 51 0 7 1400 2613 1059 0 0 0 0 269 85 186 0 0 303 2271 0 651 503 757 0 0 0 0 13 0 0 0 305 0 1 82 493 3152 0 0
1895 2560 1407 115 641 2840 1084 2560 6 2560 1844 2560 385 0 71 2562 2266 20 171 1980 2560 2560 71 172 2564 538 0 773 0 16 2560 2560 1197 1291 1013 2560 2560 71 0 657 1458 1337 240 385 2560 2560 2560 2473 2560 2560 2560 358 2560 1 1809 548 0 3152 2560
2073 3152 1999 707 640 2701 1117 3152 0 3152 2436 3152 0 0 0 3107 2266 0 0 2572 3152 3152 89 0 2722 708 0 773 0 0 3152 3152 1789 1220 724 3152 3152 64 0 557 2050 1444 224 0 3152 3152 3152 3065 3152 3152 3152 402 3152 0 2401 983 0 2560 3152
