1368 0 81 1199 954 1326 1326 4 4 2 1036 1326 1326 0 136 1326 421 0 1220 1016 1032 1326 1087 1143 1326 1326 0 0 1326 0 508 1326 1326 1326 984 317 450 0 0 5 0 0 1326 0 0 1294 1326 1326 179 0 1272 9 1326 1326 1326 0 1326 0 783
0 1368 1287 0 90 0 0 0 0 0 272 0 0 0 1222 0 0 1368 0 266 0 0 86 183 0 0 1368 1368 0 1368 0 0 0 0 0 11 0 1368 1368 676 1368 1368 0 1368 1368 0 0 0 0 1368 0 0 0 0 0 1368 0 1368 493
81 1287 1368 81 171 81 81 0 0 0 353 81 81 0 1303 81 66 1287 81 347 81 81 167 264 81 81 1287 1287 81 1287 0 81 81 81 81 0 81 1287 1287 676 1287 1287 81 1287 1287 81 81 81 54 1287 81 0 81 81 81 1287 81 1287 412
1199 0 81 1368 869 1241 1241 11 11 0 1034 1241 1241 11 146 1241 474 0 1135 889 947 1241 1002 1058 1241 1241 0 0 1241 0 466 1241 1241 1241 899 322 565 0 0 0 0 0 1241 0 0 1209 1241 1241 174 0 1187 2 1241 1241 1241 0 1241 0 656
954 90 171 869 1368 996 996 10 0 0 706 996 996 0 236 996 439 90 890 681 792 996 929 993 996 996 90 90 996 90 372 996 996 996 654 236 467 90 90 90 90 90 996 90 90 996 996 996 144 90 942 2 996 996 996 90 996 90 551
1326 0 81 1241 996 1368 1368 0 0 0 1078 1368 1368 0 146 1368 463 0 1262 1016 1074 1368 1129 1185 1368 1368 0 0 1368 0 499 1368 1368 1368 1026 312 492 0 0 0 0 0 1368 0 0 1336 1368 1368 172 0 1314 0 1368 1368 1368 0 1368 0 783
1326 0 81 1241 996 1368 1368 0 0 0 1078 1368 1368 0 146 1368 463 0 1262 1016 1074 1368 1129 1185 1368 1368 0 0 1368 0 499 1368 1368 1368 1026 312 492 0 0 0 0 0 1368 0 0 1336 1368 1368 172 0 1314 0 1368 1368 1368 0 1368 0 783
4 0 0 11 10 0 0 1368 378 102 0 0 0 104 0 0 299 0 0 7 0 0 1 0 0 0 0 0 0 0 13 0 0 0 0 137 0 0 0 0 0 0 0 0 0 0 0 0 334 0 4 0 0 0 0 0 0 0 0
4 0 0 11 0 0 0 378 1368 0 0 0 0 765 0 0 0 0 0 7 0 0 0 0 0 0 0 0 0 0 12 0 0 0 0 63 5 0 0 0 0 0 0 0 0 0 0 0 299 0 1 0 0 0 0 0 0 0 0
2 0 0 0 0 0 0 102 0 1368 0 0 0 0 0 0 205 0 0 8 9 0 1 0 0 0 0 0 0 0 125 0 0 0 0 212 179 0 0 0 0 0 0 0 0 13 0 0 92 0 11 0 0 0 0 0 0 0 0
1036 272 353 1034 706 1078 1078 0 0 0 1368 1078 1078 0 418 1078 463 272 979 726 805 1078 883 895 1078 1078 272 272 1078 272 418 1078 1078 1078 923 312 492 272 272 272 272 272 1078 272 272 1046 1078 1078 172 272 1024 3 1078 1078 1078 272 1078 272 493
1326 0 81 1241 996 1368 1368 0 0 0 1078 1368 1368 0 146 1368 463 0 1262 1016 1074 1368 1129 1185 1368 1368 0 0 1368 0 499 1368 1368 1368 1026 312 492 0 0 0 0 0 1368 0 0 1336 1368 1368 172 0 1314 0 1368 1368 1368 0 1368 0 783
1326 0 81 1241 996 1368 1368 0 0 0 1078 1368 1368 0 146 1368 463 0 1262 1016 1074 1368 1129 1185 1368 1368 0 0 1368 0 499 1368 1368 1368 1026 312 492 0 0 0 0 0 1368 0 0 1336 1368 1368 172 0 1314 0 1368 1368 1368 0 1368 0 783
0 0 0 11 0 0 0 104 765 0 0 0 0 1368 0 0 0 0 0 6 0 0 0 0 0 0 0 0 0 0 12 0 0 0 0 63 0 0 0 0 0 0 0 0 0 0 0 0 0 0 1 0 0 0 0 0 0 0 0
136 1222 1303 146 236 146 146 0 0 0 418 146 146 0 1368 146 131 1222 146 316 146 146 232 329 146 146 1222 1222 146 1222 0 146 146 146 146 0 146 1222 1222 676 1222 1222 146 1222 1222 146 146 146 105 1222 146 0 146 146 146 1222 146 1222 347
1326 0 81 1241 996 1368 1368 0 0 0 1078 1368 1368 0 146 1368 463 0 1262 1016 1074 1368 1129 1185 1368 1368 0 0 1368 0 499 1368 1368 1368 1026 312 492 0 0 0 0 0 1368 0 0 1336 1368 1368 172 0 1314 0 1368 1368 1368 0 1368 0 783
421 0 66 474 439 463 463 299 0 205 463 463 463 0 131 463 1368 0 463 111 493 463 466 463 463 463 0 0 463 0 112 463 463 463 463 341 456 0 0 35 0 0 463 0 0 463 463 463 246 0 465 54 463 463 463 0 463 0 23
0 1368 1287 0 90 0 0 0 0 0 272 0 0 0 1222 0 0 1368 0 266 0 0 86 183 0 0 1368 1368 0 1368 0 0 0 0 0 11 0 1368 1368 676 1368 1368 0 1368 1368 0 0 0 0 1368 0 0 0 0 0 1368 0 1368 493
1220 0 81 1135 890 1262 1262 0 0 0 979 1262 1262 0 146 1262 463 0 1368 910 1074 1262 1203 1091 1262 1262 0 0 1262 0 393 1262 1262 1262 1037 302 492 0 0 0 0 0 1262 0 0 1230 1262 1262 172 0 1208 9 1262 1262 1262 0 1262 0 677
1016 266 347 889 681 1016 1016 7 7 8 726 1016 1016 6 316 1016 111 266 910 1368 722 1016 777 833 1016 1016 266 266 1016 266 451 1016 1016 1016 674 233 150 266 266 3 266 266 1016 266 266 984 1016 1016 145 266 962 14 1016 1016 1016 266 1016 266 1055
1032 0 81 947 792 1074 1074 0 0 9 805 1074 1074 0 146 1074 493 0 1074 722 1368 1074 1050 1074 1074 1074 0 0 1074 0 205 1074 1074 1074 908 195 616 0 0 0 0 0 1074 0 0 1074 1074 1074 177 0 1075 1 1074 1074 1074 0 1074 0 489
1326 0 81 1241 996 1368 1368 0 0 0 1078 1368 1368 0 146 1368 463 0 1262 1016 1074 1368 1129 1185 1368 1368 0 0 1368 0 499 1368 1368 1368 1026 312 492 0 0 0 0 0 1368 0 0 1336 1368 1368 172 0 1314 0 1368 1368 1368 0 1368 0 783
1087 86 167 1002 929 1129 1129 1 0 1 883 1129 1129 0 232 1129 466 86 1203 777 1050 1129 1368 1140 1129 1129 86 86 1129 86 265 1129 1129 1129 940 206 502 86 86 86 86 86 1129 86 86 1129 1129 1129 173 86 1077 11 1129 1129 1129 86 1129 86 544
1143 183 264 1058 993 1185 1185 0 0 0 895 1185 1185 0 329 1185 463 183 1091 833 1074 1185 1140 1368 1185 1185 183 183 1185 183 316 1185 1185 1185 908 131 492 183 183 183 183 183 1185 183 183 1185 1185 1185 172 183 1185 0 1185 1185 1185 183 1185 183 600
1326 0 81 1241 996 1368 1368 0 0 0 1078 1368 1368 0 146 1368 463 0 1262 1016 1074 1368 1129 1185 1368 1368 0 0 1368 0 499 1368 1368 1368 1026 312 492 0 0 0 0 0 1368 0 0 1336 1368 1368 172 0 1314 0 1368 1368 1368 0 1368 0 783
1326 0 81 1241 996 1368 1368 0 0 0 1078 1368 1368 0 146 1368 463 0 1262 1016 1074 1368 1129 1185 1368 1368 0 0 1368 0 499 1368 1368 1368 1026 312 492 0 0 0 0 0 1368 0 0 1336 1368 1368 172 0 1314 0 1368 1368 1368 0 1368 0 783
0 1368 1287 0 90 0 0 0 0 0 272 0 0 0 1222 0 0 1368 0 266 0 0 86 183 0 0 1368 1368 0 1368 0 0 0 0 0 11 0 1368 1368 676 1368 1368 0 1368 1368 0 0 0 0 1368 0 0 0 0 0 1368 0 1368 493
0 1368 1287 0 90 0 0 0 0 0 272 0 0 0 1222 0 0 1368 0 266 0 0 86 183 0 0 1368 1368 0 1368 0 0 0 0 0 11 0 1368 1368 676 1368 1368 0 1368 1368 0 0 0 0 1368 0 0 0 0 0 1368 0 1368 493
1326 0 81 1241 996 1368 1368 0 0 0 1078 1368 1368 0 146 1368 463 0 1262 1016 1074 1368 1129 1185 1368 1368 0 0 1368 0 499 1368 1368 1368 1026 312 492 0 0 0 0 0 1368 0 0 1336 1368 1368 172 0 1314 0 1368 1368 1368 0 1368 0 783
0 1368 1287 0 90 0 0 0 0 0 272 0 0 0 1222 0 0 1368 0 266 0 0 86 183 0 0 1368 1368 0 1368 0 0 0 0 0 11 0 1368 1368 676 1368 1368 0 1368 1368 0 0 0 0 1368 0 0 0 0 0 1368 0 1368 493
508 0 0 466 372 499 499 13 12 125 418 499 499 12 0 499 112 0 393 451 205 499 265 316 499 499 0 0 499 0 1368 499 499 499 322 320 92 0 0 9 0 0 499 0 0 467 499 499 22 0 445 356 499 499 499 0 499 0 358
1326 0 81 1241 996 1368 1368 0 0 0 1078 1368 1368 0 146 1368 463 0 1262 1016 1074 1368 1129 1185 1368 1368 0 0 1368 0 499 1368 1368 1368 1026 312 492 0 0 0 0 0 1368 0 0 1336 1368 1368 172 0 1314 0 1368 1368 1368 0 1368 0 783
1326 0 81 1241 996 1368 1368 0 0 0 1078 1368 1368 0 146 1368 463 0 1262 1016 1074 1368 1129 1185 1368 1368 0 0 1368 0 499 1368 1368 1368 1026 312 492 0 0 0 0 0 1368 0 0 1336 1368 1368 172 0 1314 0 1368 1368 1368 0 1368 0 783
1326 0 81 1241 996 1368 1368 0 0 0 1078 1368 1368 0 146 1368 463 0 1262 1016 1074 1368 1129 1185 1368 1368 0 0 1368 0 499 1368 1368 1368 1026 312 492 0 0 0 0 0 1368 0 0 1336 1368 1368 172 0 1314 0 1368 1368 1368 0 1368 0 783
984 0 81 899 654 1026 1026 0 0 0 923 1026 1026 0 146 1026 463 0 1037 674 908 1026 940 908 1026 1026 0 0 1026 0 322 1026 1026 1026 1368 249 492 0 0 0 0 0 1026 0 0 994 1026 1026 172 0 1016 57 1026 1026 1026 0 1026 0 441
317 11 0 322 236 312 312 137 63 212 312 312 312 63 0 312 341 11 302 233 195 312 206 131 312 312 11 11 312 11 320 312 312 312 249 1368 238 11 11 20 11 11 312 11 11 280 312 312 5 11 258 64 312 312 312 11 312 11 197
450 0 81 565 467 492 492 0 5 179 492 492 492 0 146 492 456 0 492 150 616 492 502 492 492 492 0 0 492 0 92 492 492 492 492 238 1368 0 0 12 0 0 492 0 0 505 492 492 201 0 503 2 492 492 492 0 492 0 7
0 1368 1287 0 90 0 0 0 0 0 272 0 0 0 1222 0 0 1368 0 266 0 0 86 183 0 0 1368 1368 0 1368 0 0 0 0 0 11 0 1368 1368 676 1368 1368 0 1368 1368 0 0 0 0 1368 0 0 0 0 0 1368 0 1368 493
0 1368 1287 0 90 0 0 0 0 0 272 0 0 0 1222 0 0 1368 0 266 0 0 86 183 0 0 1368 1368 0 1368 0 0 0 0 0 11 0 1368 1368 676 1368 1368 0 1368 1368 0 0 0 0 1368 0 0 0 0 0 1368 0 1368 493
5 676 676 0 90 0 0 0 0 0 272 0 0 0 676 0 35 676 0 3 0 0 86 183 0 0 676 676 0 676 9 0 0 0 0 20 12 676 676 1368 676 676 0 676 676 0 0 0 10 676 0 0 0 0 0 676 0 676 22
0 1368 1287 0 90 0 0 0 0 0 272 0 0 0 1222 0 0 1368 0 266 0 0 86 183 0 0 1368 1368 0 1368 0 0 0 0 0 11 0 1368 1368 676 1368 1368 0 1368 1368 0 0 0 0 1368 0 0 0 0 0 1368 0 1368 493
0 1368 1287 0 90 0 0 0 0 0 272 0 0 0 1222 0 0 1368 0 266 0 0 86 183 0 0 1368 1368 0 1368 0 0 0 0 0 11 0 1368 1368 676 1368 1368 0 1368 1368 0 0 0 0 1368 0 0 0 0 0 1368 0 1368 493
1326 0 81 1241 996 1368 1368 0 0 0 1078 1368 1368 0 146 1368 463 0 1262 1016 1074 1368 1129 1185 1368 1368 0 0 1368 0 499 1368 1368 1368 1026 312 492 0 0 0 0 0 1368 0 0 1336 1368 1368 172 0 1314 0 1368 1368 1368 0 1368 0 783
0 1368 1287 0 90 0 0 0 0 0 272 0 0 0 1222 0 0 1368 0 266 0 0 86 183 0 0 1368 1368 0 1368 0 0 0 0 0 11 0 1368 1368 676 1368 1368 0 1368 1368 0 0 0 0 1368 0 0 0 0 0 1368 0 1368 493
0 1368 1287 0 90 0 0 0 0 0 272 0 0 0 1222 0 0 1368 0 266 0 0 86 183 0 0 1368 1368 0 1368 0 0 0 0 0 11 0 1368 1368 676 1368 1368 0 1368 1368 0 0 0 0 1368 0 0 0 0 0 1368 0 1368 493
1294 0 81 1209 996 1336 1336 0 0 13 1046 1336 1336 0 146 1336 463 0 1230 984 1074 1336 1129 1185 1336 1336 0 0 1336 0 467 1336 1336 1336 994 280 505 0 0 0 0 0 1336 0 0 1368 1336 1336 185 0 1282 1 1336 1336 1336 0 1336 0 751
1326 0 81 1241 996 1368 1368 0 0 0 1078 1368 1368 0 146 1368 463 0 1262 1016 1074 1368 1129 1185 1368 1368 0 0 1368 0 499 1368 1368 1368 1026 312 492 0 0 0 0 0 1368 0 0 1336 1368 1368 172 0 1314 0 1368 1368 1368 0 1368 0 783
1326 0 81 1241 996 1368 1368 0 0 0 1078 1368 1368 0 146 1368 463 0 1262 1016 1074 1368 1129 1185 1368 1368 0 0 1368 0 499 1368 1368 1368 1026 312 492 0 0 0 0 0 1368 0 0 1336 1368 1368 172 0 1314 0 1368 1368 1368 0 1368 0 783
179 0 54 174 144 172 172 334 299 92 172 172 172 0 105 172 246 0 172 145 177 172 173 172 172 172 0 0 172 0 22 172 172 172 172 5 201 0 0 10 0 0 172 0 0 185 172 172 1368 0 189 242 172 172 172 0 172 0 86
0 1368 1287 0 90 0 0 0 0 0 272 0 0 0 1222 0 0 1368 0 266 0 0 86 183 0 0 1368 1368 0 1368 0 0 0 0 0 11 0 1368 1368 676 1368 1368 0 1368 1368 0 0 0 0 1368 0 0 0 0 0 1368 0 1368 493
1272 0 81 1187 942 1314 1314 4 1 11 1024 1314 1314 1 146 1314 465 0 1208 962 1075 1314 1077 1185 1314 1314 0 0 1314 0 445 1314 1314 1314 1016 258 503 0 0 0 0 0 1314 0 0 1282 1314 1314 189 0 1368 4 1314 1314 1314 0 1314 0 729
9 0 0 2 2 0 0 0 0 0 3 0 0 0 0 0 54 0 9 14 1 0 11 0 0 0 0 0 0 0 356 0 0 0 57 64 2 0 0 0 0 0 0 0 0 1 0 0 242 0 4 1368 0 0 0 0 0 0 34
1326 0 81 1241 996 1368 1368 0 0 0 1078 1368 1368 0 146 1368 463 0 1262 1016 1074 1368 1129 1185 1368 1368 0 0 1368 0 499 1368 1368 1368 1026 312 492 0 0 0 0 0 1368 0 0 1336 1368 1368 172 0 1314 0 1368 1368 1368 0 1368 0 783
1326 0 81 1241 996 1368 1368 0 0 0 1078 1368 1368 0 146 1368 463 0 1262 1016 1074 1368 1129 1185 1368 1368 0 0 1368 0 499 1368 1368 1368 1026 312 492 0 0 0 0 0 1368 0 0 1336 1368 1368 172 0 1314 0 1368 1368 1368 0 1368 0 783
1326 0 81 1241 996 1368 1368 0 0 0 1078 1368 1368 0 146 1368 463 0 1262 1016 1074 1368 1129 1185 1368 1368 0 0 1368 0 499 1368 1368 1368 1026 312 492 0 0 0 0 0 1368 0 0 1336 1368 1368 172 0 1314 0 1368 1368 1368 0 1368 0 783
0 1368 1287 0 90 0 0 0 0 0 272 0 0 0 1222 0 0 1368 0 266 0 0 86 183 0 0 1368 1368 0 1368 0 0 0 0 0 11 0 1368 1368 676 1368 1368 0 1368 1368 0 0 0 0 1368 0 0 0 0 0 1368 0 1368 493
1326 0 81 1241 996 1368 1368 0 0 0 1078 1368 1368 0 146 1368 463 0 1262 1016 1074 1368 1129 1185 1368 1368 0 0 1368 0 499 1368 1368 1368 1026 312 492 0 0 0 0 0 1368 0 0 1336 1368 1368 172 0 1314 0 1368 1368 1368 0 1368 0 783
0 1368 1287 0 90 0 0 0 0 0 272 0 0 0 1222 0 0 1368 0 266 0 0 86 183 0 0 1368 1368 0 1368 0 0 0 0 0 11 0 1368 1368 676 1368 1368 0 1368 1368 0 0 0 0 1368 0 0 0 0 0 1368 0 1368 493
783 493 412 656 551 783 783 0 0 0 493 783 783 0 347 783 23 493 677 1055 489 783 544 600 783 783 493 493 783 493 358 783 783 783 441 197 7 493 493 22 493 493 783 493 493 751 783 783 86 493 729 34 783 783 783 493 783 493 1368
