719 597 6 47 597 597 597 94 597 4 578 597 597 4 597 510 82 0 83 597 7 356 597 493 4 568 3 597 597 520 597 597 54 2 597 597 597 597 597 98 597 597 0 22 597 174 0 597 553 0 98 597 597 597 597 597 597 597 597
597 719 1 45 719 719 719 4 719 0 700 719 719 0 719 627 86 0 65 719 2 375 719 615 0 690 0 719 719 642 719 719 54 1 719 719 719 719 719 0 719 719 0 20 719 296 0 719 665 0 0 719 719 719 719 719 719 719 719
6 1 719 49 1 1 1 0 1 29 1 1 1 19 1 5 1 0 8 1 0 7 1 2 29 12 2 1 1 1 1 1 0 69 1 1 1 1 1 0 1 1 0 5 1 15 0 1 1 0 0 1 1 1 1 1 1 1 1
47 45 49 719 45 45 45 22 45 43 45 45 45 7 45 44 31 60 8 45 0 73 45 45 43 47 36 45 45 45 45 45 60 199 45 45 45 45 45 22 45 45 60 6 45 40 60 45 58 60 22 45 45 45 45 45 45 45 45
597 719 1 45 719 719 719 4 719 0 700 719 719 0 719 627 86 0 65 719 2 375 719 615 0 690 0 719 719 642 719 719 54 1 719 719 719 719 719 0 719 719 0 20 719 296 0 719 665 0 0 719 719 719 719 719 719 719 719
597 719 1 45 719 719 719 4 719 0 700 719 719 0 719 627 86 0 65 719 2 375 719 615 0 690 0 719 719 642 719 719 54 1 719 719 719 719 719 0 719 719 0 20 719 296 0 719 665 0 0 719 719 719 719 719 719 719 719
597 719 1 45 719 719 719 4 719 0 700 719 719 0 719 627 86 0 65 719 2 375 719 615 0 690 0 719 719 642 719 719 54 1 719 719 719 719 719 0 719 719 0 20 719 296 0 719 665 0 0 719 719 719 719 719 719 719 719
94 4 0 22 4 4 4 719 4 1 9 4 4 59 4 10 97 0 320 4 19 17 4 9 1 6 2 4 4 5 4 4 0 9 4 4 4 4 4 660 4 4 0 165 4 36 0 4 3 0 639 4 4 4 4 4 4 4 4
597 719 1 45 719 719 719 4 719 0 700 719 719 0 719 627 86 0 65 719 2 375 719 615 0 690 0 719 719 642 719 719 54 1 719 719 719 719 719 0 719 719 0 20 719 296 0 719 665 0 0 719 719 719 719 719 719 719 719
4 0 29 43 0 0 0 1 0 719 4 0 0 0 0 19 19 0 142 0 21 7 0 1 719 1 0 0 0 0 0 0 0 5 0 0 0 0 0 0 0 0 0 114 0 2 0 0 3 0 0 0 0 0 0 0 0 0 0
578 700 1 45 700 700 700 9 700 4 719 700 700 0 700 609 86 10 70 700 2 375 700 596 4 671 0 700 700 623 700 700 64 1 700 700 700 700 700 5 700 700 10 18 700 296 10 700 646 10 5 700 700 700 700 700 700 700 700
597 719 1 45 719 719 719 4 719 0 700 719 719 0 719 627 86 0 65 719 2 375 719 615 0 690 0 719 719 642 719 719 54 1 719 719 719 719 719 0 719 719 0 20 719 296 0 719 665 0 0 719 719 719 719 719 719 719 719
597 719 1 45 719 719 719 4 719 0 700 719 719 0 719 627 86 0 65 719 2 375 719 615 0 690 0 719 719 642 719 719 54 1 719 719 719 719 719 0 719 719 0 20 719 296 0 719 665 0 0 719 719 719 719 719 719 719 719
4 0 19 7 0 0 0 59 0 0 0 0 0 719 0 0 95 0 27 0 1 57 0 0 0 2 0 0 0 0 0 0 0 9 0 0 0 0 0 21 0 0 0 11 0 55 0 0 13 0 0 0 0 0 0 0 0 0 0
597 719 1 45 719 719 719 4 719 0 700 719 719 0 719 627 86 0 65 719 2 375 719 615 0 690 0 719 719 642 719 719 54 1 719 719 719 719 719 0 719 719 0 20 719 296 0 719 665 0 0 719 719 719 719 719 719 719 719
510 627 5 44 627 627 627 10 627 19 609 627 627 0 627 719 92 0 76 627 10 349 627 552 19 626 20 627 627 582 627 627 27 5 627 627 627 627 627 6 627 627 0 17 627 275 0 627 625 0 11 627 627 627 627 627 627 627 627
82 86 1 31 86 86 86 97 86 19 86 86 86 95 86 92 719 6 26 86 13 68 86 94 19 88 147 86 86 86 86 86 6 47 86 86 86 86 86 68 86 86 6 94 86 111 6 86 106 6 47 86 86 86 86 86 86 86 86
0 0 0 60 0 0 0 0 0 0 10 0 0 0 0 0 6 719 0 0 0 178 0 0 0 0 0 0 0 0 0 0 665 40 0 0 0 0 0 0 0 0 719 0 0 0 719 0 0 719 0 0 0 0 0 0 0 0 0
83 65 8 8 65 65 65 320 65 142 70 65 65 27 65 76 26 0 719 65 58 68 65 70 142 68 33 65 65 142 65 65 0 2 65 65 65 65 65 372 65 65 0 250 65 116 0 65 67 0 400 65 65 65 65 65 65 65 65
597 719 1 45 719 719 719 4 719 0 700 719 719 0 719 627 86 0 65 719 2 375 719 615 0 690 0 719 719 642 719 719 54 1 719 719 719 719 719 0 719 719 0 20 719 296 0 719 665 0 0 719 719 719 719 719 719 719 719
7 2 0 0 2 2 2 19 2 21 2 2 2 1 2 10 13 0 58 2 719 8 2 2 21 2 17 2 2 2 2 2 0 12 2 2 2 2 2 12 2 2 0 37 2 8 0 2 2 0 5 2 2 2 2 2 2 2 2
356 375 7 73 375 375 375 17 375 7 375 375 375 57 375 349 68 178 68 375 8 719 375 361 7 377 20 375 375 363 375 375 178 6 375 375 375 375 375 11 375 375 178 32 375 170 178 375 353 178 6 375 375 375 375 375 375 375 375
597 719 1 45 719 719 719 4 719 0 700 719 719 0 719 627 86 0 65 719 2 375 719 615 0 690 0 719 719 642 719 719 54 1 719 719 719 719 719 0 719 719 0 20 719 296 0 719 665 0 0 719 719 719 719 719 719 719 719
493 615 2 45 615 615 615 9 615 1 596 615 615 0 615 552 94 0 70 615 2 361 615 719 1 617 4 615 615 615 615 615 0 2 615 615 615 615 615 5 615 615 0 25 615 296 0 615 561 0 5 615 615 615 615 615 615 615 615
4 0 29 43 0 0 0 1 0 719 4 0 0 0 0 19 19 0 142 0 21 7 0 1 719 1 0 0 0 0 0 0 0 5 0 0 0 0 0 0 0 0 0 114 0 2 0 0 3 0 0 0 0 0 0 0 0 0 0
568 690 12 47 690 690 690 6 690 1 671 690 690 2 690 626 88 0 68 690 2 377 690 617 1 719 3 690 690 645 690 690 25 1 690 690 690 690 690 1 690 690 0 23 690 299 0 690 636 0 3 690 690 690 690 690 690 690 690
3 0 2 36 0 0 0 2 0 0 0 0 0 0 0 20 147 0 33 0 17 20 0 4 0 3 719 0 0 0 0 0 0 16 0 0 0 0 0 0 0 0 0 144 0 28 0 0 4 0 0 0 0 0 0 0 0 0 0
597 719 1 45 719 719 719 4 719 0 700 719 719 0 719 627 86 0 65 719 2 375 719 615 0 690 0 719 719 642 719 719 54 1 719 719 719 719 719 0 719 719 0 20 719 296 0 719 665 0 0 719 719 719 719 719 719 719 719
597 719 1 45 719 719 719 4 719 0 700 719 719 0 719 627 86 0 65 719 2 375 719 615 0 690 0 719 719 642 719 719 54 1 719 719 719 719 719 0 719 719 0 20 719 296 0 719 665 0 0 719 719 719 719 719 719 719 719
520 642 1 45 642 642 642 5 642 0 623 642 642 0 642 582 86 0 142 642 2 363 642 615 0 645 0 642 642 719 642 642 0 1 642 642 642 642 642 49 642 642 0 97 642 341 0 642 588 0 77 642 642 642 642 642 642 642 642
597 719 1 45 719 719 719 4 719 0 700 719 719 0 719 627 86 0 65 719 2 375 719 615 0 690 0 719 719 642 719 719 54 1 719 719 719 719 719 0 719 719 0 20 719 296 0 719 665 0 0 719 719 719 719 719 719 719 719
597 719 1 45 719 719 719 4 719 0 700 719 719 0 719 627 86 0 65 719 2 375 719 615 0 690 0 719 719 642 719 719 54 1 719 719 719 719 719 0 719 719 0 20 719 296 0 719 665 0 0 719 719 719 719 719 719 719 719
54 54 0 60 54 54 54 0 54 0 64 54 54 0 54 27 6 665 0 54 0 178 54 0 0 25 0 54 54 0 54 54 719 1 54 54 54 54 54 0 54 54 665 0 54 0 665 54 54 665 0 54 54 54 54 54 54 54 54
2 1 69 199 1 1 1 9 1 5 1 1 1 9 1 5 47 40 2 1 12 6 1 2 5 1 16 1 1 1 1 1 1 719 1 1 1 1 1 1 1 1 40 13 1 29 40 1 22 40 1 1 1 1 1 1 1 1 1
597 719 1 45 719 719 719 4 719 0 700 719 719 0 719 627 86 0 65 719 2 375 719 615 0 690 0 719 719 642 719 719 54 1 719 719 719 719 719 0 719 719 0 20 719 296 0 719 665 0 0 719 719 719 719 719 719 719 719
597 719 1 45 719 719 719 4 719 0 700 719 719 0 719 627 86 0 65 719 2 375 719 615 0 690 0 719 719 642 719 719 54 1 719 719 719 719 719 0 719 719 0 20 719 296 0 719 665 0 0 719 719 719 719 719 719 719 719
597 719 1 45 719 719 719 4 719 0 700 719 719 0 719 627 86 0 65 719 2 375 719 615 0 690 0 719 719 642 719 719 54 1 719 719 719 719 719 0 719 719 0 20 719 296 0 719 665 0 0 719 719 719 719 719 719 719 719
597 719 1 45 719 719 719 4 719 0 700 719 719 0 719 627 86 0 65 719 2 375 719 615 0 690 0 719 719 642 719 719 54 1 719 719 719 719 719 0 719 719 0 20 719 296 0 719 665 0 0 719 719 719 719 719 719 719 719
597 719 1 45 719 719 719 4 719 0 700 719 719 0 719 627 86 0 65 719 2 375 719 615 0 690 0 719 719 642 719 719 54 1 719 719 719 719 719 0 719 719 0 20 719 296 0 719 665 0 0 719 719 719 719 719 719 719 719
98 0 0 22 0 0 0 660 0 0 5 0 0 21 0 6 68 0 372 0 12 11 0 5 0 1 0 0 0 49 0 0 0 1 0 0 0 0 0 719 0 0 0 213 0 34 0 0 2 0 691 0 0 0 0 0 0 0 0
597 719 1 45 719 719 719 4 719 0 700 719 719 0 719 627 86 0 65 719 2 375 719 615 0 690 0 719 719 642 719 719 54 1 719 719 719 719 719 0 719 719 0 20 719 296 0 719 665 0 0 719 719 719 719 719 719 719 719
597 719 1 45 719 719 719 4 719 0 700 719 719 0 719 627 86 0 65 719 2 375 719 615 0 690 0 719 719 642 719 719 54 1 719 719 719 719 719 0 719 719 0 20 719 296 0 719 665 0 0 719 719 719 719 719 719 719 719
0 0 0 60 0 0 0 0 0 0 10 0 0 0 0 0 6 719 0 0 0 178 0 0 0 0 0 0 0 0 0 0 665 40 0 0 0 0 0 0 0 0 719 0 0 0 719 0 0 719 0 0 0 0 0 0 0 0 0
22 20 5 6 20 20 20 165 20 114 18 20 20 11 20 17 94 0 250 20 37 32 20 25 114 23 144 20 20 97 20 20 0 13 20 20 20 20 20 213 20 20 0 719 20 57 0 20 29 0 241 20 20 20 20 20 20 20 20
597 719 1 45 719 719 719 4 719 0 700 719 719 0 719 627 86 0 65 719 2 375 719 615 0 690 0 719 719 642 719 719 54 1 719 719 719 719 719 0 719 719 0 20 719 296 0 719 665 0 0 719 719 719 719 719 719 719 719
174 296 15 40 296 296 296 36 296 2 296 296 296 55 296 275 111 0 116 296 8 170 296 296 2 299 28 296 296 341 296 296 0 29 296 296 296 296 296 34 296 296 0 57 296 719 0 296 276 0 62 296 296 296 296 296 296 296 296
0 0 0 60 0 0 0 0 0 0 10 0 0 0 0 0 6 719 0 0 0 178 0 0 0 0 0 0 0 0 0 0 665 40 0 0 0 0 0 0 0 0 719 0 0 0 719 0 0 719 0 0 0 0 0 0 0 0 0
597 719 1 45 719 719 719 4 719 0 700 719 719 0 719 627 86 0 65 719 2 375 719 615 0 690 0 719 719 642 719 719 54 1 719 719 719 719 719 0 719 719 0 20 719 296 0 719 665 0 0 719 719 719 719 719 719 719 719
553 665 1 58 665 665 665 3 665 3 646 665 665 13 665 625 106 0 67 665 2 353 665 561 3 636 4 665 665 588 665 665 54 22 665 665 665 665 665 2 665 665 0 29 665 276 0 665 719 0 2 665 665 665 665 665 665 665 665
0 0 0 60 0 0 0 0 0 0 10 0 0 0 0 0 6 719 0 0 0 178 0 0 0 0 0 0 0 0 0 0 665 40 0 0 0 0 0 0 0 0 719 0 0 0 719 0 0 719 0 0 0 0 0 0 0 0 0
98 0 0 22 0 0 0 639 0 0 5 0 0 0 0 11 47 0 400 0 5 6 0 5 0 3 0 0 0 77 0 0 0 1 0 0 0 0 0 691 0 0 0 241 0 62 0 0 2 0 719 0 0 0 0 0 0 0 0
597 719 1 45 719 719 719 4 719 0 700 719 719 0 719 627 86 0 65 719 2 375 719 615 0 690 0 719 719 642 719 719 54 1 719 719 719 719 719 0 719 719 0 20 719 296 0 719 665 0 0 719 719 719 719 719 719 719 719
597 719 1 45 719 719 719 4 719 0 700 719 719 0 719 627 86 0 65 719 2 375 719 615 0 690 0 719 719 642 719 719 54 1 719 719 719 719 719 0 719 719 0 20 719 296 0 719 665 0 0 719 719 719 719 719 719 719 719
597 719 1 45 719 719 719 4 719 0 700 719 719 0 719 627 86 0 65 719 2 375 719 615 0 690 0 719 719 642 719 719 54 1 719 719 719 719 719 0 719 719 0 20 719 296 0 719 665 0 0 719 719 719 719 719 719 719 719
597 719 1 45 719 719 719 4 719 0 700 719 719 0 719 627 86 0 65 719 2 375 719 615 0 690 0 719 719 642 719 719 54 1 719 719 719 719 719 0 719 719 0 20 719 296 0 719 665 0 0 719 719 719 719 719 719 719 719
597 719 1 45 719 719 719 4 719 0 700 719 719 0 719 627 86 0 65 719 2 375 719 615 0 690 0 719 719 642 719 719 54 1 719 719 719 719 719 0 719 719 0 20 719 296 0 719 665 0 0 719 719 719 719 719 719 719 719
597 719 1 45 719 719 719 4 719 0 700 719 719 0 719 627 86 0 65 719 2 375 719 615 0 690 0 719 719 642 719 719 54 1 719 719 719 719 719 0 719 719 0 20 719 296 0 719 665 0 0 719 719 719 719 719 719 719 719
597 719 1 45 719 719 719 4 719 0 700 719 719 0 719 627 86 0 65 719 2 375 719 615 0 690 0 719 719 642 719 719 54 1 719 719 719 719 719 0 719 719 0 20 719 296 0 719 665 0 0 719 719 719 719 719 719 719 719
597 719 1 45 719 719 719 4 719 0 700 719 719 0 719 627 86 0 65 719 2 375 719 615 0 690 0 719 719 642 719 719 54 1 719 719 719 719 719 0 719 719 0 20 719 296 0 719 665 0 0 719 719 719 719 719 719 719 719
