2089 0 0 0 0 23 0 76 627 576 0 2089 2089 2089 0 472 807 23 2089 0 0 10 2089 17 386 2089 0 53 0 0 11 0 111 2089 0 0 0 2089 2089 8 0 54 2089 0 0 0 2089 0 0 0 9 1894 0 0 2089 0 2089 0 2089
0 2089 11 1251 1251 102 13 67 0 18 1251 0 0 0 1251 1251 107 62 0 1251 1251 1271 0 246 73 0 0 474 1251 1251 418 1251 890 0 1251 1251 1251 0 0 209 1251 27 0 1251 1251 1251 0 1251 1251 1251 115 137 1251 1251 0 1251 0 1251 0
0 11 2089 0 0 522 0 72 0 0 0 0 0 0 0 17 287 468 0 0 0 9 0 481 7 0 0 514 0 0 78 0 70 0 0 0 0 0 0 102 0 229 0 0 0 0 0 0 0 0 44 12 0 0 0 0 0 0 0
0 1251 0 2089 2089 95 0 58 0 0 2089 0 0 0 2089 1600 106 736 0 2089 2089 1912 0 342 66 0 0 495 2089 2089 50 2089 1211 0 2089 2089 2089 0 0 0 2089 189 0 2089 2089 2089 0 2089 2089 2089 87 137 2089 2089 0 2089 0 2089 0
0 1251 0 2089 2089 95 0 58 0 0 2089 0 0 0 2089 1600 106 736 0 2089 2089 1912 0 342 66 0 0 495 2089 2089 50 2089 1211 0 2089 2089 2089 0 0 0 2089 189 0 2089 2089 2089 0 2089 2089 2089 87 137 2089 2089 0 2089 0 2089 0
23 102 522 95 95 2089 35 54 370 0 95 23 23 23 95 95 243 140 23 95 95 97 23 137 370 23 0 198 95 95 46 95 88 23 95 95 95 23 23 8 95 521 23 95 95 95 23 95 95 95 81 57 95 95 23 95 23 95 23
0 13 0 0 0 35 2089 56 205 0 0 0 0 0 0 0 35 2 0 0 0 18 0 130 28 0 35 132 0 0 84 0 60 0 0 0 0 0 0 18 0 11 0 0 0 0 0 0 0 0 173 0 0 0 0 0 0 0 0
76 67 72 58 58 54 56 2089 72 9 58 76 76 76 58 58 73 11 76 58 58 78 76 48 66 76 41 199 58 58 23 58 197 76 58 58 58 76 76 186 58 8 76 58 58 58 76 58 58 58 47 76 58 58 76 58 76 58 76
627 0 0 0 0 370 205 72 2089 376 0 627 627 627 0 272 447 0 627 0 0 23 627 139 162 627 0 48 0 0 0 0 181 627 0 0 0 627 627 1 0 18 627 0 0 0 627 0 0 0 348 627 0 0 627 0 627 0 627
576 18 0 0 0 0 0 9 376 2089 0 576 576 576 0 472 576 121 576 0 0 10 576 96 502 576 0 4 0 0 378 0 87 576 0 0 0 576 576 27 0 149 576 0 0 0 576 0 0 0 69 576 0 0 576 0 576 0 576
0 1251 0 2089 2089 95 0 58 0 0 2089 0 0 0 2089 1600 106 736 0 2089 2089 1912 0 342 66 0 0 495 2089 2089 50 2089 1211 0 2089 2089 2089 0 0 0 2089 189 0 2089 2089 2089 0 2089 2089 2089 87 137 2089 2089 0 2089 0 2089 0
2089 0 0 0 0 23 0 76 627 576 0 2089 2089 2089 0 472 807 23 2089 0 0 10 2089 17 386 2089 0 53 0 0 11 0 111 2089 0 0 0 2089 2089 8 0 54 2089 0 0 0 2089 0 0 0 9 1894 0 0 2089 0 2089 0 2089
2089 0 0 0 0 23 0 76 627 576 0 2089 2089 2089 0 472 807 23 2089 0 0 10 2089 17 386 2089 0 53 0 0 11 0 111 2089 0 0 0 2089 2089 8 0 54 2089 0 0 0 2089 0 0 0 9 1894 0 0 2089 0 2089 0 2089
2089 0 0 0 0 23 0 76 627 576 0 2089 2089 2089 0 472 807 23 2089 0 0 10 2089 17 386 2089 0 53 0 0 11 0 111 2089 0 0 0 2089 2089 8 0 54 2089 0 0 0 2089 0 0 0 9 1894 0 0 2089 0 2089 0 2089
0 1251 0 2089 2089 95 0 58 0 0 2089 0 0 0 2089 1600 106 736 0 2089 2089 1912 0 342 66 0 0 495 2089 2089 50 2089 1211 0 2089 2089 2089 0 0 0 2089 189 0 2089 2089 2089 0 2089 2089 2089 87 137 2089 2089 0 2089 0 2089 0
472 1251 17 1600 1600 95 0 58 272 472 1600 472 472 472 1600 2089 578 340 472 1600 1600 1610 472 232 363 472 0 495 1600 1600 50 1600 821 472 1600 1600 1600 472 472 8 1600 189 472 1600 1600 1600 472 1600 1600 1600 87 609 1600 1600 472 1600 472 1600 472
807 107 287 106 106 243 35 73 447 576 106 807 807 807 106 578 2089 23 807 106 106 116 807 40 297 807 165 298 106 106 18 106 163 807 106 106 106 807 807 8 106 109 807 106 106 106 807 106 106 106 0 807 106 106 807 106 807 106 807
23 62 468 736 736 140 2 11 0 121 736 23 23 23 736 340 23 2089 23 736 736 559 23 434 65 23 253 136 736 736 131 736 443 23 736 736 736 23 23 389 736 408 23 736 736 736 23 736 736 736 68 35 736 736 23 736 23 736 23
2089 0 0 0 0 23 0 76 627 576 0 2089 2089 2089 0 472 807 23 2089 0 0 10 2089 17 386 2089 0 53 0 0 11 0 111 2089 0 0 0 2089 2089 8 0 54 2089 0 0 0 2089 0 0 0 9 1894 0 0 2089 0 2089 0 2089
0 1251 0 2089 2089 95 0 58 0 0 2089 0 0 0 2089 1600 106 736 0 2089 2089 1912 0 342 66 0 0 495 2089 2089 50 2089 1211 0 2089 2089 2089 0 0 0 2089 189 0 2089 2089 2089 0 2089 2089 2089 87 137 2089 2089 0 2089 0 2089 0
0 1251 0 2089 2089 95 0 58 0 0 2089 0 0 0 2089 1600 106 736 0 2089 2089 1912 0 342 66 0 0 495 2089 2089 50 2089 1211 0 2089 2089 2089 0 0 0 2089 189 0 2089 2089 2089 0 2089 2089 2089 87 137 2089 2089 0 2089 0 2089 0
10 1271 9 1912 1912 97 18 78 23 10 1912 10 10 10 1912 1610 116 559 10 1912 1912 2089 10 301 76 10 3 505 1912 1912 70 1912 1034 10 1912 1912 1912 10 10 20 1912 189 10 1912 1912 1912 10 1912 1912 1912 100 147 1912 1912 10 1912 10 1912 10
2089 0 0 0 0 23 0 76 627 576 0 2089 2089 2089 0 472 807 23 2089 0 0 10 2089 17 386 2089 0 53 0 0 11 0 111 2089 0 0 0 2089 2089 8 0 54 2089 0 0 0 2089 0 0 0 9 1894 0 0 2089 0 2089 0 2089
17 246 481 342 342 137 130 48 139 96 342 17 17 17 342 232 40 434 17 342 342 301 17 2089 223 17 23 88 342 342 81 342 447 17 342 342 342 17 17 250 342 19 17 342 342 342 17 342 342 342 178 29 342 342 17 342 17 342 17
386 73 7 66 66 370 28 66 162 502 66 386 386 386 66 363 297 65 386 66 66 76 386 223 2089 386 207 47 66 66 125 66 66 386 66 66 66 386 386 76 66 291 386 66 66 66 386 66 66 66 123 368 66 66 386 66 386 66 386
2089 0 0 0 0 23 0 76 627 576 0 2089 2089 2089 0 472 807 23 2089 0 0 10 2089 17 386 2089 0 53 0 0 11 0 111 2089 0 0 0 2089 2089 8 0 54 2089 0 0 0 2089 0 0 0 9 1894 0 0 2089 0 2089 0 2089
0 0 0 0 0 0 35 41 0 0 0 0 0 0 0 0 165 253 0 0 0 3 0 23 207 0 2089 2 0 0 0 0 6 0 0 0 0 0 0 0 0 0 0 0 0 0 0 0 0 0 0 0 0 0 0 0 0 0 0
53 474 514 495 495 198 132 199 48 4 495 53 53 53 495 495 298 136 53 495 495 505 53 88 47 53 2 2089 495 495 29 495 294 53 495 495 495 53 53 93 495 176 53 495 495 495 53 495 495 495 113 97 495 495 53 495 53 495 53
0 1251 0 2089 2089 95 0 58 0 0 2089 0 0 0 2089 1600 106 736 0 2089 2089 1912 0 342 66 0 0 495 2089 2089 50 2089 1211 0 2089 2089 2089 0 0 0 2089 189 0 2089 2089 2089 0 2089 2089 2089 87 137 2089 2089 0 2089 0 2089 0
0 1251 0 2089 2089 95 0 58 0 0 2089 0 0 0 2089 1600 106 736 0 2089 2089 1912 0 342 66 0 0 495 2089 2089 50 2089 1211 0 2089 2089 2089 0 0 0 2089 189 0 2089 2089 2089 0 2089 2089 2089 87 137 2089 2089 0 2089 0 2089 0
11 418 78 50 50 46 84 23 0 378 50 11 11 11 50 50 18 131 11 50 50 70 11 81 125 11 0 29 50 50 2089 50 72 11 50 50 50 11 11 284 50 149 11 50 50 50 11 50 50 50 78 49 50 50 11 50 11 50 11
0 1251 0 2089 2089 95 0 58 0 0 2089 0 0 0 2089 1600 106 736 0 2089 2089 1912 0 342 66 0 0 495 2089 2089 50 2089 1211 0 2089 2089 2089 0 0 0 2089 189 0 2089 2089 2089 0 2089 2089 2089 87 137 2089 2089 0 2089 0 2089 0
111 890 70 1211 1211 88 60 197 181 87 1211 111 111 111 1211 821 163 443 111 1211 1211 1034 111 447 66 111 6 294 1211 1211 72 1211 2089 111 1211 1211 1211 111 111 3 1211 6 111 1211 1211 1211 111 1211 1211 1211 233 248 1211 1211 111 1211 111 1211 111
2089 0 0 0 0 23 0 76 627 576 0 2089 2089 2089 0 472 807 23 2089 0 0 10 2089 17 386 2089 0 53 0 0 11 0 111 2089 0 0 0 2089 2089 8 0 54 2089 0 0 0 2089 0 0 0 9 1894 0 0 2089 0 2089 0 2089
0 1251 0 2089 2089 95 0 58 0 0 2089 0 0 0 2089 1600 106 736 0 2089 2089 1912 0 342 66 0 0 495 2089 2089 50 2089 1211 0 2089 2089 2089 0 0 0 2089 189 0 2089 2089 2089 0 2089 2089 2089 87 137 2089 2089 0 2089 0 2089 0
0 1251 0 2089 2089 95 0 58 0 0 2089 0 0 0 2089 1600 106 736 0 2089 2089 1912 0 342 66 0 0 495 2089 2089 50 2089 1211 0 2089 2089 2089 0 0 0 2089 189 0 2089 2089 2089 0 2089 2089 2089 87 137 2089 2089 0 2089 0 2089 0
0 1251 0 2089 2089 95 0 58 0 0 2089 0 0 0 2089 1600 106 736 0 2089 2089 1912 0 342 66 0 0 495 2089 2089 50 2089 1211 0 2089 2089 2089 0 0 0 2089 189 0 2089 2089 2089 0 2089 2089 2089 87 137 2089 2089 0 2089 0 2089 0
2089 0 0 0 0 23 0 76 627 576 0 2089 2089 2089 0 472 807 23 2089 0 0 10 2089 17 386 2089 0 53 0 0 11 0 111 2089 0 0 0 2089 2089 8 0 54 2089 0 0 0 2089 0 0 0 9 1894 0 0 2089 0 2089 0 2089
2089 0 0 0 0 23 0 76 627 576 0 2089 2089 2089 0 472 807 23 2089 0 0 10 2089 17 386 2089 0 53 0 0 11 0 111 2089 0 0 0 2089 2089 8 0 54 2089 0 0 0 2089 0 0 0 9 1894 0 0 2089 0 2089 0 2089
8 209 102 0 0 8 18 186 1 27 0 8 8 8 0 8 8 389 8 0 0 20 8 250 76 8 0 93 0 0 284 0 3 8 0 0 0 8 8 2089 0 300 8 0 0 0 8 0 0 0 209 8 0 0 8 0 8 0 8
0 1251 0 2089 2089 95 0 58 0 0 2089 0 0 0 2089 1600 106 736 0 2089 2089 1912 0 342 66 0 0 495 2089 2089 50 2089 1211 0 2089 2089 2089 0 0 0 2089 189 0 2089 2089 2089 0 2089 2089 2089 87 137 2089 2089 0 2089 0 2089 0
54 27 229 189 189 521 11 8 18 149 189 54 54 54 189 189 109 408 54 189 189 189 54 19 291 54 0 176 189 189 149 189 6 54 189 189 189 54 54 300 189 2089 54 189 189 189 54 189 189 189 217 54 189 189 54 189 54 189 54
2089 0 0 0 0 23 0 76 627 576 0 2089 2089 2089 0 472 807 23 2089 0 0 10 2089 17 386 2089 0 53 0 0 11 0 111 2089 0 0 0 2089 2089 8 0 54 2089 0 0 0 2089 0 0 0 9 1894 0 0 2089 0 2089 0 2089
0 1251 0 2089 2089 95 0 58 0 0 2089 0 0 0 2089 1600 106 736 0 2089 2089 1912 0 342 66 0 0 495 2089 2089 50 2089 1211 0 2089 2089 2089 0 0 0 2089 189 0 2089 2089 2089 0 2089 2089 2089 87 137 2089 2089 0 2089 0 2089 0
0 1251 0 2089 2089 95 0 58 0 0 2089 0 0 0 2089 1600 106 736 0 2089 2089 1912 0 342 66 0 0 495 2089 2089 50 2089 1211 0 2089 2089 2089 0 0 0 2089 189 0 2089 2089 2089 0 2089 2089 2089 87 137 2089 2089 0 2089 0 2089 0
0 1251 0 2089 2089 95 0 58 0 0 2089 0 0 0 2089 1600 106 736 0 2089 2089 1912 0 342 66 0 0 495 2089 2089 50 2089 1211 0 2089 2089 2089 0 0 0 2089 189 0 2089 2089 2089 0 2089 2089 2089 87 137 2089 2089 0 2089 0 2089 0
2089 0 0 0 0 23 0 76 627 576 0 2089 2089 2089 0 472 807 23 2089 0 0 10 2089 17 386 2089 0 53 0 0 11 0 111 2089 0 0 0 2089 2089 8 0 54 2089 0 0 0 2089 0 0 0 9 1894 0 0 2089 0 2089 0 2089
0 1251 0 2089 2089 95 0 58 0 0 2089 0 0 0 2089 1600 106 736 0 2089 2089 1912 0 342 66 0 0 495 2089 2089 50 2089 1211 0 2089 2089 2089 0 0 0 2089 189 0 2089 2089 2089 0 2089 2089 2089 87 137 2089 2089 0 2089 0 2089 0
0 1251 0 2089 2089 95 0 58 0 0 2089 0 0 0 2089 1600 106 736 0 2089 2089 1912 0 342 66 0 0 495 2089 2089 50 2089 1211 0 2089 2089 2089 0 0 0 2089 189 0 2089 2089 2089 0 2089 2089 2089 87 137 2089 2089 0 2089 0 2089 0
0 1251 0 2089 2089 95 0 58 0 0 2089 0 0 0 2089 1600 106 736 0 2089 2089 1912 0 342 66 0 0 495 2089 2089 50 2089 1211 0 2089 2089 2089 0 0 0 2089 189 0 2089 2089 2089 0 2089 2089 2089 87 137 2089 2089 0 2089 0 2089 0
9 115 44 87 87 81 173 47 348 69 87 9 9 9 87 87 0 68 9 87 87 100 9 178 123 9 0 113 87 87 78 87 233 9 87 87 87 9 9 209 87 217 9 87 87 87 9 87 87 87 2089 9 87 87 9 87 9 87 9
1894 137 12 137 137 57 0 76 627 576 137 1894 1894 1894 137 609 807 35 1894 137 137 147 1894 29 368 1894 0 97 137 137 49 137 248 1894 137 137 137 1894 1894 8 137 54 1894 137 137 137 1894 137 137 137 9 2089 137 137 1894 137 1894 137 1894
0 1251 0 2089 2089 95 0 58 0 0 2089 0 0 0 2089 1600 106 736 0 2089 2089 1912 0 342 66 0 0 495 2089 2089 50 2089 1211 0 2089 2089 2089 0 0 0 2089 189 0 2089 2089 2089 0 2089 2089 2089 87 137 2089 2089 0 2089 0 2089 0
0 1251 0 2089 2089 95 0 58 0 0 2089 0 0 0 2089 1600 106 736 0 2089 2089 1912 0 342 66 0 0 495 2089 2089 50 2089 1211 0 2089 2089 2089 0 0 0 2089 189 0 2089 2089 2089 0 2089 2089 2089 87 137 2089 2089 0 2089 0 2089 0
2089 0 0 0 0 23 0 76 627 576 0 2089 2089 2089 0 472 807 23 2089 0 0 10 2089 17 386 2089 0 53 0 0 11 0 111 2089 0 0 0 2089 2089 8 0 54 2089 0 0 0 2089 0 0 0 9 1894 0 0 2089 0 2089 0 2089
0 1251 0 2089 2089 95 0 58 0 0 2089 0 0 0 2089 1600 106 736 0 2089 2089 1912 0 342 66 0 0 495 2089 2089 50 2089 1211 0 2089 2089 2089 0 0 0 2089 189 0 2089 2089 2089 0 2089 2089 2089 87 137 2089 2089 0 2089 0 2089 0
2089 0 0 0 0 23 0 76 627 576 0 2089 2089 2089 0 472 807 23 2089 0 0 10 2089 17 386 2089 0 53 0 0 11 0 111 2089 0 0 0 2089 2089 8 0 54 2089 0 0 0 2089 0 0 0 9 1894 0 0 2089 0 2089 0 2089
0 1251 0 2089 2089 95 0 58 0 0 2089 0 0 0 2089 1600 106 736 0 2089 2089 1912 0 342 66 0 0 495 2089 2089 50 2089 1211 0 2089 2089 2089 0 0 0 2089 189 0 2089 2089 2089 0 2089 2089 2089 87 137 2089 2089 0 2089 0 2089 0
2089 0 0 0 0 23 0 76 627 576 0 2089 2089 2089 0 472 807 23 2089 0 0 10 2089 17 386 2089 0 53 0 0 11 0 111 2089 0 0 0 2089 2089 8 0 54 2089 0 0 0 2089 0 0 0 9 1894 0 0 2089 0 2089 0 2089
