1114 562 0 1005 18 0 991 510 4 0 907 79 0 0 0 1038 495 1005 52 0 827 1005 219 1005 717 1005 0 768 1005 1005 440 652 862 0 1005 999 1005 0 0 67 819 1005 1005 339 1005 179 1005 1005 275 0 16 10 502 0 0 9 1005 1005 7
562 1114 460 654 0 460 640 60 0 460 556 84 460 460 460 538 121 654 17 460 660 654 112 654 654 654 460 295 654 654 10 242 654 460 654 654 654 460 460 0 840 654 654 387 654 124 654 654 349 460 262 0 274 460 0 316 654 654 460
0 460 1114 0 0 1114 0 0 0 1114 39 231 1114 1114 1114 0 0 0 0 1114 6 0 0 0 0 0 1114 109 0 0 283 0 0 1114 0 0 0 1114 1114 0 186 0 0 0 0 0 0 0 0 1114 916 0 0 1114 457 970 0 0 790
1005 654 0 1114 8 0 1100 520 0 0 1016 72 0 0 0 998 506 1114 17 0 936 1114 168 1114 826 1114 0 755 1114 1114 457 694 971 0 1114 1108 1114 0 0 16 928 1114 1114 431 1114 124 1114 1114 367 0 16 0 611 0 0 9 1114 1114 0
18 0 0 8 1114 0 12 430 0 0 8 26 0 0 0 27 15 8 16 0 11 8 90 8 99 8 0 14 8 8 223 66 43 0 8 2 8 0 0 353 0 8 8 12 8 39 8 8 5 0 17 1039 58 0 147 46 8 8 324
0 460 1114 0 0 1114 0 0 0 1114 39 231 1114 1114 1114 0 0 0 0 1114 6 0 0 0 0 0 1114 109 0 0 283 0 0 1114 0 0 0 1114 1114 0 186 0 0 0 0 0 0 0 0 1114 916 0 0 1114 457 970 0 0 790
991 640 0 1100 12 0 1114 524 0 0 1002 74 0 0 0 984 510 1100 19 0 922 1100 172 1100 812 1100 0 757 1100 1100 459 680 957 0 1100 1094 1100 0 0 18 914 1100 1100 417 1100 124 1100 1100 353 0 16 4 613 0 0 9 1100 1100 2
510 60 0 520 430 0 524 1114 0 0 520 100 0 0 0 539 389 520 11 0 342 520 107 520 232 520 0 526 520 520 451 546 377 0 520 514 520 0 0 72 334 520 520 173 520 39 520 520 147 0 16 422 466 0 128 9 520 520 324
4 0 0 0 0 0 0 0 1114 0 0 0 0 0 0 0 0 0 101 0 0 0 0 0 0 0 0 0 0 0 0 0 0 0 0 0 0 0 0 0 0 0 0 0 0 0 0 0 0 0 0 0 0 0 0 0 0 0 0
0 460 1114 0 0 1114 0 0 0 1114 39 231 1114 1114 1114 0 0 0 0 1114 6 0 0 0 0 0 1114 109 0 0 283 0 0 1114 0 0 0 1114 1114 0 186 0 0 0 0 0 0 0 0 1114 916 0 0 1114 457 970 0 0 790
907 556 39 1016 8 39 1002 520 0 39 1114 58 39 39 39 915 444 1016 27 39 838 1016 201 1016 728 1016 39 755 1016 1016 496 655 873 39 1016 1010 1016 39 39 49 830 1016 1016 333 1016 57 1016 1016 269 39 55 0 513 39 39 48 1016 1016 0
79 84 231 72 26 231 74 100 0 231 58 1114 231 231 231 72 25 72 563 231 186 72 265 72 78 72 231 152 72 72 298 83 85 231 72 75 72 231 231 71 72 72 72 226 72 6 72 72 271 231 261 24 216 231 309 240 72 72 23
0 460 1114 0 0 1114 0 0 0 1114 39 231 1114 1114 1114 0 0 0 0 1114 6 0 0 0 0 0 1114 109 0 0 283 0 0 1114 0 0 0 1114 1114 0 186 0 0 0 0 0 0 0 0 1114 916 0 0 1114 457 970 0 0 790
0 460 1114 0 0 1114 0 0 0 1114 39 231 1114 1114 1114 0 0 0 0 1114 6 0 0 0 0 0 1114 109 0 0 283 0 0 1114 0 0 0 1114 1114 0 186 0 0 0 0 0 0 0 0 1114 916 0 0 1114 457 970 0 0 790
0 460 1114 0 0 1114 0 0 0 1114 39 231 1114 1114 1114 0 0 0 0 1114 6 0 0 0 0 0 1114 109 0 0 283 0 0 1114 0 0 0 1114 1114 0 186 0 0 0 0 0 0 0 0 1114 916 0 0 1114 457 970 0 0 790
1038 538 0 998 27 0 984 539 0 0 915 72 0 0 0 1114 494 998 32 0 820 998 243 998 710 998 0 780 998 998 457 660 855 0 998 992 998 0 0 91 812 998 998 315 998 185 998 998 251 0 16 19 495 0 0 9 998 998 19
495 121 0 506 15 0 510 389 0 0 444 25 0 0 0 494 1114 506 75 0 403 506 148 506 275 506 0 470 506 506 401 430 363 0 506 500 506 0 0 70 320 506 506 199 506 105 506 506 134 0 16 7 407 0 28 9 506 506 2
1005 654 0 1114 8 0 1100 520 0 0 1016 72 0 0 0 998 506 1114 17 0 936 1114 168 1114 826 1114 0 755 1114 1114 457 694 971 0 1114 1108 1114 0 0 16 928 1114 1114 431 1114 124 1114 1114 367 0 16 0 611 0 0 9 1114 1114 0
52 17 0 17 16 0 19 11 101 0 27 563 0 0 0 32 75 17 1114 0 131 17 235 17 23 17 0 149 17 17 127 16 30 0 17 20 17 0 0 189 17 17 17 92 17 26 17 17 135 0 30 14 180 0 2 9 17 17 9
0 460 1114 0 0 1114 0 0 0 1114 39 231 1114 1114 1114 0 0 0 0 1114 6 0 0 0 0 0 1114 109 0 0 283 0 0 1114 0 0 0 1114 1114 0 186 0 0 0 0 0 0 0 0 1114 916 0 0 1114 457 970 0 0 790
827 660 6 936 11 6 922 342 0 6 838 186 6 6 6 820 403 936 131 6 1114 936 247 936 823 936 6 577 936 936 279 516 825 6 936 930 936 6 6 35 825 936 936 431 936 124 936 936 394 6 48 3 458 6 4 8 936 936 6
1005 654 0 1114 8 0 1100 520 0 0 1016 72 0 0 0 998 506 1114 17 0 936 1114 168 1114 826 1114 0 755 1114 1114 457 694 971 0 1114 1108 1114 0 0 16 928 1114 1114 431 1114 124 1114 1114 367 0 16 0 611 0 0 9 1114 1114 0
219 112 0 168 90 0 172 107 0 0 201 265 0 0 0 243 148 168 235 0 247 168 1114 168 146 168 0 261 168 168 106 121 245 0 168 171 168 0 0 463 153 168 168 161 168 41 168 168 256 0 95 66 83 0 173 76 168 168 10
1005 654 0 1114 8 0 1100 520 0 0 1016 72 0 0 0 998 506 1114 17 0 936 1114 168 1114 826 1114 0 755 1114 1114 457 694 971 0 1114 1108 1114 0 0 16 928 1114 1114 431 1114 124 1114 1114 367 0 16 0 611 0 0 9 1114 1114 0
717 654 0 826 99 0 812 232 0 0 728 78 0 0 0 710 275 826 23 0 823 826 146 826 1114 826 0 467 826 826 169 406 827 0 826 827 826 0 0 3 826 826 826 392 826 124 826 826 349 0 2 174 347 0 175 4 826 826 0
1005 654 0 1114 8 0 1100 520 0 0 1016 72 0 0 0 998 506 1114 17 0 936 1114 168 1114 826 1114 0 755 1114 1114 457 694 971 0 1114 1108 1114 0 0 16 928 1114 1114 431 1114 124 1114 1114 367 0 16 0 611 0 0 9 1114 1114 0
0 460 1114 0 0 1114 0 0 0 1114 39 231 1114 1114 1114 0 0 0 0 1114 6 0 0 0 0 0 1114 109 0 0 283 0 0 1114 0 0 0 1114 1114 0 186 0 0 0 0 0 0 0 0 1114 916 0 0 1114 457 970 0 0 790
768 295 109 755 14 109 757 526 0 109 755 152 109 109 109 780 470 755 149 109 577 755 261 755 467 755 109 1114 755 755 627 456 612 109 755 749 755 109 109 192 569 755 755 72 755 13 755 755 30 109 125 6 423 109 109 118 755 755 4
1005 654 0 1114 8 0 1100 520 0 0 1016 72 0 0 0 998 506 1114 17 0 936 1114 168 1114 826 1114 0 755 1114 1114 457 694 971 0 1114 1108 1114 0 0 16 928 1114 1114 431 1114 124 1114 1114 367 0 16 0 611 0 0 9 1114 1114 0
1005 654 0 1114 8 0 1100 520 0 0 1016 72 0 0 0 998 506 1114 17 0 936 1114 168 1114 826 1114 0 755 1114 1114 457 694 971 0 1114 1108 1114 0 0 16 928 1114 1114 431 1114 124 1114 1114 367 0 16 0 611 0 0 9 1114 1114 0
440 10 283 457 223 283 459 451 0 283 496 298 283 283 283 457 401 457 127 283 279 457 106 457 169 457 283 627 457 457 1114 459 314 283 457 451 457 283 283 289 271 457 457 64 457 0 457 457 82 283 299 215 456 283 284 292 457 457 1
652 242 0 694 66 0 680 546 0 0 655 83 0 0 0 660 430 694 16 0 516 694 121 694 406 694 0 456 694 694 459 1114 551 0 694 688 694 0 0 73 508 694 694 349 694 77 694 694 303 0 16 58 527 0 67 9 694 694 41
862 654 0 971 43 0 957 377 0 0 873 85 0 0 0 855 363 971 30 0 825 971 245 971 827 971 0 612 971 971 314 551 1114 0 971 971 971 0 0 125 928 971 971 393 971 124 971 971 367 0 59 1 468 0 1 113 971 971 0
0 460 1114 0 0 1114 0 0 0 1114 39 231 1114 1114 1114 0 0 0 0 1114 6 0 0 0 0 0 1114 109 0 0 283 0 0 1114 0 0 0 1114 1114 0 186 0 0 0 0 0 0 0 0 1114 916 0 0 1114 457 970 0 0 790
1005 654 0 1114 8 0 1100 520 0 0 1016 72 0 0 0 998 506 1114 17 0 936 1114 168 1114 826 1114 0 755 1114 1114 457 694 971 0 1114 1108 1114 0 0 16 928 1114 1114 431 1114 124 1114 1114 367 0 16 0 611 0 0 9 1114 1114 0
999 654 0 1108 2 0 1094 514 0 0 1010 75 0 0 0 992 500 1108 20 0 930 1108 171 1108 827 1108 0 749 1108 1108 451 688 971 0 1108 1114 1108 0 0 16 928 1108 1108 425 1108 124 1108 1108 367 0 10 1 605 0 1 9 1108 1108 0
1005 654 0 1114 8 0 1100 520 0 0 1016 72 0 0 0 998 506 1114 17 0 936 1114 168 1114 826 1114 0 755 1114 1114 457 694 971 0 1114 1108 1114 0 0 16 928 1114 1114 431 1114 124 1114 1114 367 0 16 0 611 0 0 9 1114 1114 0
0 460 1114 0 0 1114 0 0 0 1114 39 231 1114 1114 1114 0 0 0 0 1114 6 0 0 0 0 0 1114 109 0 0 283 0 0 1114 0 0 0 1114 1114 0 186 0 0 0 0 0 0 0 0 1114 916 0 0 1114 457 970 0 0 790
0 460 1114 0 0 1114 0 0 0 1114 39 231 1114 1114 1114 0 0 0 0 1114 6 0 0 0 0 0 1114 109 0 0 283 0 0 1114 0 0 0 1114 1114 0 186 0 0 0 0 0 0 0 0 1114 916 0 0 1114 457 970 0 0 790
67 0 0 16 353 0 18 72 0 0 49 71 0 0 0 91 70 16 189 0 35 16 463 16 3 16 0 192 16 16 289 73 125 0 16 16 16 0 0 1114 13 16 16 11 16 42 16 16 28 0 122 311 96 0 29 106 16 16 0
819 840 186 928 0 186 914 334 0 186 830 72 186 186 186 812 320 928 17 186 825 928 153 928 826 928 186 569 928 928 271 508 928 186 928 928 928 186 186 13 1114 928 928 387 928 124 928 928 367 186 1 0 425 186 0 42 928 928 186
1005 654 0 1114 8 0 1100 520 0 0 1016 72 0 0 0 998 506 1114 17 0 936 1114 168 1114 826 1114 0 755 1114 1114 457 694 971 0 1114 1108 1114 0 0 16 928 1114 1114 431 1114 124 1114 1114 367 0 16 0 611 0 0 9 1114 1114 0
1005 654 0 1114 8 0 1100 520 0 0 1016 72 0 0 0 998 506 1114 17 0 936 1114 168 1114 826 1114 0 755 1114 1114 457 694 971 0 1114 1108 1114 0 0 16 928 1114 1114 431 1114 124 1114 1114 367 0 16 0 611 0 0 9 1114 1114 0
339 387 0 431 12 0 417 173 0 0 333 226 0 0 0 315 199 431 92 0 431 431 161 431 392 431 0 72 431 431 64 349 393 0 431 425 431 0 0 11 387 431 431 1114 431 124 431 431 700 0 26 5 537 0 320 6 431 431 0
1005 654 0 1114 8 0 1100 520 0 0 1016 72 0 0 0 998 506 1114 17 0 936 1114 168 1114 826 1114 0 755 1114 1114 457 694 971 0 1114 1108 1114 0 0 16 928 1114 1114 431 1114 124 1114 1114 367 0 16 0 611 0 0 9 1114 1114 0
179 124 0 124 39 0 124 39 0 0 57 6 0 0 0 185 105 124 26 0 124 124 41 124 124 124 0 13 124 124 0 77 124 0 124 124 124 0 0 42 124 124 124 124 124 1114 124 124 124 0 0 39 124 0 0 0 124 124 39
1005 654 0 1114 8 0 1100 520 0 0 1016 72 0 0 0 998 506 1114 17 0 936 1114 168 1114 826 1114 0 755 1114 1114 457 694 971 0 1114 1108 1114 0 0 16 928 1114 1114 431 1114 124 1114 1114 367 0 16 0 611 0 0 9 1114 1114 0
1005 654 0 1114 8 0 1100 520 0 0 1016 72 0 0 0 998 506 1114 17 0 936 1114 168 1114 826 1114 0 755 1114 1114 457 694 971 0 1114 1108 1114 0 0 16 928 1114 1114 431 1114 124 1114 1114 367 0 16 0 611 0 0 9 1114 1114 0
275 349 0 367 5 0 353 147 0 0 269 271 0 0 0 251 134 367 135 0 394 367 256 367 349 367 0 30 367 367 82 303 367 0 367 367 367 0 0 28 367 367 367 700 367 124 367 367 1114 0 0 5 555 0 355 0 367 367 0
0 460 1114 0 0 1114 0 0 0 1114 39 231 1114 1114 1114 0 0 0 0 1114 6 0 0 0 0 0 1114 109 0 0 283 0 0 1114 0 0 0 1114 1114 0 186 0 0 0 0 0 0 0 0 1114 916 0 0 1114 457 970 0 0 790
16 262 916 16 17 916 16 16 0 916 55 261 916 916 916 16 16 16 30 916 48 16 95 16 2 16 916 125 16 16 299 16 59 916 16 10 16 916 916 122 1 16 16 26 16 0 16 16 0 916 1114 7 16 916 464 971 16 16 592
10 0 0 0 1039 0 4 422 0 0 0 24 0 0 0 19 7 0 14 0 3 0 66 0 174 0 0 6 0 0 215 58 1 0 0 1 0 0 0 311 0 0 0 5 0 39 0 0 5 0 7 1114 50 0 222 4 0 0 324
502 274 0 611 58 0 613 466 0 0 513 216 0 0 0 495 407 611 180 0 458 611 83 611 347 611 0 423 611 611 456 527 468 0 611 605 611 0 0 96 425 611 611 537 611 124 611 611 555 0 16 50 1114 0 151 9 611 611 1
0 460 1114 0 0 1114 0 0 0 1114 39 231 1114 1114 1114 0 0 0 0 1114 6 0 0 0 0 0 1114 109 0 0 283 0 0 1114 0 0 0 1114 1114 0 186 0 0 0 0 0 0 0 0 1114 916 0 0 1114 457 970 0 0 790
0 0 457 0 147 457 0 128 0 457 39 309 457 457 457 0 28 0 2 457 4 0 173 0 175 0 457 109 0 0 284 67 1 457 0 1 0 457 457 29 0 0 0 320 0 0 0 0 355 457 464 222 151 457 1114 461 0 0 133
9 316 970 9 46 970 9 9 0 970 48 240 970 970 970 9 9 9 9 970 8 9 76 9 4 9 970 118 9 9 292 9 113 970 9 9 9 970 970 106 42 9 9 6 9 0 9 9 0 970 971 4 9 970 461 1114 9 9 646
1005 654 0 1114 8 0 1100 520 0 0 1016 72 0 0 0 998 506 1114 17 0 936 1114 168 1114 826 1114 0 755 1114 1114 457 694 971 0 1114 1108 1114 0 0 16 928 1114 1114 431 1114 124 1114 1114 367 0 16 0 611 0 0 9 1114 1114 0
1005 654 0 1114 8 0 1100 520 0 0 1016 72 0 0 0 998 506 1114 17 0 936 1114 168 1114 826 1114 0 755 1114 1114 457 694 971 0 1114 1108 1114 0 0 16 928 1114 1114 431 1114 124 1114 1114 367 0 16 0 611 0 0 9 1114 1114 0
7 460 790 0 324 790 2 324 0 790 0 23 790 790 790 19 2 0 9 790 6 0 10 0 0 0 790 4 0 0 1 41 0 790 0 0 0 790 790 0 186 0 0 0 0 39 0 0 0 790 592 324 1 790 133 646 0 0 1114
