2175 1952 0 190 1952 223 122 1952 0 223 223 1952 9 0 223 1952 0 0 1166 0 1952 882 987 429 1952 15 223 1447 1809 0 223 223 1952 1952 223 223 223 1952 1952 1952 1952 1952 1001 17 223 1472 1952 1952 223 1075 223 435 811 223 1952 417 1952 1337 223
1952 2175 0 0 2175 0 145 2175 0 0 0 2175 0 0 0 2175 0 0 1287 0 2175 1105 764 206 2175 208 0 1670 2032 0 0 0 2175 2175 0 0 0 2175 2175 2175 2175 2175 778 240 0 1695 2175 2175 0 1298 0 435 1034 0 2175 194 2175 1560 0
0 0 2175 121 0 0 29 0 0 0 0 0 0 0 0 0 0 0 311 121 0 484 0 247 0 0 0 103 0 0 0 0 0 0 0 0 0 0 0 0 0 0 128 0 0 0 0 0 0 0 0 738 0 0 0 386 0 59 0
190 0 121 2175 0 190 340 0 3 190 191 0 60 284 190 0 0 0 14 1239 0 0 190 190 0 0 190 101 0 0 190 190 0 0 190 190 190 0 0 0 0 0 190 43 190 0 0 0 190 0 190 207 0 190 0 218 0 0 190
1952 2175 0 0 2175 0 145 2175 0 0 0 2175 0 0 0 2175 0 0 1287 0 2175 1105 764 206 2175 208 0 1670 2032 0 0 0 2175 2175 0 0 0 2175 2175 2175 2175 2175 778 240 0 1695 2175 2175 0 1298 0 435 1034 0 2175 194 2175 1560 0
223 0 0 190 0 2175 1 0 0 2175 952 0 1901 1490 2175 0 0 0 46 0 0 0 973 1211 0 1899 2175 34 143 0 2175 2175 0 0 2175 2175 2175 0 0 0 0 0 799 1892 2175 465 0 0 2175 15 2175 53 1003 2175 0 1342 0 501 2175
122 145 29 340 145 1 2175 145 2 1 1169 145 1 0 1 145 0 49 45 0 145 145 7 1 145 14 1 165 145 44 1 1 145 145 1 1 1 145 145 145 145 145 1 41 1 145 145 145 1 145 1 68 145 1 145 24 145 31 1
1952 2175 0 0 2175 0 145 2175 0 0 0 2175 0 0 0 2175 0 0 1287 0 2175 1105 764 206 2175 208 0 1670 2032 0 0 0 2175 2175 0 0 0 2175 2175 2175 2175 2175 778 240 0 1695 2175 2175 0 1298 0 435 1034 0 2175 194 2175 1560 0
0 0 0 3 0 0 2 0 2175 0 15 0 0 0 0 0 0 0 0 0 0 0 2 0 0 4 0 9 0 0 0 0 0 0 0 0 0 0 0 0 0 0 0 0 0 0 0 0 0 0 0 13 0 0 0 12 0 0 0
223 0 0 190 0 2175 1 0 0 2175 952 0 1901 1490 2175 0 0 0 46 0 0 0 973 1211 0 1899 2175 34 143 0 2175 2175 0 0 2175 2175 2175 0 0 0 0 0 799 1892 2175 465 0 0 2175 15 2175 53 1003 2175 0 1342 0 501 2175
223 0 0 191 0 952 1169 0 15 952 2175 0 678 267 952 0 0 0 46 0 0 0 935 952 0 676 952 98 0 0 952 952 0 0 952 952 952 0 0 0 0 0 536 669 952 0 0 0 952 0 952 25 22 952 0 975 0 501 952
1952 2175 0 0 2175 0 145 2175 0 0 0 2175 0 0 0 2175 0 0 1287 0 2175 1105 764 206 2175 208 0 1670 2032 0 0 0 2175 2175 0 0 0 2175 2175 2175 2175 2175 778 240 0 1695 2175 2175 0 1298 0 435 1034 0 2175 194 2175 1560 0
9 0 0 60 0 1901 1 0 0 1901 678 0 2175 1735 1901 0 0 0 32 0 0 0 699 937 0 1833 1901 16 143 0 1901 1901 0 0 1901 1901 1901 0 0 0 0 0 525 1832 1901 465 0 0 1901 15 1901 53 1003 1901 0 1068 0 441 1901
0 0 0 284 0 1490 0 0 0 1490 267 0 1735 2175 1490 0 0 0 0 0 0 0 288 526 0 1490 1490 5 143 0 1490 1490 0 0 1490 1490 1490 0 0 0 0 0 273 1490 1490 465 0 0 1490 15 1490 53 1003 1490 0 657 0 56 1490
223 0 0 190 0 2175 1 0 0 2175 952 0 1901 1490 2175 0 0 0 46 0 0 0 973 1211 0 1899 2175 34 143 0 2175 2175 0 0 2175 2175 2175 0 0 0 0 0 799 1892 2175 465 0 0 2175 15 2175 53 1003 2175 0 1342 0 501 2175
1952 2175 0 0 2175 0 145 2175 0 0 0 2175 0 0 0 2175 0 0 1287 0 2175 1105 764 206 2175 208 0 1670 2032 0 0 0 2175 2175 0 0 0 2175 2175 2175 2175 2175 778 240 0 1695 2175 2175 0 1298 0 435 1034 0 2175 194 2175 1560 0
0 0 0 0 0 0 0 0 0 0 0 0 0 0 0 0 2175 0 1 0 0 20 113 16 0 0 0 4 0 0 0 0 0 0 0 0 0 0 0 0 0 0 0 0 0 0 0 0 0 0 0 41 0 0 0 145 0 1 0
0 0 0 0 0 0 49 0 0 0 0 0 0 0 0 0 0 2175 220 0 0 31 22 81 0 0 0 24 0 0 0 0 0 0 0 0 0 0 0 0 0 0 109 0 0 0 0 0 0 0 0 229 0 0 0 8 0 12 0
1166 1287 311 14 1287 46 45 1287 0 46 46 1287 32 0 46 1287 1 220 2175 0 1287 534 593 202 1287 164 46 1040 1144 136 46 46 1287 1287 46 46 46 1287 1287 1287 1287 1287 545 149 46 1026 1287 1287 46 629 46 470 460 46 1287 260 1287 1070 46
0 0 121 1239 0 0 0 0 0 0 0 0 0 0 0 0 0 0 0 2175 0 0 0 0 0 44 0 101 0 0 0 0 0 0 0 0 0 0 0 0 0 0 0 0 0 0 0 0 0 0 0 207 0 0 0 28 0 0 0
1952 2175 0 0 2175 0 145 2175 0 0 0 2175 0 0 0 2175 0 0 1287 0 2175 1105 764 206 2175 208 0 1670 2032 0 0 0 2175 2175 0 0 0 2175 2175 2175 2175 2175 778 240 0 1695 2175 2175 0 1298 0 435 1034 0 2175 194 2175 1560 0
882 1105 484 0 1105 0 145 1105 0 0 0 1105 0 0 0 1105 20 31 534 0 1105 2175 37 145 1105 208 0 969 1101 32 0 0 1105 1105 0 0 0 1105 1105 1105 1105 1105 531 240 0 1101 1105 1105 0 1058 0 202 1030 0 1105 3 1105 642 0
987 764 0 190 764 973 7 764 2 973 935 764 699 288 973 764 113 22 593 0 764 37 2175 1090 764 697 973 710 621 11 973 973 764 764 973 973 973 764 764 764 764 764 610 690 973 284 764 764 973 15 973 366 10 973 764 1185 764 1272 973
429 206 247 190 206 1211 1 206 0 1211 952 206 937 526 1211 206 16 81 202 0 206 145 1090 2175 206 935 1211 182 201 175 1211 1211 206 206 1211 1211 1211 206 206 206 206 206 613 928 1211 159 206 206 1211 56 1211 89 161 1211 206 1310 206 707 1211
1952 2175 0 0 2175 0 145 2175 0 0 0 2175 0 0 0 2175 0 0 1287 0 2175 1105 764 206 2175 208 0 1670 2032 0 0 0 2175 2175 0 0 0 2175 2175 2175 2175 2175 778 240 0 1695 2175 2175 0 1298 0 435 1034 0 2175 194 2175 1560 0
15 208 0 0 208 1899 14 208 4 1899 676 208 1833 1490 1899 208 0 0 164 44 208 208 697 935 208 2175 1899 242 351 0 1899 1899 208 208 1899 1899 1899 208 208 208 208 208 553 2032 1899 673 208 208 1899 223 1899 53 1211 1899 208 1066 208 641 1899
223 0 0 190 0 2175 1 0 0 2175 952 0 1901 1490 2175 0 0 0 46 0 0 0 973 1211 0 1899 2175 34 143 0 2175 2175 0 0 2175 2175 2175 0 0 0 0 0 799 1892 2175 465 0 0 2175 15 2175 53 1003 2175 0 1342 0 501 2175
1447 1670 103 101 1670 34 165 1670 9 34 98 1670 16 5 34 1670 4 24 1040 101 1670 969 710 182 1670 242 34 2175 1527 14 34 34 1670 1670 34 34 34 1670 1670 1670 1670 1670 575 274 34 1220 1670 1670 34 954 34 318 893 34 1670 230 1670 1312 34
1809 2032 0 0 2032 143 145 2032 0 143 0 2032 143 143 143 2032 0 0 1144 0 2032 1101 621 201 2032 351 143 1527 2175 0 143 143 2032 2032 143 143 143 2032 2032 2032 2032 2032 773 383 143 1838 2032 2032 143 1298 143 435 1054 143 2032 141 2032 1417 143
0 0 0 0 0 0 44 0 0 0 0 0 0 0 0 0 0 0 136 0 0 32 11 175 0 0 0 14 0 2175 0 0 0 0 0 0 0 0 0 0 0 0 30 0 0 0 0 0 0 0 0 18 1 0 0 6 0 8 0
223 0 0 190 0 2175 1 0 0 2175 952 0 1901 1490 2175 0 0 0 46 0 0 0 973 1211 0 1899 2175 34 143 0 2175 2175 0 0 2175 2175 2175 0 0 0 0 0 799 1892 2175 465 0 0 2175 15 2175 53 1003 2175 0 1342 0 501 2175
223 0 0 190 0 2175 1 0 0 2175 952 0 1901 1490 2175 0 0 0 46 0 0 0 973 1211 0 1899 2175 34 143 0 2175 2175 0 0 2175 2175 2175 0 0 0 0 0 799 1892 2175 465 0 0 2175 15 2175 53 1003 2175 0 1342 0 501 2175
1952 2175 0 0 2175 0 145 2175 0 0 0 2175 0 0 0 2175 0 0 1287 0 2175 1105 764 206 2175 208 0 1670 2032 0 0 0 2175 2175 0 0 0 2175 2175 2175 2175 2175 778 240 0 1695 2175 2175 0 1298 0 435 1034 0 2175 194 2175 1560 0
1952 2175 0 0 2175 0 145 2175 0 0 0 2175 0 0 0 2175 0 0 1287 0 2175 1105 764 206 2175 208 0 1670 2032 0 0 0 2175 2175 0 0 0 2175 2175 2175 2175 2175 778 240 0 1695 2175 2175 0 1298 0 435 1034 0 2175 194 2175 1560 0
223 0 0 190 0 2175 1 0 0 2175 952 0 1901 1490 2175 0 0 0 46 0 0 0 973 1211 0 1899 2175 34 143 0 2175 2175 0 0 2175 2175 2175 0 0 0 0 0 799 1892 2175 465 0 0 2175 15 2175 53 1003 2175 0 1342 0 501 2175
223 0 0 190 0 2175 1 0 0 2175 952 0 1901 1490 2175 0 0 0 46 0 0 0 973 1211 0 1899 2175 34 143 0 2175 2175 0 0 2175 2175 2175 0 0 0 0 0 799 1892 2175 465 0 0 2175 15 2175 53 1003 2175 0 1342 0 501 2175
223 0 0 190 0 2175 1 0 0 2175 952 0 1901 1490 2175 0 0 0 46 0 0 0 973 1211 0 1899 2175 34 143 0 2175 2175 0 0 2175 2175 2175 0 0 0 0 0 799 1892 2175 465 0 0 2175 15 2175 53 1003 2175 0 1342 0 501 2175
1952 2175 0 0 2175 0 145 2175 0 0 0 2175 0 0 0 2175 0 0 1287 0 2175 1105 764 206 2175 208 0 1670 2032 0 0 0 2175 2175 0 0 0 2175 2175 2175 2175 2175 778 240 0 1695 2175 2175 0 1298 0 435 1034 0 2175 194 2175 1560 0
1952 2175 0 0 2175 0 145 2175 0 0 0 2175 0 0 0 2175 0 0 1287 0 2175 1105 764 206 2175 208 0 1670 2032 0 0 0 2175 2175 0 0 0 2175 2175 2175 2175 2175 778 240 0 1695 2175 2175 0 1298 0 435 1034 0 2175 194 2175 1560 0
1952 2175 0 0 2175 0 145 2175 0 0 0 2175 0 0 0 2175 0 0 1287 0 2175 1105 764 206 2175 208 0 1670 2032 0 0 0 2175 2175 0 0 0 2175 2175 2175 2175 2175 778 240 0 1695 2175 2175 0 1298 0 435 1034 0 2175 194 2175 1560 0
1952 2175 0 0 2175 0 145 2175 0 0 0 2175 0 0 0 2175 0 0 1287 0 2175 1105 764 206 2175 208 0 1670 2032 0 0 0 2175 2175 0 0 0 2175 2175 2175 2175 2175 778 240 0 1695 2175 2175 0 1298 0 435 1034 0 2175 194 2175 1560 0
1952 2175 0 0 2175 0 145 2175 0 0 0 2175 0 0 0 2175 0 0 1287 0 2175 1105 764 206 2175 208 0 1670 2032 0 0 0 2175 2175 0 0 0 2175 2175 2175 2175 2175 778 240 0 1695 2175 2175 0 1298 0 435 1034 0 2175 194 2175 1560 0
1001 778 128 190 778 799 1 778 0 799 536 778 525 273 799 778 0 109 545 0 778 531 610 613 778 553 799 575 773 30 799 799 778 778 799 799 799 778 778 778 778 778 2175 516 799 952 778 778 799 823 799 83 669 799 778 567 778 823 799
17 240 0 43 240 1892 41 240 0 1892 669 240 1832 1490 1892 240 0 0 149 0 240 240 690 928 240 2032 1892 274 383 0 1892 1892 240 240 1892 1892 1892 240 240 240 240 240 516 2175 1892 705 240 240 1892 255 1892 53 1243 1892 240 1059 240 685 1892
223 0 0 190 0 2175 1 0 0 2175 952 0 1901 1490 2175 0 0 0 46 0 0 0 973 1211 0 1899 2175 34 143 0 2175 2175 0 0 2175 2175 2175 0 0 0 0 0 799 1892 2175 465 0 0 2175 15 2175 53 1003 2175 0 1342 0 501 2175
1472 1695 0 0 1695 465 145 1695 0 465 0 1695 465 465 465 1695 0 0 1026 0 1695 1101 284 159 1695 673 465 1220 1838 0 465 465 1695 1695 465 465 465 1695 1695 1695 1695 1695 952 705 465 2175 1695 1695 465 1298 465 319 1376 465 1695 67 1695 1080 465
1952 2175 0 0 2175 0 145 2175 0 0 0 2175 0 0 0 2175 0 0 1287 0 2175 1105 764 206 2175 208 0 1670 2032 0 0 0 2175 2175 0 0 0 2175 2175 2175 2175 2175 778 240 0 1695 2175 2175 0 1298 0 435 1034 0 2175 194 2175 1560 0
1952 2175 0 0 2175 0 145 2175 0 0 0 2175 0 0 0 2175 0 0 1287 0 2175 1105 764 206 2175 208 0 1670 2032 0 0 0 2175 2175 0 0 0 2175 2175 2175 2175 2175 778 240 0 1695 2175 2175 0 1298 0 435 1034 0 2175 194 2175 1560 0
223 0 0 190 0 2175 1 0 0 2175 952 0 1901 1490 2175 0 0 0 46 0 0 0 973 1211 0 1899 2175 34 143 0 2175 2175 0 0 2175 2175 2175 0 0 0 0 0 799 1892 2175 465 0 0 2175 15 2175 53 1003 2175 0 1342 0 501 2175
1075 1298 0 0 1298 15 145 1298 0 15 0 1298 15 15 15 1298 0 0 629 0 1298 1058 15 56 1298 223 15 954 1298 0 15 15 1298 1298 15 15 15 1298 1298 1298 1298 1298 823 255 15 1298 1298 1298 15 2175 15 79 1045 15 1298 15 1298 683 15
223 0 0 190 0 2175 1 0 0 2175 952 0 1901 1490 2175 0 0 0 46 0 0 0 973 1211 0 1899 2175 34 143 0 2175 2175 0 0 2175 2175 2175 0 0 0 0 0 799 1892 2175 465 0 0 2175 15 2175 53 1003 2175 0 1342 0 501 2175
435 435 738 207 435 53 68 435 13 53 25 435 53 53 53 435 41 229 470 207 435 202 366 89 435 53 53 318 435 18 53 53 435 435 53 53 53 435 435 435 435 435 83 53 53 319 435 435 53 79 53 2175 132 53 435 58 435 424 53
811 1034 0 0 1034 1003 145 1034 0 1003 22 1034 1003 1003 1003 1034 0 0 460 0 1034 1030 10 161 1034 1211 1003 893 1054 1 1003 1003 1034 1034 1003 1003 1003 1034 1034 1034 1034 1034 669 1243 1003 1376 1034 1034 1003 1045 1003 132 2175 1003 1034 282 1034 518 1003
223 0 0 190 0 2175 1 0 0 2175 952 0 1901 1490 2175 0 0 0 46 0 0 0 973 1211 0 1899 2175 34 143 0 2175 2175 0 0 2175 2175 2175 0 0 0 0 0 799 1892 2175 465 0 0 2175 15 2175 53 1003 2175 0 1342 0 501 2175
1952 2175 0 0 2175 0 145 2175 0 0 0 2175 0 0 0 2175 0 0 1287 0 2175 1105 764 206 2175 208 0 1670 2032 0 0 0 2175 2175 0 0 0 2175 2175 2175 2175 2175 778 240 0 1695 2175 2175 0 1298 0 435 1034 0 2175 194 2175 1560 0
417 194 386 218 194 1342 24 194 12 1342 975 194 1068 657 1342 194 145 8 260 28 194 3 1185 1310 194 1066 1342 230 141 6 1342 1342 194 194 1342 1342 1342 194 194 194 194 194 567 1059 1342 67 194 194 1342 15 1342 58 282 1342 194 2175 194 695 1342
1952 2175 0 0 2175 0 145 2175 0 0 0 2175 0 0 0 2175 0 0 1287 0 2175 1105 764 206 2175 208 0 1670 2032 0 0 0 2175 2175 0 0 0 2175 2175 2175 2175 2175 778 240 0 1695 2175 2175 0 1298 0 435 1034 0 2175 194 2175 1560 0
1337 1560 59 0 1560 501 31 1560 0 501 501 1560 441 56 501 1560 1 12 1070 0 1560 642 1272 707 1560 641 501 1312 1417 8 501 501 1560 1560 501 501 501 1560 1560 1560 1560 1560 823 685 501 1080 1560 1560 501 683 501 424 518 501 1560 695 1560 2175 501
223 0 0 190 0 2175 1 0 0 2175 952 0 1901 1490 2175 0 0 0 46 0 0 0 973 1211 0 1899 2175 34 143 0 2175 2175 0 0 2175 2175 2175 0 0 0 0 0 799 1892 2175 465 0 0 2175 15 2175 53 1003 2175 0 1342 0 501 2175
