3728 2057 634 1782 346 135 403 162 151 521 153 210 494 685 38 1736 517 744 605 38 1288 377 1519 2112 148 2238 141 107 348 290 0 170 0 1780 654 72 1869 2229 397 25 793 568 81 1728 390 416 0 111 2155 200 2264 348 447 343 2096 0 502 1870 1927
2057 3728 800 2749 1346 54 535 73 0 682 162 542 874 793 20 2276 761 578 878 20 2380 942 2333 2582 109 2386 603 374 718 129 334 355 95 2567 1289 179 2410 2630 528 302 578 553 62 2234 62 112 269 93 2726 613 2963 815 720 593 2457 269 941 2543 2599
634 800 3728 744 786 79 252 290 200 1874 152 463 596 207 1603 490 2053 371 231 515 400 492 332 531 64 502 1874 270 681 1773 76 1633 1553 973 465 215 548 505 1955 1618 334 986 57 968 134 123 69 748 653 1874 888 182 248 1990 620 1618 1107 542 594
1782 2749 744 3728 1131 56 415 183 234 510 194 266 790 924 42 2297 478 616 912 42 1974 890 1985 2400 105 2255 287 105 360 215 117 205 42 2357 735 82 2259 2425 504 133 579 554 84 2210 97 106 5 90 2560 287 2767 830 380 387 2242 0 723 2339 2415
346 1346 786 1131 3728 124 334 91 0 1573 129 480 542 301 1218 843 1594 40 858 1156 1347 890 1066 884 547 569 1556 100 626 1113 243 1159 1289 1012 802 872 856 912 1580 1276 288 364 628 820 84 216 67 115 1026 1556 1265 618 119 1259 852 608 581 965 884
135 54 79 56 124 3728 137 251 382 12 100 151 106 30 12 234 12 113 448 268 57 54 60 156 0 99 12 319 303 14 101 12 12 57 2 268 54 125 74 12 209 31 6 54 160 26 9 12 54 12 54 126 57 12 54 12 490 54 54
403 535 252 415 334 137 3728 397 118 502 206 373 257 188 133 254 397 690 267 199 377 142 358 291 137 562 291 81 745 221 125 118 44 386 466 186 443 518 401 73 294 235 155 338 359 58 63 250 244 470 465 297 212 404 454 80 452 196 305
162 73 290 183 91 251 397 3728 776 82 679 975 29 0 1 178 148 67 165 88 98 70 31 83 45 243 45 9 115 349 44 1 1 113 241 88 30 92 280 1 437 113 0 143 103 156 26 149 199 45 378 78 49 306 29 1 284 29 68
151 0 200 234 0 382 118 776 3728 59 2 656 0 0 0 233 0 75 0 0 25 369 4 0 0 0 0 40 11 0 0 0 0 24 0 0 109 85 432 0 148 42 0 0 229 0 0 0 159 0 499 122 0 473 0 0 422 0 0
521 682 1874 510 1573 12 502 82 59 3728 364 449 552 100 2368 17 3168 190 507 1280 620 250 43 376 426 585 2825 116 1125 2369 150 2605 2368 338 770 1037 279 691 3078 2459 497 868 633 83 311 33 0 639 496 3090 808 299 191 2440 498 1696 698 168 282
153 162 152 194 129 100 206 679 2 364 3728 60 107 131 713 158 289 622 840 713 442 349 133 170 424 211 713 77 483 576 153 253 374 160 85 434 211 211 272 326 570 28 728 177 20 65 3 51 338 715 152 162 56 0 211 32 177 179 187
210 542 463 266 480 151 373 975 656 449 60 3728 109 0 1 74 507 104 213 128 559 151 23 19 6 20 507 37 636 1 0 38 1 773 733 128 55 47 600 1 217 244 15 19 12 123 0 408 253 507 414 57 161 500 44 1 994 19 26
494 874 596 790 542 106 257 29 0 552 107 109 3728 1599 566 703 647 66 230 132 801 418 955 670 55 515 689 335 270 443 298 471 458 732 435 33 673 676 552 449 266 166 139 639 56 200 437 116 671 647 743 178 168 543 636 762 284 673 662
685 793 207 924 301 30 188 0 0 100 131 0 1599 3728 293 849 100 176 243 193 921 74 823 793 213 646 139 49 102 100 21 100 100 830 192 0 835 807 100 100 185 273 235 798 252 140 0 98 793 100 793 170 30 100 793 100 137 793 793
38 20 1603 42 1218 12 133 1 0 2368 713 1 566 293 3728 14 2404 51 865 2640 530 478 278 0 1285 14 3061 133 265 2691 150 2509 2514 0 50 1171 0 20 2412 2466 65 798 1993 5 2 1 0 639 0 2796 0 150 35 1904 0 1696 227 97 92
1736 2276 490 2297 843 234 254 178 233 17 158 74 703 849 14 3728 23 588 1128 14 1657 905 2048 2223 138 2059 28 320 169 185 229 63 27 2141 457 94 2203 2281 36 74 462 569 56 2225 11 237 112 90 2308 17 2223 710 310 82 2196 112 497 2288 2261
517 761 2053 478 1594 12 397 148 0 3168 289 507 647 100 2404 23 3728 163 464 1316 762 273 43 372 426 386 3071 116 1021 2675 150 2577 2404 314 936 1073 37 346 3032 2495 444 919 669 157 231 33 0 639 355 3096 699 162 191 2369 157 1696 675 132 189
744 578 371 616 40 113 690 67 75 190 622 104 66 176 51 588 163 3728 311 51 245 413 638 697 508 697 39 27 333 20 60 68 194 632 92 74 555 697 206 18 152 167 212 566 431 232 6 139 726 21 741 73 118 70 676 23 455 713 602
605 878 231 912 858 448 267 165 0 507 840 213 230 243 865 1128 464 311 3728 869 993 591 910 944 594 710 865 94 224 751 291 441 562 747 526 626 959 960 460 514 148 280 908 880 197 123 20 27 899 935 868 478 15 11 959 6 350 895 928
38 20 515 42 1156 268 199 88 0 1280 713 128 132 193 2640 14 1316 51 869 3728 530 502 278 0 1494 3 1973 127 59 1603 1047 1421 1426 0 59 2239 0 20 1324 1378 65 127 2176 5 4 1 1 386 0 1708 0 159 529 816 0 608 448 97 92
1288 2380 400 1974 1347 57 377 98 25 620 442 559 801 921 530 1657 762 245 993 530 3728 625 1651 1772 337 1457 1197 92 1349 217 117 123 40 1848 1244 100 1708 1827 497 42 569 717 572 1660 62 105 0 93 1914 1046 2153 897 180 576 1758 0 560 1799 1786
377 942 492 890 890 54 142 70 369 250 349 151 418 74 478 905 273 413 591 502 625 3728 993 909 370 717 234 572 214 234 633 693 290 723 425 530 830 918 274 616 134 86 400 843 166 540 509 416 909 234 909 916 513 187 1100 522 314 1221 994
1519 2333 332 1985 1066 60 358 31 4 43 133 23 955 823 278 2048 43 638 910 278 1651 993 3728 2113 339 1798 84 564 120 43 902 304 54 1992 524 494 2113 2127 43 446 425 411 320 2003 349 416 732 339 2113 43 2113 959 726 59 2146 847 414 2137 2125
2112 2582 531 2400 884 156 291 83 0 376 170 19 670 793 0 2223 372 697 944 0 1772 909 2113 3728 102 2429 0 105 201 54 117 237 0 2237 686 72 2678 2744 267 91 613 420 42 2252 210 105 0 88 2663 0 2736 824 380 128 2583 0 566 2536 2593
148 109 64 105 547 0 137 45 0 426 424 6 55 213 1285 138 426 508 594 1494 337 370 339 102 3728 117 661 284 76 473 545 613 550 102 0 671 102 108 426 476 150 292 2050 145 2 587 54 1147 102 578 102 1056 172 7 151 96 1 374 248
2238 2386 502 2255 569 99 562 243 0 585 211 20 515 646 14 2059 386 697 710 3 1457 717 1798 2429 117 3728 14 97 335 803 120 251 14 2040 707 75 2237 2686 230 105 720 551 59 1901 300 175 24 102 2425 156 2422 799 383 143 2462 14 482 2221 2335
141 603 1874 287 1556 12 291 45 0 2825 713 507 689 139 3061 28 3071 39 865 1973 1197 234 84 0 661 14 3728 105 932 2691 150 2393 2514 313 717 1171 36 42 2847 2466 208 843 1326 5 11 1 0 639 142 3463 381 150 35 2369 0 1696 673 27 14
107 374 270 105 100 319 81 9 40 116 77 37 335 49 133 320 116 27 94 127 92 572 564 105 284 97 105 3728 28 105 1031 907 272 93 105 804 89 122 116 770 260 177 105 270 183 710 1055 696 105 105 105 815 1106 104 487 1044 34 521 343
348 718 681 360 626 303 745 115 11 1125 483 636 270 102 265 169 1021 333 224 59 1349 214 120 201 76 335 932 28 3728 265 7 269 265 347 884 59 373 516 799 265 380 868 53 198 192 139 12 406 257 1197 574 277 48 788 541 265 606 115 175
290 129 1773 215 1113 14 221 349 0 2369 576 1 443 100 2691 185 2675 20 751 1603 217 234 43 54 473 803 2691 105 265 3728 150 2393 2514 17 161 1171 0 63 2412 2466 233 979 956 188 42 1 0 639 130 2691 1 137 35 1905 0 1696 229 27 16
0 334 76 117 243 101 125 44 0 150 153 0 298 21 150 229 150 60 291 1047 117 633 902 117 545 120 150 1031 7 150 3728 907 369 117 176 2060 117 123 150 1055 139 127 614 213 959 674 1183 1095 117 150 117 950 1430 7 517 1237 486 511 337
170 355 1633 205 1159 12 118 1 0 2605 253 38 471 100 2509 63 2577 68 441 1421 123 693 304 237 613 251 2393 907 269 2393 907 3728 2568 2 165 1662 2 243 2541 3187 122 798 774 125 287 511 743 1145 188 2393 237 751 910 1927 519 2439 227 622 475
0 95 1553 42 1289 12 44 1 0 2368 374 1 458 100 2514 27 2404 194 562 1426 40 290 54 0 550 14 2514 272 265 2514 369 2568 3728 0 50 1328 0 0 2412 2864 65 798 779 96 0 173 167 744 0 2514 0 211 329 1904 410 1863 227 538 626
1780 2567 973 2357 1012 57 386 113 24 338 160 773 732 830 0 2141 314 632 747 0 1848 723 1992 2237 102 2040 313 93 347 17 117 2 0 3728 883 0 2285 2265 369 0 595 800 42 2234 94 74 0 273 2484 313 2590 689 226 408 2240 0 1143 2237 2382
654 1289 465 735 802 2 466 241 0 770 85 733 435 192 50 457 936 92 526 59 1244 425 524 686 0 707 717 105 884 161 176 165 50 883 3728 59 674 828 560 88 285 198 0 569 325 104 301 62 866 861 1067 416 181 695 746 50 684 686 753
72 179 215 82 872 268 186 88 0 1037 434 128 33 0 1171 94 1073 74 626 2239 100 530 494 72 671 75 1171 804 59 1171 2060 1662 1328 0 59 3728 0 78 1013 1925 103 98 1006 96 417 677 787 1029 58 1171 72 851 1544 501 415 1208 448 443 256
1869 2410 548 2259 856 54 443 30 109 279 211 55 673 835 0 2203 37 555 959 0 1708 830 2113 2678 102 2237 36 89 373 0 117 2 0 2285 674 0 3728 2596 36 0 493 422 42 2290 81 94 0 88 2566 222 2416 774 224 178 2626 0 623 2374 2434
2229 2630 505 2425 912 125 518 92 85 691 211 47 676 807 20 2281 346 697 960 20 1827 918 2127 2744 108 2686 42 122 516 63 123 243 0 2265 828 78 2596 3728 244 97 620 425 62 2304 306 111 6 94 2673 263 2764 931 386 156 2866 6 506 2536 2650
397 528 1955 504 1580 74 401 280 432 3078 272 600 552 100 2412 36 3032 206 460 1324 497 274 43 267 426 230 2847 116 799 2412 150 2541 2412 369 560 1013 36 244 3728 2468 393 843 677 0 358 46 0 810 362 2847 1012 168 113 2738 173 1696 718 93 95
25 302 1618 133 1276 12 73 1 0 2459 326 1 449 100 2466 74 2495 18 514 1378 42 616 446 91 476 105 2466 770 265 2466 1055 3187 2864 0 88 1925 0 97 2468 3728 65 798 731 96 376 667 757 1298 91 2466 91 871 1126 1904 387 2581 227 498 311
793 578 334 579 288 209 294 437 148 497 570 217 266 185 65 462 444 152 148 65 569 134 425 613 150 720 208 260 380 233 139 122 65 595 285 103 493 620 393 65 3728 185 91 595 377 98 67 254 563 208 730 353 196 313 630 42 253 435 440
568 553 986 554 364 31 235 113 42 868 28 244 166 273 798 569 919 167 280 127 717 86 411 420 292 551 843 177 868 979 127 798 798 800 198 98 422 425 843 798 185 3728 232 479 35 93 65 889 527 843 491 348 41 1052 463 798 305 406 453
81 62 57 84 628 6 155 0 0 633 728 15 139 235 1993 56 669 212 908 2176 572 400 320 42 2050 59 1326 105 53 956 614 774 779 42 0 1006 42 62 677 731 91 232 3728 47 5 353 10 593 42 1061 42 651 10 169 42 9 5 139 134
1728 2234 968 2210 820 54 338 143 0 83 177 19 639 798 5 2225 157 566 880 5 1660 843 2003 2252 145 1901 5 270 198 188 213 125 96 2234 569 96 2290 2304 0 96 595 479 47 3728 48 215 160 170 2248 83 2214 757 493 40 2480 96 480 2310 2424
390 62 134 97 84 160 359 103 229 311 20 12 56 252 2 11 231 431 197 4 62 166 349 210 2 300 11 183 192 42 959 287 0 94 325 417 81 306 358 376 377 35 5 48 3728 412 248 445 121 49 431 476 448 272 356 376 60 108 72
416 112 123 106 216 26 58 156 0 33 65 123 200 140 1 237 33 232 123 1 105 540 416 105 587 175 1 710 139 1 674 511 173 74 104 677 94 111 46 667 98 93 353 215 412 3728 1044 940 105 1 105 994 839 1 521 732 2 675 217
0 269 69 5 67 9 63 26 0 0 3 0 437 0 0 112 0 6 20 1 0 509 732 0 54 24 0 1055 12 0 1183 743 167 0 301 787 0 6 0 757 67 65 10 160 248 1044 3728 566 0 0 0 632 893 0 382 1293 63 388 210
111 93 748 90 115 12 250 149 0 639 51 408 116 98 639 90 639 139 27 386 93 416 339 88 1147 102 639 696 406 639 1095 1145 744 273 62 1029 88 94 810 1298 254 889 593 170 445 940 566 3728 88 639 88 1738 810 708 480 1286 89 428 217
2155 2726 653 2560 1026 54 244 199 159 496 338 253 671 793 0 2308 355 726 899 0 1914 909 2113 2663 102 2425 142 105 257 130 117 188 0 2484 866 58 2566 2673 362 91 563 527 42 2248 121 105 0 88 3728 142 2925 812 380 409 2451 0 706 2536 2616
200 613 1874 287 1556 12 470 45 0 3090 715 507 647 100 2796 17 3096 21 935 1708 1046 234 43 0 578 156 3463 105 1197 2691 150 2393 2514 313 861 1171 222 263 2847 2466 208 843 1061 83 49 1 0 639 142 3728 381 238 35 2369 231 1696 673 27 60
2264 2963 888 2767 1265 54 465 378 499 808 152 414 743 793 0 2223 699 741 868 0 2153 909 2113 2736 102 2422 381 105 574 1 117 237 0 2590 1067 72 2416 2764 1012 91 730 491 42 2214 431 105 0 88 2925 381 3728 821 380 962 2575 0 901 2536 2590
348 815 182 830 618 126 297 78 122 299 162 57 178 170 150 710 162 73 478 159 897 916 959 824 1056 799 150 815 277 137 950 751 211 689 416 851 774 931 168 871 353 348 651 757 476 994 632 1738 812 238 821 3728 848 201 1241 852 57 1225 1094
447 720 248 380 119 57 212 49 0 191 56 161 168 30 35 310 191 118 15 529 180 513 726 380 172 383 35 1106 48 35 1430 910 329 226 181 1544 224 386 113 1126 196 41 10 493 448 839 893 810 380 35 380 848 3728 159 621 1053 348 727 600
343 593 1990 387 1259 12 404 306 473 2440 0 500 543 100 1904 82 2369 70 11 816 576 187 59 128 7 143 2369 104 788 1905 7 1927 1904 408 695 501 178 156 2738 1904 313 1052 169 40 272 1 0 708 409 2369 962 201 159 3728 128 1696 744 128 211
2096 2457 620 2242 852 54 454 29 0 498 211 44 636 793 0 2196 157 676 959 0 1758 1100 2146 2583 151 2462 0 487 541 0 517 519 410 2240 746 415 2626 2866 173 387 630 463 42 2480 356 521 382 480 2451 231 2575 1241 621 128 3728 387 478 2999 2815
0 269 1618 0 608 12 80 1 0 1696 32 1 762 100 1696 112 1696 23 6 608 0 522 847 0 96 14 1696 1044 265 1696 1237 2439 1863 0 50 1208 0 6 1696 2581 42 798 9 96 376 732 1293 1286 0 1696 0 852 1053 1696 387 3728 227 394 220
502 941 1107 723 581 490 452 284 422 698 177 994 284 137 227 497 675 455 350 448 560 314 414 566 1 482 673 34 606 229 486 227 227 1143 684 448 623 506 718 227 253 305 5 480 60 2 63 89 706 673 901 57 348 744 478 227 3728 478 478
1870 2543 542 2339 965 54 196 29 0 168 179 19 673 793 97 2288 132 713 895 97 1799 1221 2137 2536 374 2221 27 521 115 27 511 622 538 2237 686 443 2374 2536 93 498 435 406 139 2310 108 675 388 428 2536 27 2536 1225 727 128 2999 394 478 3728 3004
1927 2599 594 2415 884 54 305 68 0 282 187 26 662 793 92 2261 189 602 928 92 1786 994 2125 2593 248 2335 14 343 175 16 337 475 626 2382 753 256 2434 2650 95 311 440 453 134 2424 72 217 210 217 2616 60 2590 1094 600 211 2815 220 478 3004 3728
