740 0 0 0 1 703 1 703 0 703 0 703 703 0 2 15 703 544 703 275 29 673 0 703 0 703 0 703 535 703 595 703 0 703 271 703 703 0 571 0 0 703 703 703 349 574 703 0 703 0 703 0 703 1 512 0 703 0 0
0 740 740 740 137 0 729 0 0 0 740 0 0 0 592 637 0 35 0 428 579 0 740 0 740 0 740 0 205 0 86 0 740 0 0 0 0 740 0 97 740 0 0 0 354 129 0 740 0 740 0 740 0 562 228 740 0 740 740
0 740 740 740 137 0 729 0 0 0 740 0 0 0 592 637 0 35 0 428 579 0 740 0 740 0 740 0 205 0 86 0 740 0 0 0 0 740 0 97 740 0 0 0 354 129 0 740 0 740 0 740 0 562 228 740 0 740 740
0 740 740 740 137 0 729 0 0 0 740 0 0 0 592 637 0 35 0 428 579 0 740 0 740 0 740 0 205 0 86 0 740 0 0 0 0 740 0 97 740 0 0 0 354 129 0 740 0 740 0 740 0 562 228 740 0 740 740
1 137 137 137 740 0 126 0 0 0 137 0 0 0 2 139 0 101 0 137 1 0 137 0 137 0 137 0 0 0 86 0 137 7 21 0 0 137 0 5 137 0 0 0 137 129 0 137 0 137 0 137 0 154 0 137 0 137 137
703 0 0 0 0 740 1 740 0 740 0 740 740 0 2 13 740 581 740 312 29 710 0 740 0 740 0 740 535 740 632 740 0 733 270 740 740 0 608 0 0 740 740 740 386 611 740 0 740 0 740 0 740 1 512 0 740 0 0
1 729 729 729 126 1 740 1 0 1 729 1 1 0 594 626 1 36 1 417 580 1 729 1 729 1 729 1 206 1 92 1 729 1 1 1 1 729 6 98 729 1 1 1 343 118 1 729 1 729 1 729 1 551 229 729 1 729 729
703 0 0 0 0 740 1 740 0 740 0 740 740 0 2 13 740 581 740 312 29 710 0 740 0 740 0 740 535 740 632 740 0 733 270 740 740 0 608 0 0 740 740 740 386 611 740 0 740 0 740 0 740 1 512 0 740 0 0
0 0 0 0 0 0 0 0 740 0 0 0 0 0 0 0 0 0 0 0 0 0 0 0 0 0 0 0 0 0 0 0 0 0 9 0 0 0 0 0 0 0 0 0 0 0 0 0 0 0 0 0 0 0 0 0 0 0 0
703 0 0 0 0 740 1 740 0 740 0 740 740 0 2 13 740 581 740 312 29 710 0 740 0 740 0 740 535 740 632 740 0 733 270 740 740 0 608 0 0 740 740 740 386 611 740 0 740 0 740 0 740 1 512 0 740 0 0
0 740 740 740 137 0 729 0 0 0 740 0 0 0 592 637 0 35 0 428 579 0 740 0 740 0 740 0 205 0 86 0 740 0 0 0 0 740 0 97 740 0 0 0 354 129 0 740 0 740 0 740 0 562 228 740 0 740 740
703 0 0 0 0 740 1 740 0 740 0 740 740 0 2 13 740 581 740 312 29 710 0 740 0 740 0 740 535 740 632 740 0 733 270 740 740 0 608 0 0 740 740 740 386 611 740 0 740 0 740 0 740 1 512 0 740 0 0
703 0 0 0 0 740 1 740 0 740 0 740 740 0 2 13 740 581 740 312 29 710 0 740 0 740 0 740 535 740 632 740 0 733 270 740 740 0 608 0 0 740 740 740 386 611 740 0 740 0 740 0 740 1 512 0 740 0 0
0 0 0 0 0 0 0 0 0 0 0 0 0 740 0 0 0 0 0 0 0 0 0 0 0 0 0 0 0 0 0 0 0 0 0 0 0 0 0 0 0 0 0 0 0 0 0 0 0 0 0 0 0 0 0 0 0 0 0
2 592 592 592 2 2 594 2 0 2 592 2 2 0 740 489 2 37 2 280 692 24 592 2 592 2 592 2 207 2 15 2 592 2 2 2 2 592 100 99 592 2 2 2 206 1 2 592 2 592 2 592 2 414 230 592 2 592 592
15 637 637 637 139 13 626 13 0 13 637 13 13 0 489 740 13 48 13 441 476 13 637 13 637 13 637 13 102 13 99 13 637 13 28 13 13 637 13 0 637 13 13 13 367 142 13 637 13 637 13 637 13 459 125 637 13 637 637
703 0 0 0 0 740 1 740 0 740 0 740 740 0 2 13 740 581 740 312 29 710 0 740 0 740 0 740 535 740 632 740 0 733 270 740 740 0 608 0 0 740 740 740 386 611 740 0 740 0 740 0 740 1 512 0 740 0 0
544 35 35 35 101 581 36 581 0 581 35 581 581 0 37 48 581 740 581 199 64 551 35 581 35 581 35 581 390 581 473 581 35 574 272 581 581 35 449 0 35 581 581 581 227 452 581 35 581 35 581 35 581 36 413 35 581 35 35
703 0 0 0 0 740 1 740 0 740 0 740 740 0 2 13 740 581 740 312 29 710 0 740 0 740 0 740 535 740 632 740 0 733 270 740 740 0 608 0 0 740 740 740 386 611 740 0 740 0 740 0 740 1 512 0 740 0 0
275 428 428 428 137 312 417 312 0 312 428 312 312 0 280 441 312 199 312 740 267 312 428 312 428 312 428 312 107 312 398 312 428 305 4 312 312 428 312 0 428 312 312 312 666 441 312 428 312 428 312 428 312 273 84 428 312 428 428
29 579 579 579 1 29 580 29 0 29 579 29 29 0 692 476 29 64 29 267 740 23 579 29 579 29 579 29 234 29 6 29 579 29 29 29 29 579 76 98 579 29 29 29 193 3 29 579 29 579 29 579 29 401 257 579 29 579 579
673 0 0 0 0 710 1 710 0 710 0 710 710 0 24 13 710 551 710 312 23 740 0 710 0 710 0 710 505 710 631 710 0 703 240 710 710 0 630 2 0 710 710 710 386 611 710 0 710 0 710 0 710 1 482 0 710 0 0
0 740 740 740 137 0 729 0 0 0 740 0 0 0 592 637 0 35 0 428 579 0 740 0 740 0 740 0 205 0 86 0 740 0 0 0 0 740 0 97 740 0 0 0 354 129 0 740 0 740 0 740 0 562 228 740 0 740 740
703 0 0 0 0 740 1 740 0 740 0 740 740 0 2 13 740 581 740 312 29 710 0 740 0 740 0 740 535 740 632 740 0 733 270 740 740 0 608 0 0 740 740 740 386 611 740 0 740 0 740 0 740 1 512 0 740 0 0
0 740 740 740 137 0 729 0 0 0 740 0 0 0 592 637 0 35 0 428 579 0 740 0 740 0 740 0 205 0 86 0 740 0 0 0 0 740 0 97 740 0 0 0 354 129 0 740 0 740 0 740 0 562 228 740 0 740 740
703 0 0 0 0 740 1 740 0 740 0 740 740 0 2 13 740 581 740 312 29 710 0 740 0 740 0 740 535 740 632 740 0 733 270 740 740 0 608 0 0 740 740 740 386 611 740 0 740 0 740 0 740 1 512 0 740 0 0
0 740 740 740 137 0 729 0 0 0 740 0 0 0 592 637 0 35 0 428 579 0 740 0 740 0 740 0 205 0 86 0 740 0 0 0 0 740 0 97 740 0 0 0 354 129 0 740 0 740 0 740 0 562 228 740 0 740 740
703 0 0 0 0 740 1 740 0 740 0 740 740 0 2 13 740 581 740 312 29 710 0 740 0 740 0 740 535 740 632 740 0 733 270 740 740 0 608 0 0 740 740 740 386 611 740 0 740 0 740 0 740 1 512 0 740 0 0
535 205 205 205 0 535 206 535 0 535 205 535 535 0 207 102 535 390 535 107 234 505 205 535 205 535 205 535 740 535 427 535 205 535 270 535 535 205 403 97 205 535 535 535 181 406 535 205 535 205 535 205 535 206 717 205 535 205 205
703 0 0 0 0 740 1 740 0 740 0 740 740 0 2 13 740 581 740 312 29 710 0 740 0 740 0 740 535 740 632 740 0 733 270 740 740 0 608 0 0 740 740 740 386 611 740 0 740 0 740 0 740 1 512 0 740 0 0
595 86 86 86 86 632 92 632 0 632 86 632 632 0 15 99 632 473 632 398 6 631 86 632 86 632 86 632 427 632 740 632 86 625 162 632 632 86 626 1 86 632 632 632 472 697 632 86 632 86 632 86 632 87 404 86 632 86 86
703 0 0 0 0 740 1 740 0 740 0 740 740 0 2 13 740 581 740 312 29 710 0 740 0 740 0 740 535 740 632 740 0 733 270 740 740 0 608 0 0 740 740 740 386 611 740 0 740 0 740 0 740 1 512 0 740 0 0
0 740 740 740 137 0 729 0 0 0 740 0 0 0 592 637 0 35 0 428 579 0 740 0 740 0 740 0 205 0 86 0 740 0 0 0 0 740 0 97 740 0 0 0 354 129 0 740 0 740 0 740 0 562 228 740 0 740 740
703 0 0 0 7 733 1 733 0 733 0 733 733 0 2 13 733 574 733 305 29 703 0 733 0 733 0 733 535 733 625 733 0 740 270 733 733 0 601 0 0 733 733 733 379 604 733 0 733 0 733 0 733 1 512 0 733 0 0
271 0 0 0 21 270 1 270 9 270 0 270 270 0 2 28 270 272 270 4 29 240 0 270 0 270 0 270 270 270 162 270 0 270 740 270 270 0 138 50 0 270 270 270 37 141 270 0 270 0 270 0 270 3 268 0 270 0 0
703 0 0 0 0 740 1 740 0 740 0 740 740 0 2 13 740 581 740 312 29 710 0 740 0 740 0 740 535 740 632 740 0 733 270 740 740 0 608 0 0 740 740 740 386 611 740 0 740 0 740 0 740 1 512 0 740 0 0
703 0 0 0 0 740 1 740 0 740 0 740 740 0 2 13 740 581 740 312 29 710 0 740 0 740 0 740 535 740 632 740 0 733 270 740 740 0 608 0 0 740 740 740 386 611 740 0 740 0 740 0 740 1 512 0 740 0 0
0 740 740 740 137 0 729 0 0 0 740 0 0 0 592 637 0 35 0 428 579 0 740 0 740 0 740 0 205 0 86 0 740 0 0 0 0 740 0 97 740 0 0 0 354 129 0 740 0 740 0 740 0 562 228 740 0 740 740
571 0 0 0 0 608 6 608 0 608 0 608 608 0 100 13 608 449 608 312 76 630 0 608 0 608 0 608 403 608 626 608 0 601 138 608 608 0 740 8 0 608 608 608 386 608 608 0 608 0 608 0 608 1 380 0 608 0 0
0 97 97 97 5 0 98 0 0 0 97 0 0 0 99 0 0 0 0 0 98 2 97 0 97 0 97 0 97 0 1 0 97 0 50 0 0 97 8 740 97 0 0 0 0 0 0 97 0 97 0 97 0 98 97 97 0 97 97
0 740 740 740 137 0 729 0 0 0 740 0 0 0 592 637 0 35 0 428 579 0 740 0 740 0 740 0 205 0 86 0 740 0 0 0 0 740 0 97 740 0 0 0 354 129 0 740 0 740 0 740 0 562 228 740 0 740 740
703 0 0 0 0 740 1 740 0 740 0 740 740 0 2 13 740 581 740 312 29 710 0 740 0 740 0 740 535 740 632 740 0 733 270 740 740 0 608 0 0 740 740 740 386 611 740 0 740 0 740 0 740 1 512 0 740 0 0
703 0 0 0 0 740 1 740 0 740 0 740 740 0 2 13 740 581 740 312 29 710 0 740 0 740 0 740 535 740 632 740 0 733 270 740 740 0 608 0 0 740 740 740 386 611 740 0 740 0 740 0 740 1 512 0 740 0 0
703 0 0 0 0 740 1 740 0 740 0 740 740 0 2 13 740 581 740 312 29 710 0 740 0 740 0 740 535 740 632 740 0 733 270 740 740 0 608 0 0 740 740 740 386 611 740 0 740 0 740 0 740 1 512 0 740 0 0
349 354 354 354 137 386 343 386 0 386 354 386 386 0 206 367 386 227 386 666 193 386 354 386 354 386 354 386 181 386 472 386 354 379 37 386 386 354 386 0 354 386 386 386 740 515 386 354 386 354 386 354 386 273 158 354 386 354 354
574 129 129 129 129 611 118 611 0 611 129 611 611 0 1 142 611 452 611 441 3 611 129 611 129 611 129 611 406 611 697 611 129 604 141 611 611 129 608 0 129 611 611 611 515 740 611 129 611 129 611 129 611 130 383 129 611 129 129
703 0 0 0 0 740 1 740 0 740 0 740 740 0 2 13 740 581 740 312 29 710 0 740 0 740 0 740 535 740 632 740 0 733 270 740 740 0 608 0 0 740 740 740 386 611 740 0 740 0 740 0 740 1 512 0 740 0 0
0 740 740 740 137 0 729 0 0 0 740 0 0 0 592 637 0 35 0 428 579 0 740 0 740 0 740 0 205 0 86 0 740 0 0 0 0 740 0 97 740 0 0 0 354 129 0 740 0 740 0 740 0 562 228 740 0 740 740
703 0 0 0 0 740 1 740 0 740 0 740 740 0 2 13 740 581 740 312 29 710 0 740 0 740 0 740 535 740 632 740 0 733 270 740 740 0 608 0 0 740 740 740 386 611 740 0 740 0 740 0 740 1 512 0 740 0 0
0 740 740 740 137 0 729 0 0 0 740 0 0 0 592 637 0 35 0 428 579 0 740 0 740 0 740 0 205 0 86 0 740 0 0 0 0 740 0 97 740 0 0 0 354 129 0 740 0 740 0 740 0 562 228 740 0 740 740
703 0 0 0 0 740 1 740 0 740 0 740 740 0 2 13 740 581 740 312 29 710 0 740 0 740 0 740 535 740 632 740 0 733 270 740 740 0 608 0 0 740 740 740 386 611 740 0 740 0 740 0 740 1 512 0 740 0 0
0 740 740 740 137 0 729 0 0 0 740 0 0 0 592 637 0 35 0 428 579 0 740 0 740 0 740 0 205 0 86 0 740 0 0 0 0 740 0 97 740 0 0 0 354 129 0 740 0 740 0 740 0 562 228 740 0 740 740
703 0 0 0 0 740 1 740 0 740 0 740 740 0 2 13 740 581 740 312 29 710 0 740 0 740 0 740 535 740 632 740 0 733 270 740 740 0 608 0 0 740 740 740 386 611 740 0 740 0 740 0 740 1 512 0 740 0 0
1 562 562 562 154 1 551 1 0 1 562 1 1 0 414 459 1 36 1 273 401 1 562 1 562 1 562 1 206 1 87 1 562 1 3 1 1 562 1 98 562 1 1 1 273 130 1 562 1 562 1 562 1 740 229 562 1 562 562
512 228 228 228 0 512 229 512 0 512 228 512 512 0 230 125 512 413 512 84 257 482 228 512 228 512 228 512 717 512 404 512 228 512 268 512 512 228 380 97 228 512 512 512 158 383 512 228 512 228 512 228 512 229 740 228 512 228 228
0 740 740 740 137 0 729 0 0 0 740 0 0 0 592 637 0 35 0 428 579 0 740 0 740 0 740 0 205 0 86 0 740 0 0 0 0 740 0 97 740 0 0 0 354 129 0 740 0 740 0 740 0 562 228 740 0 740 740
703 0 0 0 0 740 1 740 0 740 0 740 740 0 2 13 740 581 740 312 29 710 0 740 0 740 0 740 535 740 632 740 0 733 270 740 740 0 608 0 0 740 740 740 386 611 740 0 740 0 740 0 740 1 512 0 740 0 0
0 740 740 740 137 0 729 0 0 0 740 0 0 0 592 637 0 35 0 428 579 0 740 0 740 0 740 0 205 0 86 0 740 0 0 0 0 740 0 97 740 0 0 0 354 129 0 740 0 740 0 740 0 562 228 740 0 740 740
0 740 740 740 137 0 729 0 0 0 740 0 0 0 592 637 0 35 0 428 579 0 740 0 740 0 740 0 205 0 86 0 740 0 0 0 0 740 0 97 740 0 0 0 354 129 0 740 0 740 0 740 0 562 228 740 0 740 740
