1 2844006 
2 2844007 
3 2844008 
4 2844012 
5 2844012 
6 2844013 
7 2844013 
8 2844013 
9 2844013 
10 2844014 
11 2844014 
12 2844014 
13 2844015 
14 2844022 
15 2844022 
16 2844029 
17 2844031 
18 2844038 
19 2844039 
20 2844052 
21 2844054 
22 2844054 
23 2844061 
24 2844064 
25 2844064 
26 2844066 
27 2844068 
28 2844076 
29 2844077 
30 2844077 
31 2844077 
32 2844078 
33 2844083 
34 2844084 
35 2844084 
36 2844089 
37 2844090 
38 2844093 
39 2844094 
40 2844094 
41 2844094 
42 2844099 
43 2844101 
44 2844109 
45 2844109 
46 2844109 
47 2844110 
48 2844110 
49 2844110 
50 2844111 
51 2844111 
52 2844111 
53 2844112 
54 2844112 
55 2844112 
56 2844112 
57 2844113 
58 2844114 
59 2844114 
60 2844116 
61 2844119 
62 2844121 
63 2844125 
64 2844125 
65 2844128 
66 2844130 
67 2844130 
68 2844131 
69 2844132 
70 2844133 
71 2844138 
72 2844139 
73 2844140 
74 2844140 
75 2844142 
76 2844142 
77 2844143 
78 2844143 
79 2844143 
80 2844144 
81 2844144 
82 2844144 
83 2844144 
84 2844145 
85 2844145 
86 2844145 
87 2844146 
88 2844147 
89 2844147 
90 2844149 
91 2844149 
92 2844149 
93 2844150 
94 2844150 
95 2844150 
96 2844151 
97 2844151 
98 2844152 
99 2844152 
100 2844152 
101 2844157 
102 2844158 
103 2844159 
104 2844160 
105 2844160 
106 2844160 
107 2844161 
108 2844161 
109 2844162 
110 2844171 
111 2844177 
112 2844177 
113 2844178 
114 2844186 
115 2844186 
116 2844186 
117 2844187 
118 2844187 
119 2844187 
120 2844188 
121 2844192 
122 2844199 
123 2844199 
124 2844199 
125 2844200 
126 2844200 
127 2844201 
128 2844202 
129 2844205 
130 2844206 
131 2844206 
132 2844206 
133 2844206 
134 2844207 
135 2844208 
136 2844209 
137 2844209 
138 2844209 
139 2844210 
140 2844210 
141 2844210 
142 2844212 
143 2844212 
144 2844212 
145 2844213 
146 2844214 
147 2844217 
148 2844217 
149 2844217 
150 2844218 
151 2844218 
152 2844220 
153 2844221 
154 2844223 
155 2844232 
156 2844238 
157 2844246 
158 2844246 
159 2844246 
160 2844246 
161 2844247 
162 2844248 
163 2844248 
164 2844249 
165 2844249 
166 2844250 
167 2844250 
168 2844261 
169 2844262 
170 2844262 
171 2844263 
172 2844263 
173 2844263 
174 2844264 
175 2844264 
176 2844264 
177 2844265 
178 2844265 
179 2844265 
180 2844266 
181 2844266 
182 2844266 
183 2844267 
184 2844267 
185 2844268 
186 2844268 
187 2844269 
188 2844270 
189 2844271 
190 2844271 
191 2844272 
192 2844272 
193 2844272 
194 2844273 
195 2844273 
196 2844273 
197 2844275 
198 2844275 
199 2844279 
200 2844280 
201 2844281 
202 2844282 
203 2844282 
204 2844282 
205 2844283 
206 2844283 
207 2844284 
208 2844284 
209 2844286 
210 2844288 
211 2844288 
212 2844289 
213 2844289 
214 2844294 
215 2844299 
216 2844301 
217 2844301 
218 2844304 
219 2844306 
220 2844306 
221 2844309 
222 2844312 
223 2844313 
224 2844317 
225 2844328 
226 2844329 
227 2844339 
228 2844340 
229 2844340 
230 2844347 
231 2844347 
232 2844354 
233 2844354 
234 2844355 
235 2844355 
236 2844357 
237 2844357 
238 2844357 
239 2844358 
240 2844360 
241 2844361 
242 2844366 
243 2844367 
244 2844367 
245 2844367 
246 2844368 
247 2844368 
248 2844368 
249 2844369 
250 2844373 
251 2844379 
252 2844380 
253 2844383 
254 2844383 
255 2844385 
256 2844385 
257 2844388 
258 2844392 
259 2844400 
260 2844401 
261 2844408 
262 2844420 
263 2844422 
264 2844426 
265 2844432 
266 2844432 
267 2844433 
268 2844433 
269 2844434 
270 2844434 
271 2844434 
272 2844436 
273 2844436 
274 2844443 
275 2844445 
276 2844448 
277 2844455 
278 2844462 
279 2844468 
280 2844468 
281 2844475 
282 2844477 
283 2844478 
284 2844481 
285 2844484 
286 2844485 
287 2844486 
288 2844486 
289 2844489 
290 2844489 
291 2844489 
292 2844490 
293 2844498 
294 2844501 
295 2844501 
296 2844501 
297 2844501 
298 2844502 
299 2844505 
300 2844506 
301 2844508 
302 2844510 
303 2844510 
304 2844511 
305 2844511 
306 2844512 
307 2844512 
308 2844512 
309 2844513 
310 2844514 
311 2844515 
312 2844516 
313 2844519 
314 2844519 
315 2844519 
316 2844520 
317 2844520 
318 2844520 
319 2844521 
320 2844522 
321 2844523 
322 2844523 
323 2844523 
324 2844524 
325 2844524 
326 2844524 
327 2844525 
328 2844527 
329 2844529 
330 2844534 
331 2844534 
332 2844535 
333 2844538 
334 2844539 
335 2844539 
336 2844540 
337 2844540 
338 2844540 
339 2844540 
340 2844543 
341 2844544 
342 2844544 
343 2844544 
344 2844548 
345 2844549 
346 2844549 
347 2844550 
348 2844550 
349 2844550 
350 2844551 
351 2844554 
352 2844556 
353 2844556 
354 2844557 
355 2844557 
356 2844558 
357 2844558 
358 2844558 
359 2844559 
360 2844559 
361 2844559 
362 2844559 
363 2844560 
364 2844560 
365 2844560 
366 2844561 
367 2844561 
368 2844562 
369 2844562 
370 2844562 
371 2844563 
372 2844563 
373 2844563 
374 2844564 
375 2844564 
376 2844564 
377 2844565 
378 2844565 
379 2844565 
380 2844566 
381 2844566 
382 2844566 
383 2844567 
384 2844567 
385 2844567 
386 2844568 
387 2844568 
388 2844568 
389 2844568 
390 2844569 
391 2844569 
392 2844569 
393 2844569 
394 2844570 
395 2844570 
396 2844570 
397 2844571 
398 2844571 
399 2844571 
400 2844572 
401 2844572 
402 2844572 
403 2844573 
404 2844573 
405 2844573 
406 2844574 
407 2844574 
408 2844574 
409 2844575 
410 2844575 
411 2844575 
412 2844576 
413 2844576 
414 2844576 
415 2844577 
416 2844577 
417 2844577 
418 2844578 
419 2844578 
420 2844579 
421 2844579 
422 2844579 
423 2844580 
424 2844580 
425 2844580 
426 2844581 
427 2844581 
428 2844581 
429 2844582 
430 2844582 
431 2844582 
432 2844583 
433 2844583 
434 2844583 
435 2844584 
436 2844584 
437 2844584 
438 2844585 
439 2844585 
440 2844585 
441 2844586 
442 2844586 
443 2844587 
444 2844587 
445 2844587 
446 2844587 
447 2844588 
448 2844588 
449 2844588 
450 2844589 
451 2844589 
452 2844590 
453 2844590 
454 2844590 
455 2844591 
456 2844591 
457 2844591 
458 2844592 
459 2844592 
460 2844593 
461 2844593 
462 2844593 
463 2844594 
464 2844594 
465 2844594 
466 2844594 
467 2844595 
468 2844595 
469 2844595 
470 2844596 
471 2844597 
472 2844597 
473 2844597 
474 2844598 
475 2844598 
476 2844598 
477 2844599 
478 2844599 
479 2844600 
480 2844600 
481 2844611 
482 2844621 
483 2844621 
484 2844622 
485 2844622 
486 2844623 
487 2844623 
488 2844623 
489 2844624 
490 2844627 
491 2844627 
492 2844629 
493 2844631 
494 2844646 
495 2844675 
496 2844675 
497 2844677 
498 2844677 
499 2844678 
500 2844680 
501 2844681 
502 2844685 
503 2844685 
504 2844685 
505 2844686 
506 2844686 
507 2844688 
508 2844690 
509 2844690 
510 2844694 
511 2844694 
512 2844696 
513 2844702 
514 2844703 
515 2844720 
516 2844722 
517 2844722 
518 2844722 
519 2844723 
520 2844724 
521 2844724 
522 2844725 
523 2844725 
524 2844725 
525 2844725 
526 2844725 
527 2844726 
528 2844726 
529 2844726 
530 2844726 
531 2844728 
532 2844731 
533 2844735 
534 2844736 
535 2844749 
536 2844749 
537 2844749 
538 2844750 
539 2844750 
540 2844750 
541 2844751 
542 2844752 
543 2844755 
544 2844760 
545 2844760 
546 2844761 
547 2844763 
548 2844766 
549 2844767 
550 2844768 
551 2844768 
552 2844769 
553 2844773 
554 2844774 
555 2844775 
556 2844776 
557 2844779 
558 2844779 
559 2844780 
560 2844780 
561 2844780 
562 2844781 
563 2844782 
564 2844783 
565 2844786 
566 2844790 
567 2844790 
568 2844797 
569 2844797 
570 2844797 
571 2844798 
572 2844798 
573 2844798 
574 2844799 
575 2844799 
576 2844801 
577 2844802 
578 2844803 
579 2844804 
580 2844805 
581 2844806 
582 2844806 
583 2844808 
584 2844809 
585 2844809 
586 2844810 
587 2844810 
588 2844811 
589 2844811 
590 2844811 
591 2844813 
592 2844816 
593 2844817 
594 2844817 
595 2844817 
596 2844818 
597 2844818 
598 2844818 
599 2844824 
600 2844832 
601 2844833 
602 2844843 
603 2844852 
604 2844853 
605 2844854 
606 2844857 
607 2844860 
608 2844860 
609 2844861 
610 2844861 
611 2844861 
612 2844861 
613 2844862 
614 2844862 
615 2844864 
616 2844866 
617 2844869 
618 2844871 
619 2844872 
620 2844878 
621 2844884 
622 2844885 
623 2844896 
624 2844896 
625 2844897 
626 2844897 
627 2844898 
628 2844898 
629 2844898 
630 2844903 
631 2844903 
632 2844907 
633 2844907 
634 2844908 
635 2844911 
636 2844915 
637 2844918 
638 2844922 
639 2844923 
640 2844923 
641 2844925 
642 2844926 
643 2844929 
644 2844935 
645 2844937 
646 2844939 
647 2844941 
648 2844943 
649 2844943 
650 2844944 
651 2844944 
652 2844944 
653 2844945 
654 2844947 
655 2844951 
656 2844951 
657 2844954 
658 2844954 
659 2844956 
660 2844957 
661 2844958 
662 2844959 
663 2844962 
664 2844963 
665 2844963 
666 2844963 
667 2844964 
668 2844964 
669 2844971 
670 2844972 
671 2844972 
672 2844982 
673 2844983 
674 2844984 
675 2844985 
676 2844985 
677 2844985 
678 2844986 
679 2844986 
680 2844986 
681 2844987 
682 2844987 
683 2844987 
684 2844988 
685 2844988 
686 2844988 
687 2844989 
688 2844989 
689 2844992 
690 2844994 
691 2844994 
692 2844998 
693 2844998 
694 2845001 
695 2845002 
696 2845004 
697 2845006 
698 2845006 
699 2845007 
700 2845008 
701 2845008 
702 2845008 
703 2845008 
704 2845009 
705 2845009 
706 2845010 
707 2845010 
708 2845010 
709 2845010 
710 2845011 
711 2845011 
712 2845011 
713 2845012 
714 2845012 
715 2845012 
716 2845013 
717 2845013 
718 2845014 
719 2845014 
720 2845014 
721 2845016 
722 2845022 
723 2845023 
724 2845031 
725 2845035 
726 2845036 
727 2845037 
728 2845039 
729 2845039 
730 2845040 
731 2845042 
732 2845042 
733 2845042 
734 2845045 
735 2845046 
736 2845046 
737 2845046 
738 2845047 
739 2845047 
740 2845047 
741 2845048 
742 2845049 
743 2845051 
744 2845054 
745 2845054 
746 2845055 
747 2845055 
748 2845055 
749 2845056 
750 2845056 
751 2845056 
752 2845057 
753 2845058 
754 2845062 
755 2845064 
756 2845068 
757 2845070 
758 2845071 
759 2845073 
760 2845074 
761 2845076 
762 2845078 
763 2845080 
764 2845081 
765 2845084 
766 2845087 
767 2845101 
768 2845105 
769 2845107 
770 2845107 
771 2845127 
772 2845127 
773 2845127 
774 2845128 
775 2845136 
776 2845140 
777 2845143 
778 2845144 
779 2845144 
780 2845147 
781 2845148 
782 2845149 
783 2845149 
784 2845151 
785 2845151 
786 2845152 
787 2845155 
788 2845159 
789 2845160 
790 2845172 
791 2845172 
792 2845175 
793 2845176 
794 2845176 
795 2845176 
796 2845177 
797 2845177 
798 2845177 
799 2845185 
800 2845190 
801 2845191 
802 2845191 
803 2845191 
804 2845192 
805 2845192 
806 2845193 
807 2845193 
808 2845193 
809 2845194 
810 2845194 
811 2845195 
812 2845195 
813 2845195 
814 2845196 
815 2845196 
816 2845196 
817 2845197 
818 2845197 
819 2845197 
820 2845197 
821 2845198 
822 2845198 
823 2845198 
824 2845199 
825 2845199 
826 2845201 
827 2845201 
828 2845201 
829 2845202 
830 2845202 
831 2845202 
832 2845203 
833 2845203 
834 2845205 
835 2845205 
836 2845217 
837 2845217 
838 2845219 
839 2845223 
840 2845226 
841 2845227 
842 2845227 
843 2845228 
844 2845228 
845 2845228 
846 2845229 
847 2845230 
848 2845232 
849 2845233 
850 2845233 
851 2845233 
852 2845233 
853 2845235 
854 2845241 
855 2845242 
856 2845250 
857 2845250 
858 2845252 
859 2845252 
860 2845255 
861 2845258 
862 2845259 
863 2845261 
864 2845262 
865 2845262 
866 2845271 
867 2845272 
868 2845272 
869 2845277 
870 2845279 
871 2845285 
872 2845290 
873 2845291 
874 2845294 
875 2845294 
876 2845302 
877 2845303 
878 2845303 
879 2845303 
880 2845305 
881 2845305 
882 2845306 
883 2845307 
884 2845307 
885 2845307 
886 2845318 
887 2845329 
888 2845331 
889 2845332 
890 2845356 
891 2845360 
892 2845364 
893 2845364 
894 2845365 
895 2845378 
896 2845380 
897 2845390 
898 2845390 
899 2845390 
900 2845395 
901 2845401 
902 2845401 
903 2845401 
904 2845428 
905 2845430 
906 2845434 
907 2845435 
908 2845436 
909 2845437 
910 2845437 
911 2845437 
912 2845438 
913 2845438 
914 2845438 
915 2845439 
916 2845439 
917 2845440 
918 2845440 
919 2845440 
920 2845440 
921 2845441 
922 2845441 
923 2845442 
924 2845450 
925 2845457 
926 2845464 
927 2845464 
928 2845464 
929 2845465 
930 2845465 
931 2845465 
932 2845466 
933 2845466 
934 2845466 
935 2845467 
936 2845467 
937 2845468 
938 2845468 
939 2845468 
940 2845469 
941 2845469 
942 2845475 
943 2845475 
944 2845487 
945 2845493 
946 2845496 
947 2845499 
948 2845510 
949 2845517 
950 2845519 
951 2845526 
952 2845527 
953 2845527 
954 2845527 
955 2845528 
956 2845528 
957 2845528 
958 2845528 
959 2845529 
960 2845529 
961 2845529 
962 2845530 
963 2845530 
964 2845530 
965 2845531 
966 2845531 
967 2845532 
968 2845532 
969 2845532 
970 2845533 
971 2845533 
972 2845533 
973 2845535 
974 2845542 
975 2845542 
976 2845543 
977 2845543 
978 2845543 
979 2845544 
980 2845544 
981 2845544 
982 2845545 
983 2845545 
984 2845545 
985 2845546 
986 2845546 
987 2845546 
988 2845547 
989 2845547 
990 2845556 
991 2845558 
992 2845562 
993 2845566 
994 2845566 
995 2845567 
996 2845567 
997 2845568 
998 2845568 
999 2845568 
1000 2845576 
1001 2845582 
1002 2845582 
1003 2845585 
1004 2845588 
1005 2845588 
1006 2845591 
1007 2845591 
1008 2845592 
1009 2845594 
1010 2845594 
1011 2845594 
1012 2845595 
1013 2845596 
1014 2845599 
1015 2845601 
1016 2845602 
1017 2845603 
1018 2845604 
1019 2845605 
1020 2845615 
1021 2845623 
1022 2845628 
1023 2845629 
1024 2845632 
1025 2845632 
1026 2845636 
1027 2845636 
1028 2845636 
1029 2845636 
1030 2845637 
1031 2845637 
1032 2845637 
1033 2845638 
1034 2845638 
1035 2845638 
1036 2845639 
1037 2845639 
1038 2845639 
1039 2845640 
1040 2845640 
1041 2845641 
1042 2845641 
1043 2845641 
1044 2845642 
1045 2845644 
1046 2845647 
1047 2845647 
1048 2845647 
1049 2845648 
1050 2845659 
1051 2845659 
1052 2845659 
1053 2845660 
1054 2845665 
1055 2845666 
1056 2845666 
1057 2845668 
1058 2845668 
1059 2845669 
1060 2845670 
1061 2845672 
1062 2845677 
1063 2845683 
1064 2845684 
1065 2845687 
1066 2845694 
1067 2845696 
1068 2845697 
1069 2845705 
1070 2845711 
1071 2845715 
1072 2845716 
1073 2845716 
1074 2845723 
1075 2845725 
1076 2845725 
1077 2845728 
1078 2845728 
1079 2845729 
1080 2845730 
1081 2845734 
1082 2845734 
1083 2845735 
1084 2845746 
1085 2845746 
1086 2845747 
1087 2845748 
1088 2845750 
1089 2845750 
1090 2845751 
1091 2845755 
1092 2845755 
1093 2845757 
1094 2845759 
1095 2845759 
1096 2845759 
1097 2845760 
1098 2845761 
1099 2845761 
1100 2845761 
1101 2845764 
1102 2845764 
1103 2845764 
1104 2845768 
1105 2845770 
1106 2845778 
1107 2845778 
1108 2845779 
1109 2845779 
1110 2845779 
1111 2845782 
1112 2845784 
1113 2845785 
1114 2845786 
1115 2845786 
1116 2845786 
1117 2845786 
1118 2845789 
1119 2845799 
1120 2845799 
1121 2845801 
1122 2845802 
1123 2845802 
1124 2845803 
1125 2845805 
1126 2845807 
1127 2845813 
1128 2845813 
1129 2845814 
1130 2845820 
1131 2845822 
1132 2845822 
1133 2845827 
1134 2845828 
1135 2845838 
1136 2845841 
1137 2845849 
1138 2845849 
1139 2845849 
1140 2845850 
1141 2845850 
1142 2845856 
1143 2845857 
1144 2845859 
1145 2845863 
1146 2845867 
1147 2845869 
1148 2845870 
1149 2845874 
1150 2845876 
1151 2845879 
1152 2845881 
1153 2845882 
1154 2845885 
1155 2845906 
1156 2845906 
1157 2845906 
1158 2845909 
1159 2845913 
1160 2845915 
1161 2845917 
1162 2845920 
1163 2845927 
1164 2845928 
1165 2845929 
1166 2845938 
1167 2845938 
1168 2845938 
1169 2845941 
1170 2845942 
1171 2845945 
1172 2845947 
1173 2845955 
1174 2845956 
1175 2845956 
1176 2845958 
1177 2845981 
1178 2845984 
1179 2845985 
1180 2845986 
1181 2845988 
1182 2845988 
1183 2845990 
1184 2845992 
1185 2845998 
1186 2846005 
1187 2846013 
1188 2846031 
1189 2846045 
1190 2846045 
1191 2846049 
1192 2846053 
1193 2846053 
1194 2846054 
1195 2846054 
1196 2846059 
1197 2846066 
1198 2846067 
1199 2846067 
1200 2846068 
1201 2846077 
1202 2846078 
1203 2846079 
1204 2846081 
1205 2846082 
1206 2846084 
1207 2846085 
1208 2846088 
1209 2846096 
1210 2846098 
1211 2846098 
1212 2846098 
1213 2846099 
1214 2846099 
1215 2846102 
1216 2846103 
1217 2846103 
1218 2846128 
1219 2846131 
1220 2846131 
1221 2846133 
1222 2846134 
1223 2846135 
1224 2846135 
1225 2846135 
1226 2846136 
1227 2846137 
1228 2846139 
1229 2846141 
1230 2846142 
1231 2846143 
1232 2846143 
1233 2846143 
1234 2846143 
1235 2846144 
1236 2846144 
1237 2846145 
1238 2846147 
1239 2846147 
1240 2846149 
1241 2846150 
1242 2846156 
1243 2846156 
1244 2846173 
1245 2846194 
1246 2846204 
1247 2846207 
1248 2846208 
1249 2846209 
1250 2846210 
1251 2846214 
1252 2846214 
1253 2846229 
1254 2846233 
1255 2846234 
1256 2846235 
1257 2846235 
1258 2846238 
1259 2846239 
1260 2846240 
1261 2846241 
1262 2846246 
1263 2846247 
1264 2846247 
1265 2846250 
1266 2846253 
1267 2846253 
1268 2846256 
1269 2846260 
1270 2846260 
1271 2846263 
1272 2846265 
1273 2846265 
1274 2846266 
1275 2846266 
1276 2846266 
1277 2846267 
1278 2846272 
1279 2846272 
1280 2846273 
1281 2846280 
1282 2846283 
1283 2846305 
1284 2846313 
1285 2846315 
1286 2846316 
1287 2846316 
1288 2846317 
1289 2846317 
1290 2846325 
1291 2846326 
1292 2846326 
1293 2846326 
1294 2846327 
1295 2846332 
1296 2846333 
1297 2846334 
1298 2846334 
1299 2846334 
1300 2846335 
1301 2846335 
1302 2846335 
1303 2846340 
1304 2846340 
1305 2846345 
1306 2846346 
1307 2846368 
1308 2846374 
1309 2846374 
1310 2846380 
1311 2846386 
1312 2846404 
1313 2846404 
1314 2846404 
1315 2846407 
1316 2846413 
1317 2846425 
1318 2846426 
1319 2846426 
1320 2846433 
1321 2846451 
1322 2846452 
1323 2846453 
1324 2846458 
1325 2846458 
1326 2846460 
1327 2846463 
1328 2846475 
1329 2846477 
1330 2846478 
1331 2846487 
1332 2846515 
1333 2846520 
1334 2846538 
1335 2846540 
1336 2846540 
1337 2846546 
1338 2846551 
1339 2846554 
1340 2846593 
1341 2846599 
1342 2846616 
1343 2846641 
1344 2846642 
1345 2846642 
1346 2846643 
1347 2846643 
1348 2846662 
1349 2846665 
1350 2846677 
1351 2846677 
1352 2846678 
1353 2846678 
1354 2846688 
1355 2846688 
1356 2846689 
1357 2846689 
1358 2846713 
1359 2846713 
1360 2846714 
1361 2846714 
1362 2846715 
1363 2846715 
1364 2846715 
1365 2846715 
1366 2846729 
1367 2846730 
1368 2846739 
1369 2846739 
1370 2846739 
1371 2846740 
1372 2846741 
1373 2846743 
1374 2846751 
1375 2846771 
1376 2846774 
1377 2846774 
1378 2846778 
1379 2846783 
1380 2846798 
1381 2846807 
1382 2846808 
1383 2846811 
1384 2846813 
1385 2846815 
1386 2846817 
1387 2846818 
1388 2846820 
1389 2846824 
1390 2846824 
1391 2846825 
1392 2846825 
1393 2846826 
1394 2846826 
1395 2846828 
1396 2846830 
1397 2846836 
1398 2846839 
1399 2846840 
1400 2846841 
1401 2846844 
1402 2846844 
1403 2846844 
1404 2846848 
1405 2846848 
1406 2846857 
1407 2846859 
1408 2846866 
1409 2846867 
1410 2846868 
1411 2846879 
1412 2846880 
1413 2846889 
1414 2846893 
1415 2846899 
1416 2846899 
1417 2846900 
1418 2846912 
1419 2846913 
1420 2846916 
1421 2846917 
1422 2846918 
1423 2846918 
1424 2846919 
1425 2846919 
1426 2846923 
1427 2846924 
1428 2846925 
1429 2846936 
1430 2846937 
1431 2846937 
1432 2846950 
1433 2846959 
1434 2846959 
1435 2846964 
1436 2846964 
1437 2846965 
1438 2846965 
1439 2846965 
1440 2846966 
1441 2846966 
1442 2846966 
1443 2846967 
1444 2846967 
1445 2846967 
1446 2846968 
1447 2846968 
1448 2846968 
1449 2846968 
1450 2846969 
1451 2846969 
1452 2846969 
1453 2846970 
1454 2846970 
1455 2846970 
1456 2846971 
1457 2846971 
1458 2846971 
1459 2846971 
1460 2846972 
1461 2846973 
1462 2846973 
1463 2846976 
1464 2846977 
1465 2846984 
1466 2846985 
1467 2846995 
1468 2846996 
1469 2846997 
1470 2846997 
1471 2847001 
1472 2847008 
1473 2847008 
1474 2847008 
1475 2847009 
1476 2847009 
1477 2847009 
1478 2847009 
1479 2847010 
1480 2847010 
1481 2847010 
1482 2847011 
1483 2847011 
1484 2847014 
1485 2847015 
1486 2847015 
1487 2847016 
1488 2847016 
1489 2847016 
1490 2847017 
1491 2847019 
1492 2847021 
1493 2847022 
1494 2847022 
1495 2847022 
1496 2847024 
1497 2847045 
1498 2847045 
1499 2847045 
1500 2847046 
1501 2847047 
1502 2847052 
1503 2847061 
1504 2847062 
1505 2847062 
1506 2847062 
1507 2847065 
1508 2847066 
1509 2847066 
1510 2847067 
1511 2847067 
1512 2847075 
1513 2847080 
1514 2847080 
1515 2847084 
1516 2847093 
1517 2847095 
1518 2847102 
1519 2847102 
1520 2847103 
1521 2847106 
1522 2847107 
1523 2847110 
1524 2847124 
1525 2847124 
1526 2847124 
1527 2847124 
1528 2847127 
1529 2847130 
1530 2847131 
1531 2847138 
1532 2847140 
1533 2847141 
1534 2847141 
1535 2847147 
1536 2847147 
1537 2847147 
1538 2847148 
1539 2847148 
1540 2847155 
1541 2847155 
1542 2847159 
1543 2847160 
1544 2847160 
1545 2847160 
1546 2847161 
1547 2847162 
1548 2847162 
1549 2847164 
1550 2847164 
1551 2847164 
1552 2847165 
1553 2847172 
1554 2847172 
1555 2847173 
1556 2847187 
1557 2847188 
1558 2847189 
1559 2847191 
1560 2847201 
1561 2847201 
1562 2847201 
1563 2847202 
1564 2847202 
1565 2847203 
1566 2847213 
1567 2847213 
1568 2847214 
1569 2847214 
1570 2847222 
1571 2847222 
1572 2847223 
1573 2847236 
1574 2847236 
1575 2847237 
1576 2847237 
1577 2847237 
1578 2847238 
1579 2847238 
1580 2847238 
1581 2847251 
1582 2847252 
1583 2847256 
1584 2847257 
1585 2847257 
1586 2847257 
1587 2847258 
1588 2847258 
1589 2847258 
1590 2847259 
1591 2847259 
1592 2847259 
1593 2847260 
1594 2847262 
1595 2847269 
1596 2847269 
1597 2847270 
1598 2847270 
1599 2847270 
1600 2847270 
1601 2847275 
1602 2847283 
1603 2847284 
1604 2847286 
1605 2847293 
1606 2847293 
1607 2847296 
1608 2847296 
1609 2847297 
1610 2847298 
1611 2847302 
1612 2847305 
1613 2847305 
1614 2847312 
1615 2847313 
1616 2847321 
1617 2847321 
1618 2847327 
1619 2847329 
1620 2847334 
1621 2847334 
1622 2847335 
1623 2847335 
1624 2847335 
1625 2847336 
1626 2847336 
1627 2847336 
1628 2847337 
1629 2847337 
1630 2847338 
1631 2847341 
1632 2847350 
1633 2847353 
1634 2847356 
1635 2847357 
1636 2847358 
1637 2847358 
1638 2847358 
1639 2847358 
1640 2847359 
1641 2847359 
1642 2847359 
1643 2847360 
1644 2847360 
1645 2847360 
1646 2847361 
1647 2847361 
1648 2847361 
1649 2847362 
1650 2847374 
1651 2847375 
1652 2847375 
1653 2847375 
1654 2847379 
1655 2847392 
1656 2847393 
1657 2847395 
1658 2847395 
1659 2847396 
1660 2847396 
1661 2847396 
1662 2847397 
1663 2847397 
1664 2847397 
1665 2847398 
1666 2847398 
1667 2847398 
1668 2847399 
1669 2847399 
1670 2847399 
1671 2847400 
1672 2847400 
1673 2847400 
1674 2847401 
1675 2847401 
1676 2847401 
1677 2847402 
1678 2847402 
1679 2847403 
1680 2847403 
1681 2847404 
1682 2847405 
1683 2847405 
1684 2847405 
1685 2847407 
1686 2847408 
1687 2847408 
1688 2847409 
1689 2847409 
1690 2847409 
1691 2847409 
1692 2847410 
1693 2847410 
1694 2847410 
1695 2847419 
1696 2847419 
1697 2847427 
1698 2847431 
1699 2847436 
1700 2847439 
1701 2847441 
1702 2847441 
1703 2847444 
1704 2847453 
1705 2847454 
1706 2847456 
1707 2847457 
1708 2847459 
1709 2847463 
1710 2847463 
1711 2847467 
1712 2847468 
1713 2847470 
1714 2847474 
1715 2847476 
1716 2847480 
1717 2847480 
1718 2847485 
1719 2847487 
1720 2847488 
1721 2847490 
1722 2847492 
1723 2847499 
1724 2847500 
1725 2847500 
1726 2847501 
1727 2847501 
1728 2847501 
1729 2847502 
1730 2847502 
1731 2847503 
1732 2847503 
1733 2847503 
1734 2847504 
1735 2847504 
1736 2847504 
1737 2847505 
1738 2847507 
1739 2847510 
1740 2847512 
1741 2847513 
1742 2847513 
1743 2847517 
1744 2847517 
1745 2847520 
1746 2847520 
1747 2847523 
1748 2847523 
1749 2847524 
1750 2847524 
1751 2847524 
1752 2847525 
1753 2847525 
1754 2847526 
1755 2847527 
1756 2847528 
1757 2847528 
1758 2847528 
1759 2847529 
1760 2847529 
1761 2847530 
1762 2847530 
1763 2847530 
1764 2847531 
1765 2847533 
1766 2847540 
1767 2847540 
1768 2847542 
1769 2847543 
1770 2847543 
1771 2847543 
1772 2847544 
1773 2847545 
1774 2847545 
1775 2847547 
1776 2847550 
1777 2847553 
1778 2847554 
1779 2847556 
1780 2847557 
1781 2847557 
1782 2847559 
1783 2847559 
1784 2847559 
1785 2847560 
1786 2847560 
1787 2847560 
1788 2847561 
1789 2847561 
1790 2847564 
1791 2847564 
1792 2847564 
1793 2847565 
1794 2847566 
1795 2847567 
1796 2847567 
1797 2847568 
1798 2847568 
1799 2847568 
1800 2847569 
1801 2847573 
1802 2847573 
1803 2847578 
1804 2847583 
1805 2847588 
1806 2847588 
1807 2847588 
1808 2847589 
1809 2847589 
1810 2847590 
1811 2847590 
1812 2847591 
1813 2847591 
1814 2847592 
1815 2847592 
1816 2847593 
1817 2847596 
1818 2847596 
1819 2847596 
1820 2847597 
1821 2847597 
1822 2847597 
1823 2847598 
1824 2847598 
1825 2847599 
1826 2847599 
1827 2847600 
