1 2541600 
2 2541603 
3 2541603 
4 2541604 
5 2541615 
6 2541616 
7 2541616 
8 2541617 
9 2541617 
10 2541617 
11 2541618 
12 2541618 
13 2541619 
14 2541620 
15 2541621 
16 2541621 
17 2541624 
18 2541627 
19 2541633 
20 2541636 
21 2541636 
22 2541641 
23 2541641 
24 2541642 
25 2541642 
26 2541642 
27 2541643 
28 2541643 
29 2541644 
30 2541645 
31 2541646 
32 2541646 
33 2541648 
34 2541648 
35 2541649 
36 2541649 
37 2541649 
38 2541650 
39 2541650 
40 2541650 
41 2541650 
42 2541650 
43 2541651 
44 2541651 
45 2541651 
46 2541651 
47 2541652 
48 2541652 
49 2541652 
50 2541653 
51 2541653 
52 2541654 
53 2541654 
54 2541655 
55 2541655 
56 2541656 
57 2541656 
58 2541656 
59 2541657 
60 2541657 
61 2541657 
62 2541658 
63 2541658 
64 2541658 
65 2541659 
66 2541659 
67 2541659 
68 2541659 
69 2541660 
70 2541660 
71 2541660 
72 2541661 
73 2541661 
74 2541661 
75 2541661 
76 2541661 
77 2541662 
78 2541662 
79 2541662 
80 2541663 
81 2541663 
82 2541663 
83 2541664 
84 2541664 
85 2541664 
86 2541664 
87 2541665 
88 2541665 
89 2541665 
90 2541666 
91 2541666 
92 2541666 
93 2541666 
94 2541667 
95 2541667 
96 2541667 
97 2541668 
98 2541668 
99 2541669 
100 2541669 
101 2541669 
102 2541669 
103 2541670 
104 2541670 
105 2541670 
106 2541674 
107 2541679 
108 2541685 
109 2541685 
110 2541689 
111 2541692 
112 2541693 
113 2541693 
114 2541693 
115 2541693 
116 2541694 
117 2541694 
118 2541694 
119 2541694 
120 2541702 
121 2541702 
122 2541703 
123 2541715 
124 2541715 
125 2541720 
126 2541724 
127 2541746 
128 2541761 
129 2541768 
130 2541769 
131 2541771 
132 2541773 
133 2541776 
134 2541779 
135 2541782 
136 2541814 
137 2541815 
138 2541821 
139 2541822 
140 2541827 
141 2541830 
142 2541830 
143 2541830 
144 2541831 
145 2541835 
146 2541839 
147 2541839 
148 2541840 
149 2541841 
150 2541851 
151 2541857 
152 2541860 
153 2541863 
154 2541869 
155 2541870 
156 2541873 
157 2541876 
158 2541876 
159 2541879 
160 2541897 
161 2541920 
162 2541921 
163 2541921 
164 2541924 
165 2541924 
166 2541926 
167 2541926 
168 2541927 
169 2541928 
170 2541928 
171 2541928 
172 2541929 
173 2541929 
174 2541930 
175 2541930 
176 2541930 
177 2541931 
178 2541931 
179 2541932 
180 2541932 
181 2541932 
182 2541933 
183 2541933 
184 2541933 
185 2541933 
186 2541934 
187 2541934 
188 2541934 
189 2541935 
190 2541935 
191 2541936 
192 2541937 
193 2541938 
194 2541938 
195 2541939 
196 2541940 
197 2541940 
198 2541941 
199 2541941 
200 2541941 
201 2541942 
202 2541942 
203 2541942 
204 2541943 
205 2541953 
206 2541956 
207 2541958 
208 2541958 
209 2542017 
210 2542017 
211 2542017 
212 2542018 
213 2542019 
214 2542030 
215 2542035 
216 2542036 
217 2542036 
218 2542036 
219 2542037 
220 2542037 
221 2542038 
222 2542049 
223 2542054 
224 2542056 
225 2542056 
226 2542057 
227 2542057 
228 2542058 
229 2542058 
230 2542058 
231 2542059 
232 2542059 
233 2542060 
234 2542069 
235 2542069 
236 2542069 
237 2542070 
238 2542070 
239 2542071 
240 2542071 
241 2542071 
242 2542072 
243 2542072 
244 2542072 
245 2542073 
246 2542073 
247 2542073 
248 2542074 
249 2542074 
250 2542074 
251 2542075 
252 2542075 
253 2542075 
254 2542076 
255 2542094 
256 2542116 
257 2542117 
258 2542117 
259 2542117 
260 2542128 
261 2542129 
262 2542132 
263 2542137 
264 2542138 
265 2542141 
266 2542142 
267 2542149 
268 2542158 
269 2542195 
270 2542196 
271 2542197 
272 2542197 
273 2542203 
274 2542203 
275 2542203 
276 2542205 
277 2542205 
278 2542205 
279 2542221 
280 2542228 
281 2542239 
282 2542240 
283 2542240 
284 2542240 
285 2542268 
286 2542309 
287 2542315 
288 2542320 
289 2542324 
290 2542372 
291 2542378 
292 2542379 
293 2542387 
294 2542388 
295 2542388 
296 2542388 
297 2542389 
298 2542389 
299 2542390 
300 2542390 
301 2542391 
302 2542391 
303 2542391 
304 2542392 
305 2542392 
306 2542393 
307 2542393 
308 2542394 
309 2542395 
310 2542395 
311 2542395 
312 2542395 
313 2542402 
314 2542418 
315 2542425 
316 2542430 
317 2542433 
318 2542434 
319 2542438 
320 2542449 
321 2542456 
322 2542461 
323 2542463 
324 2542468 
325 2542508 
326 2542511 
327 2542528 
328 2542528 
329 2542529 
330 2542529 
331 2542529 
332 2542530 
333 2542530 
334 2542530 
335 2542531 
336 2542531 
337 2542531 
338 2542532 
339 2542532 
340 2542532 
341 2542533 
342 2542533 
343 2542533 
344 2542534 
345 2542534 
346 2542534 
347 2542535 
348 2542535 
349 2542535 
350 2542536 
351 2542546 
352 2542547 
353 2542554 
354 2542554 
355 2542555 
356 2542557 
357 2542559 
358 2542559 
359 2542560 
360 2542560 
361 2542560 
362 2542561 
363 2542561 
364 2542561 
365 2542562 
366 2542564 
367 2542564 
368 2542568 
369 2542569 
370 2542569 
371 2542574 
372 2542627 
373 2542638 
374 2542639 
375 2542640 
376 2542640 
377 2542656 
378 2542660 
379 2542661 
380 2542661 
381 2542662 
382 2542662 
383 2542662 
384 2542663 
385 2542675 
386 2542678 
387 2542683 
388 2542687 
389 2542693 
390 2542693 
391 2542698 
392 2542699 
393 2542699 
394 2542699 
395 2542700 
396 2542749 
397 2542749 
398 2542750 
399 2542755 
400 2542756 
401 2542756 
402 2542756 
403 2542757 
404 2542757 
405 2542758 
406 2542758 
407 2542758 
408 2542759 
409 2542759 
410 2542760 
411 2542760 
412 2542760 
413 2542760 
414 2542761 
415 2542761 
416 2542762 
417 2542762 
418 2542762 
419 2542763 
420 2542770 
421 2542770 
422 2542780 
423 2542788 
424 2542792 
425 2542792 
426 2542804 
427 2542915 
428 2542919 
429 2542922 
430 2542931 
431 2542934 
432 2542951 
433 2542962 
434 2542971 
435 2542973 
436 2542977 
437 2542982 
438 2542983 
439 2542984 
440 2542990 
441 2542991 
442 2542996 
443 2542996 
444 2542997 
445 2542998 
446 2542998 
447 2543003 
448 2543006 
449 2543007 
450 2543009 
451 2543009 
452 2543009 
453 2543012 
454 2543017 
455 2543022 
456 2543023 
457 2543023 
458 2543023 
459 2543024 
460 2543025 
461 2543025 
462 2543025 
463 2543026 
464 2543026 
465 2543026 
466 2543027 
467 2543027 
468 2543027 
469 2543028 
470 2543028 
471 2543028 
472 2543029 
473 2543029 
474 2543029 
475 2543030 
476 2543030 
477 2543031 
478 2543031 
479 2543031 
480 2543032 
481 2543032 
482 2543032 
483 2543033 
484 2543033 
485 2543033 
486 2543034 
487 2543034 
488 2543034 
489 2543035 
490 2543035 
491 2543035 
492 2543036 
493 2543036 
494 2543036 
495 2543037 
496 2543037 
497 2543038 
498 2543038 
499 2543039 
500 2543051 
501 2543051 
502 2543057 
503 2543065 
504 2543065 
505 2543065 
506 2543066 
507 2543066 
508 2543066 
509 2543067 
510 2543068 
511 2543068 
512 2543070 
513 2543071 
514 2543072 
515 2543076 
516 2543078 
517 2543078 
518 2543079 
519 2543084 
520 2543090 
521 2543090 
522 2543090 
523 2543091 
524 2543091 
525 2543092 
526 2543092 
527 2543096 
528 2543107 
529 2543109 
530 2543109 
531 2543109 
532 2543110 
533 2543110 
534 2543111 
535 2543111 
536 2543112 
537 2543112 
538 2543112 
539 2543113 
540 2543115 
541 2543115 
542 2543116 
543 2543116 
544 2543117 
545 2543119 
546 2543129 
547 2543129 
548 2543130 
549 2543130 
550 2543130 
551 2543131 
552 2543131 
553 2543134 
554 2543134 
555 2543135 
556 2543135 
557 2543135 
558 2543135 
559 2543136 
560 2543140 
561 2543140 
562 2543142 
563 2543143 
564 2543143 
565 2543143 
566 2543144 
567 2543144 
568 2543144 
569 2543145 
570 2543145 
571 2543145 
572 2543147 
573 2543148 
574 2543148 
575 2543148 
576 2543149 
577 2543149 
578 2543149 
579 2543150 
580 2543150 
581 2543150 
582 2543151 
583 2543151 
584 2543151 
585 2543151 
586 2543152 
587 2543152 
588 2543153 
589 2543168 
590 2543168 
591 2543168 
592 2543170 
593 2543170 
594 2543180 
595 2543180 
596 2543181 
597 2543182 
598 2543182 
599 2543183 
600 2543183 
601 2543184 
602 2543184 
603 2543185 
604 2543185 
605 2543185 
606 2543186 
607 2543186 
608 2543187 
609 2543196 
610 2543220 
611 2543224 
612 2543243 
613 2543245 
614 2543246 
615 2543246 
616 2543249 
617 2543251 
618 2543251 
619 2543255 
620 2543258 
621 2543284 
622 2543291 
623 2543293 
624 2543299 
625 2543301 
626 2543302 
627 2543313 
628 2543344 
629 2543349 
630 2543349 
631 2543350 
632 2543350 
633 2543354 
634 2543354 
635 2543358 
636 2543359 
637 2543364 
638 2543366 
639 2543367 
640 2543369 
641 2543369 
642 2543379 
643 2543385 
644 2543392 
645 2543393 
646 2543397 
647 2543398 
648 2543404 
649 2543416 
650 2543417 
651 2543417 
652 2543423 
653 2543429 
654 2543432 
655 2543432 
656 2543433 
657 2543433 
658 2543434 
659 2543434 
660 2543434 
661 2543435 
662 2543436 
663 2543436 
664 2543436 
665 2543437 
666 2543437 
667 2543437 
668 2543438 
669 2543438 
670 2543438 
671 2543439 
672 2543439 
673 2543439 
674 2543439 
675 2543440 
676 2543440 
677 2543440 
678 2543441 
679 2543441 
680 2543441 
681 2543441 
682 2543442 
683 2543442 
684 2543442 
685 2543443 
686 2543443 
687 2543443 
688 2543444 
689 2543444 
690 2543444 
691 2543445 
692 2543445 
693 2543445 
694 2543446 
695 2543446 
696 2543446 
697 2543447 
698 2543447 
699 2543447 
700 2543448 
701 2543448 
702 2543448 
703 2543448 
704 2543449 
705 2543449 
706 2543449 
707 2543450 
708 2543450 
709 2543450 
710 2543451 
711 2543451 
712 2543451 
713 2543452 
714 2543452 
715 2543453 
716 2543473 
717 2543482 
718 2543484 
719 2543486 
720 2543491 
721 2543493 
722 2543495 
723 2543499 
724 2543500 
725 2543504 
726 2543506 
727 2543506 
728 2543507 
729 2543507 
730 2543507 
731 2543507 
732 2543508 
733 2543508 
734 2543508 
735 2543509 
736 2543509 
737 2543509 
738 2543510 
739 2543510 
740 2543510 
741 2543511 
742 2543521 
743 2543521 
744 2543522 
745 2543522 
746 2543523 
747 2543523 
748 2543523 
749 2543524 
750 2543525 
751 2543525 
752 2543525 
753 2543526 
754 2543526 
755 2543527 
756 2543527 
757 2543527 
758 2543528 
759 2543528 
760 2543528 
761 2543528 
762 2543529 
763 2543529 
764 2543529 
765 2543529 
766 2543530 
767 2543530 
768 2543531 
769 2543531 
770 2543531 
771 2543532 
772 2543532 
773 2543532 
774 2543532 
775 2543533 
776 2543533 
777 2543533 
778 2543534 
779 2543534 
780 2543534 
781 2543535 
782 2543535 
783 2543535 
784 2543536 
785 2543536 
786 2543536 
787 2543537 
788 2543537 
789 2543537 
790 2543538 
791 2543538 
792 2543538 
793 2543538 
794 2543539 
795 2543539 
796 2543539 
797 2543540 
798 2543540 
799 2543540 
800 2543540 
801 2543540 
802 2543541 
803 2543541 
804 2543541 
805 2543542 
806 2543542 
807 2543542 
808 2543543 
809 2543543 
810 2543545 
811 2543546 
812 2543546 
813 2543547 
814 2543548 
815 2543548 
816 2543549 
817 2543549 
818 2543551 
819 2543555 
820 2543558 
821 2543558 
822 2543558 
823 2543558 
824 2543559 
825 2543559 
826 2543559 
827 2543560 
828 2543560 
829 2543560 
830 2543561 
831 2543561 
832 2543561 
833 2543561 
834 2543562 
835 2543562 
836 2543562 
837 2543563 
838 2543563 
839 2543563 
840 2543564 
841 2543564 
842 2543565 
843 2543565 
844 2543565 
845 2543566 
846 2543566 
847 2543566 
848 2543567 
849 2543567 
850 2543567 
851 2543568 
852 2543568 
853 2543568 
854 2543569 
855 2543569 
856 2543569 
857 2543570 
858 2543570 
859 2543570 
860 2543570 
861 2543571 
862 2543571 
863 2543571 
864 2543572 
865 2543572 
866 2543573 
867 2543577 
868 2543577 
869 2543578 
870 2543578 
871 2543587 
872 2543588 
873 2543589 
874 2543589 
875 2543589 
876 2543590 
877 2543590 
878 2543591 
879 2543591 
880 2543591 
881 2543592 
882 2543592 
883 2543592 
884 2543593 
885 2543593 
886 2543593 
887 2543594 
888 2543594 
889 2543595 
890 2543595 
891 2543595 
892 2543596 
893 2543596 
894 2543596 
895 2543597 
896 2543597 
897 2543598 
898 2543598 
899 2543598 
900 2543599 
901 2543599 
902 2543599 
903 2543600 
904 2543600 
905 2543600 
906 2543600 
907 2543601 
908 2543601 
909 2543601 
910 2543601 
911 2543602 
912 2543602 
913 2543602 
914 2543603 
915 2543604 
916 2543605 
917 2543605 
918 2543609 
919 2543614 
920 2543622 
921 2543626 
922 2543630 
923 2543644 
924 2543645 
925 2543646 
926 2543646 
927 2543647 
928 2543647 
929 2543648 
930 2543649 
931 2543658 
932 2543668 
933 2543669 
934 2543672 
935 2543676 
936 2543677 
937 2543679 
938 2543681 
939 2543681 
940 2543683 
941 2543683 
942 2543689 
943 2543689 
944 2543689 
945 2543690 
946 2543691 
947 2543691 
948 2543694 
949 2543701 
950 2543703 
951 2543706 
952 2543713 
953 2543714 
954 2543718 
955 2543720 
956 2543727 
957 2543727 
958 2543728 
959 2543728 
960 2543731 
961 2543731 
962 2543731 
963 2543732 
964 2543738 
965 2543738 
966 2543739 
967 2543742 
968 2543761 
969 2543763 
970 2543766 
971 2543766 
972 2543769 
973 2543772 
974 2543781 
975 2543784 
976 2543785 
977 2543785 
978 2543786 
979 2543786 
980 2543786 
981 2543787 
982 2543790 
983 2543792 
984 2543794 
985 2543797 
986 2543828 
987 2543828 
988 2543831 
989 2543831 
990 2543834 
991 2543834 
992 2543834 
993 2543840 
994 2543844 
995 2543865 
996 2543866 
997 2543870 
998 2543876 
999 2543883 
1000 2543909 
1001 2543912 
1002 2543913 
1003 2543916 
1004 2543920 
1005 2543922 
1006 2543922 
1007 2543922 
1008 2543924 
1009 2543924 
1010 2543924 
1011 2543925 
1012 2543925 
1013 2543925 
1014 2543926 
1015 2543926 
1016 2543926 
1017 2543927 
1018 2543927 
1019 2543927 
1020 2543928 
1021 2543928 
1022 2543928 
1023 2543943 
1024 2543944 
1025 2543944 
1026 2543953 
1027 2543953 
1028 2543953 
1029 2543954 
1030 2543956 
1031 2543956 
1032 2543957 
1033 2543959 
1034 2543959 
1035 2543959 
1036 2543960 
1037 2543960 
1038 2543960 
1039 2543961 
1040 2543961 
1041 2543961 
1042 2543962 
1043 2543962 
1044 2543962 
1045 2543963 
1046 2543965 
1047 2543973 
1048 2543979 
1049 2543979 
1050 2543985 
1051 2543987 
1052 2543989 
1053 2543992 
1054 2543994 
1055 2543995 
1056 2543996 
1057 2543997 
1058 2543998 
1059 2544000 
1060 2544001 
1061 2544002 
1062 2544004 
1063 2544007 
1064 2544007 
1065 2544009 
1066 2544011 
1067 2544011 
1068 2544014 
1069 2544014 
1070 2544020 
1071 2544022 
1072 2544022 
1073 2544023 
1074 2544041 
1075 2544047 
1076 2544079 
1077 2544081 
1078 2544084 
1079 2544085 
1080 2544088 
1081 2544090 
1082 2544092 
1083 2544096 
1084 2544098 
1085 2544100 
1086 2544100 
1087 2544101 
1088 2544101 
1089 2544101 
1090 2544101 
1091 2544102 
1092 2544102 
1093 2544102 
1094 2544103 
1095 2544104 
1096 2544104 
1097 2544125 
1098 2544135 
1099 2544136 
1100 2544136 
1101 2544137 
1102 2544137 
1103 2544137 
1104 2544138 
1105 2544138 
1106 2544139 
1107 2544139 
1108 2544139 
1109 2544146 
1110 2544196 
1111 2544197 
1112 2544198 
1113 2544198 
1114 2544198 
1115 2544199 
1116 2544199 
1117 2544199 
1118 2544200 
1119 2544200 
1120 2544200 
1121 2544201 
1122 2544201 
1123 2544201 
1124 2544201 
1125 2544219 
1126 2544219 
1127 2544223 
1128 2544223 
1129 2544225 
1130 2544228 
1131 2544232 
1132 2544232 
1133 2544233 
1134 2544233 
1135 2544233 
1136 2544233 
1137 2544234 
1138 2544234 
1139 2544236 
1140 2544236 
1141 2544237 
1142 2544237 
1143 2544237 
1144 2544238 
1145 2544238 
1146 2544239 
1147 2544239 
1148 2544239 
1149 2544240 
1150 2544240 
1151 2544258 
1152 2544259 
1153 2544267 
1154 2544267 
1155 2544267 
1156 2544268 
1157 2544268 
1158 2544268 
1159 2544269 
1160 2544269 
1161 2544269 
1162 2544270 
1163 2544270 
1164 2544270 
1165 2544282 
1166 2544289 
1167 2544289 
1168 2544290 
1169 2544292 
1170 2544292 
1171 2544292 
1172 2544293 
1173 2544293 
1174 2544293 
1175 2544294 
1176 2544294 
1177 2544294 
1178 2544294 
1179 2544295 
1180 2544295 
1181 2544295 
1182 2544296 
1183 2544296 
1184 2544296 
1185 2544297 
1186 2544297 
1187 2544297 
1188 2544298 
1189 2544298 
1190 2544298 
1191 2544299 
1192 2544299 
1193 2544315 
1194 2544316 
1195 2544317 
1196 2544317 
1197 2544317 
1198 2544318 
1199 2544318 
1200 2544319 
1201 2544320 
1202 2544320 
1203 2544321 
1204 2544321 
1205 2544321 
1206 2544322 
1207 2544322 
1208 2544322 
1209 2544323 
1210 2544323 
1211 2544323 
1212 2544324 
1213 2544324 
1214 2544324 
1215 2544325 
1216 2544325 
1217 2544325 
1218 2544325 
1219 2544326 
1220 2544326 
1221 2544326 
1222 2544327 
1223 2544327 
1224 2544328 
1225 2544328 
1226 2544328 
1227 2544328 
1228 2544329 
1229 2544329 
1230 2544329 
1231 2544330 
1232 2544330 
1233 2544330 
1234 2544331 
1235 2544331 
1236 2544331 
1237 2544332 
1238 2544332 
1239 2544333 
1240 2544333 
1241 2544346 
1242 2544347 
1243 2544350 
1244 2544350 
1245 2544351 
1246 2544351 
1247 2544352 
1248 2544352 
1249 2544352 
1250 2544355 
1251 2544356 
1252 2544357 
1253 2544357 
1254 2544357 
1255 2544358 
1256 2544363 
1257 2544364 
1258 2544365 
1259 2544366 
1260 2544366 
1261 2544366 
1262 2544368 
1263 2544371 
1264 2544374 
1265 2544382 
1266 2544385 
1267 2544386 
1268 2544387 
1269 2544389 
1270 2544398 
1271 2544422 
1272 2544452 
1273 2544455 
1274 2544456 
1275 2544456 
1276 2544456 
1277 2544460 
1278 2544470 
1279 2544473 
1280 2544476 
1281 2544476 
1282 2544477 
1283 2544477 
1284 2544477 
1285 2544482 
1286 2544486 
1287 2544496 
1288 2544500 
1289 2544500 
1290 2544502 
1291 2544504 
1292 2544505 
1293 2544508 
1294 2544515 
1295 2544518 
1296 2544520 
1297 2544520 
1298 2544520 
1299 2544522 
1300 2544527 
1301 2544529 
1302 2544530 
1303 2544531 
1304 2544541 
1305 2544547 
1306 2544547 
1307 2544550 
1308 2544552 
1309 2544555 
1310 2544557 
1311 2544559 
1312 2544565 
1313 2544566 
1314 2544567 
1315 2544567 
1316 2544570 
1317 2544572 
1318 2544572 
1319 2544573 
1320 2544573 
1321 2544577 
1322 2544577 
1323 2544578 
1324 2544579 
1325 2544580 
1326 2544582 
1327 2544583 
1328 2544584 
1329 2544584 
1330 2544584 
1331 2544585 
1332 2544585 
1333 2544585 
1334 2544586 
1335 2544586 
1336 2544586 
1337 2544587 
1338 2544587 
1339 2544587 
1340 2544587 
1341 2544588 
1342 2544593 
1343 2544604 
1344 2544604 
1345 2544605 
1346 2544605 
1347 2544605 
1348 2544606 
1349 2544606 
1350 2544607 
1351 2544609 
1352 2544609 
1353 2544611 
1354 2544618 
1355 2544622 
1356 2544625 
1357 2544626 
1358 2544626 
1359 2544628 
1360 2544632 
1361 2544634 
1362 2544634 
1363 2544636 
1364 2544638 
1365 2544641 
1366 2544644 
1367 2544647 
1368 2544649 
1369 2544649 
1370 2544650 
1371 2544651 
1372 2544653 
1373 2544654 
1374 2544654 
1375 2544654 
1376 2544656 
1377 2544660 
1378 2544667 
1379 2544668 
1380 2544668 
1381 2544670 
1382 2544675 
1383 2544701 
1384 2544702 
1385 2544705 
1386 2544707 
1387 2544707 
1388 2544707 
1389 2544707 
1390 2544707 
1391 2544708 
1392 2544708 
1393 2544708 
1394 2544709 
1395 2544710 
1396 2544710 
1397 2544714 
1398 2544716 
1399 2544716 
1400 2544717 
1401 2544718 
1402 2544722 
1403 2544726 
1404 2544731 
1405 2544732 
1406 2544732 
1407 2544735 
1408 2544736 
1409 2544736 
1410 2544738 
1411 2544738 
1412 2544738 
1413 2544738 
1414 2544742 
1415 2544743 
1416 2544743 
1417 2544743 
1418 2544744 
1419 2544744 
1420 2544744 
1421 2544744 
1422 2544745 
1423 2544745 
1424 2544746 
1425 2544746 
1426 2544751 
1427 2544756 
1428 2544756 
1429 2544757 
1430 2544758 
1431 2544758 
1432 2544758 
1433 2544760 
1434 2544761 
1435 2544766 
1436 2544770 
1437 2544774 
1438 2544776 
1439 2544776 
1440 2544781 
1441 2544783 
1442 2544785 
1443 2544785 
1444 2544785 
1445 2544785 
1446 2544787 
1447 2544788 
1448 2544789 
1449 2544789 
1450 2544791 
1451 2544792 
1452 2544792 
1453 2544795 
1454 2544795 
1455 2544799 
1456 2544802 
1457 2544802 
1458 2544803 
1459 2544803 
1460 2544803 
1461 2544803 
1462 2544804 
1463 2544804 
1464 2544804 
1465 2544809 
1466 2544810 
1467 2544810 
1468 2544810 
1469 2544811 
1470 2544811 
1471 2544812 
1472 2544813 
1473 2544813 
1474 2544814 
1475 2544814 
1476 2544815 
1477 2544817 
1478 2544818 
1479 2544820 
1480 2544820 
1481 2544820 
1482 2544821 
1483 2544821 
1484 2544821 
1485 2544822 
1486 2544822 
1487 2544822 
1488 2544823 
1489 2544823 
1490 2544824 
1491 2544825 
1492 2544827 
1493 2544827 
1494 2544828 
1495 2544828 
1496 2544829 
1497 2544831 
1498 2544832 
1499 2544835 
1500 2544837 
1501 2544839 
1502 2544850 
1503 2544851 
1504 2544854 
1505 2544854 
1506 2544855 
1507 2544855 
1508 2544855 
1509 2544855 
1510 2544856 
1511 2544856 
1512 2544856 
1513 2544856 
1514 2544858 
1515 2544864 
1516 2544864 
1517 2544865 
1518 2544865 
1519 2544866 
1520 2544867 
1521 2544869 
1522 2544869 
1523 2544870 
1524 2544870 
1525 2544871 
1526 2544872 
1527 2544873 
1528 2544875 
1529 2544876 
1530 2544876 
1531 2544876 
1532 2544877 
1533 2544877 
1534 2544878 
1535 2544884 
1536 2544885 
1537 2544885 
1538 2544886 
1539 2544887 
1540 2544887 
1541 2544887 
1542 2544888 
1543 2544893 
1544 2544895 
1545 2544896 
1546 2544905 
1547 2544905 
1548 2544905 
1549 2544905 
1550 2544914 
1551 2544915 
1552 2544922 
1553 2544923 
1554 2544927 
1555 2544927 
1556 2544928 
1557 2544928 
1558 2544928 
1559 2544929 
1560 2544929 
1561 2544929 
1562 2544930 
1563 2544933 
1564 2544933 
1565 2544933 
1566 2544936 
1567 2544943 
1568 2544945 
1569 2544945 
1570 2544953 
1571 2544954 
1572 2544954 
1573 2544955 
1574 2544955 
1575 2544959 
1576 2544960 
1577 2544960 
1578 2544961 
1579 2544961 
1580 2544962 
1581 2544962 
1582 2544962 
1583 2544962 
1584 2544963 
1585 2544963 
1586 2544964 
1587 2544965 
1588 2544965 
1589 2544965 
1590 2544966 
1591 2544966 
1592 2544966 
1593 2544967 
1594 2544967 
1595 2544967 
1596 2544968 
1597 2544968 
1598 2544968 
1599 2544970 
1600 2544972 
1601 2544975 
1602 2544976 
1603 2544976 
1604 2544977 
1605 2544977 
1606 2544977 
1607 2544978 
1608 2544978 
1609 2544978 
1610 2544979 
1611 2544979 
1612 2544980 
1613 2544980 
1614 2544983 
1615 2544996 
1616 2544999 
1617 2545000 
1618 2545000 
1619 2545004 
1620 2545004 
1621 2545011 
1622 2545017 
1623 2545019 
1624 2545020 
1625 2545020 
1626 2545024 
1627 2545024 
1628 2545024 
1629 2545025 
1630 2545025 
1631 2545026 
1632 2545027 
1633 2545027 
1634 2545035 
1635 2545035 
1636 2545039 
1637 2545039 
1638 2545041 
1639 2545041 
1640 2545047 
1641 2545048 
1642 2545048 
1643 2545048 
1644 2545048 
1645 2545049 
1646 2545049 
1647 2545049 
1648 2545049 
1649 2545049 
1650 2545050 
1651 2545050 
1652 2545050 
1653 2545051 
1654 2545051 
1655 2545054 
1656 2545054 
1657 2545055 
1658 2545056 
1659 2545060 
1660 2545062 
1661 2545064 
1662 2545065 
1663 2545065 
1664 2545065 
1665 2545065 
1666 2545066 
1667 2545066 
1668 2545066 
1669 2545068 
1670 2545069 
1671 2545070 
1672 2545072 
1673 2545073 
1674 2545075 
1675 2545076 
1676 2545076 
1677 2545076 
1678 2545084 
1679 2545085 
1680 2545086 
1681 2545086 
1682 2545087 
1683 2545087 
1684 2545089 
1685 2545091 
1686 2545092 
1687 2545094 
1688 2545094 
1689 2545097 
1690 2545100 
1691 2545100 
1692 2545101 
1693 2545101 
1694 2545101 
1695 2545102 
1696 2545102 
1697 2545102 
1698 2545102 
1699 2545103 
1700 2545103 
1701 2545104 
1702 2545106 
1703 2545106 
1704 2545107 
1705 2545111 
1706 2545111 
1707 2545113 
1708 2545115 
1709 2545117 
1710 2545122 
1711 2545126 
1712 2545129 
1713 2545137 
1714 2545140 
1715 2545143 
1716 2545143 
1717 2545145 
1718 2545145 
1719 2545145 
1720 2545145 
1721 2545146 
1722 2545147 
1723 2545148 
1724 2545149 
1725 2545149 
1726 2545150 
1727 2545152 
1728 2545152 
1729 2545152 
1730 2545160 
1731 2545175 
1732 2545175 
1733 2545180 
1734 2545183 
1735 2545195 
1736 2545195 
1737 2545195 
1738 2545196 
1739 2545196 
1740 2545196 
1741 2545197 
1742 2545197 
1743 2545197 
