1 2660410 
2 2660410 
3 2660412 
4 2660414 
5 2660414 
6 2660415 
7 2660415 
8 2660416 
9 2660416 
10 2660416 
11 2660417 
12 2660417 
13 2660417 
14 2660418 
15 2660421 
16 2660424 
17 2660425 
18 2660426 
19 2660429 
20 2660434 
21 2660446 
22 2660451 
23 2660453 
24 2660453 
25 2660457 
26 2660462 
27 2660468 
28 2660473 
29 2660473 
30 2660474 
31 2660474 
32 2660474 
33 2660475 
34 2660475 
35 2660476 
36 2660477 
37 2660478 
38 2660479 
39 2660480 
40 2660480 
41 2660480 
42 2660481 
43 2660481 
44 2660481 
45 2660482 
46 2660482 
47 2660482 
48 2660483 
49 2660483 
50 2660489 
51 2660490 
52 2660494 
53 2660499 
54 2660508 
55 2660508 
56 2660509 
57 2660509 
58 2660513 
59 2660514 
60 2660514 
61 2660517 
62 2660525 
63 2660525 
64 2660526 
65 2660528 
66 2660529 
67 2660531 
68 2660532 
69 2660534 
70 2660538 
71 2660538 
72 2660541 
73 2660545 
74 2660550 
75 2660551 
76 2660551 
77 2660553 
78 2660559 
79 2660560 
80 2660561 
81 2660561 
82 2660562 
83 2660564 
84 2660566 
85 2660569 
86 2660575 
87 2660578 
88 2660581 
89 2660581 
90 2660582 
91 2660595 
92 2660595 
93 2660596 
94 2660598 
95 2660599 
96 2660599 
97 2660601 
98 2660606 
99 2660610 
100 2660611 
101 2660625 
102 2660627 
103 2660671 
104 2660680 
105 2660685 
106 2660686 
107 2660702 
108 2660724 
109 2660728 
110 2660728 
111 2660728 
112 2660729 
113 2660729 
114 2660730 
115 2660730 
116 2660730 
117 2660731 
118 2660739 
119 2660744 
120 2660744 
121 2660745 
122 2660746 
123 2660746 
124 2660757 
125 2660761 
126 2660762 
127 2660785 
128 2660787 
129 2660807 
130 2660811 
131 2660818 
132 2660821 
133 2660821 
134 2660826 
135 2660826 
136 2660826 
137 2660827 
138 2660827 
139 2660827 
140 2660828 
141 2660834 
142 2660837 
143 2660838 
144 2660847 
145 2660848 
146 2660854 
147 2660859 
148 2660873 
149 2660898 
150 2660931 
151 2660934 
152 2660936 
153 2660947 
154 2660964 
155 2660964 
156 2660966 
157 2660967 
158 2660975 
159 2660978 
160 2660979 
161 2660982 
162 2660984 
163 2660985 
164 2660990 
165 2661029 
166 2661033 
167 2661035 
168 2661035 
169 2661045 
170 2661047 
171 2661052 
172 2661052 
173 2661053 
174 2661054 
175 2661054 
176 2661055 
177 2661059 
178 2661059 
179 2661059 
180 2661060 
181 2661060 
182 2661063 
183 2661064 
184 2661064 
185 2661074 
186 2661111 
187 2661111 
188 2661116 
189 2661117 
190 2661119 
191 2661122 
192 2661122 
193 2661122 
194 2661123 
195 2661123 
196 2661124 
197 2661124 
198 2661124 
199 2661130 
200 2661130 
201 2661132 
202 2661132 
203 2661133 
204 2661133 
205 2661134 
206 2661134 
207 2661135 
208 2661135 
209 2661135 
210 2661136 
211 2661138 
212 2661139 
213 2661140 
214 2661140 
215 2661141 
216 2661141 
217 2661141 
218 2661142 
219 2661142 
220 2661142 
221 2661143 
222 2661143 
223 2661143 
224 2661143 
225 2661144 
226 2661144 
227 2661144 
228 2661146 
229 2661146 
230 2661147 
231 2661147 
232 2661147 
233 2661148 
234 2661148 
235 2661148 
236 2661149 
237 2661149 
238 2661150 
239 2661150 
240 2661150 
241 2661150 
242 2661151 
243 2661155 
244 2661159 
245 2661171 
246 2661184 
247 2661199 
248 2661230 
249 2661231 
250 2661234 
251 2661235 
252 2661236 
253 2661238 
254 2661241 
255 2661242 
256 2661245 
257 2661246 
258 2661248 
259 2661249 
260 2661252 
261 2661257 
262 2661261 
263 2661264 
264 2661264 
265 2661265 
266 2661266 
267 2661267 
268 2661268 
269 2661268 
270 2661270 
271 2661270 
272 2661271 
273 2661271 
274 2661271 
275 2661272 
276 2661272 
277 2661272 
278 2661272 
279 2661273 
280 2661273 
281 2661273 
282 2661274 
283 2661274 
284 2661274 
285 2661275 
286 2661275 
287 2661275 
288 2661276 
289 2661276 
290 2661276 
291 2661277 
292 2661277 
293 2661277 
294 2661278 
295 2661278 
296 2661278 
297 2661279 
298 2661279 
299 2661279 
300 2661279 
301 2661280 
302 2661280 
303 2661280 
304 2661281 
305 2661281 
306 2661281 
307 2661281 
308 2661282 
309 2661282 
310 2661282 
311 2661283 
312 2661283 
313 2661283 
314 2661284 
315 2661284 
316 2661284 
317 2661285 
318 2661285 
319 2661285 
320 2661285 
321 2661286 
322 2661286 
323 2661286 
324 2661287 
325 2661287 
326 2661287 
327 2661287 
328 2661288 
329 2661288 
330 2661288 
331 2661289 
332 2661289 
333 2661289 
334 2661290 
335 2661290 
336 2661290 
337 2661291 
338 2661291 
339 2661291 
340 2661292 
341 2661292 
342 2661292 
343 2661292 
344 2661293 
345 2661293 
346 2661293 
347 2661293 
348 2661294 
349 2661294 
350 2661294 
351 2661295 
352 2661295 
353 2661295 
354 2661295 
355 2661296 
356 2661296 
357 2661296 
358 2661297 
359 2661297 
360 2661297 
361 2661298 
362 2661298 
363 2661299 
364 2661299 
365 2661299 
366 2661299 
367 2661299 
368 2661300 
369 2661300 
370 2661300 
371 2661300 
372 2661301 
373 2661302 
374 2661303 
375 2661304 
376 2661304 
377 2661304 
378 2661312 
379 2661312 
380 2661314 
381 2661314 
382 2661314 
383 2661314 
384 2661315 
385 2661315 
386 2661315 
387 2661316 
388 2661318 
389 2661319 
390 2661319 
391 2661320 
392 2661320 
393 2661320 
394 2661321 
395 2661321 
396 2661321 
397 2661322 
398 2661323 
399 2661324 
400 2661341 
401 2661343 
402 2661345 
403 2661350 
404 2661351 
405 2661351 
406 2661352 
407 2661352 
408 2661353 
409 2661354 
410 2661358 
411 2661361 
412 2661366 
413 2661366 
414 2661367 
415 2661367 
416 2661368 
417 2661368 
418 2661368 
419 2661368 
420 2661370 
421 2661395 
422 2661397 
423 2661400 
424 2661403 
425 2661405 
426 2661406 
427 2661408 
428 2661415 
429 2661419 
430 2661419 
431 2661422 
432 2661424 
433 2661425 
434 2661425 
435 2661425 
436 2661426 
437 2661426 
438 2661427 
439 2661427 
440 2661427 
441 2661428 
442 2661428 
443 2661428 
444 2661429 
445 2661429 
446 2661438 
447 2661452 
448 2661453 
449 2661454 
450 2661456 
451 2661456 
452 2661457 
453 2661457 
454 2661457 
455 2661458 
456 2661458 
457 2661458 
458 2661459 
459 2661459 
460 2661459 
461 2661460 
462 2661460 
463 2661462 
464 2661463 
465 2661466 
466 2661471 
467 2661471 
468 2661471 
469 2661472 
470 2661472 
471 2661472 
472 2661473 
473 2661473 
474 2661473 
475 2661474 
476 2661474 
477 2661474 
478 2661474 
479 2661475 
480 2661475 
481 2661475 
482 2661475 
483 2661476 
484 2661476 
485 2661476 
486 2661481 
487 2661481 
488 2661481 
489 2661482 
490 2661484 
491 2661485 
492 2661486 
493 2661486 
494 2661486 
495 2661487 
496 2661487 
497 2661488 
498 2661489 
499 2661489 
500 2661492 
501 2661493 
502 2661493 
503 2661493 
504 2661494 
505 2661494 
506 2661501 
507 2661506 
508 2661506 
509 2661506 
510 2661507 
511 2661507 
512 2661507 
513 2661527 
514 2661528 
515 2661528 
516 2661528 
517 2661529 
518 2661529 
519 2661529 
520 2661530 
521 2661530 
522 2661530 
523 2661531 
524 2661531 
525 2661532 
526 2661532 
527 2661533 
528 2661533 
529 2661534 
530 2661536 
531 2661537 
532 2661540 
533 2661552 
534 2661573 
535 2661577 
536 2661588 
537 2661590 
538 2661593 
539 2661594 
540 2661595 
541 2661596 
542 2661596 
543 2661597 
544 2661597 
545 2661597 
546 2661598 
547 2661598 
548 2661599 
549 2661600 
550 2661600 
551 2661601 
552 2661601 
553 2661601 
554 2661602 
555 2661602 
556 2661602 
557 2661603 
558 2661603 
559 2661603 
560 2661604 
561 2661604 
562 2661604 
563 2661605 
564 2661605 
565 2661605 
566 2661606 
567 2661606 
568 2661606 
569 2661607 
570 2661607 
571 2661607 
572 2661607 
573 2661608 
574 2661608 
575 2661609 
576 2661609 
577 2661609 
578 2661609 
579 2661610 
580 2661610 
581 2661610 
582 2661611 
583 2661612 
584 2661613 
585 2661614 
586 2661614 
587 2661615 
588 2661617 
589 2661619 
590 2661622 
591 2661624 
592 2661625 
593 2661626 
594 2661626 
595 2661626 
596 2661627 
597 2661628 
598 2661628 
599 2661628 
600 2661629 
601 2661629 
602 2661629 
603 2661630 
604 2661632 
605 2661635 
606 2661639 
607 2661643 
608 2661647 
609 2661648 
610 2661651 
611 2661653 
612 2661653 
613 2661653 
614 2661655 
615 2661660 
616 2661665 
617 2661670 
618 2661675 
619 2661675 
620 2661681 
621 2661695 
622 2661699 
623 2661703 
624 2661704 
625 2661704 
626 2661707 
627 2661709 
628 2661709 
629 2661709 
630 2661710 
631 2661712 
632 2661713 
633 2661714 
634 2661717 
635 2661718 
636 2661720 
637 2661722 
638 2661722 
639 2661723 
640 2661725 
641 2661726 
642 2661726 
643 2661729 
644 2661729 
645 2661730 
646 2661732 
647 2661736 
648 2661739 
649 2661739 
650 2661746 
651 2661749 
652 2661749 
653 2661750 
654 2661753 
655 2661753 
656 2661755 
657 2661758 
658 2661758 
659 2661759 
660 2661759 
661 2661759 
662 2661760 
663 2661761 
664 2661761 
665 2661763 
666 2661770 
667 2661770 
668 2661770 
669 2661771 
670 2661771 
671 2661777 
672 2661779 
673 2661781 
674 2661782 
675 2661782 
676 2661783 
677 2661783 
678 2661784 
679 2661784 
680 2661789 
681 2661790 
682 2661790 
683 2661790 
684 2661792 
685 2661792 
686 2661793 
687 2661793 
688 2661793 
689 2661796 
690 2661796 
691 2661798 
692 2661799 
693 2661801 
694 2661801 
695 2661804 
696 2661826 
697 2661826 
698 2661826 
699 2661827 
700 2661827 
701 2661827 
702 2661828 
703 2661828 
704 2661828 
705 2661829 
706 2661829 
707 2661829 
708 2661830 
709 2661846 
710 2661858 
711 2661885 
712 2661885 
713 2661886 
714 2661886 
715 2661887 
716 2661887 
717 2661888 
718 2661888 
719 2661891 
720 2661892 
721 2661892 
722 2661892 
723 2661893 
724 2661893 
725 2661893 
726 2661894 
727 2661895 
728 2661896 
729 2661896 
730 2661896 
731 2661897 
732 2661897 
733 2661897 
734 2661898 
735 2661899 
736 2661899 
737 2661900 
738 2661900 
739 2661901 
740 2661901 
741 2661901 
742 2661902 
743 2661903 
744 2661903 
745 2661903 
746 2661904 
747 2661904 
748 2661904 
749 2661910 
750 2661910 
751 2661910 
752 2661910 
753 2661911 
754 2661912 
755 2661913 
756 2661913 
757 2661914 
758 2661914 
759 2661920 
760 2661920 
761 2661921 
762 2661921 
763 2661921 
764 2661922 
765 2661922 
766 2661922 
767 2661924 
768 2661933 
769 2661933 
770 2661939 
771 2661940 
772 2661947 
773 2661947 
774 2661948 
775 2661948 
776 2661976 
777 2661991 
778 2661994 
779 2661995 
780 2661997 
781 2661997 
782 2661997 
783 2661998 
784 2661998 
785 2662000 
786 2662009 
787 2662033 
788 2662036 
789 2662039 
790 2662046 
791 2662047 
792 2662047 
793 2662047 
794 2662048 
795 2662065 
796 2662075 
797 2662083 
798 2662112 
799 2662114 
800 2662118 
801 2662129 
802 2662130 
803 2662130 
804 2662130 
805 2662131 
806 2662146 
807 2662149 
808 2662149 
809 2662151 
810 2662153 
811 2662153 
812 2662155 
813 2662158 
814 2662160 
815 2662160 
816 2662173 
817 2662173 
818 2662189 
819 2662189 
820 2662190 
821 2662190 
822 2662190 
823 2662202 
824 2662202 
825 2662203 
826 2662203 
827 2662203 
828 2662204 
829 2662204 
830 2662204 
831 2662205 
832 2662205 
833 2662206 
834 2662210 
835 2662211 
836 2662211 
837 2662211 
838 2662214 
839 2662221 
840 2662248 
841 2662248 
842 2662249 
843 2662250 
844 2662257 
845 2662258 
846 2662263 
847 2662267 
848 2662269 
849 2662272 
850 2662277 
851 2662279 
852 2662280 
853 2662280 
854 2662280 
855 2662285 
856 2662286 
857 2662286 
858 2662286 
859 2662288 
860 2662295 
861 2662297 
862 2662310 
863 2662312 
864 2662312 
865 2662317 
866 2662318 
867 2662333 
868 2662337 
869 2662338 
870 2662339 
871 2662340 
872 2662342 
873 2662345 
874 2662345 
875 2662351 
876 2662355 
877 2662357 
878 2662360 
879 2662368 
880 2662373 
881 2662373 
882 2662373 
883 2662376 
884 2662379 
885 2662380 
886 2662380 
887 2662380 
888 2662386 
889 2662390 
890 2662398 
891 2662401 
892 2662413 
893 2662416 
894 2662417 
895 2662420 
896 2662426 
897 2662426 
898 2662427 
899 2662427 
900 2662428 
901 2662429 
902 2662430 
903 2662430 
904 2662430 
905 2662436 
906 2662439 
907 2662441 
908 2662448 
909 2662458 
910 2662475 
911 2662508 
912 2662530 
913 2662534 
914 2662535 
915 2662535 
916 2662536 
917 2662536 
918 2662537 
919 2662539 
920 2662541 
921 2662543 
922 2662543 
923 2662545 
924 2662545 
925 2662546 
926 2662546 
927 2662547 
928 2662552 
929 2662567 
930 2662569 
931 2662571 
932 2662575 
933 2662581 
934 2662581 
935 2662581 
936 2662583 
937 2662585 
938 2662585 
939 2662586 
940 2662591 
941 2662597 
942 2662597 
943 2662597 
944 2662598 
945 2662598 
946 2662598 
947 2662598 
948 2662599 
949 2662599 
950 2662600 
951 2662600 
952 2662602 
953 2662604 
954 2662605 
955 2662605 
956 2662606 
957 2662607 
958 2662612 
959 2662612 
960 2662617 
961 2662621 
962 2662622 
963 2662622 
964 2662622 
965 2662622 
966 2662623 
967 2662623 
968 2662624 
969 2662624 
970 2662625 
971 2662625 
972 2662626 
973 2662626 
974 2662626 
975 2662627 
976 2662627 
977 2662627 
978 2662629 
979 2662629 
980 2662638 
981 2662638 
982 2662639 
983 2662640 
984 2662640 
985 2662640 
986 2662642 
987 2662642 
988 2662643 
989 2662643 
990 2662643 
991 2662643 
992 2662644 
993 2662651 
994 2662654 
995 2662655 
996 2662659 
997 2662660 
998 2662661 
999 2662679 
1000 2662681 
1001 2662685 
1002 2662685 
1003 2662688 
1004 2662688 
1005 2662690 
1006 2662690 
1007 2662691 
1008 2662692 
1009 2662692 
1010 2662694 
1011 2662695 
1012 2662695 
1013 2662695 
1014 2662696 
1015 2662696 
1016 2662696 
1017 2662699 
1018 2662700 
1019 2662700 
1020 2662701 
1021 2662701 
1022 2662701 
1023 2662702 
1024 2662702 
1025 2662702 
1026 2662703 
1027 2662703 
1028 2662704 
1029 2662704 
1030 2662704 
1031 2662704 
1032 2662705 
1033 2662705 
1034 2662705 
1035 2662706 
1036 2662706 
1037 2662706 
1038 2662706 
1039 2662707 
1040 2662707 
1041 2662707 
1042 2662707 
1043 2662708 
1044 2662708 
1045 2662712 
1046 2662713 
1047 2662715 
1048 2662716 
1049 2662716 
1050 2662716 
1051 2662717 
1052 2662717 
1053 2662717 
1054 2662718 
1055 2662718 
1056 2662719 
1057 2662721 
1058 2662723 
1059 2662723 
1060 2662724 
1061 2662725 
1062 2662725 
1063 2662725 
1064 2662726 
1065 2662726 
1066 2662727 
1067 2662734 
1068 2662736 
1069 2662739 
1070 2662742 
1071 2662743 
1072 2662743 
1073 2662743 
1074 2662744 
1075 2662748 
1076 2662749 
1077 2662749 
1078 2662749 
1079 2662750 
1080 2662750 
1081 2662751 
1082 2662751 
1083 2662751 
1084 2662753 
1085 2662754 
1086 2662754 
1087 2662754 
1088 2662758 
1089 2662758 
1090 2662758 
1091 2662774 
1092 2662774 
1093 2662779 
1094 2662786 
1095 2662792 
1096 2662793 
1097 2662793 
1098 2662797 
1099 2662798 
1100 2662798 
1101 2662798 
1102 2662799 
1103 2662799 
1104 2662801 
1105 2662804 
1106 2662805 
1107 2662805 
1108 2662805 
1109 2662806 
1110 2662812 
1111 2662819 
1112 2662823 
1113 2662823 
1114 2662823 
1115 2662825 
1116 2662826 
1117 2662826 
1118 2662826 
1119 2662832 
1120 2662836 
1121 2662837 
1122 2662837 
1123 2662837 
1124 2662838 
1125 2662838 
1126 2662848 
1127 2662850 
1128 2662855 
1129 2662855 
1130 2662857 
1131 2662859 
1132 2662859 
1133 2662860 
1134 2662869 
1135 2662869 
1136 2662879 
1137 2662880 
1138 2662881 
1139 2662883 
1140 2662887 
1141 2662891 
1142 2662906 
1143 2662909 
1144 2662913 
1145 2662920 
1146 2662921 
1147 2662922 
1148 2662924 
1149 2662924 
1150 2662925 
1151 2662925 
1152 2662925 
1153 2662926 
1154 2662926 
1155 2662926 
1156 2662927 
1157 2662927 
1158 2662927 
1159 2662928 
1160 2662928 
1161 2662928 
1162 2662929 
1163 2662929 
1164 2662930 
1165 2662930 
1166 2662930 
1167 2662931 
1168 2662931 
1169 2662931 
1170 2662932 
1171 2662932 
1172 2662933 
1173 2662933 
1174 2662933 
1175 2662934 
1176 2662934 
1177 2662934 
1178 2662935 
1179 2662935 
1180 2662935 
1181 2662936 
1182 2662936 
1183 2662936 
1184 2662937 
1185 2662937 
1186 2662937 
1187 2662938 
1188 2662939 
1189 2662939 
1190 2662939 
1191 2662939 
1192 2662940 
1193 2662940 
1194 2662941 
1195 2662941 
1196 2662942 
1197 2662942 
1198 2662942 
1199 2662943 
1200 2662943 
1201 2662949 
1202 2662957 
1203 2662957 
1204 2662957 
1205 2662958 
1206 2662958 
1207 2662958 
1208 2662959 
1209 2662959 
1210 2662959 
1211 2662960 
1212 2662960 
1213 2662960 
1214 2662961 
1215 2662961 
1216 2662962 
1217 2662962 
1218 2662963 
1219 2662963 
1220 2662963 
1221 2662964 
1222 2662964 
1223 2662964 
1224 2662964 
1225 2662965 
1226 2662965 
1227 2662966 
1228 2662966 
1229 2662966 
1230 2662966 
1231 2662967 
1232 2662967 
1233 2662967 
1234 2662967 
1235 2662972 
1236 2662973 
1237 2662975 
1238 2662977 
1239 2662978 
1240 2662978 
1241 2662979 
1242 2662979 
1243 2662979 
1244 2662980 
1245 2662980 
1246 2662980 
1247 2662981 
1248 2662981 
1249 2662982 
1250 2662982 
1251 2662982 
1252 2662982 
1253 2662983 
1254 2662984 
1255 2662984 
1256 2662984 
1257 2662985 
1258 2662985 
1259 2662985 
1260 2662986 
1261 2662990 
1262 2662993 
1263 2662993 
1264 2662993 
1265 2662994 
1266 2662995 
1267 2662995 
1268 2663002 
1269 2663012 
1270 2663015 
1271 2663016 
1272 2663016 
1273 2663016 
1274 2663017 
1275 2663018 
1276 2663019 
1277 2663020 
1278 2663020 
1279 2663020 
1280 2663021 
1281 2663021 
1282 2663021 
1283 2663022 
1284 2663022 
1285 2663022 
1286 2663023 
1287 2663023 
1288 2663023 
1289 2663045 
1290 2663046 
1291 2663046 
1292 2663047 
1293 2663047 
1294 2663048 
1295 2663078 
1296 2663080 
1297 2663080 
1298 2663081 
1299 2663091 
1300 2663091 
1301 2663091 
1302 2663091 
1303 2663092 
1304 2663101 
1305 2663103 
1306 2663103 
1307 2663104 
1308 2663104 
1309 2663104 
1310 2663105 
1311 2663105 
1312 2663106 
1313 2663106 
1314 2663106 
1315 2663107 
1316 2663107 
1317 2663107 
1318 2663108 
1319 2663108 
1320 2663108 
1321 2663109 
1322 2663109 
1323 2663109 
1324 2663110 
1325 2663110 
1326 2663110 
1327 2663111 
1328 2663111 
1329 2663111 
1330 2663112 
1331 2663112 
1332 2663113 
1333 2663113 
1334 2663113 
1335 2663114 
1336 2663114 
1337 2663115 
1338 2663115 
1339 2663115 
1340 2663115 
1341 2663116 
1342 2663116 
1343 2663117 
1344 2663117 
1345 2663117 
1346 2663123 
1347 2663128 
1348 2663131 
1349 2663133 
1350 2663135 
1351 2663135 
1352 2663137 
1353 2663156 
1354 2663169 
1355 2663180 
1356 2663181 
1357 2663181 
1358 2663184 
1359 2663196 
1360 2663197 
1361 2663197 
1362 2663197 
1363 2663198 
1364 2663198 
1365 2663198 
1366 2663199 
1367 2663199 
1368 2663209 
1369 2663211 
1370 2663267 
1371 2663274 
1372 2663277 
1373 2663281 
1374 2663284 
1375 2663306 
1376 2663309 
1377 2663310 
1378 2663314 
1379 2663335 
1380 2663341 
1381 2663355 
1382 2663360 
1383 2663373 
1384 2663407 
1385 2663407 
1386 2663407 
1387 2663408 
1388 2663414 
1389 2663414 
1390 2663415 
1391 2663415 
1392 2663416 
1393 2663417 
1394 2663441 
1395 2663460 
1396 2663463 
1397 2663473 
1398 2663476 
1399 2663478 
1400 2663480 
1401 2663488 
1402 2663490 
1403 2663504 
1404 2663505 
1405 2663505 
1406 2663505 
1407 2663506 
1408 2663506 
1409 2663507 
1410 2663511 
1411 2663513 
1412 2663513 
1413 2663517 
1414 2663517 
1415 2663517 
1416 2663518 
1417 2663518 
1418 2663521 
1419 2663524 
1420 2663525 
1421 2663532 
1422 2663532 
1423 2663533 
1424 2663533 
1425 2663534 
1426 2663539 
1427 2663540 
1428 2663541 
1429 2663541 
1430 2663541 
1431 2663542 
1432 2663542 
1433 2663542 
1434 2663542 
1435 2663543 
1436 2663543 
1437 2663543 
1438 2663544 
1439 2663544 
1440 2663548 
1441 2663550 
1442 2663550 
1443 2663568 
1444 2663569 
1445 2663579 
1446 2663580 
1447 2663580 
1448 2663580 
1449 2663581 
1450 2663582 
1451 2663596 
1452 2663596 
1453 2663597 
1454 2663598 
1455 2663598 
1456 2663601 
1457 2663601 
1458 2663607 
1459 2663618 
1460 2663627 
1461 2663640 
1462 2663640 
1463 2663641 
1464 2663641 
1465 2663641 
1466 2663642 
1467 2663642 
1468 2663642 
1469 2663643 
1470 2663643 
1471 2663643 
1472 2663644 
1473 2663644 
1474 2663644 
1475 2663645 
1476 2663645 
1477 2663658 
1478 2663659 
1479 2663659 
1480 2663659 
1481 2663660 
1482 2663660 
1483 2663660 
1484 2663661 
1485 2663661 
1486 2663661 
1487 2663678 
1488 2663679 
1489 2663679 
1490 2663680 
1491 2663680 
1492 2663680 
1493 2663681 
1494 2663681 
1495 2663681 
1496 2663682 
1497 2663682 
1498 2663682 
1499 2663700 
1500 2663708 
1501 2663712 
1502 2663713 
1503 2663733 
1504 2663738 
1505 2663754 
1506 2663756 
1507 2663758 
1508 2663761 
1509 2663766 
1510 2663797 
1511 2663802 
1512 2663805 
1513 2663807 
1514 2663810 
1515 2663820 
1516 2663821 
1517 2663825 
1518 2663830 
1519 2663831 
1520 2663831 
1521 2663831 
1522 2663831 
1523 2663832 
1524 2663839 
1525 2663839 
1526 2663840 
1527 2663840 
1528 2663840 
1529 2663841 
1530 2663841 
1531 2663841 
1532 2663842 
1533 2663842 
1534 2663842 
1535 2663843 
1536 2663843 
1537 2663843 
1538 2663844 
1539 2663844 
1540 2663844 
1541 2663845 
1542 2663848 
1543 2663849 
1544 2663849 
1545 2663849 
1546 2663850 
1547 2663850 
1548 2663850 
1549 2663851 
1550 2663851 
1551 2663851 
1552 2663858 
1553 2663858 
1554 2663858 
1555 2663859 
1556 2663862 
1557 2663862 
1558 2663863 
1559 2663890 
1560 2663891 
1561 2663900 
1562 2663901 
1563 2663910 
1564 2663912 
1565 2663914 
1566 2663916 
1567 2663918 
1568 2663928 
1569 2663928 
1570 2663929 
1571 2663929 
1572 2663929 
1573 2663943 
1574 2663959 
