1 2710800 
2 2710800 
3 2710800 
4 2710801 
5 2710801 
6 2710801 
7 2710802 
8 2710802 
9 2710803 
10 2710803 
11 2710806 
12 2710810 
13 2710811 
14 2710811 
15 2710812 
16 2710812 
17 2710813 
18 2710814 
19 2710814 
20 2710820 
21 2710820 
22 2710821 
23 2710821 
24 2710824 
25 2710827 
26 2710827 
27 2710827 
28 2710828 
29 2710828 
30 2710828 
31 2710829 
32 2710829 
33 2710830 
34 2710830 
35 2710831 
36 2710831 
37 2710831 
38 2710837 
39 2710837 
40 2710841 
41 2710842 
42 2710842 
43 2710845 
44 2710845 
45 2710851 
46 2710852 
47 2710852 
48 2710852 
49 2710853 
50 2710853 
51 2710853 
52 2710855 
53 2710856 
54 2710857 
55 2710863 
56 2710864 
57 2710870 
58 2710871 
59 2710872 
60 2710874 
61 2710874 
62 2710875 
63 2710875 
64 2710875 
65 2710877 
66 2710877 
67 2710878 
68 2710879 
69 2710879 
70 2710880 
71 2710881 
72 2710881 
73 2710881 
74 2710881 
75 2710885 
76 2710885 
77 2710886 
78 2710886 
79 2710886 
80 2710887 
81 2710887 
82 2710887 
83 2710888 
84 2710891 
85 2710891 
86 2710892 
87 2710892 
88 2710893 
89 2710893 
90 2710894 
91 2710894 
92 2710894 
93 2710895 
94 2710895 
95 2710896 
96 2710896 
97 2710896 
98 2710901 
99 2710902 
100 2710904 
101 2710905 
102 2710906 
103 2710906 
104 2710907 
105 2710907 
106 2710907 
107 2710908 
108 2710908 
109 2710910 
110 2710911 
111 2710911 
112 2710911 
113 2710912 
114 2710913 
115 2710913 
116 2710913 
117 2710914 
118 2710914 
119 2710914 
120 2710915 
121 2710915 
122 2710915 
123 2710916 
124 2710916 
125 2710916 
126 2710917 
127 2710917 
128 2710917 
129 2710918 
130 2710918 
131 2710918 
132 2710919 
133 2710919 
134 2710919 
135 2710920 
136 2710920 
137 2710920 
138 2710921 
139 2710921 
140 2710921 
141 2710921 
142 2710922 
143 2710922 
144 2710922 
145 2710923 
146 2710923 
147 2710923 
148 2710924 
149 2710924 
150 2710924 
151 2710925 
152 2710925 
153 2710925 
154 2710925 
155 2710926 
156 2710926 
157 2710926 
158 2710927 
159 2710927 
160 2710927 
161 2710928 
162 2710928 
163 2710928 
164 2710929 
165 2710929 
166 2710929 
167 2710930 
168 2710930 
169 2710930 
170 2710930 
171 2710931 
172 2710931 
173 2710931 
174 2710931 
175 2710932 
176 2710932 
177 2710932 
178 2710932 
179 2710933 
180 2710933 
181 2710933 
182 2710933 
183 2710934 
184 2710934 
185 2710934 
186 2710934 
187 2710934 
188 2710935 
189 2710935 
190 2710935 
191 2710935 
192 2710936 
193 2710936 
194 2710936 
195 2710936 
196 2710937 
197 2710937 
198 2710937 
199 2710937 
200 2710938 
201 2710938 
202 2710938 
203 2710939 
204 2710939 
205 2710939 
206 2710939 
207 2710940 
208 2710940 
209 2710940 
210 2710940 
211 2710941 
212 2710941 
213 2710942 
214 2710943 
215 2710943 
216 2710943 
217 2710944 
218 2710944 
219 2710945 
220 2710955 
221 2710955 
222 2710955 
223 2710956 
224 2710956 
225 2710960 
226 2710972 
227 2710972 
228 2710973 
229 2710973 
230 2710973 
231 2710976 
232 2710977 
233 2710978 
234 2710978 
235 2710979 
236 2710979 
237 2710979 
238 2710980 
239 2710980 
240 2710980 
241 2710981 
242 2710981 
243 2710981 
244 2710982 
245 2710982 
246 2710982 
247 2710983 
248 2710983 
249 2710983 
250 2710984 
251 2710984 
252 2710984 
253 2710985 
254 2710985 
255 2710985 
256 2710985 
257 2710986 
258 2710989 
259 2710990 
260 2710990 
261 2710990 
262 2710991 
263 2710991 
264 2710991 
265 2710992 
266 2710992 
267 2710992 
268 2710993 
269 2710993 
270 2710994 
271 2710995 
272 2710997 
273 2710999 
274 2711006 
275 2711011 
276 2711012 
277 2711015 
278 2711015 
279 2711016 
280 2711016 
281 2711027 
282 2711027 
283 2711028 
284 2711028 
285 2711028 
286 2711029 
287 2711029 
288 2711029 
289 2711030 
290 2711030 
291 2711031 
292 2711031 
293 2711032 
294 2711032 
295 2711038 
296 2711038 
297 2711038 
298 2711040 
299 2711045 
300 2711046 
301 2711049 
302 2711049 
303 2711050 
304 2711050 
305 2711051 
306 2711051 
307 2711052 
308 2711052 
309 2711053 
310 2711053 
311 2711054 
312 2711054 
313 2711055 
314 2711055 
315 2711055 
316 2711056 
317 2711056 
318 2711057 
319 2711057 
320 2711057 
321 2711057 
322 2711058 
323 2711058 
324 2711058 
325 2711059 
326 2711059 
327 2711059 
328 2711060 
329 2711060 
330 2711060 
331 2711060 
332 2711061 
333 2711061 
334 2711061 
335 2711061 
336 2711062 
337 2711062 
338 2711062 
339 2711062 
340 2711063 
341 2711063 
342 2711063 
343 2711063 
344 2711064 
345 2711064 
346 2711064 
347 2711065 
348 2711065 
349 2711066 
350 2711066 
351 2711066 
352 2711067 
353 2711067 
354 2711067 
355 2711068 
356 2711068 
357 2711068 
358 2711069 
359 2711069 
360 2711069 
361 2711070 
362 2711070 
363 2711070 
364 2711071 
365 2711071 
366 2711071 
367 2711072 
368 2711072 
369 2711072 
370 2711072 
371 2711073 
372 2711073 
373 2711073 
374 2711074 
375 2711074 
376 2711075 
377 2711078 
378 2711079 
379 2711081 
380 2711081 
381 2711081 
382 2711082 
383 2711082 
384 2711082 
385 2711082 
386 2711083 
387 2711083 
388 2711083 
389 2711084 
390 2711084 
391 2711084 
392 2711084 
393 2711095 
394 2711096 
395 2711096 
396 2711096 
397 2711104 
398 2711105 
399 2711105 
400 2711106 
401 2711111 
402 2711111 
403 2711112 
404 2711113 
405 2711113 
406 2711114 
407 2711114 
408 2711114 
409 2711115 
410 2711115 
411 2711115 
412 2711116 
413 2711116 
414 2711116 
415 2711117 
416 2711117 
417 2711117 
418 2711117 
419 2711118 
420 2711118 
421 2711118 
422 2711118 
423 2711119 
424 2711119 
425 2711119 
426 2711120 
427 2711120 
428 2711120 
429 2711120 
430 2711120 
431 2711121 
432 2711121 
433 2711122 
434 2711123 
435 2711123 
436 2711123 
437 2711124 
438 2711124 
439 2711124 
440 2711126 
441 2711126 
442 2711126 
443 2711127 
444 2711127 
445 2711128 
446 2711129 
447 2711129 
448 2711137 
449 2711138 
450 2711138 
451 2711138 
452 2711139 
453 2711140 
454 2711140 
455 2711140 
456 2711148 
457 2711153 
458 2711153 
459 2711153 
460 2711154 
461 2711154 
462 2711154 
463 2711155 
464 2711155 
465 2711155 
466 2711157 
467 2711157 
468 2711157 
469 2711158 
470 2711158 
471 2711158 
472 2711159 
473 2711159 
474 2711164 
475 2711165 
476 2711165 
477 2711166 
478 2711166 
479 2711167 
480 2711167 
481 2711169 
482 2711174 
483 2711178 
484 2711178 
485 2711179 
486 2711179 
487 2711179 
488 2711180 
489 2711181 
490 2711184 
491 2711185 
492 2711185 
493 2711186 
494 2711186 
495 2711187 
496 2711187 
497 2711189 
498 2711189 
499 2711189 
500 2711190 
501 2711195 
502 2711201 
503 2711202 
504 2711203 
505 2711205 
506 2711205 
507 2711207 
508 2711208 
509 2711211 
510 2711214 
511 2711214 
512 2711215 
513 2711216 
514 2711218 
515 2711219 
516 2711222 
517 2711222 
518 2711222 
519 2711222 
520 2711223 
521 2711223 
522 2711223 
523 2711224 
524 2711224 
525 2711224 
526 2711225 
527 2711225 
528 2711225 
529 2711226 
530 2711226 
531 2711226 
532 2711226 
533 2711227 
534 2711227 
535 2711227 
536 2711228 
537 2711228 
538 2711228 
539 2711228 
540 2711228 
541 2711229 
542 2711229 
543 2711229 
544 2711229 
545 2711229 
546 2711229 
547 2711230 
548 2711230 
549 2711230 
550 2711231 
551 2711231 
552 2711231 
553 2711232 
554 2711232 
555 2711232 
556 2711232 
557 2711233 
558 2711233 
559 2711233 
560 2711234 
561 2711234 
562 2711234 
563 2711235 
564 2711235 
565 2711235 
566 2711235 
567 2711236 
568 2711236 
569 2711236 
570 2711237 
571 2711237 
572 2711237 
573 2711238 
574 2711255 
575 2711255 
576 2711256 
577 2711258 
578 2711259 
579 2711259 
580 2711259 
581 2711261 
582 2711262 
583 2711262 
584 2711262 
585 2711263 
586 2711263 
587 2711264 
588 2711264 
589 2711264 
590 2711265 
591 2711265 
592 2711265 
593 2711269 
594 2711269 
595 2711271 
596 2711272 
597 2711273 
598 2711274 
599 2711276 
600 2711277 
601 2711278 
602 2711279 
603 2711280 
604 2711283 
605 2711283 
606 2711287 
607 2711290 
608 2711290 
609 2711291 
610 2711292 
611 2711292 
612 2711292 
613 2711293 
614 2711293 
615 2711294 
616 2711295 
617 2711295 
618 2711298 
619 2711300 
620 2711303 
621 2711304 
622 2711305 
623 2711308 
624 2711309 
625 2711315 
626 2711316 
627 2711316 
628 2711316 
629 2711317 
630 2711318 
631 2711318 
632 2711319 
633 2711320 
634 2711321 
635 2711324 
636 2711329 
637 2711329 
638 2711330 
639 2711332 
640 2711332 
641 2711333 
642 2711333 
643 2711333 
644 2711334 
645 2711334 
646 2711334 
647 2711334 
648 2711335 
649 2711335 
650 2711335 
651 2711336 
652 2711337 
653 2711337 
654 2711338 
655 2711339 
656 2711341 
657 2711341 
658 2711342 
659 2711342 
660 2711342 
661 2711343 
662 2711348 
663 2711348 
664 2711350 
665 2711351 
666 2711354 
667 2711354 
668 2711355 
669 2711355 
670 2711355 
671 2711356 
672 2711358 
673 2711363 
674 2711371 
675 2711371 
676 2711372 
677 2711372 
678 2711373 
679 2711373 
680 2711376 
681 2711378 
682 2711378 
683 2711381 
684 2711381 
685 2711381 
686 2711384 
687 2711385 
688 2711385 
689 2711387 
690 2711387 
691 2711388 
692 2711391 
693 2711392 
694 2711394 
695 2711397 
696 2711405 
697 2711407 
698 2711407 
699 2711408 
700 2711409 
701 2711409 
702 2711409 
703 2711410 
704 2711410 
705 2711410 
706 2711411 
707 2711411 
708 2711412 
709 2711413 
710 2711413 
711 2711413 
712 2711414 
713 2711414 
714 2711414 
715 2711422 
716 2711424 
717 2711425 
718 2711426 
719 2711428 
720 2711430 
721 2711431 
722 2711435 
723 2711436 
724 2711437 
725 2711437 
726 2711437 
727 2711438 
728 2711438 
729 2711439 
730 2711451 
731 2711451 
732 2711451 
733 2711452 
734 2711452 
735 2711452 
736 2711455 
737 2711456 
738 2711456 
739 2711457 
740 2711458 
741 2711458 
742 2711458 
743 2711459 
744 2711459 
745 2711460 
746 2711460 
747 2711461 
748 2711461 
749 2711472 
750 2711472 
751 2711473 
752 2711473 
753 2711474 
754 2711474 
755 2711490 
756 2711490 
757 2711490 
758 2711491 
759 2711502 
760 2711503 
761 2711503 
762 2711503 
763 2711504 
764 2711507 
765 2711507 
766 2711514 
767 2711521 
768 2711521 
769 2711521 
770 2711522 
771 2711522 
772 2711523 
773 2711529 
774 2711530 
775 2711530 
776 2711542 
777 2711545 
778 2711551 
779 2711553 
780 2711554 
781 2711556 
782 2711556 
783 2711558 
784 2711562 
785 2711562 
786 2711563 
787 2711563 
788 2711564 
789 2711564 
790 2711564 
791 2711566 
792 2711568 
793 2711569 
794 2711572 
795 2711572 
796 2711579 
797 2711581 
798 2711582 
799 2711583 
800 2711584 
801 2711584 
802 2711584 
803 2711585 
804 2711586 
805 2711587 
806 2711587 
807 2711588 
808 2711592 
809 2711599 
810 2711599 
811 2711617 
812 2711631 
813 2711631 
814 2711631 
815 2711632 
816 2711633 
817 2711635 
818 2711641 
819 2711644 
820 2711646 
821 2711660 
822 2711662 
823 2711663 
824 2711663 
825 2711663 
826 2711664 
827 2711664 
828 2711664 
829 2711665 
830 2711665 
831 2711666 
832 2711666 
833 2711666 
834 2711667 
835 2711667 
836 2711671 
837 2711672 
838 2711672 
839 2711672 
840 2711673 
841 2711673 
842 2711673 
843 2711674 
844 2711674 
845 2711674 
846 2711675 
847 2711675 
848 2711675 
849 2711676 
850 2711676 
851 2711681 
852 2711684 
853 2711685 
854 2711685 
855 2711687 
856 2711687 
857 2711691 
858 2711693 
859 2711694 
860 2711696 
861 2711704 
862 2711712 
863 2711712 
864 2711713 
865 2711713 
866 2711714 
867 2711715 
868 2711715 
869 2711716 
870 2711716 
871 2711716 
872 2711721 
873 2711723 
874 2711724 
875 2711724 
876 2711725 
877 2711725 
878 2711725 
879 2711726 
880 2711726 
881 2711726 
882 2711726 
883 2711727 
884 2711727 
885 2711727 
886 2711728 
887 2711728 
888 2711728 
889 2711729 
890 2711729 
891 2711729 
892 2711730 
893 2711730 
894 2711731 
895 2711732 
896 2711732 
897 2711733 
898 2711733 
899 2711733 
900 2711734 
901 2711734 
902 2711734 
903 2711734 
904 2711735 
905 2711735 
906 2711735 
907 2711736 
908 2711740 
909 2711740 
910 2711741 
911 2711741 
912 2711741 
913 2711741 
914 2711742 
915 2711742 
916 2711742 
917 2711743 
918 2711743 
919 2711743 
920 2711744 
921 2711744 
922 2711744 
923 2711745 
924 2711745 
925 2711746 
926 2711746 
927 2711747 
928 2711748 
929 2711748 
930 2711748 
931 2711749 
932 2711749 
933 2711749 
934 2711749 
935 2711749 
936 2711750 
937 2711750 
938 2711751 
939 2711751 
940 2711751 
941 2711751 
942 2711752 
943 2711752 
944 2711756 
945 2711759 
946 2711761 
947 2711764 
948 2711767 
949 2711770 
950 2711774 
951 2711775 
952 2711775 
953 2711782 
954 2711785 
955 2711788 
956 2711788 
957 2711789 
958 2711789 
959 2711790 
960 2711790 
961 2711790 
962 2711793 
963 2711799 
964 2711800 
965 2711802 
966 2711803 
967 2711803 
968 2711803 
969 2711804 
970 2711807 
971 2711811 
972 2711811 
973 2711812 
974 2711813 
975 2711813 
976 2711814 
977 2711814 
978 2711814 
979 2711815 
980 2711815 
981 2711816 
982 2711816 
983 2711817 
984 2711819 
985 2711819 
986 2711820 
987 2711820 
988 2711820 
989 2711821 
990 2711821 
991 2711821 
992 2711822 
993 2711822 
994 2711822 
995 2711822 
996 2711823 
997 2711826 
998 2711827 
999 2711827 
1000 2711828 
1001 2711828 
1002 2711828 
1003 2711829 
1004 2711829 
1005 2711829 
1006 2711829 
1007 2711830 
1008 2711830 
1009 2711830 
1010 2711830 
1011 2711831 
1012 2711831 
1013 2711831 
1014 2711832 
1015 2711832 
1016 2711832 
1017 2711833 
1018 2711833 
1019 2711833 
1020 2711834 
1021 2711850 
1022 2711850 
1023 2711851 
1024 2711851 
1025 2711851 
1026 2711852 
1027 2711852 
1028 2711852 
1029 2711852 
1030 2711853 
1031 2711854 
1032 2711855 
1033 2711858 
1034 2711861 
1035 2711862 
1036 2711862 
1037 2711863 
1038 2711863 
1039 2711863 
1040 2711864 
1041 2711864 
1042 2711865 
1043 2711865 
1044 2711865 
1045 2711866 
1046 2711866 
1047 2711867 
1048 2711873 
1049 2711874 
1050 2711875 
1051 2711876 
1052 2711876 
1053 2711876 
1054 2711877 
1055 2711877 
1056 2711877 
1057 2711878 
1058 2711880 
1059 2711881 
1060 2711883 
1061 2711886 
1062 2711887 
1063 2711887 
1064 2711888 
1065 2711888 
1066 2711888 
1067 2711889 
1068 2711889 
1069 2711889 
1070 2711890 
1071 2711890 
1072 2711890 
1073 2711891 
1074 2711891 
1075 2711899 
1076 2711907 
1077 2711909 
1078 2711909 
1079 2711909 
1080 2711910 
1081 2711910 
1082 2711910 
1083 2711911 
1084 2711911 
1085 2711911 
1086 2711912 
1087 2711912 
1088 2711913 
1089 2711913 
1090 2711913 
1091 2711914 
1092 2711914 
1093 2711914 
1094 2711915 
1095 2711916 
1096 2711916 
1097 2711917 
1098 2711917 
1099 2711917 
1100 2711917 
1101 2711918 
1102 2711919 
1103 2711919 
1104 2711920 
1105 2711920 
1106 2711921 
1107 2711921 
1108 2711921 
1109 2711921 
1110 2711922 
1111 2711922 
1112 2711923 
1113 2711923 
1114 2711923 
1115 2711924 
1116 2711924 
1117 2711925 
1118 2711925 
1119 2711925 
1120 2711926 
1121 2711926 
1122 2711926 
1123 2711926 
1124 2711927 
1125 2711927 
1126 2711927 
1127 2711928 
1128 2711928 
1129 2711930 
1130 2711930 
1131 2711930 
1132 2711931 
1133 2711933 
1134 2711934 
1135 2711934 
1136 2711934 
1137 2711935 
1138 2711935 
1139 2711935 
1140 2711940 
1141 2711948 
1142 2711950 
1143 2711950 
1144 2711974 
1145 2711978 
1146 2711980 
1147 2711985 
1148 2711985 
1149 2711994 
1150 2712003 
1151 2712005 
1152 2712010 
1153 2712015 
1154 2712015 
1155 2712018 
1156 2712018 
1157 2712019 
1158 2712019 
1159 2712020 
1160 2712024 
1161 2712037 
1162 2712043 
1163 2712043 
1164 2712049 
1165 2712049 
1166 2712050 
1167 2712051 
1168 2712051 
1169 2712052 
1170 2712052 
1171 2712053 
1172 2712053 
1173 2712054 
1174 2712055 
1175 2712055 
1176 2712060 
1177 2712062 
1178 2712063 
1179 2712063 
1180 2712064 
1181 2712064 
1182 2712065 
1183 2712065 
1184 2712065 
1185 2712065 
1186 2712066 
1187 2712066 
1188 2712067 
1189 2712067 
1190 2712068 
1191 2712068 
1192 2712069 
1193 2712069 
1194 2712070 
1195 2712070 
1196 2712070 
1197 2712071 
1198 2712071 
1199 2712071 
1200 2712072 
1201 2712072 
1202 2712080 
1203 2712082 
1204 2712085 
1205 2712086 
1206 2712089 
1207 2712093 
1208 2712095 
1209 2712103 
1210 2712103 
1211 2712103 
1212 2712104 
1213 2712104 
1214 2712106 
1215 2712106 
1216 2712106 
1217 2712133 
1218 2712138 
1219 2712148 
1220 2712155 
1221 2712155 
1222 2712156 
1223 2712193 
1224 2712198 
1225 2712206 
1226 2712209 
1227 2712210 
1228 2712220 
1229 2712220 
1230 2712220 
1231 2712220 
1232 2712221 
1233 2712221 
1234 2712222 
1235 2712222 
1236 2712222 
1237 2712222 
1238 2712223 
1239 2712223 
1240 2712224 
1241 2712248 
1242 2712250 
1243 2712250 
1244 2712254 
1245 2712259 
1246 2712261 
1247 2712263 
1248 2712265 
1249 2712271 
1250 2712273 
1251 2712273 
1252 2712274 
1253 2712274 
1254 2712274 
1255 2712275 
1256 2712275 
1257 2712276 
1258 2712280 
1259 2712281 
1260 2712281 
1261 2712281 
1262 2712282 
1263 2712282 
1264 2712283 
1265 2712287 
1266 2712287 
1267 2712299 
1268 2712314 
1269 2712320 
1270 2712320 
1271 2712321 
1272 2712321 
1273 2712321 
1274 2712322 
1275 2712322 
1276 2712323 
1277 2712323 
1278 2712323 
1279 2712324 
1280 2712324 
1281 2712324 
1282 2712325 
1283 2712325 
1284 2712326 
1285 2712326 
1286 2712326 
1287 2712327 
1288 2712327 
1289 2712328 
1290 2712328 
1291 2712328 
1292 2712329 
1293 2712329 
1294 2712337 
1295 2712362 
1296 2712367 
1297 2712367 
1298 2712367 
1299 2712368 
1300 2712368 
1301 2712369 
1302 2712369 
1303 2712369 
1304 2712370 
1305 2712370 
1306 2712371 
1307 2712371 
1308 2712371 
1309 2712371 
1310 2712372 
1311 2712372 
1312 2712373 
1313 2712373 
1314 2712373 
1315 2712374 
1316 2712374 
1317 2712374 
1318 2712375 
1319 2712375 
1320 2712375 
1321 2712376 
1322 2712376 
1323 2712376 
1324 2712377 
1325 2712377 
1326 2712377 
1327 2712378 
1328 2712378 
1329 2712378 
1330 2712381 
1331 2712382 
1332 2712382 
1333 2712382 
1334 2712383 
1335 2712383 
1336 2712384 
1337 2712386 
1338 2712409 
1339 2712426 
1340 2712426 
1341 2712427 
1342 2712427 
1343 2712443 
1344 2712447 
1345 2712447 
1346 2712448 
1347 2712451 
1348 2712452 
1349 2712454 
1350 2712455 
1351 2712461 
1352 2712472 
1353 2712475 
1354 2712478 
1355 2712479 
1356 2712480 
1357 2712481 
1358 2712481 
1359 2712481 
1360 2712484 
1361 2712488 
1362 2712488 
1363 2712489 
1364 2712489 
1365 2712489 
1366 2712490 
1367 2712490 
1368 2712490 
1369 2712491 
1370 2712495 
1371 2712502 
1372 2712503 
1373 2712503 
1374 2712504 
1375 2712505 
1376 2712505 
1377 2712506 
1378 2712506 
1379 2712506 
1380 2712512 
1381 2712512 
1382 2712514 
1383 2712519 
1384 2712522 
1385 2712532 
1386 2712544 
1387 2712547 
1388 2712549 
1389 2712554 
1390 2712555 
1391 2712559 
1392 2712567 
1393 2712567 
1394 2712571 
1395 2712573 
1396 2712575 
1397 2712576 
1398 2712577 
1399 2712579 
1400 2712579 
1401 2712579 
1402 2712579 
1403 2712580 
1404 2712582 
1405 2712582 
1406 2712583 
1407 2712583 
1408 2712583 
1409 2712584 
1410 2712584 
1411 2712586 
1412 2712591 
1413 2712591 
1414 2712595 
1415 2712596 
1416 2712598 
1417 2712599 
1418 2712601 
1419 2712601 
1420 2712601 
1421 2712605 
1422 2712607 
1423 2712607 
1424 2712608 
1425 2712608 
1426 2712609 
1427 2712611 
1428 2712624 
1429 2712624 
1430 2712626 
1431 2712627 
1432 2712634 
1433 2712638 
1434 2712639 
1435 2712641 
1436 2712642 
1437 2712646 
1438 2712650 
1439 2712651 
1440 2712651 
1441 2712652 
1442 2712652 
1443 2712665 
1444 2712675 
1445 2712683 
1446 2712684 
1447 2712689 
1448 2712689 
1449 2712690 
1450 2712690 
1451 2712691 
1452 2712691 
1453 2712694 
1454 2712697 
1455 2712704 
1456 2712710 
1457 2712711 
1458 2712716 
1459 2712717 
1460 2712717 
1461 2712718 
1462 2712718 
1463 2712718 
1464 2712719 
1465 2712719 
1466 2712719 
1467 2712720 
1468 2712720 
1469 2712721 
1470 2712722 
1471 2712722 
1472 2712725 
1473 2712735 
1474 2712740 
1475 2712743 
1476 2712746 
1477 2712748 
1478 2712750 
1479 2712751 
1480 2712771 
1481 2712771 
1482 2712771 
1483 2712774 
1484 2712774 
1485 2712775 
1486 2712776 
1487 2712776 
1488 2712777 
1489 2712777 
1490 2712778 
1491 2712778 
1492 2712778 
1493 2712779 
1494 2712781 
1495 2712783 
1496 2712784 
1497 2712784 
1498 2712784 
1499 2712785 
1500 2712785 
1501 2712796 
1502 2712801 
1503 2712804 
1504 2712806 
1505 2712808 
1506 2712811 
1507 2712811 
1508 2712815 
1509 2712815 
1510 2712816 
1511 2712818 
1512 2712820 
1513 2712821 
1514 2712821 
1515 2712821 
1516 2712823 
1517 2712832 
1518 2712832 
1519 2712833 
1520 2712835 
1521 2712842 
1522 2712844 
1523 2712844 
1524 2712845 
1525 2712847 
1526 2712847 
1527 2712848 
1528 2712849 
1529 2712850 
1530 2712850 
1531 2712852 
1532 2712853 
1533 2712853 
1534 2712854 
1535 2712855 
1536 2712857 
1537 2712857 
1538 2712858 
1539 2712858 
1540 2712860 
1541 2712861 
1542 2712861 
1543 2712862 
1544 2712862 
1545 2712868 
1546 2712870 
1547 2712871 
1548 2712872 
1549 2712872 
1550 2712873 
1551 2712873 
1552 2712874 
1553 2712874 
1554 2712874 
1555 2712874 
1556 2712875 
1557 2712875 
1558 2712875 
1559 2712878 
1560 2712878 
1561 2712879 
1562 2712879 
1563 2712880 
1564 2712880 
1565 2712880 
1566 2712881 
1567 2712881 
1568 2712881 
1569 2712882 
1570 2712882 
1571 2712882 
1572 2712883 
1573 2712883 
1574 2712884 
1575 2712885 
1576 2712886 
1577 2712886 
1578 2712886 
1579 2712887 
1580 2712887 
1581 2712887 
1582 2712887 
1583 2712888 
1584 2712889 
1585 2712891 
1586 2712893 
1587 2712894 
1588 2712896 
1589 2712896 
1590 2712897 
1591 2712897 
1592 2712900 
1593 2712906 
1594 2712906 
1595 2712906 
1596 2712907 
1597 2712918 
1598 2712919 
1599 2712920 
1600 2712921 
1601 2712924 
1602 2712924 
1603 2712924 
1604 2712925 
1605 2712925 
1606 2712926 
1607 2712932 
1608 2712933 
1609 2712933 
1610 2712933 
1611 2712934 
1612 2712934 
1613 2712939 
1614 2712945 
1615 2712946 
1616 2712947 
1617 2712947 
1618 2712963 
1619 2712965 
1620 2712967 
1621 2712968 
1622 2712973 
1623 2712974 
1624 2712976 
1625 2712983 
1626 2712983 
1627 2712983 
1628 2712985 
1629 2712985 
1630 2712985 
1631 2712989 
1632 2712990 
1633 2712991 
1634 2712995 
1635 2712996 
1636 2713031 
1637 2713032 
1638 2713032 
1639 2713033 
1640 2713033 
1641 2713033 
1642 2713041 
1643 2713043 
1644 2713054 
1645 2713055 
1646 2713057 
1647 2713065 
1648 2713066 
1649 2713067 
1650 2713073 
1651 2713073 
1652 2713074 
1653 2713075 
1654 2713075 
1655 2713075 
1656 2713076 
1657 2713076 
1658 2713076 
1659 2713077 
1660 2713077 
1661 2713077 
1662 2713078 
1663 2713078 
1664 2713078 
1665 2713079 
1666 2713079 
1667 2713081 
1668 2713081 
1669 2713082 
1670 2713082 
1671 2713083 
1672 2713084 
1673 2713084 
1674 2713085 
1675 2713085 
1676 2713089 
1677 2713091 
1678 2713092 
1679 2713092 
1680 2713092 
1681 2713093 
1682 2713093 
1683 2713099 
1684 2713101 
1685 2713102 
1686 2713102 
1687 2713107 
1688 2713108 
1689 2713113 
1690 2713115 
1691 2713115 
1692 2713115 
1693 2713118 
1694 2713119 
1695 2713119 
1696 2713121 
1697 2713124 
1698 2713125 
1699 2713127 
1700 2713131 
1701 2713146 
1702 2713148 
1703 2713149 
1704 2713149 
1705 2713149 
1706 2713149 
1707 2713150 
1708 2713150 
1709 2713150 
1710 2713151 
1711 2713151 
1712 2713151 
1713 2713154 
1714 2713155 
1715 2713160 
1716 2713162 
1717 2713164 
1718 2713167 
1719 2713167 
1720 2713171 
1721 2713173 
1722 2713178 
1723 2713178 
1724 2713181 
1725 2713182 
1726 2713184 
1727 2713190 
1728 2713192 
1729 2713195 
1730 2713201 
1731 2713201 
1732 2713206 
1733 2713208 
1734 2713209 
1735 2713209 
1736 2713211 
1737 2713215 
1738 2713217 
1739 2713219 
1740 2713219 
1741 2713222 
1742 2713223 
1743 2713223 
1744 2713223 
1745 2713227 
1746 2713230 
1747 2713230 
1748 2713237 
1749 2713237 
1750 2713238 
1751 2713238 
1752 2713238 
1753 2713240 
1754 2713242 
1755 2713244 
1756 2713244 
1757 2713247 
1758 2713253 
1759 2713254 
1760 2713256 
1761 2713258 
1762 2713261 
1763 2713262 
1764 2713270 
1765 2713272 
1766 2713272 
1767 2713275 
1768 2713276 
1769 2713277 
1770 2713279 
1771 2713282 
1772 2713284 
1773 2713285 
1774 2713286 
1775 2713286 
1776 2713287 
1777 2713287 
1778 2713288 
1779 2713290 
1780 2713293 
1781 2713315 
1782 2713319 
1783 2713323 
1784 2713325 
1785 2713326 
1786 2713328 
1787 2713330 
1788 2713330 
1789 2713330 
1790 2713331 
1791 2713331 
1792 2713332 
1793 2713337 
1794 2713343 
1795 2713343 
1796 2713344 
1797 2713345 
1798 2713348 
1799 2713355 
1800 2713357 
1801 2713358 
1802 2713360 
1803 2713360 
1804 2713362 
1805 2713364 
1806 2713369 
1807 2713378 
1808 2713378 
1809 2713378 
1810 2713379 
1811 2713379 
1812 2713380 
1813 2713380 
1814 2713386 
1815 2713386 
1816 2713386 
1817 2713387 
1818 2713387 
1819 2713387 
1820 2713387 
1821 2713388 
1822 2713388 
1823 2713388 
1824 2713389 
1825 2713389 
1826 2713389 
1827 2713390 
1828 2713390 
1829 2713390 
1830 2713391 
1831 2713391 
1832 2713391 
1833 2713392 
1834 2713392 
1835 2713393 
1836 2713393 
1837 2713393 
1838 2713393 
1839 2713419 
1840 2713419 
1841 2713422 
1842 2713423 
1843 2713424 
1844 2713424 
1845 2713424 
1846 2713425 
1847 2713425 
1848 2713425 
1849 2713426 
1850 2713426 
1851 2713426 
1852 2713426 
1853 2713427 
1854 2713427 
1855 2713427 
1856 2713428 
1857 2713428 
1858 2713428 
1859 2713429 
1860 2713429 
1861 2713429 
1862 2713430 
1863 2713430 
1864 2713430 
1865 2713431 
1866 2713431 
1867 2713431 
1868 2713431 
1869 2713432 
1870 2713432 
1871 2713432 
1872 2713433 
1873 2713433 
1874 2713433 
1875 2713434 
1876 2713434 
1877 2713434 
1878 2713434 
1879 2713435 
1880 2713435 
1881 2713436 
1882 2713436 
1883 2713437 
1884 2713437 
1885 2713437 
1886 2713437 
1887 2713438 
1888 2713438 
1889 2713438 
1890 2713439 
1891 2713439 
1892 2713439 
1893 2713439 
1894 2713440 
1895 2713440 
1896 2713440 
1897 2713441 
1898 2713441 
1899 2713441 
1900 2713442 
1901 2713442 
1902 2713442 
1903 2713443 
1904 2713443 
1905 2713443 
1906 2713444 
1907 2713444 
1908 2713444 
1909 2713444 
1910 2713445 
1911 2713445 
1912 2713445 
1913 2713445 
1914 2713446 
1915 2713446 
1916 2713446 
1917 2713447 
1918 2713447 
1919 2713447 
1920 2713447 
1921 2713448 
1922 2713448 
1923 2713448 
1924 2713450 
1925 2713450 
1926 2713450 
1927 2713451 
1928 2713452 
1929 2713453 
1930 2713453 
1931 2713454 
1932 2713455 
1933 2713455 
1934 2713456 
1935 2713456 
1936 2713457 
1937 2713458 
1938 2713458 
1939 2713459 
1940 2713461 
1941 2713463 
1942 2713463 
1943 2713464 
1944 2713464 
1945 2713464 
1946 2713465 
1947 2713465 
1948 2713465 
1949 2713466 
1950 2713466 
1951 2713467 
1952 2713467 
1953 2713467 
1954 2713468 
1955 2713468 
1956 2713468 
1957 2713469 
1958 2713469 
1959 2713469 
1960 2713470 
1961 2713470 
1962 2713471 
1963 2713471 
1964 2713472 
1965 2713472 
1966 2713473 
1967 2713473 
1968 2713473 
1969 2713474 
1970 2713474 
1971 2713474 
1972 2713475 
1973 2713476 
1974 2713476 
1975 2713476 
1976 2713477 
1977 2713477 
1978 2713477 
1979 2713477 
1980 2713478 
1981 2713478 
1982 2713478 
1983 2713479 
1984 2713479 
1985 2713479 
1986 2713480 
1987 2713480 
1988 2713480 
1989 2713481 
1990 2713481 
1991 2713481 
1992 2713482 
1993 2713482 
1994 2713482 
1995 2713483 
1996 2713484 
1997 2713484 
1998 2713485 
1999 2713485 
2000 2713486 
2001 2713486 
2002 2713486 
2003 2713487 
2004 2713487 
2005 2713487 
2006 2713487 
2007 2713488 
2008 2713488 
2009 2713489 
2010 2713489 
2011 2713489 
2012 2713489 
2013 2713490 
2014 2713490 
2015 2713491 
2016 2713491 
2017 2713491 
2018 2713492 
2019 2713492 
2020 2713492 
2021 2713493 
2022 2713493 
2023 2713493 
2024 2713497 
2025 2713501 
2026 2713502 
2027 2713502 
2028 2713503 
2029 2713504 
2030 2713505 
2031 2713506 
2032 2713506 
2033 2713506 
2034 2713507 
2035 2713507 
2036 2713507 
2037 2713508 
2038 2713508 
2039 2713508 
2040 2713509 
2041 2713509 
2042 2713509 
2043 2713510 
2044 2713510 
2045 2713510 
2046 2713511 
2047 2713511 
2048 2713511 
2049 2713512 
2050 2713512 
2051 2713512 
2052 2713512 
2053 2713513 
2054 2713513 
2055 2713513 
2056 2713513 
2057 2713514 
2058 2713514 
2059 2713514 
2060 2713515 
2061 2713515 
2062 2713515 
2063 2713516 
2064 2713516 
2065 2713516 
2066 2713516 
2067 2713517 
2068 2713517 
2069 2713518 
2070 2713518 
2071 2713518 
2072 2713519 
2073 2713519 
2074 2713519 
2075 2713520 
2076 2713520 
2077 2713520 
2078 2713521 
2079 2713521 
2080 2713522 
2081 2713522 
2082 2713523 
2083 2713524 
2084 2713525 
2085 2713525 
2086 2713529 
2087 2713529 
2088 2713529 
2089 2713530 
2090 2713530 
2091 2713530 
2092 2713531 
2093 2713533 
2094 2713539 
2095 2713542 
2096 2713544 
2097 2713548 
2098 2713548 
2099 2713549 
2100 2713549 
2101 2713549 
2102 2713555 
2103 2713560 
2104 2713560 
2105 2713561 
2106 2713564 
2107 2713564 
2108 2713564 
2109 2713565 
2110 2713565 
2111 2713565 
2112 2713566 
2113 2713566 
2114 2713566 
2115 2713566 
2116 2713567 
2117 2713567 
2118 2713567 
2119 2713568 
2120 2713569 
2121 2713569 
2122 2713569 
2123 2713569 
2124 2713570 
2125 2713570 
2126 2713571 
2127 2713571 
2128 2713571 
2129 2713572 
2130 2713572 
2131 2713573 
2132 2713573 
2133 2713573 
2134 2713574 
2135 2713575 
2136 2713576 
2137 2713576 
2138 2713577 
2139 2713578 
2140 2713578 
2141 2713578 
2142 2713579 
2143 2713579 
2144 2713580 
2145 2713580 
2146 2713581 
2147 2713581 
2148 2713582 
2149 2713582 
2150 2713582 
2151 2713583 
2152 2713583 
2153 2713584 
2154 2713584 
2155 2713585 
2156 2713585 
2157 2713585 
2158 2713586 
2159 2713586 
2160 2713587 
2161 2713588 
2162 2713589 
2163 2713589 
2164 2713590 
2165 2713590 
2166 2713590 
2167 2713591 
2168 2713591 
2169 2713591 
2170 2713591 
2171 2713592 
2172 2713592 
2173 2713592 
2174 2713593 
2175 2713593 
2176 2713593 
2177 2713594 
2178 2713595 
2179 2713595 
2180 2713595 
2181 2713596 
2182 2713596 
2183 2713596 
2184 2713597 
2185 2713597 
2186 2713597 
2187 2713598 
2188 2713598 
2189 2713599 
2190 2713599 
2191 2713599 
2192 2713600 
2193 2713600 
2194 2713600 
2195 2713601 
2196 2713601 
2197 2713601 
2198 2713602 
2199 2713602 
2200 2713602 
2201 2713603 
2202 2713603 
2203 2713603 
2204 2713604 
2205 2713604 
2206 2713604 
2207 2713605 
2208 2713605 
2209 2713605 
2210 2713606 
2211 2713606 
2212 2713606 
2213 2713607 
2214 2713607 
2215 2713607 
2216 2713608 
2217 2713608 
2218 2713611 
2219 2713612 
2220 2713612 
2221 2713612 
2222 2713613 
2223 2713613 
2224 2713613 
2225 2713614 
2226 2713615 
2227 2713616 
2228 2713619 
2229 2713619 
2230 2713620 
2231 2713620 
2232 2713620 
2233 2713621 
2234 2713621 
2235 2713621 
2236 2713622 
2237 2713622 
2238 2713622 
2239 2713623 
2240 2713623 
2241 2713624 
2242 2713626 
2243 2713627 
2244 2713627 
2245 2713627 
2246 2713628 
2247 2713628 
2248 2713628 
2249 2713629 
2250 2713629 
2251 2713629 
2252 2713630 
2253 2713630 
2254 2713630 
2255 2713631 
2256 2713631 
2257 2713631 
2258 2713632 
2259 2713632 
2260 2713633 
2261 2713633 
2262 2713633 
2263 2713634 
2264 2713634 
2265 2713634 
2266 2713635 
2267 2713635 
2268 2713636 
2269 2713636 
2270 2713636 
2271 2713640 
2272 2713641 
2273 2713641 
2274 2713642 
2275 2713644 
2276 2713646 
2277 2713648 
2278 2713648 
2279 2713649 
2280 2713649 
2281 2713649 
2282 2713649 
2283 2713650 
2284 2713650 
2285 2713652 
2286 2713653 
2287 2713654 
2288 2713654 
2289 2713655 
2290 2713655 
2291 2713655 
2292 2713656 
2293 2713656 
2294 2713657 
2295 2713657 
2296 2713657 
2297 2713658 
2298 2713658 
2299 2713659 
2300 2713671 
2301 2713678 
2302 2713690 
2303 2713692 
2304 2713693 
2305 2713693 
2306 2713694 
2307 2713695 
2308 2713696 
2309 2713697 
2310 2713699 
2311 2713700 
2312 2713701 
2313 2713702 
2314 2713702 
2315 2713702 
2316 2713702 
2317 2713703 
2318 2713704 
2319 2713705 
2320 2713706 
2321 2713707 
2322 2713708 
2323 2713708 
2324 2713708 
2325 2713709 
2326 2713709 
2327 2713709 
2328 2713710 
2329 2713710 
2330 2713710 
2331 2713711 
2332 2713711 
2333 2713711 
2334 2713711 
2335 2713711 
2336 2713712 
2337 2713712 
2338 2713712 
2339 2713712 
2340 2713712 
2341 2713713 
2342 2713713 
2343 2713713 
2344 2713714 
2345 2713714 
2346 2713714 
2347 2713715 
2348 2713715 
2349 2713715 
2350 2713716 
2351 2713716 
2352 2713716 
2353 2713717 
2354 2713717 
2355 2713717 
2356 2713718 
2357 2713718 
2358 2713718 
2359 2713719 
2360 2713719 
2361 2713719 
2362 2713720 
2363 2713720 
2364 2713720 
2365 2713721 
2366 2713721 
2367 2713721 
2368 2713721 
2369 2713721 
2370 2713722 
2371 2713722 
2372 2713722 
2373 2713722 
2374 2713723 
2375 2713723 
2376 2713724 
2377 2713724 
2378 2713724 
2379 2713725 
2380 2713725 
2381 2713725 
2382 2713726 
2383 2713726 
2384 2713726 
2385 2713727 
2386 2713727 
2387 2713727 
2388 2713728 
2389 2713728 
2390 2713728 
2391 2713729 
2392 2713729 
2393 2713729 
2394 2713730 
2395 2713731 
2396 2713736 
2397 2713736 
2398 2713736 
2399 2713737 
2400 2713737 
2401 2713737 
2402 2713738 
2403 2713738 
2404 2713738 
2405 2713739 
2406 2713739 
2407 2713739 
2408 2713740 
2409 2713740 
2410 2713743 
2411 2713746 
2412 2713746 
2413 2713747 
2414 2713747 
2415 2713747 
2416 2713748 
2417 2713748 
2418 2713748 
2419 2713748 
2420 2713749 
2421 2713749 
2422 2713750 
2423 2713750 
2424 2713751 
2425 2713751 
2426 2713751 
2427 2713751 
2428 2713752 
2429 2713753 
2430 2713754 
2431 2713755 
2432 2713756 
2433 2713757 
2434 2713758 
2435 2713759 
2436 2713764 
2437 2713765 
2438 2713765 
2439 2713765 
2440 2713766 
2441 2713766 
2442 2713766 
2443 2713767 
2444 2713777 
2445 2713778 
2446 2713778 
2447 2713783 
2448 2713784 
2449 2713784 
2450 2713786 
2451 2713788 
2452 2713791 
2453 2713794 
2454 2713797 
2455 2713800 
2456 2713801 
2457 2713801 
2458 2713804 
2459 2713804 
2460 2713804 
2461 2713805 
2462 2713807 
2463 2713807 
2464 2713807 
2465 2713809 
2466 2713810 
2467 2713810 
2468 2713811 
2469 2713811 
2470 2713812 
2471 2713812 
2472 2713814 
2473 2713814 
2474 2713815 
2475 2713816 
2476 2713816 
2477 2713816 
2478 2713816 
2479 2713817 
2480 2713817 
2481 2713817 
2482 2713819 
2483 2713819 
2484 2713820 
2485 2713820 
2486 2713820 
2487 2713821 
2488 2713821 
2489 2713821 
2490 2713822 
2491 2713822 
2492 2713823 
2493 2713823 
2494 2713823 
2495 2713825 
2496 2713825 
2497 2713826 
2498 2713830 
2499 2713832 
2500 2713833 
2501 2713833 
2502 2713834 
2503 2713834 
2504 2713834 
2505 2713835 
2506 2713835 
2507 2713835 
2508 2713836 
2509 2713836 
2510 2713837 
2511 2713837 
2512 2713838 
2513 2713838 
2514 2713838 
2515 2713840 
2516 2713841 
2517 2713841 
2518 2713842 
2519 2713842 
2520 2713843 
2521 2713852 
2522 2713852 
2523 2713855 
2524 2713855 
2525 2713856 
2526 2713856 
2527 2713857 
2528 2713858 
2529 2713858 
2530 2713859 
2531 2713862 
2532 2713862 
2533 2713862 
2534 2713863 
2535 2713863 
2536 2713863 
2537 2713863 
2538 2713864 
2539 2713864 
2540 2713864 
2541 2713864 
2542 2713865 
2543 2713865 
2544 2713865 
2545 2713866 
2546 2713866 
2547 2713866 
2548 2713866 
2549 2713866 
2550 2713867 
2551 2713867 
2552 2713870 
2553 2713870 
2554 2713870 
2555 2713873 
2556 2713874 
2557 2713874 
2558 2713876 
2559 2713876 
2560 2713877 
2561 2713878 
2562 2713878 
2563 2713878 
2564 2713879 
2565 2713880 
2566 2713880 
2567 2713882 
2568 2713882 
2569 2713882 
2570 2713883 
2571 2713883 
2572 2713883 
2573 2713884 
2574 2713884 
2575 2713886 
2576 2713894 
2577 2713895 
2578 2713895 
2579 2713896 
2580 2713896 
2581 2713897 
2582 2713898 
2583 2713910 
2584 2713919 
2585 2713921 
2586 2713921 
2587 2713922 
2588 2713924 
2589 2713926 
2590 2713927 
2591 2713929 
2592 2713930 
2593 2713930 
2594 2713930 
2595 2713931 
2596 2713931 
2597 2713932 
2598 2713932 
2599 2713932 
2600 2713933 
2601 2713933 
2602 2713933 
2603 2713933 
2604 2713934 
2605 2713934 
2606 2713934 
2607 2713935 
2608 2713935 
2609 2713935 
2610 2713936 
2611 2713936 
2612 2713936 
2613 2713937 
2614 2713937 
2615 2713937 
2616 2713938 
2617 2713938 
2618 2713938 
2619 2713939 
2620 2713939 
2621 2713939 
2622 2713940 
2623 2713940 
2624 2713940 
2625 2713949 
2626 2713955 
2627 2713960 
2628 2713962 
2629 2713963 
2630 2713965 
2631 2713966 
2632 2713968 
2633 2713970 
2634 2713971 
2635 2713972 
2636 2713974 
2637 2713975 
2638 2713987 
2639 2713988 
2640 2713989 
2641 2713990 
2642 2713991 
2643 2713997 
2644 2713999 
2645 2714003 
2646 2714004 
2647 2714011 
2648 2714011 
2649 2714018 
2650 2714024 
2651 2714026 
2652 2714031 
2653 2714031 
2654 2714035 
2655 2714038 
2656 2714038 
2657 2714039 
2658 2714042 
2659 2714043 
2660 2714047 
2661 2714048 
2662 2714049 
2663 2714050 
2664 2714051 
2665 2714052 
2666 2714056 
2667 2714056 
2668 2714058 
2669 2714061 
2670 2714062 
2671 2714062 
2672 2714062 
2673 2714063 
2674 2714063 
2675 2714075 
2676 2714075 
2677 2714076 
2678 2714076 
2679 2714080 
2680 2714080 
2681 2714084 
2682 2714085 
2683 2714085 
2684 2714087 
2685 2714092 
2686 2714093 
2687 2714096 
2688 2714100 
2689 2714103 
2690 2714104 
2691 2714107 
2692 2714109 
2693 2714109 
2694 2714112 
2695 2714112 
2696 2714112 
2697 2714115 
2698 2714116 
2699 2714117 
2700 2714124 
2701 2714126 
2702 2714129 
2703 2714130 
2704 2714131 
2705 2714132 
2706 2714137 
2707 2714141 
2708 2714142 
2709 2714146 
2710 2714148 
2711 2714154 
2712 2714160 
2713 2714164 
2714 2714167 
2715 2714172 
2716 2714172 
2717 2714173 
2718 2714176 
2719 2714177 
2720 2714178 
2721 2714180 
2722 2714182 
2723 2714183 
2724 2714185 
2725 2714186 
2726 2714188 
2727 2714190 
2728 2714193 
2729 2714196 
2730 2714196 
2731 2714197 
2732 2714197 
2733 2714199 
2734 2714202 
2735 2714206 
2736 2714208 
2737 2714217 
2738 2714227 
2739 2714227 
2740 2714227 
2741 2714229 
2742 2714232 
2743 2714234 
2744 2714234 
2745 2714237 
2746 2714239 
2747 2714246 
2748 2714246 
2749 2714247 
2750 2714247 
2751 2714248 
2752 2714248 
2753 2714255 
2754 2714257 
2755 2714258 
2756 2714259 
2757 2714259 
2758 2714259 
2759 2714267 
2760 2714274 
2761 2714278 
2762 2714281 
2763 2714283 
2764 2714287 
2765 2714301 
2766 2714302 
2767 2714304 
2768 2714305 
2769 2714305 
2770 2714305 
2771 2714305 
2772 2714306 
2773 2714306 
2774 2714306 
2775 2714307 
2776 2714307 
2777 2714307 
2778 2714308 
2779 2714308 
2780 2714312 
2781 2714312 
2782 2714313 
2783 2714314 
2784 2714315 
2785 2714315 
2786 2714315 
2787 2714316 
2788 2714317 
2789 2714319 
2790 2714319 
2791 2714322 
2792 2714329 
2793 2714329 
2794 2714330 
2795 2714330 
2796 2714330 
2797 2714331 
2798 2714331 
2799 2714331 
2800 2714332 
2801 2714332 
2802 2714332 
2803 2714333 
2804 2714333 
2805 2714334 
2806 2714334 
2807 2714334 
2808 2714335 
2809 2714335 
2810 2714336 
2811 2714336 
2812 2714336 
2813 2714337 
2814 2714337 
2815 2714337 
2816 2714337 
2817 2714338 
2818 2714338 
2819 2714338 
2820 2714339 
2821 2714339 
2822 2714340 
2823 2714340 
2824 2714340 
2825 2714343 
2826 2714344 
2827 2714345 
2828 2714347 
2829 2714350 
2830 2714354 
2831 2714358 
2832 2714358 
2833 2714366 
2834 2714367 
2835 2714368 
2836 2714373 
2837 2714374 
2838 2714375 
2839 2714375 
2840 2714378 
2841 2714380 
2842 2714381 
2843 2714383 
2844 2714384 
2845 2714390 
2846 2714391 
2847 2714392 
2848 2714395 
2849 2714397 
2850 2714397 
2851 2714397 
2852 2714398 
2853 2714399 
2854 2714399 
2855 2714400 
2856 2714400 
2857 2714400 
