1 2602800 
2 2602804 
3 2602805 
4 2602805 
5 2602808 
6 2602809 
7 2602809 
8 2602809 
9 2602809 
10 2602811 
11 2602811 
12 2602812 
13 2602812 
14 2602813 
15 2602815 
16 2602815 
17 2602816 
18 2602816 
19 2602816 
20 2602817 
21 2602817 
22 2602817 
23 2602818 
24 2602818 
25 2602821 
26 2602824 
27 2602832 
28 2602833 
29 2602833 
30 2602833 
31 2602834 
32 2602834 
33 2602834 
34 2602835 
35 2602835 
36 2602835 
37 2602835 
38 2602836 
39 2602836 
40 2602836 
41 2602836 
42 2602837 
43 2602837 
44 2602838 
45 2602842 
46 2602846 
47 2602850 
48 2602851 
49 2602855 
50 2602857 
51 2602858 
52 2602858 
53 2602858 
54 2602859 
55 2602860 
56 2602860 
57 2602860 
58 2602861 
59 2602861 
60 2602862 
61 2602862 
62 2602862 
63 2602862 
64 2602863 
65 2602863 
66 2602863 
67 2602864 
68 2602866 
69 2602866 
70 2602867 
71 2602867 
72 2602867 
73 2602868 
74 2602868 
75 2602868 
76 2602869 
77 2602869 
78 2602869 
79 2602870 
80 2602870 
81 2602870 
82 2602871 
83 2602871 
84 2602871 
85 2602872 
86 2602872 
87 2602872 
88 2602873 
89 2602873 
90 2602873 
91 2602874 
92 2602874 
93 2602874 
94 2602875 
95 2602875 
96 2602875 
97 2602875 
98 2602876 
99 2602876 
100 2602876 
101 2602877 
102 2602877 
103 2602878 
104 2602878 
105 2602878 
106 2602878 
107 2602879 
108 2602879 
109 2602879 
110 2602880 
111 2602880 
112 2602880 
113 2602881 
114 2602881 
115 2602881 
116 2602882 
117 2602882 
118 2602882 
119 2602883 
120 2602883 
121 2602884 
122 2602884 
123 2602884 
124 2602884 
125 2602885 
126 2602885 
127 2602886 
128 2602886 
129 2602886 
130 2602886 
131 2602887 
132 2602887 
133 2602887 
134 2602888 
135 2602888 
136 2602889 
137 2602889 
138 2602889 
139 2602889 
140 2602890 
141 2602890 
142 2602890 
143 2602890 
144 2602891 
145 2602891 
146 2602891 
147 2602892 
148 2602892 
149 2602892 
150 2602893 
151 2602893 
152 2602893 
153 2602893 
154 2602893 
155 2602894 
156 2602894 
157 2602894 
158 2602895 
159 2602895 
160 2602896 
161 2602896 
162 2602897 
163 2602897 
164 2602897 
165 2602897 
166 2602898 
167 2602898 
168 2602899 
169 2602899 
170 2602900 
171 2602901 
172 2602902 
173 2602902 
174 2602902 
175 2602903 
176 2602903 
177 2602903 
178 2602904 
179 2602904 
180 2602904 
181 2602905 
182 2602905 
183 2602905 
184 2602906 
185 2602906 
186 2602906 
187 2602906 
188 2602907 
189 2602907 
190 2602908 
191 2602910 
192 2602910 
193 2602910 
194 2602910 
195 2602911 
196 2602911 
197 2602912 
198 2602912 
199 2602913 
200 2602913 
201 2602913 
202 2602914 
203 2602914 
204 2602914 
205 2602915 
206 2602915 
207 2602915 
208 2602915 
209 2602916 
210 2602916 
211 2602916 
212 2602917 
213 2602917 
214 2602917 
215 2602918 
216 2602918 
217 2602918 
218 2602919 
219 2602919 
220 2602919 
221 2602920 
222 2602920 
223 2602920 
224 2602920 
225 2602921 
226 2602921 
227 2602922 
228 2602922 
229 2602922 
230 2602922 
231 2602923 
232 2602923 
233 2602923 
234 2602924 
235 2602924 
236 2602924 
237 2602924 
238 2602925 
239 2602925 
240 2602925 
241 2602925 
242 2602926 
243 2602926 
244 2602926 
245 2602926 
246 2602927 
247 2602927 
248 2602927 
249 2602927 
250 2602928 
251 2602928 
252 2602928 
253 2602929 
254 2602929 
255 2602930 
256 2602930 
257 2602930 
258 2602931 
259 2602932 
260 2602933 
261 2602933 
262 2602934 
263 2602936 
264 2602936 
265 2602938 
266 2602939 
267 2602939 
268 2602940 
269 2602940 
270 2602941 
271 2602942 
272 2602943 
273 2602944 
274 2602944 
275 2602945 
276 2602946 
277 2602946 
278 2602947 
279 2602948 
280 2602949 
281 2602949 
282 2602951 
283 2602951 
284 2602951 
285 2602951 
286 2602952 
287 2602952 
288 2602952 
289 2602953 
290 2602953 
291 2602953 
292 2602954 
293 2602954 
294 2602955 
295 2602955 
296 2602955 
297 2602956 
298 2602956 
299 2602956 
300 2602956 
301 2602957 
302 2602957 
303 2602957 
304 2602958 
305 2602958 
306 2602958 
307 2602959 
308 2602959 
309 2602959 
310 2602960 
311 2602960 
312 2602960 
313 2602961 
314 2602980 
315 2602986 
316 2602987 
317 2602987 
318 2602987 
319 2602988 
320 2602988 
321 2602989 
322 2602989 
323 2602991 
324 2602991 
325 2602993 
326 2602995 
327 2602995 
328 2602996 
329 2602999 
330 2603000 
331 2603002 
332 2603002 
333 2603002 
334 2603003 
335 2603003 
336 2603003 
337 2603004 
338 2603004 
339 2603005 
340 2603005 
341 2603006 
342 2603006 
343 2603007 
344 2603010 
345 2603010 
346 2603010 
347 2603011 
348 2603011 
349 2603012 
350 2603012 
351 2603013 
352 2603014 
353 2603014 
354 2603015 
355 2603015 
356 2603017 
357 2603018 
358 2603019 
359 2603019 
360 2603019 
361 2603022 
362 2603028 
363 2603030 
364 2603030 
365 2603032 
366 2603032 
367 2603039 
368 2603042 
369 2603042 
370 2603042 
371 2603043 
372 2603044 
373 2603046 
374 2603047 
375 2603047 
376 2603048 
377 2603048 
378 2603050 
379 2603051 
380 2603056 
381 2603058 
382 2603059 
383 2603059 
384 2603060 
385 2603060 
386 2603060 
387 2603061 
388 2603061 
389 2603066 
390 2603066 
391 2603066 
392 2603067 
393 2603068 
394 2603069 
395 2603072 
396 2603073 
397 2603073 
398 2603073 
399 2603076 
400 2603078 
401 2603080 
402 2603081 
403 2603081 
404 2603081 
405 2603082 
406 2603083 
407 2603085 
408 2603086 
409 2603087 
410 2603087 
411 2603088 
412 2603089 
413 2603093 
414 2603093 
415 2603095 
416 2603096 
417 2603096 
418 2603108 
419 2603109 
420 2603111 
421 2603112 
422 2603112 
423 2603113 
424 2603113 
425 2603114 
426 2603114 
427 2603114 
428 2603115 
429 2603115 
430 2603115 
431 2603116 
432 2603116 
433 2603116 
434 2603116 
435 2603117 
436 2603118 
437 2603118 
438 2603119 
439 2603119 
440 2603120 
441 2603120 
442 2603122 
443 2603126 
444 2603127 
445 2603130 
446 2603132 
447 2603132 
448 2603132 
449 2603133 
450 2603133 
451 2603133 
452 2603133 
453 2603135 
454 2603135 
455 2603136 
456 2603137 
457 2603137 
458 2603138 
459 2603138 
460 2603138 
461 2603138 
462 2603139 
463 2603139 
464 2603140 
465 2603140 
466 2603140 
467 2603140 
468 2603147 
469 2603149 
470 2603150 
471 2603150 
472 2603151 
473 2603151 
474 2603152 
475 2603152 
476 2603152 
477 2603153 
478 2603154 
479 2603154 
480 2603155 
481 2603156 
482 2603156 
483 2603156 
484 2603157 
485 2603157 
486 2603158 
487 2603158 
488 2603159 
489 2603160 
490 2603160 
491 2603160 
492 2603161 
493 2603163 
494 2603163 
495 2603163 
496 2603164 
497 2603165 
498 2603168 
499 2603183 
500 2603184 
501 2603186 
502 2603207 
503 2603213 
504 2603223 
505 2603226 
506 2603226 
507 2603241 
508 2603243 
509 2603247 
510 2603247 
511 2603247 
512 2603248 
513 2603248 
514 2603248 
515 2603249 
516 2603249 
517 2603250 
518 2603250 
519 2603250 
520 2603250 
521 2603251 
522 2603251 
523 2603252 
524 2603252 
525 2603252 
526 2603253 
527 2603253 
528 2603254 
529 2603254 
530 2603259 
531 2603284 
532 2603285 
533 2603285 
534 2603285 
535 2603286 
536 2603286 
537 2603287 
538 2603291 
539 2603291 
540 2603296 
541 2603297 
542 2603299 
543 2603299 
544 2603300 
545 2603300 
546 2603300 
547 2603301 
548 2603301 
549 2603302 
550 2603302 
551 2603302 
552 2603303 
553 2603303 
554 2603304 
555 2603304 
556 2603307 
557 2603307 
558 2603308 
559 2603308 
560 2603309 
561 2603310 
562 2603311 
563 2603311 
564 2603318 
565 2603327 
566 2603327 
567 2603328 
568 2603328 
569 2603333 
570 2603334 
571 2603334 
572 2603341 
573 2603341 
574 2603341 
575 2603341 
576 2603342 
577 2603342 
578 2603342 
579 2603343 
580 2603343 
581 2603343 
582 2603343 
583 2603344 
584 2603344 
585 2603345 
586 2603345 
587 2603345 
588 2603346 
589 2603346 
590 2603347 
591 2603350 
592 2603350 
593 2603351 
594 2603352 
595 2603353 
596 2603354 
597 2603354 
598 2603354 
599 2603358 
600 2603358 
601 2603359 
602 2603362 
603 2603363 
604 2603373 
605 2603373 
606 2603373 
607 2603382 
608 2603389 
609 2603391 
610 2603394 
611 2603395 
612 2603395 
613 2603396 
614 2603396 
615 2603397 
616 2603398 
617 2603401 
618 2603401 
619 2603402 
620 2603402 
621 2603403 
622 2603403 
623 2603403 
624 2603404 
625 2603405 
626 2603405 
627 2603413 
628 2603415 
629 2603416 
630 2603417 
631 2603417 
632 2603433 
633 2603437 
634 2603440 
635 2603440 
636 2603445 
637 2603446 
638 2603447 
639 2603447 
640 2603448 
641 2603449 
642 2603449 
643 2603450 
644 2603450 
645 2603450 
646 2603451 
647 2603451 
648 2603452 
649 2603456 
650 2603456 
651 2603458 
652 2603465 
653 2603473 
654 2603475 
655 2603476 
656 2603482 
657 2603482 
658 2603483 
659 2603483 
660 2603483 
661 2603485 
662 2603487 
663 2603487 
664 2603487 
665 2603487 
666 2603488 
667 2603488 
668 2603489 
669 2603491 
670 2603493 
671 2603493 
672 2603494 
673 2603498 
674 2603502 
675 2603505 
676 2603505 
677 2603506 
678 2603507 
679 2603508 
680 2603508 
681 2603511 
682 2603512 
683 2603512 
684 2603513 
685 2603514 
686 2603514 
687 2603515 
688 2603515 
689 2603515 
690 2603517 
691 2603519 
692 2603519 
693 2603520 
694 2603520 
695 2603521 
696 2603521 
697 2603521 
698 2603522 
699 2603522 
700 2603522 
701 2603523 
702 2603524 
703 2603526 
704 2603527 
705 2603533 
706 2603535 
707 2603535 
708 2603535 
709 2603536 
710 2603537 
711 2603537 
712 2603540 
713 2603540 
714 2603543 
715 2603545 
716 2603545 
717 2603545 
718 2603545 
719 2603547 
720 2603547 
721 2603552 
722 2603553 
723 2603553 
724 2603553 
725 2603554 
726 2603555 
727 2603556 
728 2603556 
729 2603559 
730 2603559 
731 2603560 
732 2603560 
733 2603561 
734 2603561 
735 2603562 
736 2603562 
737 2603562 
738 2603563 
739 2603563 
740 2603564 
741 2603564 
742 2603565 
743 2603565 
744 2603565 
745 2603565 
746 2603566 
747 2603568 
748 2603569 
749 2603569 
750 2603572 
751 2603573 
752 2603574 
753 2603576 
754 2603580 
755 2603580 
756 2603581 
757 2603581 
758 2603581 
759 2603583 
760 2603593 
761 2603593 
762 2603597 
763 2603598 
764 2603598 
765 2603598 
766 2603598 
767 2603600 
768 2603601 
769 2603601 
770 2603602 
771 2603602 
772 2603602 
773 2603602 
774 2603604 
775 2603604 
776 2603605 
777 2603606 
778 2603607 
779 2603607 
780 2603608 
781 2603615 
782 2603619 
783 2603619 
784 2603620 
785 2603621 
786 2603621 
787 2603622 
788 2603623 
789 2603623 
790 2603623 
791 2603624 
792 2603624 
793 2603624 
794 2603627 
795 2603636 
796 2603644 
797 2603652 
798 2603659 
799 2603661 
800 2603661 
801 2603668 
802 2603670 
803 2603671 
804 2603671 
805 2603672 
806 2603672 
807 2603673 
808 2603676 
809 2603676 
810 2603678 
811 2603678 
812 2603680 
813 2603683 
814 2603684 
815 2603687 
816 2603688 
817 2603689 
818 2603689 
819 2603690 
820 2603690 
821 2603692 
822 2603693 
823 2603694 
824 2603696 
825 2603696 
826 2603696 
827 2603699 
828 2603701 
829 2603710 
830 2603712 
831 2603714 
832 2603717 
833 2603719 
834 2603723 
835 2603727 
836 2603736 
837 2603741 
838 2603745 
839 2603747 
840 2603749 
841 2603749 
842 2603752 
843 2603756 
844 2603757 
845 2603766 
846 2603767 
847 2603767 
848 2603769 
849 2603769 
850 2603771 
851 2603774 
852 2603775 
853 2603777 
854 2603781 
855 2603782 
856 2603791 
857 2603796 
858 2603797 
859 2603819 
860 2603819 
861 2603820 
862 2603820 
863 2603823 
864 2603824 
865 2603825 
866 2603825 
867 2603826 
868 2603826 
869 2603827 
870 2603827 
871 2603830 
872 2603831 
873 2603833 
874 2603834 
875 2603834 
876 2603835 
877 2603835 
878 2603835 
879 2603836 
880 2603836 
881 2603836 
882 2603838 
883 2603839 
884 2603839 
885 2603853 
886 2603853 
887 2603854 
888 2603857 
889 2603859 
890 2603860 
891 2603860 
892 2603869 
893 2603869 
894 2603870 
895 2603876 
896 2603887 
897 2603889 
898 2603891 
899 2603892 
900 2603896 
901 2603896 
902 2603897 
903 2603898 
904 2603898 
905 2603899 
906 2603899 
907 2603900 
908 2603900 
909 2603901 
910 2603903 
911 2603906 
912 2603907 
913 2603912 
914 2603913 
915 2603916 
916 2603926 
917 2603928 
918 2603928 
919 2603928 
920 2603929 
921 2603929 
922 2603930 
923 2603930 
924 2603931 
925 2603931 
926 2603934 
927 2603942 
928 2603942 
929 2603944 
930 2603949 
931 2603950 
932 2603950 
933 2603951 
934 2603955 
935 2603957 
936 2603957 
937 2603959 
938 2603961 
939 2603962 
940 2603964 
941 2603964 
942 2603965 
943 2603968 
944 2603969 
945 2603969 
946 2603969 
947 2603970 
948 2603970 
949 2603970 
950 2603971 
951 2603971 
952 2603972 
953 2603973 
954 2603973 
955 2603974 
956 2603977 
957 2603978 
958 2603981 
959 2603985 
960 2603986 
961 2603989 
962 2603992 
963 2603992 
964 2603995 
965 2603996 
966 2603998 
967 2603999 
968 2603999 
969 2604000 
970 2604000 
971 2604004 
972 2604007 
973 2604007 
974 2604008 
975 2604008 
976 2604010 
977 2604015 
978 2604016 
979 2604016 
980 2604017 
981 2604017 
982 2604018 
983 2604018 
984 2604019 
985 2604020 
986 2604026 
987 2604026 
988 2604043 
989 2604043 
990 2604044 
991 2604044 
992 2604044 
993 2604044 
994 2604045 
995 2604045 
996 2604045 
997 2604045 
998 2604045 
999 2604055 
1000 2604060 
1001 2604060 
1002 2604061 
1003 2604061 
1004 2604061 
1005 2604062 
1006 2604062 
1007 2604062 
1008 2604065 
1009 2604067 
1010 2604067 
1011 2604069 
1012 2604070 
1013 2604076 
1014 2604079 
1015 2604080 
1016 2604081 
1017 2604081 
1018 2604081 
1019 2604084 
1020 2604084 
1021 2604084 
1022 2604085 
1023 2604086 
1024 2604086 
1025 2604086 
1026 2604087 
1027 2604087 
1028 2604092 
1029 2604094 
1030 2604094 
1031 2604094 
1032 2604094 
1033 2604095 
1034 2604095 
1035 2604095 
1036 2604096 
1037 2604097 
1038 2604098 
1039 2604098 
1040 2604099 
1041 2604099 
1042 2604100 
1043 2604100 
1044 2604102 
1045 2604104 
1046 2604105 
1047 2604106 
1048 2604106 
1049 2604106 
1050 2604106 
1051 2604107 
1052 2604107 
1053 2604107 
1054 2604108 
1055 2604109 
1056 2604110 
1057 2604110 
1058 2604110 
1059 2604111 
1060 2604111 
1061 2604112 
1062 2604112 
1063 2604113 
1064 2604113 
1065 2604113 
1066 2604114 
1067 2604114 
1068 2604115 
1069 2604115 
1070 2604115 
1071 2604116 
1072 2604116 
1073 2604116 
1074 2604117 
1075 2604118 
1076 2604118 
1077 2604118 
1078 2604118 
1079 2604119 
1080 2604119 
1081 2604121 
1082 2604123 
1083 2604124 
1084 2604124 
1085 2604125 
1086 2604125 
1087 2604125 
1088 2604126 
1089 2604129 
1090 2604131 
1091 2604131 
1092 2604132 
1093 2604132 
1094 2604132 
1095 2604133 
1096 2604134 
1097 2604135 
1098 2604136 
1099 2604136 
1100 2604137 
1101 2604137 
1102 2604139 
1103 2604140 
1104 2604140 
1105 2604142 
1106 2604142 
1107 2604143 
1108 2604143 
1109 2604143 
1110 2604143 
1111 2604143 
1112 2604144 
1113 2604144 
1114 2604145 
1115 2604145 
1116 2604145 
1117 2604146 
1118 2604146 
1119 2604146 
1120 2604147 
1121 2604147 
1122 2604148 
1123 2604148 
1124 2604150 
1125 2604151 
1126 2604152 
1127 2604152 
1128 2604153 
1129 2604154 
1130 2604154 
1131 2604154 
1132 2604155 
1133 2604155 
1134 2604155 
1135 2604159 
1136 2604160 
1137 2604162 
1138 2604165 
1139 2604165 
1140 2604168 
1141 2604169 
1142 2604169 
1143 2604171 
1144 2604171 
1145 2604171 
1146 2604173 
1147 2604175 
1148 2604176 
1149 2604176 
1150 2604176 
1151 2604177 
1152 2604179 
1153 2604179 
1154 2604180 
1155 2604180 
1156 2604183 
1157 2604184 
1158 2604185 
1159 2604187 
1160 2604188 
1161 2604189 
1162 2604189 
1163 2604192 
1164 2604192 
1165 2604194 
1166 2604195 
1167 2604196 
1168 2604197 
1169 2604199 
1170 2604203 
1171 2604203 
1172 2604206 
1173 2604207 
1174 2604210 
1175 2604213 
1176 2604218 
1177 2604218 
1178 2604218 
1179 2604219 
1180 2604219 
1181 2604219 
1182 2604220 
1183 2604220 
1184 2604225 
1185 2604225 
1186 2604227 
1187 2604227 
1188 2604227 
1189 2604228 
1190 2604232 
1191 2604234 
1192 2604235 
1193 2604239 
1194 2604240 
1195 2604243 
1196 2604245 
1197 2604248 
1198 2604248 
1199 2604250 
1200 2604251 
1201 2604254 
1202 2604257 
1203 2604260 
1204 2604261 
1205 2604262 
1206 2604262 
1207 2604263 
1208 2604263 
1209 2604263 
1210 2604265 
1211 2604265 
1212 2604268 
1213 2604272 
1214 2604272 
1215 2604273 
1216 2604274 
1217 2604284 
1218 2604284 
1219 2604284 
1220 2604287 
1221 2604288 
1222 2604289 
1223 2604289 
1224 2604290 
1225 2604290 
1226 2604290 
1227 2604291 
1228 2604291 
1229 2604291 
1230 2604294 
1231 2604295 
1232 2604295 
1233 2604296 
1234 2604297 
1235 2604298 
1236 2604298 
1237 2604301 
1238 2604304 
1239 2604306 
1240 2604317 
1241 2604321 
1242 2604322 
1243 2604322 
1244 2604329 
1245 2604331 
1246 2604332 
1247 2604336 
1248 2604343 
1249 2604346 
1250 2604347 
1251 2604348 
1252 2604353 
1253 2604354 
1254 2604357 
1255 2604357 
1256 2604359 
1257 2604361 
1258 2604362 
1259 2604365 
1260 2604367 
1261 2604369 
1262 2604370 
1263 2604375 
1264 2604375 
1265 2604376 
1266 2604380 
1267 2604380 
1268 2604380 
1269 2604381 
1270 2604381 
1271 2604381 
1272 2604382 
1273 2604382 
1274 2604387 
1275 2604388 
1276 2604389 
1277 2604389 
1278 2604389 
1279 2604390 
1280 2604396 
1281 2604396 
1282 2604396 
1283 2604396 
1284 2604399 
1285 2604402 
1286 2604403 
1287 2604406 
1288 2604413 
1289 2604414 
1290 2604414 
1291 2604417 
1292 2604419 
1293 2604419 
1294 2604420 
1295 2604423 
1296 2604425 
1297 2604425 
1298 2604428 
1299 2604428 
1300 2604428 
1301 2604429 
1302 2604429 
1303 2604430 
1304 2604431 
1305 2604431 
1306 2604432 
1307 2604434 
1308 2604434 
1309 2604436 
1310 2604437 
1311 2604437 
1312 2604437 
1313 2604438 
1314 2604439 
1315 2604439 
1316 2604439 
1317 2604440 
1318 2604440 
1319 2604441 
1320 2604441 
1321 2604441 
1322 2604442 
1323 2604442 
1324 2604442 
1325 2604443 
1326 2604443 
1327 2604443 
1328 2604443 
1329 2604443 
1330 2604444 
1331 2604444 
1332 2604444 
1333 2604444 
1334 2604445 
1335 2604445 
1336 2604446 
1337 2604451 
1338 2604451 
1339 2604451 
1340 2604455 
1341 2604456 
1342 2604459 
1343 2604460 
1344 2604460 
1345 2604461 
1346 2604462 
1347 2604462 
1348 2604463 
1349 2604466 
1350 2604466 
1351 2604467 
1352 2604467 
1353 2604467 
1354 2604469 
1355 2604474 
1356 2604475 
1357 2604475 
1358 2604475 
1359 2604476 
1360 2604476 
1361 2604476 
1362 2604477 
1363 2604477 
1364 2604477 
1365 2604477 
1366 2604478 
1367 2604479 
1368 2604481 
1369 2604481 
1370 2604482 
1371 2604483 
1372 2604484 
1373 2604484 
1374 2604487 
1375 2604489 
1376 2604489 
1377 2604489 
1378 2604490 
1379 2604490 
1380 2604500 
1381 2604500 
1382 2604504 
1383 2604507 
1384 2604508 
1385 2604511 
1386 2604511 
1387 2604512 
1388 2604512 
1389 2604512 
1390 2604513 
1391 2604513 
1392 2604513 
1393 2604513 
1394 2604514 
1395 2604514 
1396 2604514 
1397 2604514 
1398 2604516 
1399 2604517 
1400 2604518 
1401 2604518 
1402 2604519 
1403 2604520 
1404 2604520 
1405 2604521 
1406 2604521 
1407 2604521 
1408 2604522 
1409 2604522 
1410 2604522 
1411 2604523 
1412 2604523 
1413 2604524 
1414 2604525 
1415 2604525 
1416 2604525 
1417 2604526 
1418 2604526 
1419 2604527 
1420 2604527 
1421 2604527 
1422 2604528 
1423 2604529 
1424 2604529 
1425 2604530 
1426 2604530 
1427 2604531 
1428 2604531 
1429 2604531 
1430 2604537 
1431 2604538 
1432 2604538 
1433 2604539 
1434 2604540 
1435 2604540 
1436 2604540 
1437 2604540 
1438 2604540 
1439 2604541 
1440 2604541 
1441 2604541 
1442 2604541 
1443 2604542 
1444 2604542 
1445 2604543 
1446 2604543 
1447 2604543 
1448 2604543 
1449 2604543 
1450 2604544 
1451 2604544 
1452 2604544 
1453 2604545 
1454 2604545 
1455 2604545 
1456 2604548 
1457 2604548 
1458 2604552 
1459 2604553 
1460 2604560 
1461 2604561 
1462 2604562 
1463 2604562 
1464 2604562 
1465 2604564 
1466 2604564 
1467 2604564 
1468 2604565 
1469 2604565 
1470 2604566 
1471 2604566 
1472 2604566 
1473 2604567 
1474 2604567 
1475 2604567 
1476 2604568 
1477 2604569 
1478 2604569 
1479 2604570 
1480 2604570 
1481 2604571 
1482 2604572 
1483 2604572 
1484 2604572 
1485 2604572 
1486 2604573 
1487 2604573 
1488 2604574 
1489 2604574 
1490 2604574 
1491 2604575 
1492 2604575 
1493 2604575 
1494 2604577 
1495 2604577 
1496 2604578 
1497 2604578 
1498 2604581 
1499 2604582 
1500 2604583 
1501 2604584 
1502 2604589 
1503 2604589 
1504 2604589 
1505 2604590 
1506 2604592 
1507 2604593 
1508 2604595 
1509 2604596 
1510 2604597 
1511 2604600 
1512 2604600 
1513 2604601 
1514 2604603 
1515 2604604 
1516 2604605 
1517 2604605 
1518 2604606 
1519 2604608 
1520 2604609 
1521 2604610 
1522 2604610 
1523 2604610 
1524 2604610 
1525 2604611 
1526 2604611 
1527 2604611 
1528 2604614 
1529 2604614 
1530 2604614 
1531 2604614 
1532 2604615 
1533 2604615 
1534 2604616 
1535 2604617 
1536 2604619 
1537 2604621 
1538 2604622 
1539 2604622 
1540 2604622 
1541 2604623 
1542 2604623 
1543 2604623 
1544 2604623 
1545 2604625 
1546 2604626 
1547 2604626 
1548 2604626 
1549 2604627 
1550 2604627 
1551 2604627 
1552 2604629 
1553 2604630 
1554 2604632 
1555 2604633 
1556 2604633 
1557 2604634 
1558 2604634 
1559 2604634 
1560 2604638 
1561 2604640 
1562 2604640 
1563 2604641 
1564 2604642 
1565 2604643 
1566 2604644 
1567 2604647 
1568 2604649 
1569 2604661 
1570 2604661 
1571 2604663 
1572 2604666 
1573 2604666 
1574 2604667 
1575 2604669 
1576 2604673 
1577 2604673 
1578 2604676 
1579 2604677 
1580 2604678 
1581 2604680 
1582 2604683 
1583 2604686 
1584 2604689 
1585 2604690 
1586 2604691 
1587 2604694 
1588 2604694 
1589 2604694 
1590 2604700 
1591 2604703 
1592 2604705 
1593 2604706 
1594 2604706 
1595 2604706 
1596 2604706 
1597 2604707 
1598 2604708 
1599 2604708 
1600 2604710 
1601 2604712 
1602 2604712 
1603 2604712 
1604 2604712 
1605 2604714 
1606 2604715 
1607 2604716 
1608 2604716 
1609 2604716 
1610 2604718 
1611 2604719 
1612 2604719 
1613 2604719 
1614 2604720 
1615 2604720 
1616 2604722 
1617 2604722 
1618 2604722 
1619 2604725 
1620 2604726 
1621 2604726 
1622 2604726 
1623 2604727 
1624 2604727 
1625 2604727 
1626 2604729 
1627 2604730 
1628 2604732 
1629 2604737 
1630 2604738 
1631 2604741 
1632 2604742 
1633 2604742 
1634 2604742 
1635 2604742 
1636 2604743 
1637 2604743 
1638 2604743 
1639 2604744 
1640 2604744 
1641 2604744 
1642 2604745 
1643 2604745 
1644 2604745 
1645 2604745 
1646 2604746 
1647 2604749 
1648 2604750 
1649 2604753 
1650 2604754 
1651 2604754 
1652 2604754 
1653 2604755 
1654 2604755 
1655 2604756 
1656 2604758 
1657 2604759 
1658 2604759 
1659 2604762 
1660 2604762 
1661 2604765 
1662 2604768 
1663 2604769 
1664 2604777 
1665 2604777 
1666 2604781 
1667 2604781 
1668 2604784 
1669 2604784 
1670 2604784 
1671 2604785 
1672 2604785 
1673 2604786 
1674 2604786 
1675 2604786 
1676 2604787 
1677 2604787 
1678 2604788 
1679 2604788 
1680 2604788 
1681 2604789 
1682 2604789 
1683 2604789 
1684 2604789 
1685 2604790 
1686 2604790 
1687 2604790 
1688 2604790 
1689 2604791 
1690 2604791 
1691 2604791 
1692 2604796 
1693 2604802 
1694 2604803 
1695 2604803 
1696 2604803 
1697 2604808 
1698 2604809 
1699 2604810 
1700 2604811 
1701 2604811 
1702 2604812 
1703 2604813 
1704 2604813 
1705 2604813 
1706 2604815 
1707 2604816 
1708 2604817 
1709 2604819 
1710 2604819 
1711 2604822 
1712 2604825 
1713 2604825 
1714 2604829 
1715 2604836 
1716 2604850 
1717 2604853 
1718 2604853 
1719 2604853 
1720 2604854 
1721 2604854 
1722 2604856 
1723 2604857 
1724 2604857 
1725 2604857 
1726 2604858 
1727 2604861 
1728 2604867 
1729 2604870 
1730 2604870 
1731 2604878 
1732 2604878 
1733 2604882 
1734 2604883 
1735 2604885 
1736 2604887 
1737 2604892 
1738 2604904 
1739 2604907 
1740 2604907 
1741 2604910 
1742 2604911 
1743 2604912 
1744 2604914 
1745 2604915 
1746 2604915 
1747 2604915 
1748 2604915 
1749 2604916 
1750 2604916 
1751 2604916 
1752 2604917 
1753 2604918 
1754 2604918 
1755 2604918 
1756 2604919 
1757 2604919 
1758 2604919 
1759 2604920 
1760 2604920 
1761 2604920 
1762 2604921 
1763 2604921 
1764 2604921 
1765 2604922 
1766 2604922 
1767 2604922 
1768 2604923 
1769 2604923 
1770 2604924 
1771 2604924 
1772 2604925 
1773 2604925 
1774 2604926 
1775 2604926 
1776 2604926 
1777 2604927 
1778 2604927 
1779 2604927 
1780 2604928 
1781 2604928 
1782 2604928 
1783 2604928 
1784 2604929 
1785 2604930 
1786 2604930 
1787 2604930 
1788 2604930 
1789 2604931 
1790 2604931 
1791 2604931 
1792 2604934 
1793 2604935 
1794 2604942 
1795 2604944 
1796 2604956 
1797 2604956 
1798 2604959 
1799 2604959 
1800 2604959 
1801 2604960 
1802 2604960 
1803 2604961 
1804 2604961 
1805 2604964 
1806 2604964 
1807 2604964 
1808 2604968 
1809 2604970 
1810 2604971 
1811 2604971 
1812 2604972 
1813 2604973 
1814 2604973 
1815 2604974 
1816 2604974 
1817 2604974 
1818 2604974 
1819 2604974 
1820 2604975 
1821 2604975 
1822 2604975 
1823 2604976 
1824 2604976 
1825 2604976 
1826 2604977 
1827 2604977 
1828 2604978 
1829 2604978 
1830 2604978 
1831 2604979 
1832 2604979 
1833 2604980 
1834 2604980 
1835 2604980 
1836 2604981 
1837 2604981 
1838 2604981 
1839 2604981 
1840 2604982 
1841 2604982 
1842 2604983 
1843 2604983 
1844 2604983 
1845 2604984 
1846 2604984 
1847 2604986 
1848 2604986 
1849 2604987 
1850 2604988 
1851 2604988 
1852 2604988 
1853 2604988 
1854 2604989 
1855 2604989 
1856 2604989 
1857 2604990 
1858 2604990 
1859 2604991 
1860 2604991 
1861 2604991 
1862 2604992 
1863 2604992 
1864 2604993 
1865 2604993 
1866 2604994 
1867 2604994 
1868 2604994 
1869 2604995 
1870 2604995 
1871 2604995 
1872 2604996 
1873 2605002 
1874 2605002 
1875 2605004 
1876 2605007 
1877 2605013 
1878 2605016 
1879 2605017 
1880 2605022 
1881 2605025 
1882 2605025 
1883 2605026 
1884 2605027 
1885 2605027 
1886 2605027 
1887 2605028 
1888 2605028 
1889 2605029 
1890 2605029 
1891 2605029 
1892 2605029 
1893 2605030 
1894 2605031 
1895 2605031 
1896 2605031 
1897 2605031 
1898 2605032 
1899 2605032 
1900 2605032 
1901 2605033 
1902 2605033 
1903 2605036 
1904 2605036 
1905 2605036 
1906 2605041 
1907 2605041 
1908 2605044 
1909 2605050 
1910 2605052 
1911 2605054 
1912 2605055 
1913 2605056 
1914 2605056 
1915 2605056 
1916 2605061 
1917 2605063 
1918 2605063 
1919 2605064 
1920 2605066 
1921 2605066 
1922 2605067 
1923 2605067 
1924 2605068 
1925 2605069 
1926 2605069 
1927 2605069 
1928 2605070 
1929 2605070 
1930 2605070 
1931 2605071 
1932 2605071 
1933 2605071 
1934 2605072 
1935 2605072 
1936 2605072 
1937 2605072 
1938 2605072 
1939 2605073 
1940 2605073 
1941 2605073 
1942 2605074 
1943 2605074 
1944 2605074 
1945 2605074 
1946 2605075 
1947 2605075 
1948 2605076 
1949 2605076 
1950 2605076 
1951 2605077 
1952 2605077 
1953 2605077 
1954 2605079 
1955 2605079 
1956 2605081 
1957 2605081 
1958 2605082 
1959 2605082 
1960 2605083 
1961 2605083 
1962 2605083 
1963 2605086 
1964 2605088 
1965 2605088 
1966 2605088 
1967 2605089 
1968 2605089 
1969 2605089 
1970 2605090 
1971 2605090 
1972 2605090 
1973 2605091 
1974 2605092 
1975 2605093 
1976 2605095 
1977 2605096 
1978 2605100 
1979 2605101 
1980 2605101 
1981 2605101 
1982 2605102 
1983 2605102 
1984 2605102 
1985 2605102 
1986 2605102 
1987 2605105 
1988 2605107 
1989 2605108 
1990 2605109 
1991 2605110 
1992 2605110 
1993 2605110 
1994 2605110 
1995 2605111 
1996 2605111 
1997 2605112 
1998 2605113 
1999 2605113 
2000 2605114 
2001 2605115 
2002 2605116 
2003 2605119 
2004 2605119 
2005 2605122 
2006 2605122 
2007 2605125 
2008 2605126 
2009 2605129 
2010 2605131 
2011 2605131 
2012 2605132 
2013 2605132 
2014 2605132 
2015 2605132 
2016 2605133 
2017 2605133 
2018 2605134 
2019 2605141 
2020 2605141 
2021 2605141 
2022 2605142 
2023 2605145 
2024 2605145 
2025 2605145 
2026 2605146 
2027 2605146 
2028 2605146 
2029 2605146 
2030 2605147 
2031 2605150 
2032 2605151 
2033 2605152 
2034 2605155 
2035 2605155 
2036 2605158 
2037 2605158 
2038 2605159 
2039 2605160 
2040 2605160 
2041 2605160 
2042 2605161 
2043 2605163 
2044 2605164 
2045 2605164 
2046 2605164 
2047 2605171 
2048 2605171 
2049 2605172 
2050 2605172 
2051 2605174 
2052 2605174 
2053 2605175 
2054 2605175 
2055 2605175 
2056 2605176 
2057 2605186 
2058 2605189 
2059 2605189 
2060 2605190 
2061 2605190 
2062 2605192 
2063 2605192 
2064 2605193 
2065 2605193 
2066 2605195 
2067 2605195 
2068 2605195 
2069 2605196 
2070 2605196 
2071 2605196 
2072 2605196 
2073 2605197 
2074 2605198 
2075 2605199 
2076 2605202 
2077 2605204 
2078 2605205 
2079 2605206 
2080 2605206 
2081 2605206 
2082 2605208 
2083 2605208 
2084 2605208 
2085 2605225 
2086 2605231 
2087 2605237 
2088 2605237 
2089 2605237 
2090 2605238 
2091 2605240 
2092 2605244 
2093 2605245 
2094 2605247 
2095 2605250 
2096 2605252 
2097 2605252 
2098 2605252 
2099 2605254 
2100 2605254 
2101 2605255 
2102 2605255 
2103 2605255 
2104 2605257 
2105 2605258 
2106 2605260 
2107 2605262 
2108 2605262 
2109 2605263 
2110 2605263 
2111 2605263 
2112 2605264 
2113 2605265 
2114 2605266 
2115 2605266 
2116 2605266 
2117 2605267 
2118 2605270 
2119 2605270 
2120 2605271 
2121 2605272 
2122 2605272 
2123 2605273 
2124 2605273 
2125 2605274 
2126 2605274 
2127 2605275 
2128 2605276 
2129 2605277 
2130 2605277 
2131 2605278 
2132 2605278 
2133 2605282 
2134 2605283 
2135 2605285 
2136 2605293 
2137 2605295 
2138 2605299 
2139 2605299 
2140 2605302 
2141 2605304 
2142 2605310 
2143 2605315 
2144 2605317 
2145 2605322 
2146 2605329 
2147 2605331 
2148 2605331 
2149 2605333 
2150 2605333 
2151 2605333 
2152 2605335 
2153 2605335 
2154 2605336 
2155 2605336 
2156 2605345 
2157 2605345 
2158 2605345 
2159 2605350 
2160 2605351 
2161 2605351 
2162 2605352 
2163 2605354 
2164 2605358 
2165 2605358 
2166 2605362 
2167 2605362 
2168 2605363 
2169 2605363 
2170 2605363 
2171 2605364 
2172 2605366 
2173 2605367 
2174 2605370 
2175 2605370 
2176 2605383 
2177 2605385 
2178 2605387 
2179 2605387 
2180 2605391 
2181 2605393 
2182 2605394 
2183 2605418 
2184 2605423 
2185 2605424 
2186 2605424 
2187 2605433 
2188 2605438 
2189 2605438 
2190 2605438 
2191 2605439 
2192 2605439 
2193 2605439 
2194 2605444 
2195 2605445 
2196 2605447 
2197 2605447 
2198 2605447 
2199 2605451 
2200 2605453 
2201 2605455 
2202 2605456 
2203 2605456 
2204 2605459 
2205 2605460 
2206 2605463 
2207 2605464 
2208 2605467 
2209 2605470 
2210 2605476 
2211 2605476 
2212 2605479 
2213 2605487 
2214 2605488 
2215 2605488 
2216 2605488 
2217 2605488 
2218 2605489 
2219 2605489 
2220 2605490 
2221 2605490 
2222 2605490 
2223 2605491 
2224 2605491 
2225 2605491 
2226 2605495 
2227 2605496 
2228 2605497 
2229 2605498 
2230 2605507 
2231 2605507 
2232 2605510 
2233 2605517 
2234 2605524 
2235 2605525 
2236 2605525 
2237 2605525 
2238 2605528 
2239 2605529 
2240 2605529 
2241 2605532 
2242 2605535 
2243 2605536 
2244 2605536 
2245 2605536 
2246 2605537 
2247 2605537 
2248 2605537 
2249 2605540 
2250 2605540 
2251 2605540 
2252 2605540 
2253 2605541 
2254 2605541 
2255 2605541 
2256 2605541 
2257 2605542 
2258 2605542 
2259 2605542 
2260 2605542 
2261 2605543 
2262 2605543 
2263 2605543 
2264 2605544 
2265 2605544 
2266 2605544 
2267 2605544 
2268 2605544 
2269 2605545 
2270 2605545 
2271 2605545 
2272 2605545 
2273 2605546 
2274 2605546 
2275 2605546 
2276 2605546 
2277 2605546 
2278 2605546 
2279 2605547 
2280 2605547 
2281 2605547 
2282 2605547 
2283 2605549 
2284 2605550 
2285 2605550 
2286 2605550 
2287 2605550 
2288 2605551 
2289 2605551 
2290 2605554 
2291 2605554 
2292 2605558 
2293 2605558 
2294 2605558 
2295 2605560 
2296 2605561 
2297 2605561 
2298 2605561 
2299 2605561 
2300 2605562 
2301 2605562 
2302 2605562 
2303 2605566 
2304 2605567 
2305 2605568 
2306 2605568 
2307 2605571 
2308 2605577 
2309 2605578 
2310 2605579 
2311 2605579 
2312 2605579 
2313 2605580 
2314 2605580 
2315 2605581 
2316 2605581 
2317 2605585 
2318 2605588 
2319 2605588 
2320 2605590 
2321 2605590 
2322 2605591 
2323 2605591 
2324 2605595 
2325 2605596 
2326 2605597 
2327 2605597 
2328 2605598 
2329 2605598 
2330 2605599 
2331 2605599 
2332 2605599 
2333 2605600 
2334 2605601 
2335 2605601 
2336 2605602 
2337 2605602 
2338 2605603 
2339 2605603 
2340 2605604 
2341 2605604 
2342 2605604 
2343 2605604 
2344 2605605 
2345 2605605 
2346 2605605 
2347 2605606 
2348 2605606 
2349 2605606 
2350 2605607 
2351 2605607 
2352 2605607 
2353 2605607 
2354 2605608 
2355 2605608 
2356 2605608 
2357 2605608 
2358 2605608 
2359 2605612 
2360 2605612 
2361 2605617 
2362 2605617 
2363 2605617 
2364 2605617 
2365 2605618 
2366 2605619 
2367 2605619 
2368 2605619 
2369 2605621 
2370 2605622 
2371 2605622 
2372 2605622 
2373 2605622 
2374 2605623 
2375 2605624 
2376 2605626 
2377 2605626 
2378 2605629 
2379 2605629 
2380 2605630 
2381 2605631 
2382 2605631 
2383 2605631 
2384 2605631 
2385 2605632 
2386 2605632 
2387 2605632 
2388 2605633 
2389 2605633 
2390 2605634 
2391 2605634 
2392 2605634 
2393 2605634 
2394 2605636 
2395 2605636 
2396 2605637 
2397 2605637 
2398 2605638 
2399 2605643 
2400 2605643 
2401 2605644 
2402 2605644 
2403 2605644 
2404 2605645 
2405 2605645 
2406 2605645 
2407 2605646 
2408 2605646 
2409 2605646 
2410 2605646 
2411 2605651 
2412 2605651 
2413 2605652 
2414 2605653 
2415 2605653 
2416 2605653 
2417 2605654 
2418 2605654 
2419 2605654 
2420 2605655 
2421 2605655 
2422 2605655 
2423 2605656 
2424 2605657 
2425 2605657 
2426 2605661 
2427 2605662 
2428 2605662 
2429 2605663 
2430 2605664 
2431 2605665 
2432 2605669 
2433 2605671 
2434 2605671 
2435 2605672 
2436 2605672 
2437 2605672 
2438 2605673 
2439 2605673 
2440 2605678 
2441 2605680 
2442 2605681 
2443 2605684 
2444 2605690 
2445 2605690 
2446 2605691 
2447 2605691 
2448 2605694 
2449 2605695 
2450 2605698 
2451 2605699 
2452 2605700 
2453 2605701 
2454 2605702 
2455 2605703 
2456 2605703 
2457 2605703 
2458 2605703 
2459 2605704 
2460 2605706 
2461 2605706 
2462 2605707 
2463 2605710 
2464 2605710 
2465 2605711 
2466 2605713 
2467 2605714 
2468 2605715 
2469 2605715 
2470 2605716 
2471 2605718 
2472 2605719 
2473 2605719 
2474 2605719 
2475 2605720 
2476 2605720 
2477 2605721 
2478 2605723 
2479 2605726 
2480 2605731 
2481 2605733 
2482 2605733 
2483 2605738 
2484 2605744 
2485 2605749 
2486 2605749 
2487 2605749 
2488 2605754 
2489 2605755 
2490 2605757 
2491 2605757 
2492 2605760 
2493 2605761 
2494 2605761 
2495 2605761 
2496 2605762 
2497 2605762 
2498 2605764 
2499 2605764 
2500 2605765 
2501 2605766 
2502 2605766 
2503 2605766 
2504 2605767 
2505 2605767 
2506 2605767 
2507 2605768 
2508 2605768 
2509 2605768 
2510 2605769 
2511 2605769 
2512 2605770 
2513 2605780 
2514 2605780 
2515 2605784 
2516 2605787 
2517 2605795 
2518 2605795 
2519 2605797 
2520 2605801 
2521 2605806 
2522 2605806 
2523 2605807 
2524 2605809 
2525 2605809 
2526 2605811 
2527 2605813 
2528 2605813 
2529 2605813 
2530 2605814 
2531 2605814 
2532 2605814 
2533 2605815 
2534 2605815 
2535 2605815 
2536 2605816 
2537 2605816 
2538 2605817 
2539 2605817 
2540 2605817 
2541 2605818 
2542 2605818 
2543 2605818 
2544 2605819 
2545 2605819 
2546 2605819 
2547 2605821 
2548 2605821 
2549 2605821 
2550 2605822 
2551 2605822 
2552 2605823 
2553 2605823 
2554 2605823 
2555 2605825 
2556 2605825 
2557 2605825 
2558 2605826 
2559 2605827 
2560 2605827 
2561 2605828 
2562 2605828 
2563 2605829 
2564 2605829 
2565 2605830 
2566 2605830 
2567 2605830 
2568 2605833 
2569 2605835 
2570 2605836 
2571 2605838 
2572 2605843 
2573 2605843 
2574 2605845 
2575 2605852 
2576 2605852 
2577 2605856 
2578 2605860 
2579 2605860 
2580 2605861 
2581 2605861 
2582 2605861 
2583 2605862 
2584 2605865 
2585 2605865 
2586 2605865 
2587 2605868 
2588 2605875 
2589 2605876 
2590 2605877 
2591 2605877 
2592 2605877 
2593 2605884 
2594 2605884 
2595 2605885 
2596 2605886 
2597 2605887 
2598 2605887 
2599 2605888 
2600 2605888 
2601 2605889 
2602 2605890 
2603 2605895 
2604 2605897 
2605 2605897 
2606 2605898 
2607 2605900 
2608 2605903 
2609 2605903 
2610 2605903 
2611 2605904 
2612 2605905 
2613 2605908 
2614 2605909 
2615 2605909 
2616 2605909 
2617 2605909 
2618 2605910 
2619 2605910 
2620 2605911 
2621 2605911 
2622 2605912 
2623 2605912 
2624 2605913 
2625 2605913 
2626 2605915 
2627 2605917 
2628 2605920 
2629 2605922 
2630 2605923 
2631 2605923 
2632 2605925 
2633 2605925 
2634 2605925 
2635 2605926 
2636 2605926 
2637 2605928 
2638 2605930 
2639 2605932 
2640 2605933 
2641 2605935 
2642 2605936 
2643 2605937 
2644 2605938 
2645 2605939 
2646 2605941 
2647 2605942 
2648 2605943 
2649 2605943 
2650 2605943 
2651 2605944 
2652 2605944 
2653 2605945 
2654 2605945 
2655 2605945 
2656 2605946 
2657 2605947 
2658 2605947 
2659 2605947 
2660 2605948 
2661 2605948 
2662 2605948 
2663 2605949 
2664 2605949 
2665 2605949 
2666 2605950 
2667 2605950 
2668 2605950 
2669 2605951 
2670 2605951 
2671 2605951 
2672 2605952 
2673 2605953 
2674 2605954 
2675 2605954 
2676 2605955 
2677 2605958 
2678 2605960 
2679 2605960 
2680 2605961 
2681 2605961 
2682 2605961 
2683 2605961 
2684 2605962 
2685 2605963 
2686 2605963 
2687 2605964 
2688 2605964 
2689 2605966 
2690 2605967 
2691 2605968 
2692 2605969 
2693 2605971 
2694 2605971 
2695 2605972 
2696 2605972 
2697 2605972 
2698 2605973 
2699 2605973 
2700 2605973 
2701 2605974 
2702 2605975 
2703 2605976 
2704 2605977 
2705 2605977 
2706 2605977 
2707 2605977 
2708 2605978 
2709 2605978 
2710 2605978 
2711 2605978 
2712 2605979 
2713 2605980 
2714 2605980 
2715 2605980 
2716 2605982 
2717 2605983 
2718 2605987 
2719 2605988 
2720 2605989 
2721 2605991 
2722 2605993 
2723 2605993 
2724 2605995 
2725 2605996 
2726 2605996 
2727 2605996 
2728 2605997 
2729 2605997 
2730 2605997 
2731 2605998 
2732 2605998 
2733 2605998 
2734 2605998 
2735 2605999 
2736 2605999 
2737 2605999 
2738 2605999 
2739 2606000 
2740 2606000 
2741 2606000 
2742 2606000 
2743 2606001 
2744 2606001 
2745 2606002 
2746 2606002 
2747 2606002 
2748 2606002 
2749 2606002 
2750 2606003 
2751 2606003 
2752 2606003 
2753 2606003 
2754 2606004 
2755 2606004 
2756 2606004 
2757 2606004 
2758 2606004 
2759 2606005 
2760 2606005 
2761 2606005 
2762 2606006 
2763 2606006 
2764 2606006 
2765 2606006 
2766 2606007 
2767 2606007 
2768 2606007 
2769 2606008 
2770 2606008 
2771 2606009 
2772 2606009 
2773 2606009 
2774 2606010 
2775 2606010 
2776 2606010 
2777 2606010 
2778 2606010 
2779 2606011 
2780 2606011 
2781 2606011 
2782 2606011 
2783 2606012 
2784 2606012 
2785 2606014 
2786 2606015 
2787 2606015 
2788 2606016 
2789 2606016 
2790 2606016 
2791 2606017 
2792 2606017 
2793 2606018 
2794 2606020 
2795 2606022 
2796 2606023 
2797 2606023 
2798 2606024 
2799 2606029 
2800 2606029 
2801 2606030 
2802 2606030 
2803 2606031 
2804 2606033 
2805 2606035 
2806 2606039 
2807 2606040 
2808 2606041 
2809 2606046 
2810 2606046 
2811 2606047 
2812 2606047 
2813 2606047 
2814 2606048 
2815 2606048 
2816 2606048 
2817 2606049 
2818 2606049 
2819 2606050 
2820 2606050 
2821 2606050 
2822 2606051 
2823 2606052 
2824 2606057 
2825 2606063 
2826 2606064 
2827 2606064 
2828 2606066 
2829 2606067 
2830 2606068 
2831 2606069 
2832 2606069 
2833 2606070 
2834 2606070 
2835 2606071 
2836 2606071 
2837 2606071 
2838 2606072 
2839 2606072 
2840 2606072 
2841 2606073 
2842 2606073 
2843 2606073 
2844 2606074 
2845 2606074 
2846 2606074 
2847 2606075 
2848 2606075 
2849 2606075 
2850 2606075 
2851 2606076 
2852 2606076 
2853 2606076 
2854 2606076 
2855 2606077 
2856 2606077 
2857 2606077 
2858 2606078 
2859 2606078 
2860 2606079 
2861 2606081 
2862 2606082 
2863 2606082 
2864 2606083 
2865 2606083 
2866 2606083 
2867 2606084 
2868 2606086 
2869 2606087 
2870 2606098 
2871 2606101 
2872 2606101 
2873 2606101 
2874 2606102 
2875 2606102 
2876 2606107 
2877 2606108 
2878 2606110 
2879 2606112 
2880 2606117 
2881 2606117 
2882 2606118 
2883 2606118 
2884 2606118 
2885 2606119 
2886 2606119 
2887 2606120 
2888 2606121 
2889 2606123 
2890 2606123 
2891 2606124 
2892 2606124 
2893 2606125 
2894 2606125 
2895 2606127 
2896 2606128 
2897 2606130 
2898 2606133 
2899 2606135 
2900 2606136 
2901 2606137 
2902 2606146 
2903 2606148 
2904 2606149 
2905 2606150 
2906 2606150 
2907 2606151 
2908 2606151 
2909 2606152 
2910 2606152 
2911 2606152 
2912 2606153 
2913 2606153 
2914 2606153 
2915 2606154 
2916 2606154 
2917 2606154 
2918 2606155 
2919 2606155 
2920 2606155 
2921 2606156 
2922 2606156 
2923 2606156 
2924 2606157 
2925 2606157 
2926 2606157 
2927 2606158 
2928 2606158 
2929 2606158 
2930 2606158 
2931 2606159 
2932 2606159 
2933 2606159 
2934 2606160 
2935 2606160 
2936 2606160 
2937 2606161 
2938 2606161 
2939 2606161 
2940 2606162 
2941 2606162 
2942 2606162 
2943 2606162 
2944 2606163 
2945 2606163 
2946 2606164 
2947 2606164 
2948 2606164 
2949 2606164 
2950 2606165 
2951 2606165 
2952 2606166 
2953 2606166 
2954 2606166 
2955 2606166 
2956 2606167 
2957 2606167 
2958 2606168 
2959 2606168 
2960 2606168 
2961 2606169 
2962 2606169 
2963 2606170 
2964 2606170 
2965 2606170 
2966 2606170 
2967 2606171 
2968 2606171 
2969 2606172 
2970 2606172 
2971 2606172 
2972 2606173 
2973 2606173 
2974 2606173 
2975 2606174 
2976 2606174 
2977 2606175 
2978 2606175 
2979 2606177 
2980 2606177 
2981 2606178 
2982 2606178 
2983 2606179 
2984 2606179 
2985 2606179 
2986 2606179 
2987 2606180 
2988 2606180 
2989 2606180 
2990 2606181 
2991 2606181 
2992 2606181 
2993 2606181 
2994 2606182 
2995 2606182 
2996 2606183 
2997 2606183 
2998 2606183 
2999 2606184 
3000 2606184 
3001 2606184 
3002 2606185 
3003 2606185 
3004 2606185 
3005 2606185 
3006 2606186 
3007 2606186 
3008 2606186 
3009 2606187 
3010 2606187 
3011 2606187 
3012 2606188 
3013 2606188 
3014 2606188 
3015 2606189 
3016 2606189 
3017 2606189 
3018 2606190 
3019 2606190 
3020 2606190 
3021 2606191 
3022 2606191 
3023 2606191 
3024 2606192 
3025 2606192 
3026 2606192 
3027 2606192 
3028 2606193 
3029 2606193 
3030 2606193 
3031 2606194 
3032 2606194 
3033 2606195 
3034 2606195 
3035 2606195 
3036 2606196 
3037 2606196 
3038 2606196 
3039 2606196 
3040 2606197 
3041 2606197 
3042 2606197 
3043 2606197 
3044 2606198 
3045 2606198 
3046 2606198 
3047 2606199 
3048 2606199 
3049 2606200 
3050 2606202 
3051 2606203 
3052 2606203 
3053 2606203 
3054 2606204 
3055 2606204 
3056 2606204 
3057 2606204 
3058 2606205 
3059 2606205 
3060 2606205 
3061 2606205 
3062 2606206 
3063 2606206 
3064 2606207 
3065 2606207 
3066 2606208 
3067 2606208 
3068 2606208 
3069 2606209 
3070 2606209 
3071 2606209 
3072 2606209 
3073 2606210 
3074 2606210 
3075 2606210 
3076 2606211 
3077 2606211 
3078 2606211 
3079 2606211 
3080 2606212 
3081 2606212 
3082 2606212 
3083 2606213 
3084 2606213 
3085 2606213 
3086 2606213 
3087 2606214 
3088 2606214 
3089 2606214 
3090 2606214 
3091 2606215 
3092 2606215 
3093 2606215 
3094 2606216 
3095 2606216 
3096 2606216 
3097 2606217 
3098 2606217 
3099 2606217 
3100 2606218 
3101 2606218 
3102 2606218 
3103 2606218 
3104 2606219 
3105 2606219 
3106 2606219 
3107 2606219 
3108 2606220 
3109 2606220 
3110 2606220 
3111 2606221 
3112 2606221 
3113 2606221 
3114 2606222 
3115 2606222 
3116 2606222 
3117 2606222 
3118 2606223 
3119 2606223 
3120 2606223 
3121 2606223 
3122 2606225 
3123 2606225 
3124 2606226 
3125 2606227 
3126 2606227 
3127 2606228 
3128 2606228 
3129 2606230 
3130 2606230 
3131 2606230 
3132 2606231 
3133 2606231 
3134 2606231 
3135 2606232 
3136 2606232 
3137 2606232 
3138 2606233 
3139 2606233 
3140 2606233 
3141 2606234 
3142 2606234 
3143 2606234 
3144 2606234 
3145 2606234 
3146 2606235 
3147 2606236 
3148 2606236 
3149 2606237 
3150 2606237 
3151 2606237 
3152 2606238 
3153 2606238 
3154 2606238 
3155 2606238 
3156 2606238 
3157 2606239 
3158 2606239 
3159 2606240 
3160 2606240 
3161 2606240 
3162 2606241 
3163 2606241 
3164 2606241 
3165 2606241 
3166 2606242 
3167 2606242 
3168 2606242 
3169 2606243 
3170 2606243 
3171 2606243 
3172 2606244 
3173 2606244 
3174 2606245 
3175 2606245 
3176 2606245 
3177 2606246 
3178 2606246 
3179 2606246 
3180 2606247 
3181 2606247 
3182 2606247 
3183 2606248 
3184 2606248 
3185 2606248 
3186 2606249 
3187 2606249 
3188 2606249 
3189 2606250 
3190 2606250 
3191 2606250 
3192 2606251 
3193 2606251 
3194 2606251 
3195 2606251 
3196 2606252 
3197 2606253 
3198 2606253 
3199 2606253 
3200 2606253 
3201 2606254 
3202 2606254 
3203 2606254 
3204 2606257 
3205 2606257 
3206 2606258 
3207 2606258 
3208 2606258 
3209 2606259 
3210 2606259 
3211 2606260 
3212 2606266 
3213 2606268 
3214 2606271 
3215 2606271 
3216 2606272 
3217 2606273 
3218 2606273 
3219 2606274 
3220 2606278 
3221 2606278 
3222 2606278 
3223 2606280 
3224 2606282 
3225 2606282 
3226 2606282 
3227 2606283 
3228 2606284 
3229 2606284 
3230 2606285 
3231 2606285 
3232 2606287 
3233 2606288 
3234 2606296 
3235 2606298 
3236 2606301 
3237 2606304 
3238 2606305 
3239 2606310 
3240 2606312 
3241 2606312 
3242 2606313 
3243 2606313 
3244 2606313 
3245 2606314 
3246 2606314 
3247 2606314 
3248 2606315 
3249 2606315 
3250 2606315 
3251 2606316 
3252 2606316 
3253 2606316 
3254 2606317 
3255 2606317 
3256 2606318 
3257 2606318 
3258 2606318 
3259 2606319 
3260 2606319 
3261 2606319 
3262 2606320 
3263 2606320 
3264 2606320 
3265 2606321 
3266 2606321 
3267 2606321 
3268 2606322 
3269 2606323 
3270 2606323 
3271 2606323 
3272 2606324 
3273 2606324 
3274 2606325 
3275 2606325 
3276 2606326 
3277 2606326 
3278 2606327 
3279 2606328 
3280 2606328 
3281 2606328 
3282 2606328 
3283 2606329 
3284 2606329 
3285 2606330 
3286 2606330 
3287 2606330 
3288 2606331 
3289 2606333 
3290 2606337 
3291 2606338 
3292 2606338 
3293 2606339 
3294 2606339 
3295 2606339 
3296 2606340 
3297 2606340 
3298 2606341 
3299 2606341 
3300 2606341 
3301 2606341 
3302 2606342 
3303 2606342 
3304 2606342 
3305 2606344 
3306 2606346 
3307 2606347 
3308 2606347 
3309 2606348 
3310 2606348 
3311 2606349 
3312 2606349 
3313 2606349 
3314 2606349 
3315 2606350 
3316 2606350 
3317 2606350 
3318 2606351 
3319 2606351 
3320 2606352 
3321 2606352 
3322 2606352 
3323 2606352 
3324 2606353 
3325 2606353 
3326 2606353 
3327 2606353 
3328 2606354 
3329 2606354 
3330 2606354 
3331 2606355 
3332 2606355 
3333 2606355 
3334 2606355 
3335 2606356 
3336 2606356 
3337 2606356 
3338 2606357 
3339 2606357 
3340 2606357 
3341 2606358 
3342 2606358 
3343 2606358 
3344 2606358 
3345 2606359 
3346 2606359 
3347 2606359 
3348 2606359 
3349 2606360 
3350 2606360 
3351 2606360 
3352 2606361 
3353 2606362 
3354 2606364 
3355 2606364 
3356 2606365 
3357 2606366 
3358 2606366 
3359 2606366 
3360 2606367 
3361 2606367 
3362 2606369 
3363 2606369 
3364 2606369 
3365 2606370 
3366 2606370 
3367 2606370 
3368 2606371 
3369 2606371 
3370 2606371 
3371 2606371 
3372 2606372 
3373 2606372 
3374 2606372 
3375 2606373 
3376 2606373 
3377 2606373 
3378 2606374 
3379 2606374 
3380 2606374 
3381 2606375 
3382 2606375 
3383 2606375 
3384 2606376 
3385 2606376 
3386 2606376 
3387 2606376 
3388 2606377 
3389 2606377 
3390 2606377 
3391 2606378 
3392 2606378 
3393 2606378 
3394 2606378 
3395 2606379 
3396 2606379 
3397 2606379 
3398 2606380 
3399 2606380 
3400 2606380 
3401 2606380 
3402 2606381 
3403 2606381 
3404 2606381 
3405 2606382 
3406 2606382 
3407 2606382 
3408 2606383 
3409 2606383 
3410 2606384 
3411 2606384 
3412 2606384 
3413 2606384 
3414 2606384 
3415 2606385 
3416 2606387 
3417 2606387 
3418 2606388 
3419 2606388 
3420 2606388 
3421 2606390 
3422 2606395 
3423 2606398 
3424 2606398 
3425 2606398 
