1 2476801 
2 2477010 
3 2477013 
4 2477013 
5 2477014 
6 2477014 
7 2477014 
8 2477015 
9 2477015 
10 2477016 
11 2477016 
12 2477018 
13 2477022 
14 2477026 
15 2477026 
16 2477026 
17 2477027 
18 2477028 
19 2477041 
20 2477041 
21 2477053 
22 2477053 
23 2477055 
24 2477056 
25 2477056 
26 2477056 
27 2477057 
28 2477057 
29 2477058 
30 2477061 
31 2477062 
32 2477064 
33 2477064 
34 2477065 
35 2477071 
36 2477071 
37 2477072 
38 2477072 
39 2477072 
40 2477073 
41 2477073 
42 2477079 
43 2477086 
44 2477121 
45 2477122 
46 2477122 
47 2477168 
48 2477177 
49 2477182 
50 2477184 
51 2477189 
52 2477192 
53 2477192 
54 2477192 
55 2477238 
56 2477238 
57 2477239 
58 2477239 
59 2477242 
60 2477242 
61 2477244 
62 2477245 
63 2477245 
64 2477333 
65 2477333 
66 2477334 
67 2477334 
68 2477334 
69 2477335 
70 2477335 
71 2477335 
72 2477336 
73 2477336 
74 2477336 
75 2477337 
76 2477337 
77 2477337 
78 2477338 
79 2477339 
80 2477339 
81 2477340 
82 2477340 
83 2477341 
84 2477341 
85 2477341 
86 2477342 
87 2477342 
88 2477345 
89 2477348 
90 2477348 
91 2477349 
92 2477349 
93 2477349 
94 2477353 
95 2477355 
96 2477355 
97 2477360 
98 2477391 
99 2477395 
100 2477398 
101 2477405 
102 2477508 
103 2477508 
104 2477509 
105 2477509 
106 2477509 
107 2477510 
108 2477510 
109 2477523 
110 2477524 
111 2477524 
112 2477525 
113 2477528 
114 2477541 
115 2477544 
116 2477546 
117 2477548 
118 2477553 
119 2477553 
120 2477559 
121 2477568 
122 2477568 
123 2477569 
124 2477573 
125 2477573 
126 2477603 
127 2477603 
128 2477604 
129 2477604 
130 2477604 
131 2477605 
132 2477605 
133 2477606 
134 2477606 
135 2477606 
136 2477607 
137 2477607 
138 2477607 
139 2477608 
140 2477608 
141 2477608 
142 2477609 
143 2477609 
144 2477609 
145 2477610 
146 2477610 
147 2477610 
148 2477611 
149 2477611 
150 2477611 
151 2477611 
152 2477612 
153 2477612 
154 2477613 
155 2477613 
156 2477619 
157 2477623 
158 2477623 
159 2477624 
160 2477624 
161 2477624 
162 2477624 
163 2477625 
164 2477625 
165 2477625 
166 2477626 
167 2477626 
168 2477626 
169 2477626 
170 2477630 
171 2477634 
172 2477636 
173 2477637 
174 2477637 
175 2477638 
176 2477639 
177 2477639 
178 2477643 
179 2477643 
180 2477644 
181 2477644 
182 2477644 
183 2477646 
184 2477646 
185 2477648 
186 2477649 
187 2477649 
188 2477650 
189 2477655 
190 2477655 
191 2477656 
192 2477656 
193 2477656 
194 2477657 
195 2477657 
196 2477657 
197 2477658 
198 2477658 
199 2477661 
200 2477662 
201 2477662 
202 2477668 
203 2477669 
204 2477672 
205 2477674 
206 2477683 
207 2477684 
208 2477684 
209 2477688 
210 2477689 
211 2477689 
212 2477689 
213 2477690 
214 2477690 
215 2477690 
216 2477691 
217 2477691 
218 2477691 
219 2477692 
220 2477692 
221 2477692 
222 2477693 
223 2477694 
224 2477694 
225 2477694 
226 2477695 
227 2477695 
228 2477695 
229 2477695 
230 2477696 
231 2477696 
232 2477696 
233 2477697 
234 2477697 
235 2477697 
236 2477697 
237 2477698 
238 2477698 
239 2477698 
240 2477699 
241 2477699 
242 2477699 
243 2477700 
244 2477700 
245 2477701 
246 2477701 
247 2477702 
248 2477705 
249 2477706 
250 2477706 
251 2477712 
252 2477717 
253 2477718 
254 2477718 
255 2477718 
256 2477718 
257 2477719 
258 2477719 
259 2477719 
260 2477720 
261 2477720 
262 2477720 
263 2477721 
264 2477721 
265 2477722 
266 2477722 
267 2477722 
268 2477723 
269 2477723 
270 2477724 
271 2477725 
272 2477725 
273 2477726 
274 2477726 
275 2477726 
276 2477729 
277 2477733 
278 2477741 
279 2477745 
280 2477766 
281 2477790 
282 2477801 
283 2477802 
284 2477802 
285 2477852 
286 2477853 
287 2477854 
288 2477854 
289 2477854 
290 2477855 
291 2477855 
292 2477856 
293 2477856 
294 2477857 
295 2477857 
296 2477857 
297 2477858 
298 2477858 
299 2477859 
300 2477887 
301 2477887 
302 2477888 
303 2477888 
304 2477889 
305 2477889 
306 2477889 
307 2477890 
308 2477890 
309 2477891 
310 2477891 
311 2477979 
312 2477987 
313 2477987 
314 2477988 
315 2477989 
316 2477990 
317 2478022 
318 2478031 
319 2478031 
320 2478032 
321 2478032 
322 2478032 
323 2478033 
324 2478033 
325 2478033 
326 2478034 
327 2478034 
328 2478034 
329 2478034 
330 2478035 
331 2478035 
332 2478035 
333 2478041 
334 2478044 
335 2478044 
336 2478049 
337 2478052 
338 2478056 
339 2478058 
340 2478060 
341 2478060 
342 2478063 
343 2478063 
344 2478064 
345 2478072 
346 2478075 
347 2478075 
348 2478080 
349 2478080 
350 2478083 
351 2478083 
352 2478083 
353 2478095 
354 2478114 
355 2478118 
356 2478120 
357 2478121 
358 2478134 
359 2478134 
360 2478137 
361 2478141 
362 2478143 
363 2478153 
364 2478159 
365 2478215 
366 2478243 
367 2478249 
368 2478249 
369 2478252 
370 2478257 
371 2478257 
372 2478269 
373 2478273 
374 2478286 
375 2478287 
376 2478287 
377 2478292 
378 2478293 
379 2478317 
380 2478320 
381 2478325 
382 2478330 
383 2478332 
384 2478335 
385 2478368 
386 2478368 
387 2478418 
388 2478418 
389 2478429 
390 2478432 
391 2478435 
392 2478438 
393 2478442 
394 2478442 
395 2478444 
396 2478454 
397 2478455 
398 2478455 
399 2478455 
400 2478455 
401 2478456 
402 2478456 
403 2478456 
404 2478460 
405 2478460 
406 2478461 
407 2478461 
408 2478461 
409 2478462 
410 2478478 
411 2478478 
412 2478482 
413 2478532 
414 2478536 
415 2478546 
416 2478549 
417 2478549 
418 2478550 
419 2478550 
420 2478557 
421 2478557 
422 2478557 
423 2478558 
424 2478558 
425 2478559 
426 2478559 
427 2478559 
428 2478560 
429 2478560 
430 2478560 
431 2478565 
432 2478566 
433 2478578 
434 2478578 
435 2478581 
436 2478582 
437 2478582 
438 2478626 
439 2478634 
440 2478635 
441 2478637 
442 2478644 
443 2478652 
444 2478661 
445 2478661 
446 2478661 
447 2478662 
448 2478662 
449 2478666 
450 2478666 
451 2478666 
452 2478667 
453 2478668 
454 2478668 
455 2478668 
456 2478672 
457 2478675 
458 2478677 
459 2478678 
460 2478699 
461 2478700 
462 2478700 
463 2478701 
464 2478702 
465 2478703 
466 2478705 
467 2478709 
468 2478714 
469 2478715 
470 2478715 
471 2478717 
472 2478720 
473 2478725 
474 2478728 
475 2478729 
476 2478734 
477 2478742 
478 2478743 
479 2478752 
480 2478752 
481 2478752 
482 2478753 
483 2478753 
484 2478753 
485 2478754 
486 2478754 
487 2478755 
488 2478755 
489 2478755 
490 2478756 
491 2478756 
492 2478757 
493 2478759 
494 2478760 
495 2478762 
496 2478765 
497 2478770 
498 2478771 
499 2478772 
500 2478774 
501 2478776 
502 2478777 
503 2478780 
504 2478781 
505 2478782 
506 2478783 
507 2478786 
508 2478788 
509 2478789 
510 2478789 
511 2478790 
512 2478790 
513 2478793 
514 2478794 
515 2478794 
516 2478797 
517 2478798 
518 2478800 
519 2478802 
520 2478803 
521 2478805 
522 2478805 
523 2478805 
524 2478806 
525 2478807 
526 2478810 
527 2478810 
528 2478813 
529 2478822 
530 2478825 
531 2478831 
532 2478831 
533 2478836 
534 2478920 
535 2478923 
536 2478925 
537 2478925 
538 2478926 
539 2478926 
540 2478927 
541 2478928 
542 2478928 
543 2478929 
544 2478929 
545 2478931 
546 2478932 
547 2478932 
548 2478939 
549 2478948 
550 2478952 
551 2478952 
552 2478953 
553 2478953 
554 2478955 
555 2478956 
556 2478956 
557 2478957 
558 2478959 
559 2478961 
560 2478963 
561 2478974 
562 2478974 
563 2478976 
564 2478989 
565 2478993 
566 2478995 
567 2478998 
568 2479001 
569 2479001 
570 2479012 
571 2479013 
572 2479019 
573 2479030 
574 2479032 
575 2479034 
576 2479034 
577 2479036 
578 2479039 
579 2479043 
580 2479043 
581 2479049 
582 2479201 
583 2479219 
584 2479240 
585 2479240 
586 2479241 
587 2479241 
588 2479241 
589 2479242 
590 2479243 
591 2479243 
592 2479243 
593 2479244 
594 2479244 
595 2479244 
596 2479245 
597 2479245 
598 2479246 
599 2479266 
600 2479269 
601 2479272 
602 2479281 
603 2479299 
604 2479309 
605 2479309 
606 2479320 
607 2479320 
608 2479323 
609 2479324 
610 2479324 
611 2479325 
612 2479325 
613 2479325 
614 2479333 
615 2479334 
616 2479334 
617 2479334 
618 2479335 
619 2479341 
620 2479341 
621 2479343 
622 2479345 
623 2479345 
624 2479346 
625 2479346 
626 2479349 
627 2479356 
628 2479356 
629 2479460 
630 2479464 
631 2479465 
632 2479491 
633 2479493 
634 2479494 
635 2479593 
636 2479597 
637 2479599 
638 2479604 
639 2479611 
640 2479630 
641 2479640 
642 2479641 
643 2479641 
644 2479645 
645 2479646 
646 2479646 
647 2479679 
648 2479689 
649 2479703 
650 2479706 
651 2479707 
652 2479711 
653 2479715 
654 2479715 
655 2479718 
656 2479719 
657 2479719 
658 2479720 
659 2479726 
660 2479727 
661 2479729 
662 2479732 
663 2479733 
664 2479737 
665 2479737 
666 2479739 
667 2479741 
668 2479743 
669 2479743 
670 2479743 
671 2479744 
672 2479745 
673 2479745 
674 2479745 
675 2479746 
676 2479747 
677 2479750 
678 2479750 
679 2479751 
680 2479751 
681 2479751 
682 2479752 
683 2479752 
684 2479752 
685 2479753 
686 2479753 
687 2479754 
688 2479754 
689 2479754 
690 2479756 
691 2479756 
692 2479757 
693 2479760 
694 2479762 
695 2479762 
696 2479763 
697 2479764 
698 2479764 
699 2479764 
700 2479765 
701 2479765 
702 2479765 
703 2479766 
704 2479766 
705 2479767 
706 2479767 
707 2479767 
708 2479767 
709 2479768 
710 2479772 
711 2479773 
712 2479773 
713 2479774 
714 2479774 
715 2479775 
716 2479777 
717 2479777 
718 2479778 
719 2479779 
720 2479779 
721 2479779 
722 2479780 
723 2479787 
724 2479790 
725 2479790 
726 2479790 
727 2479790 
728 2479795 
729 2479796 
730 2479807 
731 2479810 
732 2479814 
733 2479819 
734 2479827 
735 2479834 
736 2479835 
737 2479838 
738 2479842 
739 2479843 
740 2479844 
741 2479847 
742 2479849 
743 2479853 
744 2479875 
745 2479878 
746 2479879 
747 2479879 
748 2479880 
749 2479880 
750 2479880 
751 2479881 
752 2479883 
753 2479884 
754 2479884 
755 2479885 
756 2479892 
757 2479893 
758 2479893 
759 2479893 
760 2479895 
761 2479901 
762 2479901 
763 2479914 
764 2479914 
765 2479914 
766 2479915 
767 2479915 
768 2479916 
769 2479916 
770 2479916 
771 2479917 
772 2479917 
773 2479917 
774 2479918 
775 2479918 
776 2479918 
777 2479919 
778 2479919 
779 2479920 
780 2479920 
781 2479921 
782 2479922 
783 2479922 
784 2479922 
785 2479923 
786 2479923 
787 2479923 
788 2479924 
789 2479924 
790 2479924 
791 2479925 
792 2479925 
793 2479925 
794 2479926 
795 2479926 
796 2479926 
797 2479927 
798 2479933 
799 2479933 
800 2479933 
801 2479943 
802 2479949 
803 2479952 
804 2479952 
805 2479958 
806 2479963 
807 2479972 
808 2479977 
809 2479978 
810 2479980 
811 2479985 
812 2479987 
813 2479988 
814 2479991 
815 2479991 
816 2479992 
817 2479992 
818 2479993 
819 2479993 
820 2479993 
821 2479994 
822 2479994 
823 2479994 
824 2479994 
825 2479995 
826 2479996 
827 2479996 
828 2479997 
829 2479997 
830 2479997 
831 2479998 
832 2479998 
833 2479998 
834 2479999 
835 2479999 
836 2480000 
837 2480001 
838 2480005 
839 2480005 
840 2480016 
841 2480019 
842 2480020 
843 2480020 
844 2480022 
845 2480022 
846 2480023 
847 2480024 
848 2480024 
849 2480026 
850 2480027 
851 2480030 
852 2480035 
853 2480039 
854 2480040 
855 2480045 
856 2480046 
857 2480046 
858 2480047 
859 2480048 
860 2480048 
861 2480049 
862 2480049 
863 2480050 
864 2480050 
865 2480050 
866 2480051 
867 2480052 
868 2480055 
869 2480055 
870 2480055 
871 2480056 
872 2480056 
873 2480057 
874 2480058 
875 2480058 
876 2480060 
877 2480062 
878 2480066 
879 2480067 
880 2480067 
881 2480068 
882 2480075 
883 2480075 
884 2480075 
885 2480076 
886 2480076 
887 2480076 
888 2480077 
889 2480077 
890 2480078 
891 2480078 
892 2480085 
893 2480087 
894 2480092 
895 2480092 
896 2480095 
897 2480095 
898 2480105 
899 2480105 
900 2480134 
901 2480139 
902 2480142 
903 2480143 
904 2480147 
905 2480148 
906 2480148 
907 2480148 
908 2480149 
909 2480150 
910 2480150 
911 2480151 
912 2480151 
913 2480152 
914 2480152 
915 2480152 
916 2480153 
917 2480153 
918 2480154 
919 2480154 
920 2480154 
921 2480154 
922 2480155 
923 2480155 
924 2480155 
925 2480155 
926 2480156 
927 2480156 
928 2480156 
929 2480157 
930 2480157 
931 2480157 
932 2480158 
933 2480162 
934 2480162 
935 2480163 
936 2480163 
937 2480163 
938 2480164 
939 2480164 
940 2480165 
941 2480165 
942 2480165 
943 2480166 
944 2480166 
945 2480166 
946 2480167 
947 2480167 
948 2480168 
949 2480168 
950 2480168 
951 2480169 
952 2480169 
953 2480170 
954 2480171 
955 2480172 
956 2480173 
957 2480173 
958 2480173 
959 2480174 
960 2480174 
961 2480174 
962 2480175 
963 2480176 
964 2480176 
965 2480186 
966 2480189 
967 2480190 
968 2480192 
969 2480193 
970 2480193 
971 2480193 
972 2480194 
973 2480194 
974 2480195 
975 2480195 
976 2480195 
977 2480196 
978 2480196 
979 2480196 
980 2480197 
981 2480197 
982 2480197 
983 2480198 
984 2480198 
985 2480200 
986 2480200 
987 2480200 
988 2480200 
989 2480201 
990 2480201 
991 2480202 
992 2480202 
993 2480203 
994 2480203 
995 2480204 
996 2480206 
997 2480206 
998 2480207 
999 2480207 
1000 2480207 
1001 2480207 
1002 2480208 
1003 2480208 
1004 2480209 
1005 2480209 
1006 2480210 
1007 2480212 
1008 2480212 
1009 2480212 
1010 2480213 
1011 2480213 
1012 2480213 
1013 2480214 
1014 2480214 
1015 2480214 
1016 2480216 
1017 2480221 
1018 2480227 
1019 2480232 
1020 2480232 
1021 2480238 
1022 2480239 
1023 2480241 
1024 2480243 
1025 2480244 
1026 2480244 
1027 2480244 
1028 2480247 
1029 2480249 
1030 2480250 
1031 2480251 
1032 2480251 
1033 2480252 
1034 2480253 
1035 2480254 
1036 2480255 
1037 2480255 
1038 2480255 
1039 2480256 
1040 2480256 
1041 2480258 
1042 2480259 
1043 2480261 
1044 2480263 
1045 2480267 
1046 2480267 
1047 2480268 
1048 2480268 
1049 2480268 
1050 2480269 
1051 2480272 
1052 2480272 
1053 2480272 
1054 2480272 
1055 2480273 
1056 2480273 
1057 2480273 
1058 2480274 
1059 2480274 
1060 2480274 
1061 2480275 
1062 2480275 
1063 2480275 
1064 2480276 
1065 2480276 
1066 2480276 
1067 2480277 
1068 2480277 
1069 2480277 
1070 2480278 
1071 2480278 
1072 2480278 
1073 2480278 
1074 2480279 
1075 2480279 
1076 2480279 
1077 2480280 
1078 2480280 
1079 2480281 
1080 2480281 
1081 2480281 
1082 2480282 
1083 2480282 
1084 2480282 
1085 2480283 
1086 2480284 
1087 2480284 
1088 2480285 
1089 2480285 
1090 2480285 
1091 2480285 
1092 2480286 
1093 2480286 
1094 2480286 
1095 2480291 
1096 2480291 
1097 2480292 
1098 2480292 
1099 2480292 
1100 2480293 
1101 2480293 
1102 2480293 
1103 2480294 
1104 2480294 
1105 2480295 
1106 2480295 
1107 2480295 
1108 2480296 
1109 2480296 
1110 2480296 
1111 2480296 
1112 2480297 
1113 2480297 
1114 2480297 
1115 2480298 
1116 2480298 
1117 2480298 
1118 2480299 
1119 2480299 
1120 2480299 
1121 2480300 
1122 2480301 
1123 2480301 
1124 2480302 
1125 2480303 
1126 2480303 
1127 2480303 
1128 2480306 
1129 2480307 
1130 2480308 
1131 2480308 
1132 2480308 
1133 2480309 
1134 2480309 
1135 2480310 
1136 2480310 
1137 2480312 
1138 2480312 
1139 2480312 
1140 2480313 
1141 2480313 
1142 2480313 
1143 2480314 
1144 2480314 
1145 2480315 
1146 2480317 
1147 2480320 
1148 2480320 
1149 2480321 
1150 2480321 
1151 2480323 
1152 2480323 
1153 2480323 
1154 2480324 
1155 2480325 
1156 2480327 
1157 2480329 
1158 2480331 
1159 2480334 
1160 2480336 
1161 2480336 
1162 2480336 
1163 2480336 
1164 2480337 
1165 2480337 
1166 2480337 
1167 2480338 
1168 2480338 
1169 2480338 
1170 2480339 
1171 2480339 
1172 2480339 
1173 2480339 
1174 2480340 
1175 2480340 
1176 2480342 
1177 2480343 
1178 2480343 
1179 2480344 
1180 2480344 
1181 2480344 
1182 2480344 
1183 2480346 
1184 2480347 
1185 2480347 
1186 2480348 
1187 2480350 
1188 2480350 
1189 2480353 
1190 2480353 
1191 2480353 
1192 2480354 
1193 2480356 
1194 2480361 
1195 2480366 
1196 2480368 
1197 2480370 
1198 2480371 
1199 2480372 
1200 2480376 
1201 2480377 
1202 2480377 
1203 2480377 
1204 2480378 
1205 2480379 
1206 2480380 
1207 2480380 
1208 2480381 
1209 2480381 
1210 2480381 
1211 2480381 
1212 2480382 
1213 2480382 
1214 2480382 
1215 2480383 
1216 2480383 
1217 2480384 
1218 2480384 
1219 2480384 
1220 2480385 
1221 2480385 
1222 2480388 
1223 2480389 
1224 2480389 
1225 2480389 
1226 2480390 
1227 2480390 
1228 2480391 
1229 2480391 
1230 2480392 
1231 2480392 
1232 2480393 
1233 2480394 
1234 2480394 
1235 2480395 
1236 2480395 
1237 2480395 
1238 2480396 
1239 2480396 
1240 2480397 
1241 2480397 
1242 2480397 
1243 2480398 
1244 2480398 
1245 2480398 
1246 2480398 
1247 2480399 
1248 2480399 
1249 2480399 
1250 2480400 
