1 2620852 
2 2620854 
3 2620858 
4 2620922 
5 2620942 
6 2620945 
7 2620991 
8 2620996 
9 2620998 
10 2621000 
11 2621003 
12 2621020 
13 2621099 
14 2621171 
15 2621183 
16 2621185 
17 2621193 
18 2621200 
19 2621329 
20 2621348 
21 2621351 
22 2621352 
23 2621352 
24 2621352 
25 2621374 
26 2621382 
27 2621413 
28 2621415 
29 2621419 
30 2621419 
31 2621421 
32 2621434 
33 2621486 
34 2621488 
35 2621504 
36 2621504 
37 2621504 
38 2621505 
39 2621514 
40 2621517 
41 2621517 
42 2621519 
43 2621519 
44 2621519 
45 2621527 
46 2621529 
47 2621536 
48 2621541 
49 2621542 
50 2621542 
51 2621544 
52 2621609 
53 2621621 
54 2621621 
55 2621621 
56 2621622 
57 2621629 
58 2621645 
59 2621653 
60 2621662 
61 2621664 
62 2621668 
63 2621671 
64 2621682 
65 2621682 
66 2621683 
67 2621686 
68 2621687 
69 2621687 
70 2621688 
71 2621688 
72 2621689 
73 2621689 
74 2621690 
75 2621690 
76 2621691 
77 2621695 
78 2621700 
79 2621722 
80 2621742 
81 2621744 
82 2621746 
83 2621748 
84 2621751 
85 2621753 
86 2621756 
87 2621761 
88 2621766 
89 2621771 
90 2621777 
91 2621797 
92 2621798 
93 2621798 
94 2621798 
95 2621799 
96 2621799 
97 2621799 
98 2621801 
99 2621801 
100 2621802 
101 2621805 
102 2621805 
103 2621806 
104 2621806 
105 2621806 
106 2621807 
107 2621807 
108 2621807 
109 2621808 
110 2621808 
111 2621808 
112 2621808 
113 2621809 
114 2621809 
115 2621810 
116 2621810 
117 2621810 
118 2621811 
119 2621837 
120 2621839 
121 2621839 
122 2621840 
123 2621840 
124 2621840 
125 2621841 
126 2621841 
127 2621841 
128 2621842 
129 2621842 
130 2621879 
131 2621879 
132 2621879 
133 2621927 
134 2621930 
135 2621934 
136 2621935 
137 2621935 
138 2621969 
139 2621999 
140 2622013 
141 2622017 
142 2622018 
143 2622020 
144 2622022 
145 2622029 
146 2622050 
147 2622066 
148 2622070 
149 2622076 
150 2622078 
151 2622082 
152 2622085 
153 2622100 
154 2622126 
155 2622127 
156 2622129 
157 2622130 
158 2622140 
159 2622141 
160 2622141 
161 2622141 
162 2622142 
163 2622142 
164 2622172 
165 2622172 
166 2622184 
167 2622217 
168 2622313 
169 2622315 
170 2622315 
171 2622316 
172 2622319 
173 2622320 
174 2622320 
175 2622327 
176 2622344 
177 2622373 
178 2622376 
179 2622381 
180 2622384 
181 2622387 
182 2622389 
183 2622399 
184 2622401 
185 2622407 
186 2622408 
187 2622410 
188 2622411 
189 2622412 
190 2622412 
191 2622412 
192 2622413 
193 2622413 
194 2622413 
195 2622414 
196 2622415 
197 2622415 
198 2622415 
199 2622416 
200 2622423 
201 2622431 
202 2622433 
203 2622434 
204 2622435 
205 2622438 
206 2622440 
207 2622442 
208 2622447 
209 2622448 
210 2622448 
211 2622449 
212 2622450 
213 2622453 
214 2622455 
215 2622455 
216 2622456 
217 2622457 
218 2622461 
219 2622462 
220 2622464 
221 2622465 
222 2622466 
223 2622468 
224 2622473 
225 2622475 
226 2622476 
227 2622476 
228 2622476 
229 2622477 
230 2622479 
231 2622480 
232 2622480 
233 2622480 
234 2622491 
235 2622491 
236 2622493 
237 2622493 
238 2622494 
239 2622495 
240 2622497 
241 2622498 
242 2622498 
243 2622499 
244 2622499 
245 2622499 
246 2622500 
247 2622500 
248 2622504 
249 2622506 
250 2622508 
251 2622509 
252 2622511 
253 2622512 
254 2622512 
255 2622512 
256 2622512 
257 2622513 
258 2622513 
259 2622513 
260 2622514 
261 2622514 
262 2622514 
263 2622515 
264 2622515 
265 2622515 
266 2622516 
267 2622516 
268 2622516 
269 2622517 
270 2622517 
271 2622517 
272 2622518 
273 2622518 
274 2622518 
275 2622519 
276 2622519 
277 2622519 
278 2622520 
279 2622520 
280 2622520 
281 2622521 
282 2622521 
283 2622521 
284 2622522 
285 2622522 
286 2622522 
287 2622522 
288 2622523 
289 2622523 
290 2622523 
291 2622524 
292 2622524 
293 2622524 
294 2622525 
295 2622525 
296 2622525 
297 2622526 
298 2622526 
299 2622527 
300 2622527 
301 2622527 
302 2622528 
303 2622528 
304 2622528 
305 2622529 
306 2622529 
307 2622529 
308 2622530 
309 2622530 
310 2622530 
311 2622531 
312 2622531 
313 2622532 
314 2622532 
315 2622532 
316 2622533 
317 2622533 
318 2622533 
319 2622534 
320 2622534 
321 2622534 
322 2622535 
323 2622535 
324 2622536 
325 2622536 
326 2622540 
327 2622541 
328 2622541 
329 2622541 
330 2622541 
331 2622543 
332 2622543 
333 2622545 
334 2622548 
335 2622551 
336 2622552 
337 2622554 
338 2622560 
339 2622568 
340 2622570 
341 2622572 
342 2622575 
343 2622577 
344 2622583 
345 2622583 
346 2622584 
347 2622586 
348 2622588 
349 2622590 
350 2622590 
351 2622590 
352 2622590 
353 2622593 
354 2622596 
355 2622608 
356 2622633 
357 2622637 
358 2622637 
359 2622639 
360 2622641 
361 2622644 
362 2622645 
363 2622651 
364 2622651 
365 2622669 
366 2622843 
367 2622847 
368 2622847 
369 2622850 
370 2622850 
371 2622851 
372 2622853 
373 2622858 
374 2622864 
375 2622865 
376 2622868 
377 2622868 
378 2622876 
379 2622877 
380 2622878 
381 2622884 
382 2622885 
383 2622887 
384 2622888 
385 2622891 
386 2622896 
387 2622901 
388 2622902 
389 2622904 
390 2622904 
391 2622905 
392 2622906 
393 2622906 
394 2622906 
395 2622916 
396 2622924 
397 2622925 
398 2622926 
399 2622936 
400 2623007 
401 2623017 
402 2623051 
403 2623058 
404 2623059 
405 2623060 
406 2623071 
407 2623071 
408 2623071 
409 2623072 
410 2623074 
411 2623076 
412 2623077 
413 2623081 
414 2623096 
415 2623100 
416 2623118 
417 2623145 
418 2623149 
419 2623151 
420 2623159 
421 2623164 
422 2623169 
423 2623171 
424 2623174 
425 2623176 
426 2623183 
427 2623188 
428 2623188 
429 2623188 
430 2623194 
431 2623194 
432 2623195 
433 2623195 
434 2623196 
435 2623196 
436 2623196 
437 2623197 
438 2623197 
439 2623197 
440 2623198 
441 2623198 
442 2623199 
443 2623208 
444 2623208 
445 2623209 
446 2623215 
447 2623215 
448 2623215 
449 2623217 
450 2623218 
451 2623219 
452 2623219 
453 2623220 
454 2623222 
455 2623222 
456 2623223 
457 2623223 
458 2623225 
459 2623225 
460 2623226 
461 2623226 
462 2623226 
463 2623237 
464 2623239 
465 2623239 
466 2623240 
467 2623240 
468 2623241 
469 2623255 
470 2623255 
471 2623255 
472 2623256 
473 2623257 
474 2623259 
475 2623260 
476 2623261 
477 2623261 
478 2623261 
479 2623262 
480 2623262 
481 2623263 
482 2623263 
483 2623263 
484 2623264 
485 2623264 
486 2623267 
487 2623269 
488 2623283 
489 2623283 
490 2623284 
491 2623284 
492 2623284 
493 2623288 
494 2623288 
495 2623289 
496 2623291 
497 2623292 
498 2623295 
499 2623295 
500 2623302 
501 2623303 
502 2623304 
503 2623307 
504 2623308 
505 2623309 
506 2623311 
507 2623313 
508 2623315 
509 2623319 
510 2623321 
511 2623330 
512 2623335 
513 2623339 
514 2623349 
515 2623350 
516 2623354 
517 2623354 
518 2623354 
519 2623355 
520 2623357 
521 2623359 
522 2623361 
523 2623362 
524 2623368 
525 2623371 
526 2623371 
527 2623373 
528 2623373 
529 2623377 
530 2623378 
531 2623378 
532 2623379 
533 2623381 
534 2623381 
535 2623385 
536 2623387 
537 2623388 
538 2623388 
539 2623390 
540 2623390 
541 2623392 
542 2623393 
543 2623393 
544 2623394 
545 2623394 
546 2623394 
547 2623395 
548 2623395 
549 2623395 
550 2623405 
551 2623407 
552 2623409 
553 2623410 
554 2623412 
555 2623423 
556 2623428 
557 2623429 
558 2623438 
559 2623438 
560 2623440 
561 2623473 
562 2623479 
563 2623494 
564 2623497 
565 2623497 
566 2623502 
567 2623502 
568 2623504 
569 2623510 
570 2623512 
571 2623513 
572 2623521 
573 2623529 
574 2623530 
575 2623531 
576 2623532 
577 2623532 
578 2623532 
579 2623537 
580 2623541 
581 2623543 
582 2623546 
583 2623547 
584 2623547 
585 2623548 
586 2623551 
587 2623551 
588 2623551 
589 2623553 
590 2623556 
591 2623557 
592 2623557 
593 2623557 
594 2623563 
595 2623563 
596 2623564 
597 2623566 
598 2623567 
599 2623567 
600 2623567 
601 2623568 
602 2623571 
603 2623572 
604 2623578 
605 2623583 
606 2623585 
607 2623585 
608 2623586 
609 2623588 
610 2623591 
611 2623592 
612 2623593 
613 2623595 
614 2623598 
615 2623602 
616 2623602 
617 2623602 
618 2623603 
619 2623604 
620 2623605 
621 2623605 
622 2623608 
623 2623616 
624 2623625 
625 2623627 
626 2623630 
627 2623631 
628 2623632 
629 2623637 
630 2623638 
631 2623638 
632 2623645 
633 2623645 
634 2623646 
635 2623646 
636 2623646 
637 2623647 
638 2623651 
639 2623654 
640 2623654 
641 2623655 
642 2623655 
643 2623655 
644 2623655 
645 2623656 
646 2623656 
647 2623656 
648 2623658 
649 2623663 
650 2623664 
651 2623666 
652 2623668 
653 2623670 
654 2623689 
655 2623692 
656 2623694 
657 2623695 
658 2623697 
659 2623697 
660 2623698 
661 2623698 
662 2623698 
663 2623699 
664 2623699 
665 2623700 
666 2623701 
667 2623703 
668 2623703 
669 2623710 
670 2623712 
671 2623726 
672 2623728 
673 2623730 
674 2623730 
675 2623732 
676 2623736 
677 2623737 
678 2623737 
679 2623738 
680 2623740 
681 2623741 
682 2623744 
683 2623750 
684 2623751 
685 2623754 
686 2623759 
687 2623778 
688 2623780 
689 2623782 
690 2623784 
691 2623792 
692 2623792 
693 2623799 
694 2623801 
695 2623803 
696 2623812 
697 2623815 
698 2623819 
699 2623819 
700 2623819 
701 2623819 
702 2623820 
703 2623820 
704 2623820 
705 2623820 
706 2623821 
707 2623821 
708 2623821 
709 2623822 
710 2623822 
711 2623822 
712 2623823 
713 2623823 
714 2623825 
715 2623828 
716 2623829 
717 2623829 
718 2623830 
719 2623830 
720 2623830 
721 2623831 
722 2623831 
723 2623839 
724 2623843 
725 2623843 
726 2623845 
727 2623848 
728 2623849 
729 2623850 
730 2623852 
731 2623855 
732 2623857 
733 2623859 
734 2623861 
735 2623861 
736 2623862 
737 2623862 
738 2623862 
739 2623862 
740 2623863 
741 2623863 
742 2623863 
743 2623864 
744 2623864 
745 2623865 
746 2623866 
747 2623866 
748 2623867 
749 2623869 
750 2623873 
751 2623882 
752 2623885 
753 2623885 
754 2623885 
755 2623886 
756 2623886 
757 2623886 
758 2623886 
759 2623887 
760 2623887 
761 2623887 
762 2623888 
763 2623888 
764 2623889 
765 2623889 
766 2623890 
767 2623894 
768 2623894 
769 2623895 
770 2623895 
771 2623895 
772 2623895 
773 2623896 
774 2623896 
775 2623896 
776 2623897 
777 2623897 
778 2623897 
779 2623897 
780 2623898 
781 2623898 
782 2623899 
783 2623899 
784 2623899 
785 2623899 
786 2623900 
787 2623900 
788 2623900 
789 2623900 
790 2623901 
791 2623901 
792 2623902 
793 2623902 
794 2623903 
795 2623903 
796 2623903 
797 2623904 
798 2623905 
799 2623906 
800 2623907 
801 2623907 
802 2623907 
803 2623908 
804 2623908 
805 2623909 
806 2623910 
807 2623912 
808 2623912 
809 2623913 
810 2623920 
811 2623921 
812 2623921 
813 2623922 
814 2623925 
815 2623925 
816 2623936 
817 2623939 
818 2623940 
819 2623940 
820 2623941 
821 2623942 
822 2623942 
823 2623944 
824 2623946 
825 2623950 
826 2623950 
827 2623952 
828 2623953 
829 2623955 
830 2623955 
831 2623957 
832 2623960 
833 2623987 
834 2624003 
835 2624004 
836 2624007 
837 2624008 
838 2624010 
839 2624011 
840 2624012 
841 2624012 
842 2624013 
843 2624013 
844 2624014 
845 2624015 
846 2624015 
847 2624015 
848 2624016 
849 2624016 
850 2624016 
851 2624016 
852 2624017 
853 2624017 
854 2624017 
855 2624017 
856 2624018 
857 2624018 
858 2624018 
859 2624018 
860 2624019 
861 2624019 
862 2624019 
863 2624019 
864 2624020 
865 2624020 
866 2624020 
867 2624020 
868 2624021 
869 2624021 
870 2624021 
871 2624021 
872 2624022 
873 2624022 
874 2624022 
875 2624024 
876 2624024 
877 2624026 
878 2624027 
879 2624027 
880 2624032 
881 2624033 
882 2624033 
883 2624033 
884 2624034 
885 2624051 
886 2624053 
887 2624055 
888 2624055 
889 2624057 
890 2624061 
891 2624063 
892 2624065 
893 2624066 
894 2624069 
895 2624077 
896 2624084 
897 2624104 
898 2624106 
899 2624108 
900 2624109 
901 2624111 
902 2624115 
903 2624117 
904 2624117 
905 2624118 
906 2624122 
907 2624126 
908 2624132 
909 2624150 
910 2624153 
911 2624154 
912 2624154 
913 2624156 
914 2624156 
915 2624156 
916 2624161 
917 2624161 
918 2624162 
919 2624164 
920 2624164 
921 2624166 
922 2624168 
923 2624174 
924 2624202 
925 2624204 
926 2624207 
927 2624208 
928 2624209 
929 2624211 
930 2624212 
931 2624212 
932 2624212 
933 2624213 
934 2624219 
935 2624221 
936 2624221 
937 2624224 
938 2624225 
939 2624225 
940 2624225 
941 2624226 
942 2624226 
943 2624226 
944 2624227 
945 2624227 
946 2624227 
947 2624227 
948 2624228 
949 2624228 
950 2624228 
951 2624229 
952 2624229 
953 2624229 
954 2624230 
955 2624230 
956 2624230 
957 2624231 
958 2624231 
959 2624231 
960 2624232 
961 2624232 
962 2624232 
963 2624232 
964 2624233 
965 2624233 
966 2624234 
967 2624234 
968 2624234 
969 2624235 
970 2624235 
971 2624235 
972 2624236 
973 2624236 
974 2624247 
975 2624247 
976 2624247 
977 2624255 
978 2624257 
979 2624257 
980 2624261 
981 2624261 
982 2624265 
983 2624270 
984 2624284 
985 2624285 
986 2624303 
987 2624312 
988 2624315 
989 2624316 
990 2624317 
991 2624318 
992 2624319 
993 2624324 
994 2624326 
995 2624328 
996 2624331 
997 2624333 
998 2624334 
999 2624362 
1000 2624366 
1001 2624369 
1002 2624370 
1003 2624372 
1004 2624372 
1005 2624373 
1006 2624377 
1007 2624378 
1008 2624379 
1009 2624379 
1010 2624379 
1011 2624379 
1012 2624380 
1013 2624380 
1014 2624380 
1015 2624381 
1016 2624381 
1017 2624385 
1018 2624387 
1019 2624388 
1020 2624388 
1021 2624388 
1022 2624389 
1023 2624389 
1024 2624389 
1025 2624390 
1026 2624390 
1027 2624390 
1028 2624391 
1029 2624391 
1030 2624391 
1031 2624392 
1032 2624392 
1033 2624396 
1034 2624399 
