1 2671228 
2 2671284 
3 2671293 
4 2671295 
5 2671296 
6 2671298 
7 2671308 
8 2671321 
9 2671321 
10 2671321 
11 2671322 
12 2671322 
13 2671322 
14 2671323 
15 2671323 
16 2671323 
17 2671324 
18 2671324 
19 2671324 
20 2671325 
21 2671325 
22 2671325 
23 2671326 
24 2671326 
25 2671326 
26 2671327 
27 2671327 
28 2671327 
29 2671328 
30 2671328 
31 2671328 
32 2671329 
33 2671329 
34 2671329 
35 2671330 
36 2671330 
37 2671330 
38 2671331 
39 2671331 
40 2671331 
41 2671332 
42 2671332 
43 2671332 
44 2671333 
45 2671333 
46 2671333 
47 2671338 
48 2671339 
49 2671367 
50 2671368 
51 2671368 
52 2671369 
53 2671389 
54 2671420 
55 2671420 
56 2671424 
57 2671424 
58 2671426 
59 2671429 
60 2671429 
61 2671430 
62 2671430 
63 2671430 
64 2671433 
65 2671433 
66 2671433 
67 2671434 
68 2671434 
69 2671434 
70 2671435 
71 2671435 
72 2671437 
73 2671437 
74 2671437 
75 2671443 
76 2671443 
77 2671444 
78 2671444 
79 2671444 
80 2671445 
81 2671445 
82 2671445 
83 2671468 
84 2671475 
85 2671475 
86 2671478 
87 2671482 
88 2671487 
89 2671489 
90 2671491 
91 2671504 
92 2671533 
93 2671534 
94 2671534 
95 2671535 
96 2671535 
97 2671536 
98 2671537 
99 2671540 
100 2671555 
101 2671573 
102 2671581 
103 2671583 
104 2671662 
105 2671675 
106 2671677 
107 2671677 
108 2671678 
109 2671678 
110 2671678 
111 2671679 
112 2671679 
113 2671680 
114 2671680 
115 2671680 
116 2671681 
117 2671681 
118 2671681 
119 2671682 
120 2671682 
121 2671683 
122 2671683 
123 2671683 
124 2671683 
125 2671684 
126 2671684 
127 2671685 
128 2671685 
129 2671685 
130 2671686 
131 2671686 
132 2671686 
133 2671687 
134 2671687 
135 2671688 
136 2671689 
137 2671690 
138 2671690 
139 2671690 
140 2671691 
141 2671691 
142 2671692 
143 2671692 
144 2671692 
145 2671693 
146 2671693 
147 2671694 
148 2671694 
149 2671694 
150 2671695 
151 2671695 
152 2671695 
153 2671696 
154 2671696 
155 2671696 
156 2671697 
157 2671697 
158 2671698 
159 2671698 
160 2671698 
161 2671699 
162 2671699 
163 2671699 
164 2671700 
165 2671700 
166 2671700 
167 2671701 
168 2671701 
169 2671702 
170 2671702 
171 2671702 
172 2671703 
173 2671703 
174 2671704 
175 2671704 
176 2671710 
177 2671711 
178 2671711 
179 2671717 
180 2671717 
181 2671718 
182 2671718 
183 2671719 
184 2671720 
185 2671721 
186 2671721 
187 2671722 
188 2671722 
189 2671722 
190 2671723 
191 2671723 
192 2671723 
193 2671734 
194 2671737 
195 2671786 
196 2671789 
197 2671802 
198 2671811 
199 2671894 
200 2671895 
201 2671906 
202 2671941 
203 2671948 
204 2671953 
205 2671990 
206 2671999 
207 2672003 
208 2672010 
209 2672010 
210 2672013 
211 2672019 
212 2672027 
213 2672035 
214 2672041 
215 2672045 
216 2672048 
217 2672077 
218 2672083 
219 2672086 
220 2672102 
221 2672114 
222 2672115 
223 2672153 
224 2672163 
225 2672164 
226 2672179 
227 2672180 
228 2672180 
229 2672193 
230 2672194 
231 2672199 
232 2672201 
233 2672205 
234 2672206 
235 2672216 
236 2672217 
237 2672224 
238 2672224 
239 2672225 
240 2672225 
241 2672227 
242 2672228 
243 2672229 
244 2672235 
245 2672249 
246 2672262 
247 2672271 
248 2672279 
249 2672294 
250 2672295 
251 2672296 
252 2672296 
253 2672297 
254 2672297 
255 2672298 
256 2672343 
257 2672371 
258 2672376 
259 2672376 
260 2672379 
261 2672379 
262 2672380 
263 2672383 
264 2672387 
265 2672398 
266 2672400 
267 2672445 
268 2672446 
269 2672446 
270 2672446 
271 2672448 
272 2672449 
273 2672449 
274 2672466 
275 2672466 
276 2672466 
277 2672467 
278 2672467 
279 2672470 
280 2672471 
281 2672471 
282 2672471 
283 2672498 
284 2672503 
285 2672506 
286 2672507 
287 2672512 
288 2672543 
289 2672562 
290 2672563 
291 2672565 
292 2672570 
293 2672573 
294 2672580 
295 2672584 
296 2672601 
297 2672601 
298 2672602 
299 2672602 
300 2672602 
301 2672603 
302 2672603 
303 2672603 
304 2672604 
305 2672607 
306 2672616 
307 2672630 
308 2672638 
309 2672638 
310 2672651 
311 2672655 
312 2672656 
313 2672663 
314 2672672 
315 2672682 
316 2672692 
317 2672692 
318 2672693 
319 2672693 
320 2672693 
321 2672694 
322 2672694 
323 2672695 
324 2672695 
325 2672695 
326 2672695 
327 2672696 
328 2672701 
329 2672701 
330 2672701 
331 2672702 
332 2672702 
333 2672702 
334 2672703 
335 2672703 
336 2672703 
337 2672704 
338 2672704 
339 2672705 
340 2672705 
341 2672705 
342 2672705 
343 2672706 
344 2672706 
345 2672706 
346 2672707 
347 2672724 
348 2672740 
349 2672746 
350 2672747 
351 2672747 
352 2672748 
353 2672748 
354 2672792 
355 2672799 
356 2672800 
357 2672800 
358 2672800 
359 2672853 
360 2672894 
361 2672910 
362 2672911 
363 2672911 
364 2672911 
365 2672912 
366 2672912 
367 2672912 
368 2672912 
369 2672913 
370 2672913 
371 2672913 
372 2672914 
373 2672914 
374 2672914 
375 2672915 
376 2672915 
377 2672915 
378 2672916 
379 2672916 
380 2672921 
381 2672921 
382 2672954 
383 2672954 
384 2672955 
385 2672956 
386 2672980 
387 2673036 
388 2673050 
389 2673123 
390 2673124 
391 2673124 
392 2673125 
393 2673125 
394 2673125 
395 2673126 
396 2673126 
397 2673126 
398 2673127 
399 2673127 
400 2673127 
401 2673128 
402 2673128 
403 2673128 
404 2673129 
405 2673129 
406 2673129 
407 2673130 
408 2673130 
409 2673130 
410 2673131 
411 2673131 
412 2673131 
413 2673132 
414 2673132 
415 2673132 
416 2673137 
417 2673139 
418 2673150 
419 2673163 
420 2673169 
421 2673174 
422 2673175 
423 2673175 
424 2673175 
425 2673176 
426 2673176 
427 2673176 
428 2673177 
429 2673177 
430 2673177 
431 2673178 
432 2673178 
433 2673178 
434 2673179 
435 2673179 
436 2673179 
437 2673180 
438 2673180 
439 2673180 
440 2673181 
441 2673181 
442 2673181 
443 2673183 
444 2673183 
445 2673188 
446 2673188 
447 2673188 
448 2673190 
449 2673193 
450 2673208 
451 2673231 
452 2673235 
453 2673245 
454 2673304 
455 2673305 
456 2673318 
457 2673322 
458 2673343 
459 2673343 
460 2673350 
461 2673351 
462 2673351 
463 2673353 
464 2673354 
465 2673354 
466 2673354 
467 2673367 
468 2673368 
469 2673371 
470 2673374 
471 2673375 
472 2673375 
473 2673376 
474 2673376 
475 2673376 
476 2673377 
477 2673377 
478 2673385 
479 2673386 
480 2673386 
481 2673386 
482 2673387 
483 2673387 
484 2673392 
485 2673393 
486 2673400 
487 2673406 
488 2673439 
489 2673444 
490 2673445 
491 2673445 
492 2673446 
493 2673447 
494 2673447 
495 2673448 
496 2673448 
497 2673448 
498 2673448 
499 2673452 
500 2673491 
501 2673492 
502 2673501 
503 2673510 
504 2673510 
505 2673510 
506 2673511 
507 2673511 
508 2673511 
509 2673512 
510 2673512 
511 2673512 
512 2673522 
513 2673522 
514 2673522 
515 2673522 
516 2673523 
517 2673525 
518 2673531 
519 2673537 
520 2673574 
521 2673575 
522 2673576 
523 2673619 
524 2673621 
525 2673621 
526 2673629 
527 2673630 
528 2673631 
529 2673631 
530 2673631 
531 2673632 
532 2673632 
533 2673632 
534 2673633 
535 2673633 
536 2673636 
537 2673636 
538 2673637 
539 2673656 
540 2673656 
541 2673656 
542 2673657 
543 2673657 
544 2673657 
545 2673658 
546 2673658 
547 2673660 
548 2673717 
549 2673736 
550 2673742 
551 2673754 
552 2673765 
553 2673765 
554 2673771 
555 2673776 
556 2673913 
557 2673919 
558 2673919 
559 2673922 
560 2674015 
561 2674019 
562 2674021 
563 2674021 
564 2674027 
565 2674034 
566 2674037 
567 2674039 
568 2674042 
569 2674054 
570 2674122 
571 2674138 
572 2674139 
573 2674139 
574 2674139 
575 2674140 
576 2674140 
577 2674253 
578 2674271 
579 2674271 
580 2674352 
581 2674352 
582 2674352 
583 2674356 
584 2674358 
585 2674360 
586 2674362 
587 2674366 
588 2674370 
589 2674370 
590 2674370 
591 2674371 
592 2674371 
593 2674378 
594 2674383 
595 2674385 
596 2674386 
597 2674388 
598 2674390 
599 2674396 
600 2674398 
601 2674399 
602 2674399 
603 2674399 
604 2674402 
605 2674403 
606 2674422 
607 2674437 
608 2674474 
609 2674479 
610 2674481 
611 2674483 
612 2674483 
613 2674484 
614 2674485 
615 2674485 
616 2674485 
617 2674486 
618 2674486 
619 2674486 
620 2674488 
621 2674488 
622 2674488 
623 2674489 
624 2674489 
625 2674489 
626 2674490 
627 2674490 
628 2674490 
629 2674491 
630 2674492 
631 2674492 
632 2674493 
633 2674493 
634 2674493 
635 2674494 
636 2674494 
637 2674494 
638 2674495 
639 2674495 
640 2674495 
641 2674496 
642 2674496 
643 2674496 
644 2674497 
645 2674497 
646 2674498 
647 2674498 
648 2674498 
649 2674499 
650 2674499 
651 2674499 
652 2674500 
653 2674500 
654 2674500 
655 2674501 
656 2674501 
657 2674501 
658 2674502 
659 2674502 
660 2674506 
661 2674510 
662 2674511 
663 2674511 
664 2674511 
665 2674512 
666 2674512 
667 2674512 
668 2674513 
669 2674513 
670 2674513 
671 2674514 
672 2674514 
673 2674514 
674 2674515 
675 2674515 
676 2674516 
677 2674517 
678 2674517 
679 2674517 
680 2674518 
681 2674518 
682 2674519 
683 2674519 
684 2674521 
685 2674522 
686 2674522 
687 2674522 
688 2674523 
689 2674523 
690 2674523 
691 2674524 
692 2674524 
693 2674524 
694 2674525 
695 2674526 
696 2674526 
697 2674526 
698 2674576 
699 2674579 
700 2674580 
701 2674583 
702 2674584 
703 2674588 
704 2674620 
705 2674626 
706 2674626 
707 2674626 
708 2674627 
709 2674627 
710 2674627 
711 2674633 
712 2674635 
713 2674637 
714 2674638 
715 2674644 
716 2674652 
717 2674652 
718 2674656 
719 2674660 
720 2674661 
721 2674663 
722 2674665 
723 2674674 
724 2674679 
725 2674684 
726 2674686 
727 2674688 
728 2674689 
729 2674692 
730 2674696 
731 2674702 
732 2674704 
733 2674707 
734 2674709 
735 2674717 
736 2674741 
737 2674752 
738 2674754 
739 2674758 
740 2674763 
