1 2498400 
2 2498400 
3 2498400 
4 2498401 
5 2498401 
6 2498401 
7 2498402 
8 2498402 
9 2498402 
10 2498403 
11 2498403 
12 2498403 
13 2498404 
14 2498404 
15 2498404 
16 2498404 
17 2498405 
18 2498405 
19 2498405 
20 2498406 
21 2498406 
22 2498406 
23 2498407 
24 2498407 
25 2498407 
26 2498408 
27 2498408 
28 2498408 
29 2498409 
30 2498409 
31 2498409 
32 2498410 
33 2498410 
34 2498418 
35 2498418 
36 2498419 
37 2498419 
38 2498419 
39 2498419 
40 2498420 
41 2498420 
42 2498420 
43 2498421 
44 2498421 
45 2498421 
46 2498422 
47 2498423 
48 2498423 
49 2498423 
50 2498424 
51 2498424 
52 2498425 
53 2498425 
54 2498425 
55 2498426 
56 2498427 
57 2498428 
58 2498429 
59 2498429 
60 2498430 
61 2498430 
62 2498431 
63 2498448 
64 2498449 
65 2498449 
66 2498449 
67 2498450 
68 2498450 
69 2498451 
70 2498453 
71 2498453 
72 2498453 
73 2498454 
74 2498454 
75 2498454 
76 2498455 
77 2498455 
78 2498455 
79 2498455 
80 2498456 
81 2498456 
82 2498456 
83 2498456 
84 2498457 
85 2498457 
86 2498457 
87 2498458 
88 2498458 
89 2498458 
90 2498459 
91 2498459 
92 2498459 
93 2498460 
94 2498460 
95 2498460 
96 2498461 
97 2498461 
98 2498461 
99 2498462 
100 2498462 
101 2498462 
102 2498463 
103 2498463 
104 2498463 
105 2498464 
106 2498464 
107 2498464 
108 2498465 
109 2498465 
110 2498465 
111 2498466 
112 2498466 
113 2498469 
114 2498469 
115 2498470 
116 2498470 
117 2498470 
118 2498471 
119 2498471 
120 2498471 
121 2498472 
122 2498472 
123 2498472 
124 2498473 
125 2498473 
126 2498473 
127 2498473 
128 2498473 
129 2498474 
130 2498474 
131 2498474 
132 2498475 
133 2498475 
134 2498475 
135 2498475 
136 2498476 
137 2498476 
138 2498476 
139 2498477 
140 2498477 
141 2498477 
142 2498477 
143 2498478 
144 2498478 
145 2498478 
146 2498478 
147 2498479 
148 2498479 
149 2498479 
150 2498480 
151 2498480 
152 2498480 
153 2498480 
154 2498481 
155 2498481 
156 2498481 
157 2498482 
158 2498482 
159 2498482 
160 2498482 
161 2498483 
162 2498483 
163 2498483 
164 2498484 
165 2498484 
166 2498484 
167 2498485 
168 2498485 
169 2498485 
170 2498485 
171 2498486 
172 2498486 
173 2498486 
174 2498487 
175 2498487 
176 2498487 
177 2498488 
178 2498488 
179 2498488 
180 2498489 
181 2498489 
182 2498489 
183 2498489 
184 2498490 
185 2498490 
186 2498490 
187 2498491 
188 2498491 
189 2498492 
190 2498493 
191 2498493 
192 2498496 
193 2498500 
194 2498501 
195 2498504 
196 2498506 
197 2498506 
198 2498509 
199 2498509 
200 2498509 
201 2498510 
202 2498510 
203 2498510 
204 2498511 
205 2498511 
206 2498511 
207 2498512 
208 2498512 
209 2498513 
210 2498513 
211 2498514 
212 2498514 
213 2498514 
214 2498515 
215 2498515 
216 2498515 
217 2498516 
218 2498516 
219 2498518 
220 2498519 
221 2498519 
222 2498519 
223 2498520 
224 2498521 
225 2498522 
226 2498522 
227 2498523 
228 2498523 
229 2498523 
230 2498526 
231 2498527 
232 2498528 
233 2498528 
234 2498529 
235 2498529 
236 2498535 
237 2498537 
238 2498538 
239 2498538 
240 2498538 
241 2498539 
242 2498539 
243 2498539 
244 2498540 
245 2498540 
246 2498540 
247 2498541 
248 2498541 
249 2498541 
250 2498542 
251 2498542 
252 2498543 
253 2498544 
254 2498546 
255 2498546 
256 2498548 
257 2498548 
258 2498549 
259 2498549 
260 2498549 
261 2498550 
262 2498550 
263 2498550 
264 2498551 
265 2498551 
266 2498551 
267 2498552 
268 2498552 
269 2498552 
270 2498552 
271 2498552 
272 2498553 
273 2498553 
274 2498553 
275 2498553 
276 2498554 
277 2498554 
278 2498554 
279 2498555 
280 2498555 
281 2498555 
282 2498555 
283 2498556 
284 2498556 
285 2498559 
286 2498560 
287 2498560 
288 2498560 
289 2498560 
290 2498560 
291 2498561 
292 2498561 
293 2498561 
294 2498561 
295 2498562 
296 2498562 
297 2498562 
298 2498564 
299 2498565 
300 2498565 
301 2498566 
302 2498566 
303 2498567 
304 2498567 
305 2498567 
306 2498569 
307 2498569 
308 2498570 
309 2498570 
310 2498570 
311 2498571 
312 2498571 
313 2498571 
314 2498572 
315 2498572 
316 2498572 
317 2498573 
318 2498573 
319 2498573 
320 2498573 
321 2498574 
322 2498574 
323 2498583 
324 2498583 
325 2498583 
326 2498585 
327 2498588 
328 2498589 
329 2498589 
330 2498591 
331 2498592 
332 2498593 
333 2498593 
334 2498593 
335 2498595 
336 2498595 
337 2498595 
338 2498596 
339 2498596 
340 2498596 
341 2498597 
342 2498597 
343 2498597 
344 2498597 
345 2498598 
346 2498598 
347 2498599 
348 2498599 
349 2498599 
350 2498599 
351 2498600 
352 2498600 
353 2498600 
354 2498601 
355 2498601 
356 2498601 
357 2498602 
358 2498602 
359 2498603 
360 2498603 
361 2498603 
362 2498603 
363 2498604 
364 2498604 
365 2498607 
366 2498607 
367 2498607 
368 2498608 
369 2498608 
370 2498608 
371 2498609 
372 2498609 
373 2498609 
374 2498610 
375 2498610 
376 2498610 
377 2498611 
378 2498611 
379 2498611 
380 2498612 
381 2498612 
382 2498612 
383 2498612 
384 2498613 
385 2498613 
386 2498613 
387 2498614 
388 2498614 
389 2498614 
390 2498614 
391 2498615 
392 2498615 
393 2498615 
394 2498616 
395 2498616 
396 2498616 
397 2498617 
398 2498617 
399 2498620 
400 2498620 
401 2498620 
402 2498620 
403 2498620 
404 2498621 
405 2498621 
406 2498621 
407 2498622 
408 2498622 
409 2498622 
410 2498623 
411 2498623 
412 2498623 
413 2498624 
414 2498624 
415 2498624 
416 2498625 
417 2498625 
418 2498625 
419 2498626 
420 2498626 
421 2498626 
422 2498627 
423 2498627 
424 2498627 
425 2498627 
426 2498627 
427 2498628 
428 2498628 
429 2498629 
430 2498629 
431 2498631 
432 2498631 
433 2498632 
434 2498632 
435 2498633 
436 2498633 
437 2498633 
438 2498633 
439 2498634 
440 2498634 
441 2498634 
442 2498635 
443 2498635 
444 2498635 
445 2498636 
446 2498636 
447 2498636 
448 2498636 
449 2498637 
450 2498637 
451 2498637 
452 2498638 
453 2498638 
454 2498638 
455 2498639 
456 2498639 
457 2498639 
458 2498640 
459 2498640 
460 2498640 
461 2498641 
462 2498641 
463 2498641 
464 2498642 
465 2498642 
466 2498642 
467 2498643 
468 2498643 
469 2498644 
470 2498644 
471 2498645 
472 2498645 
473 2498645 
474 2498646 
475 2498646 
476 2498647 
477 2498647 
478 2498647 
479 2498661 
480 2498661 
481 2498662 
482 2498663 
483 2498665 
484 2498666 
485 2498666 
486 2498666 
487 2498667 
488 2498667 
489 2498667 
490 2498668 
491 2498668 
492 2498668 
493 2498668 
494 2498669 
495 2498669 
496 2498669 
497 2498669 
498 2498670 
499 2498670 
500 2498670 
501 2498671 
502 2498671 
503 2498671 
504 2498672 
505 2498672 
506 2498673 
507 2498674 
508 2498674 
509 2498674 
510 2498675 
511 2498677 
512 2498681 
513 2498690 
514 2498697 
515 2498698 
516 2498699 
517 2498700 
518 2498701 
519 2498701 
520 2498701 
521 2498701 
522 2498702 
523 2498702 
524 2498704 
525 2498707 
526 2498709 
527 2498710 
528 2498711 
529 2498711 
530 2498711 
531 2498712 
532 2498712 
533 2498712 
534 2498712 
535 2498713 
536 2498713 
537 2498713 
538 2498713 
539 2498714 
540 2498714 
541 2498714 
542 2498715 
543 2498715 
544 2498715 
545 2498716 
546 2498716 
547 2498716 
548 2498717 
549 2498717 
550 2498717 
551 2498718 
552 2498718 
553 2498718 
554 2498719 
555 2498719 
556 2498719 
557 2498720 
558 2498720 
559 2498720 
560 2498720 
561 2498721 
562 2498721 
563 2498721 
564 2498722 
565 2498722 
566 2498722 
567 2498723 
568 2498723 
569 2498723 
570 2498723 
571 2498724 
572 2498724 
573 2498724 
574 2498725 
575 2498725 
576 2498729 
577 2498730 
578 2498736 
579 2498737 
580 2498738 
581 2498742 
582 2498742 
583 2498742 
584 2498742 
585 2498743 
586 2498743 
587 2498743 
588 2498744 
589 2498745 
590 2498745 
591 2498745 
592 2498745 
593 2498746 
594 2498746 
595 2498746 
596 2498747 
597 2498747 
598 2498747 
599 2498748 
600 2498748 
601 2498748 
602 2498749 
603 2498749 
604 2498749 
605 2498750 
606 2498750 
607 2498750 
608 2498751 
609 2498751 
610 2498751 
611 2498752 
612 2498752 
613 2498752 
614 2498753 
615 2498753 
616 2498753 
617 2498754 
618 2498754 
619 2498754 
620 2498755 
621 2498755 
622 2498755 
623 2498756 
624 2498756 
625 2498756 
626 2498757 
627 2498757 
628 2498757 
629 2498758 
630 2498758 
631 2498758 
632 2498758 
633 2498759 
634 2498759 
635 2498759 
636 2498760 
637 2498760 
638 2498760 
639 2498761 
640 2498761 
641 2498761 
642 2498762 
643 2498762 
644 2498763 
645 2498763 
646 2498763 
647 2498764 
648 2498764 
649 2498764 
650 2498765 
651 2498765 
652 2498767 
653 2498768 
654 2498769 
655 2498772 
656 2498772 
657 2498773 
658 2498773 
659 2498774 
660 2498774 
661 2498774 
662 2498775 
663 2498775 
664 2498775 
665 2498776 
666 2498776 
667 2498776 
668 2498779 
669 2498779 
670 2498780 
671 2498784 
672 2498794 
673 2498799 
674 2498800 
675 2498801 
676 2498803 
677 2498804 
678 2498804 
679 2498805 
680 2498805 
681 2498805 
682 2498806 
683 2498806 
684 2498807 
685 2498808 
686 2498809 
687 2498810 
688 2498810 
689 2498813 
690 2498814 
691 2498819 
692 2498820 
693 2498824 
694 2498833 
695 2498845 
696 2498846 
697 2498851 
698 2498865 
699 2498872 
700 2498885 
701 2498886 
702 2498886 
703 2498886 
704 2498886 
705 2498887 
706 2498887 
707 2498887 
708 2498888 
709 2498888 
710 2498888 
711 2498889 
712 2498889 
713 2498889 
714 2498890 
715 2498890 
716 2498891 
717 2498891 
718 2498897 
719 2498899 
720 2498899 
721 2498899 
722 2498900 
723 2498900 
724 2498900 
725 2498901 
726 2498901 
727 2498901 
728 2498901 
729 2498901 
730 2498902 
731 2498902 
732 2498902 
733 2498902 
734 2498903 
735 2498903 
736 2498904 
737 2498904 
738 2498904 
739 2498904 
740 2498905 
741 2498905 
742 2498905 
743 2498906 
744 2498906 
745 2498906 
746 2498906 
747 2498906 
748 2498907 
749 2498907 
750 2498907 
751 2498907 
752 2498908 
753 2498908 
754 2498908 
755 2498908 
756 2498909 
757 2498909 
758 2498909 
759 2498910 
760 2498910 
761 2498910 
762 2498911 
763 2498911 
764 2498911 
765 2498912 
766 2498912 
767 2498912 
768 2498915 
769 2498915 
770 2498915 
771 2498916 
772 2498916 
773 2498919 
774 2498920 
775 2498920 
776 2498920 
777 2498921 
778 2498921 
779 2498921 
780 2498921 
781 2498922 
782 2498922 
783 2498923 
784 2498923 
785 2498923 
786 2498925 
787 2498925 
788 2498925 
789 2498926 
790 2498926 
791 2498926 
792 2498927 
793 2498927 
794 2498927 
795 2498928 
796 2498928 
797 2498928 
798 2498929 
799 2498929 
800 2498929 
801 2498930 
802 2498930 
803 2498931 
804 2498931 
805 2498931 
806 2498932 
807 2498932 
808 2498933 
809 2498933 
810 2498933 
811 2498936 
812 2498938 
813 2498942 
814 2498944 
815 2498944 
816 2498944 
817 2498945 
818 2498945 
819 2498946 
820 2498946 
821 2498946 
822 2498947 
823 2498947 
824 2498948 
825 2498948 
826 2498948 
827 2498949 
828 2498949 
829 2498949 
830 2498950 
831 2498950 
832 2498950 
833 2498950 
834 2498951 
835 2498951 
836 2498951 
837 2498952 
838 2498955 
839 2498956 
840 2498957 
841 2498958 
842 2498958 
843 2498959 
844 2498959 
845 2498959 
846 2498961 
847 2498963 
848 2498967 
849 2498967 
850 2498967 
851 2498967 
852 2498967 
853 2498968 
854 2498968 
855 2498968 
856 2498968 
857 2498969 
858 2498969 
859 2498969 
860 2498969 
861 2498970 
862 2498970 
863 2498970 
864 2498970 
865 2498971 
866 2498971 
867 2498971 
868 2498972 
869 2498972 
870 2498972 
871 2498973 
872 2498973 
873 2498973 
874 2498974 
875 2498974 
876 2498974 
877 2498974 
878 2498975 
879 2498975 
880 2498975 
881 2498975 
882 2498976 
883 2498976 
884 2498976 
885 2498977 
886 2498977 
887 2498978 
888 2498978 
889 2498978 
890 2498979 
891 2498979 
892 2498985 
893 2498985 
894 2498986 
895 2498986 
896 2498987 
897 2498987 
898 2498987 
899 2498988 
900 2498988 
901 2498988 
902 2498989 
903 2498989 
904 2498990 
905 2498990 
906 2498990 
907 2498991 
908 2498991 
909 2498991 
910 2498992 
911 2498992 
912 2498993 
913 2498998 
914 2499000 
915 2499001 
916 2499001 
917 2499002 
918 2499002 
919 2499003 
920 2499004 
921 2499004 
922 2499013 
923 2499014 
924 2499014 
925 2499015 
926 2499015 
927 2499015 
928 2499016 
929 2499016 
930 2499016 
931 2499017 
932 2499019 
933 2499022 
934 2499023 
935 2499028 
936 2499029 
937 2499034 
938 2499045 
939 2499045 
940 2499047 
941 2499049 
942 2499050 
943 2499050 
944 2499050 
945 2499051 
946 2499051 
947 2499051 
948 2499051 
949 2499051 
950 2499052 
951 2499052 
952 2499052 
953 2499053 
954 2499053 
955 2499054 
956 2499054 
957 2499054 
958 2499054 
959 2499055 
960 2499055 
961 2499055 
962 2499056 
963 2499056 
964 2499056 
965 2499057 
966 2499057 
967 2499057 
968 2499058 
969 2499058 
970 2499058 
971 2499059 
972 2499059 
973 2499059 
974 2499060 
975 2499060 
976 2499060 
977 2499061 
978 2499061 
979 2499061 
980 2499062 
981 2499062 
982 2499063 
983 2499063 
984 2499063 
985 2499064 
986 2499064 
987 2499064 
988 2499065 
989 2499065 
990 2499065 
991 2499066 
992 2499066 
993 2499066 
994 2499066 
995 2499066 
996 2499067 
997 2499067 
998 2499067 
999 2499068 
1000 2499068 
1001 2499068 
1002 2499069 
1003 2499069 
1004 2499069 
1005 2499070 
1006 2499070 
1007 2499070 
1008 2499070 
1009 2499071 
1010 2499071 
1011 2499071 
1012 2499072 
1013 2499072 
1014 2499072 
1015 2499073 
1016 2499073 
1017 2499073 
1018 2499074 
1019 2499074 
1020 2499074 
1021 2499075 
1022 2499075 
1023 2499075 
1024 2499076 
1025 2499076 
1026 2499076 
1027 2499077 
1028 2499077 
1029 2499077 
1030 2499077 
1031 2499078 
1032 2499078 
1033 2499079 
1034 2499079 
1035 2499079 
1036 2499080 
1037 2499081 
1038 2499082 
1039 2499082 
1040 2499083 
1041 2499083 
1042 2499083 
1043 2499084 
1044 2499084 
1045 2499084 
1046 2499085 
1047 2499086 
1048 2499086 
1049 2499086 
1050 2499088 
1051 2499089 
1052 2499090 
1053 2499090 
1054 2499091 
1055 2499091 
1056 2499092 
1057 2499092 
1058 2499092 
1059 2499093 
1060 2499093 
1061 2499093 
1062 2499094 
1063 2499094 
1064 2499094 
1065 2499095 
1066 2499097 
1067 2499098 
1068 2499098 
1069 2499098 
1070 2499099 
1071 2499099 
1072 2499099 
1073 2499099 
1074 2499100 
1075 2499100 
1076 2499100 
1077 2499101 
1078 2499101 
1079 2499101 
1080 2499102 
1081 2499102 
1082 2499102 
1083 2499103 
1084 2499103 
1085 2499103 
1086 2499104 
1087 2499104 
1088 2499105 
1089 2499106 
1090 2499107 
1091 2499110 
1092 2499111 
1093 2499113 
1094 2499113 
1095 2499114 
1096 2499114 
1097 2499115 
1098 2499116 
1099 2499116 
1100 2499117 
1101 2499117 
1102 2499117 
1103 2499118 
1104 2499118 
1105 2499118 
1106 2499119 
1107 2499119 
1108 2499120 
1109 2499120 
1110 2499120 
1111 2499121 
1112 2499121 
1113 2499121 
1114 2499122 
1115 2499122 
1116 2499122 
1117 2499123 
1118 2499123 
1119 2499123 
1120 2499123 
1121 2499124 
1122 2499124 
1123 2499125 
1124 2499125 
1125 2499125 
1126 2499126 
1127 2499126 
1128 2499126 
1129 2499127 
1130 2499127 
1131 2499127 
1132 2499128 
1133 2499128 
1134 2499128 
1135 2499129 
1136 2499129 
1137 2499129 
1138 2499131 
1139 2499131 
1140 2499131 
1141 2499131 
1142 2499132 
1143 2499132 
1144 2499134 
1145 2499134 
1146 2499134 
1147 2499149 
1148 2499149 
1149 2499149 
1150 2499150 
1151 2499150 
1152 2499150 
1153 2499151 
1154 2499151 
1155 2499152 
1156 2499152 
1157 2499152 
1158 2499153 
1159 2499153 
1160 2499154 
1161 2499154 
1162 2499154 
1163 2499155 
1164 2499155 
1165 2499155 
1166 2499156 
1167 2499156 
1168 2499156 
1169 2499157 
1170 2499158 
1171 2499158 
1172 2499158 
1173 2499159 
1174 2499159 
1175 2499159 
1176 2499160 
1177 2499160 
1178 2499160 
1179 2499160 
1180 2499161 
1181 2499161 
1182 2499161 
1183 2499161 
1184 2499162 
1185 2499163 
1186 2499163 
1187 2499164 
1188 2499164 
1189 2499165 
1190 2499165 
1191 2499165 
1192 2499165 
1193 2499166 
1194 2499166 
1195 2499166 
1196 2499166 
1197 2499167 
1198 2499167 
1199 2499167 
1200 2499167 
1201 2499168 
1202 2499168 
1203 2499168 
1204 2499169 
1205 2499169 
1206 2499169 
1207 2499170 
1208 2499170 
1209 2499170 
1210 2499171 
1211 2499171 
1212 2499171 
1213 2499171 
1214 2499172 
1215 2499172 
1216 2499172 
1217 2499173 
1218 2499174 
1219 2499174 
1220 2499174 
1221 2499174 
1222 2499175 
1223 2499175 
1224 2499175 
1225 2499176 
1226 2499176 
1227 2499177 
1228 2499177 
1229 2499177 
1230 2499178 
1231 2499178 
1232 2499178 
1233 2499179 
1234 2499179 
1235 2499180 
1236 2499180 
1237 2499181 
1238 2499181 
1239 2499181 
1240 2499182 
1241 2499182 
1242 2499183 
1243 2499183 
1244 2499183 
1245 2499183 
1246 2499184 
1247 2499185 
1248 2499185 
1249 2499185 
1250 2499186 
1251 2499186 
1252 2499187 
1253 2499187 
1254 2499187 
1255 2499188 
1256 2499188 
1257 2499188 
1258 2499191 
1259 2499192 
1260 2499192 
1261 2499192 
1262 2499193 
1263 2499193 
1264 2499193 
1265 2499194 
1266 2499194 
1267 2499194 
1268 2499195 
1269 2499195 
1270 2499195 
1271 2499196 
1272 2499196 
1273 2499196 
1274 2499197 
1275 2499197 
1276 2499197 
1277 2499198 
1278 2499198 
1279 2499198 
1280 2499199 
1281 2499199 
1282 2499199 
1283 2499200 
1284 2499200 
1285 2499200 
1286 2499201 
1287 2499201 
1288 2499201 
1289 2499202 
1290 2499202 
1291 2499204 
1292 2499204 
1293 2499205 
1294 2499205 
1295 2499205 
1296 2499206 
1297 2499206 
1298 2499206 
1299 2499206 
1300 2499207 
1301 2499207 
1302 2499207 
1303 2499208 
1304 2499208 
1305 2499208 
1306 2499209 
1307 2499211 
1308 2499211 
1309 2499211 
1310 2499212 
1311 2499212 
1312 2499212 
1313 2499213 
1314 2499213 
1315 2499213 
1316 2499214 
1317 2499214 
1318 2499214 
1319 2499215 
1320 2499215 
1321 2499215 
1322 2499216 
1323 2499216 
1324 2499216 
1325 2499217 
1326 2499217 
1327 2499217 
1328 2499218 
1329 2499218 
1330 2499219 
1331 2499219 
1332 2499219 
1333 2499220 
1334 2499220 
1335 2499220 
1336 2499220 
1337 2499221 
1338 2499221 
1339 2499221 
1340 2499221 
1341 2499221 
1342 2499222 
1343 2499222 
1344 2499222 
1345 2499222 
1346 2499222 
1347 2499223 
1348 2499223 
1349 2499223 
1350 2499223 
1351 2499223 
1352 2499224 
1353 2499224 
1354 2499224 
1355 2499224 
1356 2499224 
1357 2499225 
1358 2499225 
1359 2499225 
1360 2499225 
1361 2499226 
1362 2499226 
1363 2499226 
1364 2499226 
1365 2499226 
1366 2499227 
1367 2499227 
1368 2499227 
1369 2499227 
1370 2499227 
1371 2499228 
1372 2499228 
1373 2499228 
1374 2499228 
1375 2499229 
1376 2499229 
1377 2499229 
1378 2499230 
1379 2499230 
1380 2499240 
1381 2499240 
1382 2499241 
1383 2499241 
1384 2499241 
1385 2499242 
1386 2499242 
1387 2499242 
1388 2499243 
1389 2499243 
1390 2499243 
1391 2499244 
1392 2499244 
1393 2499244 
1394 2499244 
1395 2499245 
1396 2499245 
1397 2499246 
1398 2499246 
1399 2499246 
1400 2499247 
1401 2499247 
1402 2499247 
1403 2499247 
1404 2499247 
1405 2499248 
1406 2499248 
1407 2499248 
1408 2499248 
1409 2499249 
1410 2499249 
1411 2499249 
1412 2499249 
1413 2499250 
1414 2499250 
1415 2499250 
1416 2499251 
1417 2499252 
1418 2499252 
1419 2499252 
1420 2499252 
1421 2499252 
1422 2499253 
1423 2499253 
1424 2499253 
1425 2499254 
1426 2499254 
1427 2499254 
1428 2499254 
1429 2499255 
1430 2499255 
1431 2499255 
1432 2499255 
1433 2499256 
1434 2499256 
1435 2499256 
1436 2499256 
1437 2499257 
1438 2499257 
1439 2499257 
1440 2499257 
1441 2499258 
1442 2499258 
1443 2499258 
1444 2499259 
1445 2499259 
1446 2499259 
1447 2499260 
1448 2499260 
1449 2499260 
1450 2499261 
1451 2499261 
1452 2499261 
1453 2499262 
1454 2499262 
1455 2499262 
1456 2499263 
1457 2499264 
1458 2499264 
1459 2499264 
1460 2499264 
1461 2499265 
1462 2499265 
1463 2499265 
1464 2499266 
1465 2499266 
1466 2499266 
1467 2499267 
1468 2499267 
1469 2499267 
1470 2499268 
1471 2499268 
1472 2499268 
1473 2499269 
1474 2499270 
1475 2499271 
1476 2499271 
1477 2499271 
1478 2499272 
1479 2499272 
1480 2499272 
1481 2499278 
1482 2499282 
1483 2499282 
1484 2499282 
1485 2499283 
1486 2499283 
1487 2499284 
1488 2499284 
1489 2499284 
1490 2499285 
1491 2499285 
1492 2499285 
1493 2499286 
1494 2499286 
1495 2499288 
1496 2499288 
1497 2499289 
1498 2499289 
1499 2499289 
1500 2499290 
1501 2499290 
1502 2499290 
1503 2499291 
1504 2499291 
1505 2499291 
1506 2499294 
1507 2499295 
1508 2499298 
1509 2499304 
1510 2499304 
1511 2499304 
1512 2499305 
1513 2499305 
1514 2499305 
1515 2499305 
1516 2499306 
1517 2499306 
1518 2499306 
1519 2499307 
1520 2499307 
1521 2499307 
1522 2499308 
1523 2499308 
1524 2499308 
1525 2499309 
1526 2499380 
1527 2499381 
1528 2499395 
1529 2499396 
1530 2499396 
1531 2499467 
1532 2499467 
1533 2499467 
1534 2499468 
1535 2499468 
1536 2499468 
1537 2499469 
1538 2499469 
1539 2499469 
1540 2499470 
1541 2499470 
1542 2499470 
1543 2499498 
1544 2499512 
1545 2499545 
1546 2499545 
1547 2499546 
1548 2499546 
1549 2499546 
1550 2499547 
1551 2499547 
1552 2499560 
1553 2499598 
1554 2499599 
1555 2499616 
1556 2499620 
1557 2499620 
1558 2499624 
1559 2499624 
1560 2499624 
1561 2499673 
1562 2499674 
1563 2499674 
1564 2499681 
1565 2499681 
1566 2499682 
1567 2499682 
1568 2499683 
1569 2499683 
1570 2499683 
1571 2499684 
1572 2499684 
1573 2499684 
1574 2499685 
1575 2499685 
1576 2499685 
1577 2499686 
1578 2499686 
1579 2499686 
1580 2499687 
1581 2499687 
1582 2499687 
1583 2499688 
1584 2499688 
1585 2499688 
1586 2499689 
1587 2499693 
1588 2499696 
1589 2499700 
1590 2499700 
1591 2499703 
1592 2499705 
1593 2499710 
1594 2499711 
1595 2499711 
1596 2499711 
1597 2499712 
1598 2499713 
1599 2499714 
1600 2499714 
1601 2499715 
1602 2499715 
1603 2499715 
1604 2499716 
1605 2499718 
1606 2499719 
1607 2499720 
1608 2499721 
1609 2499722 
1610 2499723 
1611 2499723 
1612 2499723 
1613 2499724 
1614 2499724 
1615 2499725 
1616 2499725 
1617 2499725 
1618 2499726 
1619 2499726 
1620 2499727 
1621 2499727 
1622 2499728 
1623 2499728 
1624 2499729 
1625 2499729 
1626 2499729 
1627 2499730 
1628 2499730 
1629 2499731 
1630 2499731 
1631 2499732 
1632 2499732 
1633 2499732 
1634 2499732 
1635 2499733 
1636 2499733 
1637 2499733 
1638 2499733 
1639 2499734 
1640 2499734 
1641 2499734 
1642 2499734 
1643 2499734 
1644 2499735 
1645 2499735 
1646 2499735 
1647 2499735 
1648 2499735 
1649 2499735 
1650 2499736 
1651 2499736 
1652 2499736 
1653 2499736 
1654 2499737 
1655 2499737 
1656 2499737 
1657 2499737 
1658 2499737 
1659 2499738 
1660 2499738 
1661 2499738 
1662 2499738 
1663 2499738 
1664 2499739 
1665 2499739 
1666 2499739 
1667 2499739 
1668 2499739 
1669 2499740 
1670 2499740 
1671 2499740 
1672 2499740 
1673 2499741 
1674 2499741 
1675 2499741 
1676 2499741 
1677 2499742 
1678 2499742 
1679 2499743 
1680 2499743 
1681 2499743 
1682 2499743 
1683 2499744 
1684 2499744 
1685 2499744 
1686 2499744 
1687 2499744 
1688 2499745 
1689 2499745 
1690 2499745 
1691 2499745 
1692 2499745 
1693 2499746 
1694 2499746 
1695 2499746 
1696 2499746 
1697 2499746 
1698 2499747 
1699 2499747 
1700 2499747 
1701 2499747 
1702 2499748 
1703 2499748 
1704 2499748 
1705 2499748 
1706 2499748 
1707 2499749 
1708 2499749 
1709 2499749 
1710 2499749 
1711 2499749 
1712 2499750 
1713 2499750 
1714 2499750 
1715 2499750 
1716 2499750 
1717 2499751 
1718 2499751 
1719 2499751 
1720 2499752 
1721 2499752 
1722 2499752 
1723 2499753 
1724 2499753 
1725 2499753 
1726 2499754 
1727 2499754 
1728 2499754 
1729 2499755 
1730 2499755 
1731 2499755 
1732 2499756 
1733 2499756 
1734 2499757 
1735 2499757 
1736 2499757 
1737 2499758 
1738 2499758 
1739 2499758 
1740 2499758 
1741 2499759 
1742 2499759 
1743 2499760 
1744 2499760 
1745 2499760 
1746 2499761 
1747 2499761 
1748 2499762 
1749 2499762 
1750 2499762 
1751 2499763 
1752 2499763 
1753 2499763 
1754 2499764 
1755 2499764 
1756 2499764 
1757 2499764 
1758 2499765 
1759 2499765 
1760 2499765 
1761 2499766 
1762 2499766 
1763 2499766 
1764 2499767 
1765 2499767 
1766 2499768 
1767 2499768 
1768 2499769 
1769 2499769 
1770 2499769 
1771 2499769 
1772 2499770 
1773 2499770 
1774 2499771 
1775 2499771 
1776 2499771 
1777 2499771 
1778 2499772 
1779 2499772 
1780 2499773 
1781 2499773 
1782 2499773 
1783 2499773 
1784 2499774 
1785 2499774 
1786 2499774 
1787 2499774 
1788 2499775 
1789 2499775 
1790 2499775 
1791 2499775 
1792 2499776 
1793 2499776 
1794 2499776 
1795 2499776 
1796 2499777 
1797 2499777 
1798 2499777 
1799 2499777 
1800 2499778 
1801 2499778 
1802 2499778 
1803 2499779 
1804 2499779 
1805 2499779 
1806 2499780 
1807 2499780 
1808 2499780 
1809 2499781 
1810 2499783 
1811 2499784 
1812 2499784 
1813 2499785 
1814 2499785 
1815 2499786 
1816 2499787 
1817 2499787 
1818 2499787 
1819 2499787 
1820 2499788 
1821 2499788 
1822 2499788 
1823 2499789 
1824 2499789 
1825 2499789 
1826 2499791 
1827 2499793 
1828 2499793 
1829 2499793 
1830 2499794 
1831 2499794 
1832 2499795 
1833 2499795 
1834 2499796 
1835 2499796 
1836 2499797 
1837 2499797 
1838 2499798 
1839 2499799 
1840 2499799 
1841 2499799 
1842 2499800 
1843 2499800 
1844 2499801 
1845 2499801 
1846 2499801 
1847 2499802 
1848 2499802 
1849 2499802 
1850 2499802 
1851 2499803 
1852 2499803 
1853 2499803 
1854 2499804 
1855 2499804 
1856 2499804 
1857 2499804 
1858 2499804 
1859 2499805 
1860 2499805 
1861 2499805 
1862 2499805 
1863 2499805 
1864 2499806 
1865 2499807 
1866 2499807 
1867 2499807 
1868 2499807 
1869 2499808 
1870 2499808 
1871 2499808 
1872 2499812 
1873 2499812 
1874 2499813 
1875 2499813 
1876 2499813 
1877 2499814 
1878 2499814 
1879 2499814 
1880 2499815 
1881 2499815 
1882 2499815 
1883 2499815 
1884 2499816 
1885 2499816 
1886 2499816 
1887 2499816 
1888 2499817 
1889 2499817 
1890 2499817 
1891 2499818 
1892 2499818 
1893 2499819 
1894 2499819 
1895 2499821 
1896 2499821 
1897 2499821 
1898 2499822 
1899 2499822 
1900 2499824 
1901 2499824 
1902 2499824 
1903 2499825 
1904 2499825 
1905 2499825 
1906 2499826 
1907 2499826 
1908 2499826 
1909 2499827 
1910 2499827 
1911 2499827 
1912 2499828 
1913 2499828 
1914 2499828 
1915 2499829 
1916 2499862 
1917 2499862 
1918 2499862 
1919 2499863 
1920 2499863 
1921 2499863 
1922 2499864 
1923 2499864 
1924 2499864 
1925 2499865 
1926 2499866 
1927 2499867 
1928 2499867 
1929 2499867 
1930 2499868 
1931 2499868 
1932 2499868 
1933 2499868 
1934 2499869 
1935 2499869 
1936 2499869 
1937 2499870 
1938 2499870 
1939 2499871 
1940 2499872 
1941 2499872 
1942 2499873 
1943 2499873 
1944 2499874 
1945 2499874 
1946 2499875 
1947 2499875 
1948 2499875 
1949 2499876 
1950 2499876 
1951 2499878 
1952 2499878 
1953 2499879 
1954 2499880 
1955 2499880 
1956 2499881 
1957 2499881 
1958 2499881 
1959 2499886 
1960 2499887 
1961 2499887 
1962 2499889 
1963 2499891 
1964 2499891 
1965 2499893 
1966 2499894 
1967 2499894 
1968 2499899 
1969 2499899 
1970 2499902 
1971 2499907 
1972 2499910 
1973 2499910 
1974 2499911 
1975 2499911 
1976 2499911 
1977 2499912 
1978 2499912 
1979 2499912 
1980 2499913 
1981 2499913 
1982 2499913 
1983 2499913 
1984 2499914 
1985 2499914 
1986 2499914 
1987 2499915 
1988 2499915 
1989 2499915 
1990 2499916 
1991 2499916 
1992 2499916 
1993 2499921 
1994 2499921 
1995 2499922 
1996 2499922 
1997 2499922 
1998 2499922 
1999 2499923 
2000 2499923 
2001 2499924 
2002 2499925 
2003 2499925 
2004 2499926 
2005 2499926 
2006 2499927 
2007 2499927 
2008 2499928 
2009 2499928 
2010 2499929 
2011 2499929 
2012 2499930 
2013 2499930 
2014 2499931 
2015 2499931 
2016 2499934 
2017 2499941 
2018 2499943 
2019 2499948 
2020 2499959 
2021 2499962 
2022 2499963 
2023 2499963 
2024 2499964 
2025 2499964 
2026 2499964 
2027 2499965 
2028 2499965 
2029 2499971 
2030 2499971 
2031 2499971 
2032 2499972 
2033 2499972 
2034 2499973 
2035 2499973 
2036 2499974 
2037 2499974 
2038 2499975 
2039 2499975 
2040 2499975 
2041 2499976 
2042 2499976 
2043 2499977 
2044 2499977 
2045 2499977 
2046 2499978 
2047 2499979 
2048 2499979 
2049 2499979 
2050 2499980 
2051 2499980 
2052 2499984 
2053 2499986 
2054 2499998 
2055 2500004 
2056 2500004 
2057 2500005 
2058 2500026 
2059 2500028 
2060 2500028 
2061 2500029 
2062 2500029 
2063 2500030 
2064 2500030 
2065 2500030 
2066 2500031 
2067 2500031 
2068 2500031 
2069 2500031 
2070 2500034 
2071 2500034 
2072 2500034 
2073 2500034 
2074 2500035 
2075 2500036 
2076 2500037 
2077 2500037 
2078 2500038 
2079 2500038 
2080 2500038 
2081 2500038 
2082 2500039 
2083 2500039 
2084 2500039 
2085 2500040 
2086 2500040 
2087 2500041 
2088 2500043 
2089 2500044 
2090 2500046 
2091 2500047 
2092 2500048 
2093 2500049 
2094 2500049 
2095 2500050 
2096 2500061 
2097 2500067 
2098 2500070 
2099 2500070 
2100 2500075 
2101 2500079 
2102 2500080 
2103 2500080 
2104 2500081 
2105 2500081 
2106 2500082 
2107 2500082 
2108 2500083 
2109 2500083 
2110 2500084 
2111 2500084 
2112 2500084 
2113 2500085 
2114 2500085 
2115 2500086 
2116 2500086 
2117 2500087 
2118 2500087 
2119 2500087 
2120 2500088 
2121 2500088 
2122 2500088 
2123 2500089 
2124 2500089 
2125 2500090 
2126 2500090 
2127 2500090 
2128 2500091 
2129 2500091 
2130 2500091 
2131 2500091 
2132 2500092 
2133 2500092 
2134 2500092 
2135 2500093 
2136 2500093 
2137 2500093 
2138 2500094 
2139 2500094 
2140 2500094 
2141 2500095 
2142 2500095 
2143 2500095 
2144 2500096 
2145 2500096 
2146 2500098 
2147 2500098 
2148 2500098 
2149 2500099 
2150 2500099 
2151 2500099 
2152 2500099 
2153 2500100 
2154 2500100 
2155 2500100 
2156 2500101 
2157 2500101 
2158 2500101 
2159 2500102 
2160 2500102 
2161 2500102 
2162 2500103 
2163 2500103 
2164 2500104 
2165 2500105 
2166 2500105 
2167 2500105 
2168 2500106 
2169 2500106 
2170 2500106 
2171 2500107 
2172 2500107 
2173 2500108 
2174 2500108 
2175 2500108 
2176 2500109 
2177 2500109 
2178 2500109 
2179 2500110 
2180 2500110 
2181 2500110 
2182 2500111 
2183 2500111 
2184 2500111 
2185 2500112 
2186 2500112 
2187 2500113 
2188 2500113 
2189 2500114 
2190 2500115 
2191 2500115 
2192 2500115 
2193 2500116 
2194 2500117 
2195 2500117 
2196 2500117 
2197 2500118 
2198 2500118 
2199 2500118 
2200 2500119 
2201 2500119 
2202 2500119 
2203 2500120 
2204 2500120 
2205 2500120 
2206 2500120 
2207 2500121 
2208 2500121 
2209 2500121 
2210 2500122 
2211 2500122 
2212 2500122 
2213 2500123 
2214 2500123 
2215 2500124 
2216 2500124 
2217 2500124 
2218 2500125 
2219 2500125 
2220 2500126 
2221 2500126 
2222 2500127 
2223 2500127 
2224 2500127 
2225 2500128 
2226 2500128 
2227 2500128 
2228 2500129 
2229 2500129 
2230 2500129 
2231 2500130 
2232 2500130 
2233 2500130 
2234 2500131 
2235 2500131 
2236 2500131 
2237 2500132 
2238 2500133 
2239 2500134 
2240 2500134 
2241 2500134 
2242 2500137 
2243 2500138 
2244 2500144 
2245 2500144 
2246 2500145 
2247 2500149 
2248 2500149 
2249 2500151 
2250 2500153 
2251 2500154 
2252 2500154 
2253 2500154 
2254 2500155 
2255 2500155 
2256 2500155 
2257 2500156 
2258 2500157 
2259 2500157 
2260 2500157 
2261 2500158 
2262 2500158 
2263 2500159 
2264 2500159 
2265 2500159 
2266 2500160 
2267 2500160 
2268 2500160 
2269 2500161 
2270 2500161 
2271 2500162 
2272 2500162 
2273 2500162 
2274 2500163 
2275 2500179 
2276 2500180 
2277 2500180 
2278 2500181 
2279 2500182 
2280 2500182 
2281 2500183 
2282 2500183 
2283 2500183 
2284 2500184 
2285 2500184 
2286 2500185 
2287 2500186 
2288 2500186 
2289 2500187 
2290 2500188 
2291 2500188 
2292 2500188 
2293 2500189 
2294 2500189 
2295 2500190 
2296 2500190 
2297 2500190 
2298 2500191 
2299 2500191 
2300 2500192 
2301 2500205 
2302 2500205 
2303 2500206 
2304 2500206 
2305 2500207 
2306 2500207 
2307 2500207 
2308 2500208 
2309 2500209 
2310 2500209 
2311 2500212 
2312 2500212 
2313 2500212 
2314 2500213 
2315 2500213 
2316 2500214 
2317 2500214 
2318 2500214 
2319 2500215 
2320 2500215 
2321 2500215 
2322 2500215 
2323 2500216 
2324 2500216 
2325 2500216 
2326 2500219 
2327 2500219 
2328 2500219 
2329 2500219 
2330 2500220 
2331 2500222 
2332 2500222 
2333 2500222 
2334 2500223 
2335 2500223 
2336 2500223 
2337 2500224 
2338 2500225 
2339 2500234 
2340 2500235 
2341 2500235 
2342 2500236 
2343 2500236 
2344 2500236 
2345 2500237 
2346 2500237 
2347 2500237 
2348 2500238 
2349 2500245 
2350 2500262 
2351 2500262 
2352 2500262 
2353 2500263 
2354 2500263 
2355 2500263 
2356 2500265 
2357 2500265 
2358 2500269 
2359 2500274 
2360 2500274 
2361 2500275 
2362 2500277 
2363 2500277 
2364 2500278 
2365 2500278 
2366 2500278 
2367 2500279 
2368 2500279 
2369 2500279 
2370 2500280 
2371 2500281 
2372 2500281 
2373 2500281 
2374 2500282 
2375 2500282 
2376 2500283 
2377 2500283 
2378 2500283 
2379 2500287 
2380 2500287 
2381 2500290 
2382 2500295 
2383 2500295 
2384 2500295 
2385 2500296 
2386 2500296 
2387 2500296 
2388 2500297 
2389 2500297 
2390 2500297 
2391 2500297 
2392 2500306 
2393 2500306 
2394 2500306 
2395 2500307 
2396 2500307 
2397 2500307 
2398 2500308 
2399 2500308 
2400 2500308 
2401 2500308 
2402 2500309 
2403 2500309 
2404 2500309 
2405 2500310 
2406 2500310 
2407 2500314 
2408 2500314 
2409 2500315 
2410 2500315 
2411 2500316 
2412 2500316 
2413 2500317 
2414 2500317 
2415 2500317 
2416 2500318 
2417 2500318 
2418 2500319 
2419 2500319 
2420 2500322 
2421 2500322 
2422 2500323 
2423 2500334 
2424 2500339 
2425 2500346 
2426 2500348 
2427 2500348 
2428 2500366 
2429 2500376 
2430 2500377 
2431 2500379 
2432 2500396 
2433 2500398 
2434 2500400 
2435 2500443 
2436 2500444 
2437 2500445 
2438 2500445 
2439 2500446 
2440 2500447 
2441 2500447 
2442 2500476 
2443 2500477 
2444 2500477 
2445 2500477 
2446 2500478 
2447 2500478 
2448 2500479 
2449 2500480 
2450 2500483 
2451 2500483 
2452 2500483 
2453 2500484 
2454 2500484 
2455 2500484 
2456 2500490 
2457 2500498 
2458 2500499 
2459 2500499 
2460 2500500 
2461 2500500 
2462 2500500 
2463 2500501 
2464 2500501 
2465 2500501 
2466 2500528 
2467 2500529 
2468 2500529 
2469 2500529 
2470 2500530 
2471 2500537 
2472 2500538 
2473 2500539 
2474 2500539 
2475 2500549 
2476 2500552 
2477 2500552 
2478 2500553 
2479 2500553 
2480 2500553 
2481 2500553 
2482 2500554 
2483 2500554 
2484 2500554 
2485 2500554 
2486 2500555 
2487 2500555 
2488 2500555 
2489 2500556 
2490 2500556 
2491 2500557 
2492 2500557 
2493 2500557 
2494 2500558 
2495 2500558 
2496 2500558 
2497 2500558 
2498 2500559 
2499 2500559 
2500 2500559 
2501 2500560 
2502 2500560 
2503 2500560 
2504 2500561 
2505 2500582 
2506 2500591 
2507 2500591 
2508 2500591 
2509 2500593 
2510 2500596 
2511 2500597 
2512 2500597 
2513 2500598 
2514 2500598 
2515 2500598 
2516 2500599 
2517 2500599 
2518 2500600 
2519 2500600 
2520 2500600 
2521 2500620 
2522 2500625 
2523 2500628 
2524 2500628 
2525 2500630 
2526 2500633 
2527 2500634 
2528 2500635 
2529 2500635 
2530 2500636 
2531 2500636 
2532 2500637 
2533 2500637 
2534 2500637 
2535 2500638 
2536 2500638 
2537 2500639 
2538 2500639 
2539 2500640 
2540 2500642 
2541 2500646 
2542 2500651 
2543 2500691 
2544 2500694 
2545 2500694 
2546 2500694 
2547 2500695 
2548 2500695 
2549 2500704 
2550 2500704 
2551 2500705 
2552 2500708 
2553 2500708 
2554 2500711 
2555 2500721 
2556 2500724 
2557 2500725 
2558 2500725 
2559 2500726 
2560 2500727 
2561 2500729 
2562 2500730 
2563 2500731 
2564 2500731 
2565 2500731 
2566 2500732 
2567 2500732 
2568 2500732 
2569 2500733 
2570 2500733 
2571 2500733 
2572 2500734 
2573 2500734 
2574 2500734 
2575 2500735 
2576 2500735 
2577 2500735 
2578 2500736 
2579 2500736 
2580 2500736 
2581 2500737 
2582 2500737 
2583 2500739 
2584 2500739 
2585 2500739 
2586 2500740 
2587 2500740 
2588 2500740 
2589 2500741 
2590 2500741 
2591 2500741 
2592 2500744 
2593 2500744 
2594 2500745 
2595 2500745 
2596 2500745 
2597 2500746 
2598 2500746 
2599 2500746 
2600 2500747 
2601 2500747 
2602 2500747 
2603 2500748 
2604 2500749 
2605 2500750 
2606 2500751 
2607 2500751 
2608 2500751 
2609 2500752 
2610 2500752 
2611 2500752 
2612 2500752 
2613 2500753 
2614 2500753 
2615 2500753 
2616 2500753 
2617 2500757 
2618 2500757 
2619 2500758 
2620 2500759 
2621 2500763 
2622 2500771 
2623 2500775 
2624 2500781 
2625 2500781 
2626 2500783 
2627 2500783 
2628 2500784 
2629 2500784 
2630 2500784 
2631 2500785 
2632 2500785 
2633 2500785 
2634 2500785 
2635 2500786 
2636 2500786 
2637 2500787 
2638 2500789 
2639 2500789 
2640 2500789 
2641 2500790 
2642 2500790 
2643 2500792 
2644 2500810 
2645 2500813 
2646 2500816 
2647 2500817 
2648 2500817 
2649 2500822 
2650 2500834 
2651 2500834 
2652 2500837 
2653 2500839 
2654 2500839 
2655 2500839 
2656 2500840 
2657 2500840 
2658 2500841 
2659 2500841 
2660 2500842 
2661 2500842 
2662 2500842 
2663 2500843 
2664 2500843 
2665 2500854 
2666 2500875 
2667 2500879 
2668 2500879 
2669 2500882 
2670 2500883 
2671 2500886 
2672 2500891 
2673 2500891 
2674 2500971 
2675 2500971 
2676 2500973 
2677 2500974 
2678 2500974 
2679 2500974 
2680 2500975 
2681 2500975 
2682 2500975 
2683 2500976 
2684 2500976 
2685 2500977 
2686 2501061 
2687 2501061 
2688 2501061 
2689 2501062 
2690 2501062 
2691 2501063 
2692 2501065 
2693 2501065 
2694 2501066 
2695 2501066 
2696 2501067 
2697 2501067 
2698 2501067 
2699 2501068 
2700 2501069 
2701 2501069 
2702 2501069 
2703 2501069 
2704 2501070 
2705 2501070 
2706 2501070 
2707 2501101 
2708 2501101 
2709 2501102 
2710 2501102 
2711 2501102 
2712 2501103 
2713 2501103 
2714 2501103 
2715 2501104 
2716 2501107 
2717 2501108 
2718 2501108 
2719 2501109 
2720 2501113 
2721 2501130 
2722 2501131 
2723 2501132 
2724 2501132 
2725 2501132 
2726 2501148 
2727 2501148 
2728 2501153 
2729 2501154 
2730 2501155 
2731 2501156 
2732 2501156 
2733 2501158 
2734 2501159 
2735 2501159 
2736 2501162 
2737 2501162 
2738 2501162 
2739 2501162 
2740 2501163 
2741 2501163 
2742 2501163 
2743 2501164 
2744 2501164 
2745 2501183 
2746 2501187 
2747 2501190 
2748 2501190 
2749 2501193 
2750 2501193 
2751 2501194 
2752 2501198 
2753 2501227 
2754 2501232 
2755 2501232 
2756 2501240 
2757 2501240 
2758 2501249 
2759 2501252 
2760 2501252 
2761 2501252 
2762 2501253 
2763 2501253 
2764 2501257 
2765 2501258 
2766 2501260 
2767 2501261 
2768 2501261 
2769 2501262 
2770 2501270 
2771 2501270 
2772 2501271 
2773 2501271 
2774 2501272 
2775 2501272 
2776 2501278 
2777 2501282 
2778 2501282 
2779 2501289 
2780 2501294 
2781 2501295 
2782 2501296 
2783 2501306 
2784 2501309 
2785 2501311 
2786 2501311 
2787 2501315 
2788 2501316 
2789 2501316 
2790 2501317 
2791 2501317 
2792 2501318 
2793 2501318 
2794 2501322 
2795 2501327 
2796 2501349 
2797 2501349 
2798 2501349 
2799 2501361 
2800 2501365 
2801 2501368 
2802 2501377 
2803 2501378 
2804 2501378 
2805 2501378 
2806 2501379 
2807 2501379 
2808 2501379 
2809 2501386 
2810 2501388 
2811 2501388 
2812 2501391 
2813 2501391 
2814 2501392 
2815 2501396 
2816 2501396 
2817 2501396 
2818 2501397 
2819 2501397 
2820 2501397 
2821 2501397 
2822 2501398 
2823 2501398 
2824 2501398 
2825 2501400 
2826 2501402 
2827 2501402 
2828 2501402 
2829 2501404 
2830 2501404 
2831 2501406 
2832 2501406 
2833 2501406 
2834 2501407 
2835 2501447 
2836 2501457 
2837 2501458 
2838 2501458 
2839 2501459 
2840 2501528 
2841 2501531 
2842 2501534 
2843 2501535 
2844 2501540 
2845 2501541 
2846 2501544 
2847 2501550 
2848 2501554 
2849 2501566 
2850 2501570 
2851 2501575 
2852 2501829 
2853 2501833 
2854 2501855 
2855 2501855 
2856 2501855 
2857 2501857 
2858 2501860 
2859 2501975 
2860 2501976 
2861 2501976 
2862 2501980 
2863 2501980 
2864 2501980 
2865 2501981 
2866 2501981 
2867 2501981 
2868 2501982 
2869 2501982 
2870 2501983 
2871 2501987 
2872 2501987 
2873 2501988 
2874 2501988 
2875 2501989 
2876 2501989 
2877 2501989 
2878 2501990 
2879 2501990 
2880 2501990 
2881 2501991 
2882 2501995 
2883 2501995 
2884 2501995 
2885 2501996 
2886 2501996 
2887 2501996 
2888 2501997 
2889 2501997 
2890 2501998 
2891 2501998 
2892 2501998 
2893 2501999 
2894 2501999 
2895 2501999 
2896 2501999 
2897 2502000 
2898 2502000 
2899 2502000 
