1 2847600 
2 2847602 
3 2847602 
4 2847602 
5 2847603 
6 2847603 
7 2847604 
8 2847604 
9 2847604 
10 2847605 
11 2847605 
12 2847605 
13 2847606 
14 2847606 
15 2847616 
16 2847617 
17 2847622 
18 2847622 
19 2847626 
20 2847630 
21 2847631 
22 2847645 
23 2847645 
24 2847646 
25 2847646 
26 2847647 
27 2847650 
28 2847656 
29 2847659 
30 2847664 
31 2847665 
32 2847670 
33 2847673 
34 2847673 
35 2847675 
36 2847677 
37 2847682 
38 2847682 
39 2847691 
40 2847691 
41 2847694 
42 2847694 
43 2847695 
44 2847695 
45 2847696 
46 2847696 
47 2847696 
48 2847700 
49 2847703 
50 2847703 
51 2847705 
52 2847706 
53 2847706 
54 2847707 
55 2847708 
56 2847713 
57 2847714 
58 2847714 
59 2847715 
60 2847718 
61 2847718 
62 2847719 
63 2847719 
64 2847724 
65 2847725 
66 2847728 
67 2847728 
68 2847730 
69 2847734 
70 2847734 
71 2847735 
72 2847735 
73 2847735 
74 2847736 
75 2847736 
76 2847737 
77 2847737 
78 2847737 
79 2847738 
80 2847738 
81 2847738 
82 2847739 
83 2847739 
84 2847739 
85 2847740 
86 2847740 
87 2847740 
88 2847741 
89 2847748 
90 2847751 
91 2847755 
92 2847763 
93 2847763 
94 2847763 
95 2847763 
96 2847764 
97 2847764 
98 2847766 
99 2847766 
100 2847768 
101 2847769 
102 2847769 
103 2847770 
104 2847775 
105 2847778 
106 2847779 
107 2847780 
108 2847781 
109 2847782 
110 2847789 
111 2847794 
112 2847794 
113 2847795 
114 2847795 
115 2847795 
116 2847796 
117 2847796 
118 2847796 
119 2847797 
120 2847797 
121 2847797 
122 2847798 
123 2847798 
124 2847807 
125 2847809 
126 2847809 
127 2847816 
128 2847816 
129 2847816 
130 2847817 
131 2847817 
132 2847817 
133 2847818 
134 2847818 
135 2847818 
136 2847818 
137 2847819 
138 2847819 
139 2847819 
140 2847819 
141 2847820 
142 2847820 
143 2847820 
144 2847820 
145 2847821 
146 2847821 
147 2847821 
148 2847821 
149 2847821 
150 2847822 
151 2847822 
152 2847823 
153 2847823 
154 2847823 
155 2847824 
156 2847824 
157 2847824 
158 2847824 
159 2847825 
160 2847825 
161 2847825 
162 2847825 
163 2847826 
164 2847826 
165 2847826 
166 2847827 
167 2847827 
168 2847827 
169 2847828 
170 2847828 
171 2847828 
172 2847828 
173 2847829 
174 2847829 
175 2847829 
176 2847830 
177 2847830 
178 2847831 
179 2847832 
180 2847832 
181 2847833 
182 2847834 
183 2847834 
184 2847834 
185 2847835 
186 2847835 
187 2847835 
188 2847836 
189 2847836 
190 2847836 
191 2847837 
192 2847837 
193 2847837 
194 2847838 
195 2847839 
196 2847841 
197 2847843 
198 2847848 
199 2847848 
200 2847849 
201 2847854 
202 2847855 
203 2847857 
204 2847861 
205 2847861 
206 2847861 
207 2847862 
208 2847862 
209 2847862 
210 2847863 
211 2847863 
212 2847864 
213 2847864 
214 2847864 
215 2847865 
216 2847865 
217 2847865 
218 2847866 
219 2847866 
220 2847866 
221 2847867 
222 2847867 
223 2847867 
224 2847868 
225 2847868 
226 2847868 
227 2847870 
228 2847871 
229 2847871 
230 2847872 
231 2847872 
232 2847872 
233 2847873 
234 2847873 
235 2847875 
236 2847876 
237 2847879 
238 2847891 
239 2847893 
240 2847893 
241 2847894 
242 2847895 
243 2847895 
244 2847896 
245 2847897 
246 2847901 
247 2847903 
248 2847906 
249 2847906 
250 2847906 
251 2847907 
252 2847907 
253 2847907 
254 2847908 
255 2847908 
256 2847908 
257 2847909 
258 2847909 
259 2847909 
260 2847910 
261 2847910 
262 2847910 
263 2847911 
264 2847911 
265 2847911 
266 2847912 
267 2847912 
268 2847912 
269 2847913 
270 2847913 
271 2847913 
272 2847914 
273 2847914 
274 2847915 
275 2847918 
276 2847922 
277 2847922 
278 2847922 
279 2847923 
280 2847923 
281 2847923 
282 2847924 
283 2847925 
284 2847926 
285 2847926 
286 2847927 
287 2847932 
288 2847937 
289 2847937 
290 2847938 
291 2847939 
292 2847940 
293 2847940 
294 2847940 
295 2847941 
296 2847941 
297 2847943 
298 2847949 
299 2847956 
300 2847957 
301 2847966 
302 2847966 
303 2847969 
304 2847973 
305 2847975 
306 2847976 
307 2847976 
308 2847976 
309 2847976 
310 2847977 
311 2847977 
312 2847977 
313 2847978 
314 2847978 
315 2847978 
316 2847983 
317 2847986 
318 2847986 
319 2847991 
320 2847992 
321 2847992 
322 2847992 
323 2847993 
324 2847995 
325 2847995 
326 2847999 
327 2847999 
328 2848001 
329 2848004 
330 2848009 
331 2848009 
332 2848010 
333 2848010 
334 2848010 
335 2848013 
336 2848014 
337 2848015 
338 2848018 
339 2848018 
340 2848020 
341 2848020 
342 2848021 
343 2848021 
344 2848021 
345 2848023 
346 2848024 
347 2848025 
348 2848044 
349 2848047 
350 2848049 
351 2848051 
352 2848053 
353 2848054 
354 2848054 
355 2848054 
356 2848055 
357 2848055 
358 2848056 
359 2848056 
360 2848057 
361 2848057 
362 2848058 
363 2848059 
364 2848060 
365 2848060 
366 2848060 
367 2848060 
368 2848060 
369 2848061 
370 2848061 
371 2848062 
372 2848062 
373 2848063 
374 2848063 
375 2848064 
376 2848064 
377 2848071 
378 2848072 
379 2848075 
380 2848078 
381 2848084 
382 2848084 
383 2848087 
384 2848087 
385 2848088 
386 2848089 
387 2848096 
388 2848099 
389 2848099 
390 2848101 
391 2848105 
392 2848105 
393 2848107 
394 2848107 
395 2848108 
396 2848109 
397 2848109 
398 2848109 
399 2848110 
400 2848110 
401 2848115 
402 2848121 
403 2848121 
404 2848121 
405 2848122 
406 2848123 
407 2848124 
408 2848124 
409 2848124 
410 2848128 
411 2848132 
412 2848132 
413 2848133 
414 2848133 
415 2848134 
416 2848135 
417 2848135 
418 2848136 
419 2848137 
420 2848140 
421 2848148 
422 2848149 
423 2848150 
424 2848150 
425 2848150 
426 2848151 
427 2848151 
428 2848151 
429 2848151 
430 2848152 
431 2848152 
432 2848156 
433 2848157 
434 2848158 
435 2848159 
436 2848160 
437 2848162 
438 2848163 
439 2848163 
440 2848163 
441 2848164 
442 2848164 
443 2848164 
444 2848165 
445 2848165 
446 2848166 
447 2848166 
448 2848167 
449 2848167 
450 2848167 
451 2848168 
452 2848168 
453 2848168 
454 2848169 
455 2848169 
456 2848169 
457 2848170 
458 2848170 
459 2848170 
460 2848171 
461 2848171 
462 2848172 
463 2848173 
464 2848173 
465 2848173 
466 2848173 
467 2848174 
468 2848177 
469 2848178 
470 2848179 
471 2848179 
472 2848183 
473 2848183 
474 2848184 
475 2848185 
476 2848186 
477 2848186 
478 2848187 
479 2848192 
480 2848195 
481 2848195 
482 2848196 
483 2848196 
484 2848198 
485 2848199 
486 2848199 
487 2848199 
488 2848204 
489 2848211 
490 2848215 
491 2848215 
492 2848216 
493 2848216 
494 2848216 
495 2848217 
496 2848218 
497 2848218 
498 2848218 
499 2848218 
500 2848218 
501 2848219 
502 2848219 
503 2848219 
504 2848220 
505 2848226 
506 2848226 
507 2848228 
508 2848229 
509 2848230 
510 2848230 
511 2848230 
512 2848231 
513 2848232 
514 2848233 
515 2848234 
516 2848234 
517 2848239 
518 2848239 
519 2848240 
520 2848241 
521 2848242 
522 2848243 
523 2848243 
524 2848247 
525 2848248 
526 2848251 
527 2848255 
528 2848255 
529 2848256 
530 2848256 
531 2848258 
532 2848258 
533 2848259 
534 2848261 
535 2848263 
536 2848263 
537 2848264 
538 2848266 
539 2848266 
540 2848267 
541 2848267 
542 2848267 
543 2848268 
544 2848268 
545 2848268 
546 2848268 
547 2848269 
548 2848269 
549 2848269 
550 2848269 
551 2848270 
552 2848270 
553 2848270 
554 2848270 
555 2848271 
556 2848271 
557 2848271 
558 2848272 
559 2848273 
560 2848273 
561 2848274 
562 2848275 
563 2848275 
564 2848275 
565 2848276 
566 2848276 
567 2848277 
568 2848278 
569 2848280 
570 2848280 
571 2848285 
572 2848290 
573 2848291 
574 2848291 
575 2848292 
576 2848292 
577 2848292 
578 2848293 
579 2848298 
580 2848299 
581 2848301 
582 2848303 
583 2848303 
584 2848303 
585 2848303 
586 2848304 
587 2848305 
588 2848307 
589 2848307 
590 2848308 
591 2848309 
592 2848310 
593 2848317 
594 2848318 
595 2848318 
596 2848318 
597 2848319 
598 2848319 
599 2848320 
600 2848320 
601 2848321 
602 2848321 
603 2848321 
604 2848322 
605 2848322 
606 2848324 
607 2848325 
608 2848325 
609 2848326 
610 2848326 
611 2848326 
612 2848327 
613 2848328 
614 2848328 
615 2848328 
616 2848329 
617 2848329 
618 2848330 
619 2848330 
620 2848331 
621 2848331 
622 2848332 
623 2848332 
624 2848332 
625 2848333 
626 2848333 
627 2848334 
628 2848334 
629 2848334 
630 2848335 
631 2848335 
632 2848336 
633 2848336 
634 2848337 
635 2848337 
636 2848337 
637 2848338 
638 2848339 
639 2848339 
640 2848340 
641 2848340 
642 2848341 
643 2848342 
644 2848342 
645 2848342 
646 2848343 
647 2848343 
648 2848343 
649 2848344 
650 2848344 
651 2848344 
652 2848344 
653 2848345 
654 2848345 
655 2848345 
656 2848345 
657 2848346 
658 2848346 
659 2848346 
660 2848346 
661 2848347 
662 2848347 
663 2848347 
664 2848347 
665 2848348 
666 2848348 
667 2848349 
668 2848349 
669 2848349 
670 2848350 
671 2848350 
672 2848350 
673 2848351 
674 2848351 
675 2848351 
676 2848351 
677 2848352 
678 2848352 
679 2848353 
680 2848353 
681 2848353 
682 2848354 
683 2848354 
684 2848355 
685 2848356 
686 2848356 
687 2848356 
688 2848357 
689 2848357 
690 2848358 
691 2848358 
692 2848359 
693 2848360 
694 2848360 
695 2848361 
696 2848361 
697 2848362 
698 2848362 
699 2848362 
700 2848362 
701 2848363 
702 2848363 
703 2848363 
704 2848364 
705 2848364 
706 2848365 
707 2848365 
708 2848366 
709 2848366 
710 2848367 
711 2848368 
712 2848368 
713 2848368 
714 2848369 
715 2848370 
716 2848370 
717 2848371 
718 2848371 
719 2848371 
720 2848372 
721 2848372 
722 2848373 
723 2848373 
724 2848373 
725 2848374 
726 2848374 
727 2848375 
728 2848377 
729 2848380 
730 2848381 
731 2848382 
732 2848382 
733 2848383 
734 2848384 
735 2848385 
736 2848385 
737 2848385 
738 2848388 
739 2848389 
740 2848392 
741 2848393 
742 2848394 
743 2848396 
744 2848396 
745 2848397 
746 2848398 
747 2848399 
748 2848400 
749 2848400 
750 2848401 
751 2848404 
752 2848404 
753 2848405 
754 2848405 
755 2848405 
756 2848405 
757 2848406 
758 2848407 
759 2848408 
760 2848412 
761 2848412 
762 2848412 
763 2848413 
764 2848417 
765 2848419 
766 2848419 
767 2848420 
768 2848421 
769 2848421 
770 2848422 
771 2848422 
772 2848422 
773 2848422 
774 2848422 
775 2848423 
776 2848423 
777 2848424 
778 2848424 
779 2848426 
780 2848426 
781 2848427 
782 2848428 
783 2848429 
784 2848429 
785 2848430 
786 2848430 
787 2848431 
788 2848432 
789 2848432 
790 2848432 
791 2848433 
792 2848433 
793 2848433 
794 2848433 
795 2848434 
796 2848434 
797 2848434 
798 2848435 
799 2848435 
800 2848435 
801 2848435 
802 2848435 
803 2848436 
804 2848436 
805 2848436 
806 2848436 
807 2848437 
808 2848437 
809 2848437 
810 2848437 
811 2848438 
812 2848438 
813 2848440 
814 2848440 
815 2848441 
816 2848442 
817 2848442 
818 2848442 
819 2848442 
820 2848442 
821 2848443 
822 2848445 
823 2848445 
824 2848445 
825 2848446 
826 2848446 
827 2848446 
828 2848447 
829 2848448 
830 2848448 
831 2848448 
832 2848449 
833 2848449 
834 2848450 
835 2848451 
836 2848452 
837 2848453 
838 2848454 
839 2848455 
840 2848455 
841 2848456 
842 2848456 
843 2848458 
844 2848458 
845 2848458 
846 2848459 
847 2848459 
848 2848459 
849 2848459 
850 2848461 
851 2848461 
852 2848462 
853 2848462 
854 2848463 
855 2848463 
856 2848464 
857 2848464 
858 2848465 
859 2848466 
860 2848466 
861 2848467 
862 2848467 
863 2848469 
864 2848469 
865 2848470 
866 2848470 
867 2848471 
868 2848471 
869 2848472 
870 2848473 
871 2848473 
872 2848475 
873 2848476 
874 2848477 
875 2848477 
876 2848478 
877 2848478 
878 2848479 
879 2848479 
880 2848480 
881 2848480 
882 2848481 
883 2848482 
884 2848482 
885 2848483 
886 2848484 
887 2848485 
888 2848486 
889 2848486 
890 2848487 
891 2848487 
892 2848488 
893 2848489 
894 2848490 
895 2848491 
896 2848492 
897 2848494 
898 2848494 
899 2848496 
900 2848496 
901 2848496 
902 2848497 
903 2848497 
904 2848498 
905 2848498 
906 2848501 
907 2848505 
908 2848507 
909 2848507 
910 2848509 
911 2848511 
912 2848512 
913 2848515 
914 2848516 
915 2848518 
916 2848521 
917 2848523 
918 2848529 
919 2848530 
920 2848531 
921 2848534 
922 2848548 
923 2848554 
924 2848555 
925 2848557 
926 2848558 
927 2848570 
928 2848571 
929 2848572 
930 2848574 
931 2848577 
932 2848579 
933 2848583 
934 2848590 
935 2848591 
936 2848591 
937 2848592 
938 2848592 
939 2848592 
940 2848592 
941 2848594 
942 2848600 
943 2848604 
944 2848605 
945 2848605 
946 2848607 
947 2848609 
948 2848610 
949 2848611 
950 2848612 
951 2848613 
952 2848615 
953 2848616 
954 2848616 
955 2848616 
956 2848617 
957 2848617 
958 2848618 
959 2848618 
960 2848618 
961 2848619 
962 2848619 
963 2848619 
964 2848620 
965 2848620 
966 2848627 
967 2848631 
968 2848632 
969 2848639 
970 2848660 
971 2848670 
972 2848674 
973 2848674 
974 2848679 
975 2848683 
976 2848685 
977 2848688 
978 2848688 
979 2848689 
980 2848689 
981 2848689 
982 2848690 
983 2848691 
984 2848703 
985 2848704 
986 2848708 
987 2848708 
988 2848711 
989 2848713 
990 2848713 
991 2848714 
992 2848716 
993 2848716 
994 2848720 
995 2848720 
996 2848727 
997 2848727 
998 2848733 
999 2848739 
1000 2848739 
1001 2848743 
1002 2848745 
1003 2848746 
1004 2848750 
1005 2848755 
1006 2848766 
1007 2848773 
1008 2848774 
1009 2848774 
1010 2848784 
1011 2848784 
1012 2848784 
1013 2848785 
1014 2848788 
1015 2848789 
1016 2848792 
1017 2848794 
1018 2848794 
1019 2848797 
1020 2848799 
1021 2848800 
1022 2848801 
1023 2848804 
1024 2848806 
1025 2848817 
1026 2848821 
1027 2848821 
1028 2848821 
1029 2848822 
1030 2848822 
1031 2848823 
1032 2848823 
1033 2848823 
1034 2848824 
1035 2848832 
1036 2848832 
1037 2848832 
1038 2848835 
1039 2848835 
1040 2848836 
1041 2848836 
1042 2848837 
1043 2848837 
1044 2848838 
1045 2848838 
1046 2848840 
1047 2848844 
1048 2848851 
1049 2848855 
1050 2848859 
1051 2848878 
1052 2848878 
1053 2848884 
1054 2848893 
1055 2848896 
1056 2848896 
1057 2848897 
1058 2848897 
1059 2848897 
1060 2848898 
1061 2848899 
1062 2848904 
1063 2848933 
1064 2848933 
1065 2848942 
1066 2848942 
1067 2848943 
1068 2848943 
1069 2848943 
1070 2848944 
1071 2848945 
1072 2848945 
1073 2848946 
1074 2848959 
1075 2848965 
1076 2848965 
1077 2848966 
1078 2848966 
1079 2848967 
1080 2848967 
1081 2848967 
1082 2848968 
1083 2848968 
1084 2848969 
1085 2848971 
1086 2848974 
1087 2848974 
1088 2848975 
1089 2848975 
1090 2848975 
1091 2848976 
1092 2848979 
1093 2848980 
1094 2848981 
1095 2848983 
1096 2848984 
1097 2848996 
1098 2849004 
1099 2849006 
1100 2849011 
1101 2849011 
1102 2849018 
1103 2849022 
1104 2849022 
1105 2849022 
1106 2849023 
1107 2849024 
1108 2849025 
1109 2849025 
1110 2849026 
1111 2849026 
1112 2849026 
1113 2849027 
1114 2849027 
1115 2849030 
1116 2849032 
1117 2849032 
1118 2849032 
1119 2849032 
1120 2849032 
1121 2849033 
1122 2849033 
1123 2849033 
1124 2849039 
1125 2849039 
1126 2849039 
1127 2849040 
1128 2849041 
1129 2849041 
1130 2849042 
1131 2849042 
1132 2849042 
1133 2849043 
1134 2849043 
1135 2849043 
1136 2849044 
1137 2849044 
1138 2849048 
1139 2849057 
1140 2849061 
1141 2849061 
1142 2849061 
1143 2849074 
1144 2849089 
1145 2849108 
1146 2849111 
1147 2849112 
1148 2849112 
1149 2849121 
1150 2849124 
1151 2849133 
1152 2849139 
1153 2849141 
1154 2849143 
1155 2849143 
1156 2849144 
1157 2849144 
1158 2849144 
1159 2849145 
1160 2849147 
1161 2849149 
1162 2849153 
1163 2849164 
1164 2849168 
1165 2849173 
1166 2849173 
1167 2849173 
1168 2849174 
1169 2849174 
1170 2849174 
1171 2849175 
1172 2849175 
1173 2849175 
1174 2849178 
1175 2849178 
1176 2849179 
1177 2849179 
1178 2849180 
1179 2849181 
1180 2849181 
1181 2849183 
1182 2849191 
1183 2849193 
1184 2849194 
1185 2849194 
1186 2849194 
1187 2849195 
1188 2849196 
1189 2849198 
1190 2849198 
1191 2849199 
1192 2849201 
1193 2849201 
1194 2849203 
1195 2849205 
1196 2849209 
1197 2849214 
1198 2849214 
1199 2849223 
1200 2849226 
1201 2849227 
1202 2849227 
1203 2849227 
1204 2849228 
1205 2849228 
1206 2849230 
1207 2849234 
1208 2849234 
1209 2849235 
1210 2849235 
1211 2849235 
1212 2849236 
1213 2849236 
1214 2849240 
1215 2849240 
1216 2849240 
1217 2849243 
1218 2849243 
1219 2849252 
1220 2849253 
1221 2849261 
1222 2849263 
1223 2849267 
1224 2849268 
1225 2849270 
1226 2849271 
1227 2849271 
1228 2849274 
1229 2849276 
1230 2849280 
1231 2849282 
1232 2849284 
1233 2849284 
1234 2849290 
1235 2849291 
1236 2849291 
1237 2849295 
1238 2849296 
1239 2849302 
1240 2849303 
1241 2849306 
1242 2849309 
1243 2849310 
1244 2849312 
1245 2849313 
1246 2849313 
1247 2849317 
1248 2849317 
1249 2849317 
1250 2849320 
1251 2849322 
1252 2849324 
1253 2849326 
1254 2849327 
1255 2849327 
1256 2849327 
1257 2849328 
1258 2849329 
1259 2849331 
1260 2849332 
1261 2849336 
1262 2849336 
1263 2849343 
1264 2849344 
1265 2849348 
1266 2849350 
1267 2849350 
1268 2849353 
1269 2849355 
1270 2849362 
1271 2849363 
1272 2849363 
1273 2849364 
1274 2849365 
1275 2849368 
1276 2849368 
1277 2849371 
1278 2849373 
1279 2849373 
1280 2849373 
1281 2849374 
1282 2849375 
1283 2849377 
1284 2849377 
1285 2849379 
1286 2849385 
1287 2849385 
1288 2849393 
1289 2849393 
1290 2849420 
1291 2849423 
1292 2849428 
1293 2849428 
1294 2849428 
1295 2849428 
1296 2849433 
1297 2849433 
1298 2849434 
1299 2849435 
1300 2849435 
1301 2849437 
1302 2849438 
1303 2849448 
1304 2849448 
1305 2849448 
1306 2849449 
1307 2849453 
1308 2849462 
1309 2849462 
1310 2849486 
1311 2849486 
1312 2849487 
1313 2849487 
1314 2849487 
1315 2849488 
1316 2849489 
1317 2849489 
1318 2849490 
1319 2849491 
1320 2849491 
1321 2849491 
1322 2849492 
1323 2849492 
1324 2849494 
1325 2849494 
1326 2849494 
1327 2849495 
1328 2849495 
1329 2849500 
1330 2849506 
1331 2849507 
1332 2849507 
1333 2849507 
1334 2849508 
1335 2849508 
1336 2849509 
1337 2849509 
1338 2849509 
1339 2849509 
1340 2849510 
1341 2849510 
1342 2849510 
1343 2849511 
1344 2849511 
1345 2849511 
1346 2849512 
1347 2849512 
1348 2849512 
1349 2849513 
1350 2849513 
1351 2849513 
1352 2849514 
1353 2849514 
1354 2849514 
1355 2849515 
1356 2849515 
1357 2849516 
1358 2849516 
1359 2849516 
1360 2849517 
1361 2849517 
1362 2849517 
1363 2849518 
1364 2849518 
1365 2849518 
1366 2849519 
1367 2849519 
1368 2849519 
1369 2849520 
1370 2849520 
1371 2849520 
1372 2849521 
1373 2849521 
1374 2849522 
1375 2849522 
1376 2849522 
1377 2849522 
1378 2849523 
1379 2849523 
1380 2849523 
1381 2849524 
1382 2849524 
1383 2849525 
1384 2849526 
1385 2849526 
1386 2849526 
1387 2849527 
1388 2849527 
1389 2849527 
1390 2849529 
1391 2849531 
1392 2849536 
1393 2849536 
1394 2849537 
1395 2849537 
1396 2849537 
1397 2849538 
1398 2849538 
1399 2849538 
1400 2849539 
1401 2849539 
1402 2849547 
1403 2849550 
1404 2849550 
1405 2849550 
1406 2849551 
1407 2849551 
1408 2849551 
1409 2849552 
1410 2849552 
1411 2849553 
1412 2849553 
1413 2849553 
1414 2849554 
1415 2849554 
1416 2849554 
1417 2849555 
1418 2849555 
1419 2849555 
1420 2849556 
1421 2849556 
1422 2849556 
1423 2849557 
1424 2849557 
1425 2849557 
1426 2849558 
1427 2849558 
1428 2849558 
1429 2849559 
1430 2849559 
1431 2849559 
1432 2849560 
1433 2849560 
1434 2849560 
1435 2849560 
1436 2849561 
1437 2849561 
1438 2849561 
1439 2849562 
1440 2849562 
1441 2849563 
1442 2849563 
1443 2849563 
1444 2849564 
1445 2849564 
1446 2849564 
1447 2849565 
1448 2849565 
1449 2849565 
1450 2849566 
1451 2849566 
1452 2849566 
1453 2849567 
1454 2849567 
1455 2849568 
1456 2849568 
1457 2849568 
1458 2849569 
1459 2849569 
1460 2849569 
1461 2849570 
1462 2849570 
1463 2849570 
1464 2849571 
1465 2849571 
1466 2849571 
1467 2849572 
1468 2849572 
1469 2849573 
1470 2849573 
1471 2849573 
1472 2849573 
1473 2849574 
1474 2849574 
1475 2849575 
1476 2849575 
1477 2849575 
1478 2849576 
1479 2849576 
1480 2849577 
1481 2849577 
1482 2849578 
1483 2849579 
1484 2849580 
1485 2849580 
1486 2849580 
1487 2849580 
1488 2849581 
1489 2849581 
1490 2849581 
1491 2849582 
1492 2849582 
1493 2849582 
1494 2849586 
1495 2849586 
1496 2849588 
1497 2849590 
1498 2849591 
1499 2849591 
1500 2849591 
1501 2849591 
1502 2849592 
1503 2849592 
1504 2849593 
1505 2849593 
1506 2849593 
1507 2849593 
1508 2849594 
1509 2849594 
1510 2849594 
1511 2849595 
1512 2849597 
1513 2849598 
1514 2849598 
1515 2849598 
1516 2849599 
1517 2849599 
1518 2849599 
1519 2849600 
1520 2849600 
1521 2849600 
1522 2849600 
1523 2849602 
1524 2849608 
1525 2849612 
1526 2849613 
1527 2849617 
1528 2849617 
1529 2849617 
1530 2849618 
1531 2849619 
1532 2849619 
1533 2849620 
1534 2849620 
1535 2849621 
1536 2849626 
1537 2849626 
1538 2849626 
1539 2849627 
1540 2849627 
1541 2849628 
1542 2849628 
1543 2849628 
1544 2849629 
1545 2849629 
1546 2849630 
1547 2849630 
1548 2849631 
1549 2849631 
1550 2849631 
1551 2849632 
1552 2849635 
1553 2849635 
1554 2849639 
1555 2849643 
1556 2849643 
1557 2849643 
1558 2849643 
1559 2849644 
1560 2849646 
1561 2849649 
1562 2849651 
1563 2849652 
1564 2849660 
1565 2849662 
1566 2849663 
1567 2849664 
1568 2849673 
1569 2849673 
1570 2849673 
1571 2849682 
1572 2849682 
1573 2849682 
1574 2849685 
1575 2849685 
1576 2849688 
1577 2849690 
1578 2849692 
1579 2849697 
1580 2849699 
1581 2849700 
1582 2849707 
1583 2849712 
1584 2849712 
1585 2849712 
1586 2849713 
1587 2849713 
1588 2849717 
1589 2849718 
1590 2849719 
1591 2849719 
1592 2849720 
1593 2849721 
1594 2849722 
1595 2849722 
1596 2849723 
1597 2849723 
1598 2849723 
1599 2849723 
1600 2849724 
1601 2849724 
1602 2849724 
1603 2849724 
1604 2849725 
1605 2849725 
1606 2849725 
1607 2849725 
1608 2849726 
1609 2849726 
1610 2849726 
1611 2849726 
1612 2849726 
1613 2849727 
1614 2849727 
1615 2849727 
1616 2849727 
1617 2849728 
1618 2849728 
1619 2849728 
1620 2849728 
1621 2849729 
1622 2849729 
1623 2849729 
1624 2849730 
1625 2849730 
1626 2849730 
1627 2849731 
1628 2849731 
1629 2849732 
1630 2849732 
1631 2849732 
1632 2849733 
1633 2849733 
1634 2849734 
1635 2849734 
1636 2849734 
1637 2849735 
1638 2849735 
1639 2849735 
1640 2849735 
1641 2849736 
1642 2849736 
1643 2849736 
1644 2849736 
1645 2849736 
1646 2849736 
1647 2849737 
1648 2849737 
1649 2849737 
1650 2849738 
1651 2849738 
1652 2849738 
1653 2849738 
1654 2849738 
1655 2849739 
1656 2849739 
1657 2849739 
1658 2849740 
1659 2849740 
1660 2849740 
1661 2849741 
1662 2849741 
1663 2849742 
1664 2849742 
1665 2849743 
1666 2849747 
1667 2849748 
1668 2849749 
1669 2849751 
1670 2849752 
1671 2849752 
1672 2849752 
1673 2849752 
1674 2849753 
1675 2849753 
1676 2849754 
1677 2849754 
1678 2849754 
1679 2849754 
1680 2849755 
1681 2849755 
1682 2849755 
1683 2849755 
1684 2849756 
1685 2849756 
1686 2849756 
1687 2849757 
1688 2849757 
1689 2849757 
1690 2849758 
1691 2849758 
1692 2849758 
1693 2849761 
1694 2849762 
1695 2849762 
1696 2849762 
1697 2849763 
1698 2849763 
1699 2849763 
1700 2849764 
1701 2849764 
1702 2849764 
1703 2849765 
1704 2849765 
1705 2849765 
1706 2849767 
1707 2849768 
1708 2849768 
1709 2849768 
1710 2849769 
1711 2849769 
1712 2849769 
1713 2849769 
1714 2849770 
1715 2849770 
1716 2849770 
1717 2849771 
1718 2849771 
1719 2849771 
1720 2849776 
1721 2849776 
1722 2849777 
1723 2849778 
1724 2849778 
1725 2849779 
1726 2849781 
1727 2849783 
1728 2849784 
1729 2849787 
1730 2849787 
1731 2849787 
1732 2849787 
1733 2849788 
1734 2849790 
1735 2849790 
1736 2849792 
1737 2849801 
1738 2849802 
1739 2849804 
1740 2849804 
1741 2849811 
1742 2849812 
1743 2849812 
1744 2849816 
1745 2849821 
1746 2849829 
1747 2849831 
1748 2849831 
1749 2849834 
1750 2849834 
1751 2849836 
1752 2849837 
1753 2849837 
1754 2849837 
1755 2849840 
1756 2849841 
1757 2849842 
1758 2849843 
1759 2849844 
1760 2849844 
1761 2849844 
1762 2849845 
1763 2849845 
1764 2849845 
1765 2849846 
1766 2849846 
1767 2849846 
1768 2849847 
1769 2849847 
1770 2849847 
1771 2849848 
1772 2849848 
1773 2849849 
1774 2849849 
1775 2849850 
1776 2849853 
1777 2849853 
1778 2849855 
1779 2849857 
1780 2849858 
1781 2849877 
1782 2849881 
1783 2849881 
1784 2849883 
1785 2849883 
1786 2849884 
1787 2849886 
1788 2849887 
1789 2849897 
1790 2849901 
1791 2849903 
1792 2849904 
1793 2849911 
1794 2849913 
1795 2849913 
1796 2849913 
1797 2849914 
1798 2849916 
1799 2849916 
1800 2849916 
1801 2849917 
1802 2849917 
1803 2849917 
1804 2849917 
1805 2849918 
1806 2849918 
1807 2849918 
1808 2849919 
1809 2849919 
1810 2849919 
1811 2849919 
1812 2849920 
1813 2849921 
1814 2849922 
1815 2849922 
1816 2849924 
1817 2849924 
1818 2849927 
1819 2849927 
1820 2849928 
1821 2849928 
1822 2849929 
1823 2849929 
1824 2849930 
1825 2849930 
1826 2849931 
1827 2849931 
1828 2849932 
1829 2849933 
1830 2849935 
1831 2849937 
1832 2849938 
1833 2849938 
1834 2849939 
1835 2849939 
1836 2849939 
1837 2849940 
1838 2849940 
1839 2849940 
1840 2849941 
1841 2849941 
1842 2849945 
1843 2849945 
1844 2849945 
1845 2849946 
1846 2849950 
1847 2849955 
1848 2849956 
1849 2849957 
1850 2849959 
1851 2849964 
1852 2849967 
1853 2849967 
1854 2849968 
1855 2849968 
1856 2849968 
1857 2849969 
1858 2849969 
1859 2849969 
1860 2849970 
1861 2849970 
1862 2849973 
1863 2849973 
1864 2849976 
1865 2849976 
1866 2849977 
1867 2849986 
1868 2849986 
1869 2849987 
1870 2849987 
1871 2849987 
1872 2849988 
1873 2849988 
1874 2849988 
1875 2849991 
1876 2849991 
1877 2849992 
1878 2849992 
1879 2849992 
1880 2849993 
1881 2849993 
1882 2849993 
1883 2849995 
1884 2849996 
1885 2849996 
1886 2849996 
1887 2849997 
1888 2849998 
1889 2849999 
1890 2849999 
1891 2850002 
1892 2850002 
1893 2850003 
1894 2850003 
1895 2850003 
1896 2850004 
1897 2850005 
1898 2850005 
1899 2850007 
1900 2850013 
1901 2850014 
1902 2850015 
1903 2850015 
1904 2850016 
1905 2850017 
1906 2850017 
1907 2850017 
1908 2850018 
1909 2850018 
1910 2850019 
1911 2850021 
1912 2850025 
1913 2850025 
1914 2850026 
1915 2850026 
1916 2850026 
1917 2850027 
1918 2850027 
1919 2850027 
1920 2850028 
1921 2850028 
1922 2850028 
1923 2850029 
1924 2850030 
1925 2850031 
1926 2850034 
1927 2850035 
1928 2850042 
1929 2850042 
1930 2850042 
1931 2850043 
1932 2850045 
1933 2850047 
1934 2850049 
1935 2850050 
1936 2850054 
1937 2850055 
1938 2850058 
1939 2850064 
1940 2850069 
1941 2850069 
1942 2850070 
1943 2850071 
1944 2850076 
1945 2850076 
1946 2850076 
1947 2850078 
1948 2850078 
1949 2850079 
1950 2850079 
1951 2850079 
1952 2850080 
1953 2850082 
1954 2850083 
1955 2850084 
1956 2850084 
1957 2850087 
1958 2850089 
1959 2850089 
1960 2850100 
1961 2850109 
1962 2850110 
1963 2850112 
1964 2850119 
1965 2850119 
1966 2850123 
1967 2850126 
1968 2850137 
1969 2850144 
1970 2850147 
1971 2850149 
1972 2850151 
1973 2850153 
1974 2850165 
1975 2850168 
1976 2850177 
1977 2850180 
1978 2850180 
1979 2850204 
1980 2850205 
1981 2850205 
1982 2850206 
1983 2850206 
1984 2850206 
1985 2850207 
1986 2850207 
1987 2850208 
1988 2850208 
1989 2850208 
1990 2850208 
1991 2850209 
1992 2850209 
1993 2850209 
1994 2850210 
1995 2850210 
1996 2850211 
1997 2850211 
1998 2850211 
1999 2850212 
2000 2850212 
2001 2850241 
2002 2850244 
2003 2850244 
2004 2850245 
2005 2850251 
2006 2850251 
2007 2850257 
2008 2850257 
2009 2850257 
2010 2850258 
2011 2850258 
2012 2850258 
2013 2850259 
2014 2850259 
2015 2850259 
2016 2850260 
2017 2850260 
2018 2850260 
2019 2850266 
2020 2850267 
2021 2850268 
2022 2850280 
2023 2850281 
2024 2850282 
2025 2850282 
2026 2850282 
2027 2850283 
2028 2850284 
2029 2850298 
2030 2850299 
2031 2850303 
2032 2850303 
2033 2850307 
2034 2850307 
2035 2850307 
2036 2850308 
2037 2850308 
2038 2850308 
2039 2850309 
2040 2850309 
2041 2850316 
2042 2850316 
2043 2850320 
2044 2850322 
2045 2850326 
2046 2850327 
2047 2850329 
2048 2850357 
2049 2850358 
2050 2850358 
2051 2850358 
2052 2850363 
2053 2850363 
2054 2850367 
2055 2850367 
2056 2850368 
2057 2850368 
2058 2850368 
2059 2850369 
2060 2850369 
2061 2850370 
2062 2850370 
2063 2850370 
2064 2850377 
2065 2850377 
2066 2850378 
2067 2850378 
2068 2850378 
2069 2850378 
2070 2850379 
2071 2850379 
2072 2850379 
2073 2850380 
2074 2850380 
2075 2850380 
2076 2850381 
2077 2850381 
2078 2850381 
2079 2850382 
2080 2850397 
2081 2850397 
2082 2850398 
2083 2850409 
2084 2850412 
2085 2850412 
2086 2850412 
2087 2850413 
2088 2850413 
2089 2850414 
2090 2850414 
2091 2850417 
2092 2850421 
2093 2850421 
2094 2850421 
2095 2850421 
2096 2850433 
2097 2850434 
2098 2850442 
2099 2850442 
2100 2850442 
2101 2850443 
2102 2850443 
2103 2850444 
2104 2850444 
2105 2850444 
2106 2850445 
2107 2850445 
2108 2850445 
2109 2850446 
2110 2850446 
2111 2850447 
2112 2850450 
2113 2850450 
2114 2850461 
2115 2850462 
2116 2850475 
2117 2850478 
2118 2850479 
2119 2850479 
2120 2850479 
2121 2850480 
2122 2850480 
2123 2850480 
2124 2850487 
2125 2850489 
2126 2850489 
2127 2850489 
2128 2850490 
2129 2850495 
2130 2850497 
2131 2850498 
2132 2850501 
2133 2850502 
2134 2850507 
2135 2850507 
2136 2850507 
2137 2850514 
2138 2850514 
2139 2850515 
2140 2850515 
2141 2850515 
2142 2850516 
2143 2850516 
2144 2850516 
2145 2850516 
2146 2850517 
2147 2850517 
2148 2850517 
2149 2850518 
2150 2850518 
2151 2850518 
2152 2850518 
2153 2850519 
2154 2850519 
2155 2850519 
2156 2850520 
2157 2850520 
2158 2850520 
2159 2850521 
2160 2850521 
2161 2850521 
2162 2850521 
2163 2850522 
2164 2850522 
2165 2850528 
2166 2850530 
2167 2850537 
2168 2850540 
2169 2850542 
2170 2850548 
2171 2850549 
2172 2850550 
2173 2850555 
2174 2850557 
2175 2850560 
2176 2850560 
2177 2850561 
2178 2850562 
2179 2850562 
2180 2850562 
2181 2850563 
2182 2850563 
2183 2850563 
2184 2850563 
2185 2850564 
2186 2850564 
2187 2850564 
2188 2850564 
2189 2850565 
2190 2850565 
2191 2850565 
2192 2850566 
2193 2850566 
2194 2850566 
2195 2850566 
2196 2850567 
2197 2850567 
2198 2850568 
2199 2850568 
2200 2850568 
2201 2850569 
2202 2850569 
2203 2850570 
2204 2850570 
2205 2850571 
2206 2850571 
2207 2850571 
2208 2850572 
2209 2850572 
2210 2850573 
2211 2850573 
2212 2850573 
2213 2850574 
2214 2850574 
2215 2850575 
2216 2850575 
2217 2850575 
2218 2850576 
2219 2850576 
2220 2850577 
2221 2850577 
2222 2850578 
2223 2850578 
2224 2850578 
2225 2850579 
2226 2850579 
2227 2850580 
2228 2850580 
2229 2850580 
2230 2850580 
2231 2850581 
2232 2850581 
2233 2850582 
2234 2850582 
2235 2850582 
2236 2850583 
2237 2850584 
2238 2850585 
2239 2850585 
2240 2850586 
2241 2850586 
2242 2850587 
2243 2850587 
2244 2850587 
2245 2850588 
2246 2850588 
2247 2850588 
2248 2850592 
2249 2850592 
2250 2850592 
2251 2850593 
2252 2850593 
2253 2850593 
2254 2850594 
2255 2850594 
2256 2850594 
2257 2850595 
2258 2850595 
2259 2850596 
2260 2850596 
2261 2850597 
2262 2850597 
2263 2850598 
2264 2850598 
2265 2850599 
2266 2850600 
2267 2850600 
2268 2850601 
2269 2850602 
2270 2850602 
2271 2850605 
2272 2850605 
2273 2850605 
2274 2850605 
2275 2850606 
2276 2850607 
2277 2850610 
2278 2850611 
2279 2850612 
2280 2850612 
2281 2850612 
2282 2850613 
2283 2850613 
2284 2850613 
2285 2850614 
2286 2850614 
2287 2850615 
2288 2850615 
2289 2850615 
2290 2850616 
2291 2850616 
2292 2850616 
2293 2850616 
2294 2850617 
2295 2850617 
2296 2850617 
2297 2850618 
2298 2850618 
2299 2850618 
2300 2850619 
2301 2850619 
2302 2850620 
2303 2850620 
2304 2850621 
2305 2850621 
2306 2850621 
2307 2850621 
2308 2850622 
2309 2850623 
2310 2850623 
2311 2850624 
2312 2850624 
2313 2850624 
2314 2850624 
2315 2850625 
2316 2850625 
2317 2850625 
2318 2850626 
2319 2850626 
2320 2850627 
2321 2850627 
2322 2850628 
2323 2850628 
2324 2850629 
2325 2850629 
2326 2850631 
2327 2850631 
2328 2850631 
2329 2850632 
2330 2850632 
2331 2850632 
2332 2850633 
2333 2850633 
2334 2850634 
2335 2850634 
2336 2850636 
2337 2850639 
2338 2850639 
2339 2850639 
2340 2850640 
2341 2850640 
2342 2850640 
2343 2850641 
2344 2850641 
2345 2850641 
2346 2850642 
2347 2850642 
2348 2850643 
2349 2850643 
2350 2850644 
2351 2850644 
2352 2850644 
2353 2850645 
2354 2850645 
2355 2850645 
2356 2850645 
2357 2850646 
2358 2850646 
2359 2850661 
2360 2850662 
2361 2850667 
2362 2850670 
2363 2850671 
2364 2850677 
2365 2850685 
2366 2850685 
2367 2850689 
2368 2850724 
2369 2850724 
2370 2850726 
2371 2850726 
2372 2850755 
2373 2850758 
2374 2850761 
2375 2850762 
2376 2850762 
2377 2850762 
2378 2850762 
2379 2850763 
2380 2850763 
2381 2850763 
2382 2850763 
2383 2850764 
2384 2850764 
2385 2850794 
2386 2850796 
2387 2850796 
2388 2850797 
2389 2850797 
2390 2850797 
2391 2850798 
2392 2850798 
2393 2850798 
2394 2850799 
2395 2850799 
2396 2850800 
2397 2850800 
2398 2850807 
2399 2850815 
2400 2850835 
2401 2850873 
2402 2850874 
2403 2850880 
2404 2850881 
2405 2850884 
2406 2850888 
2407 2850890 
2408 2850898 
2409 2850915 
2410 2850915 
2411 2850918 
2412 2850919 
2413 2850919 
2414 2850926 
2415 2850926 
2416 2850926 
2417 2850927 
2418 2850927 
2419 2850927 
2420 2850928 
2421 2850928 
2422 2850928 
2423 2850933 
2424 2850938 
2425 2850939 
2426 2850943 
2427 2850943 
2428 2850944 
2429 2850960 
2430 2850975 
2431 2850975 
2432 2850976 
2433 2850976 
2434 2850976 
2435 2850977 
2436 2850978 
2437 2850978 
2438 2850981 
2439 2850981 
2440 2850981 
2441 2850982 
2442 2850982 
2443 2850982 
2444 2850983 
2445 2850983 
2446 2850983 
2447 2850984 
2448 2850984 
2449 2850984 
2450 2850985 
2451 2850985 
2452 2850986 
2453 2850986 
2454 2850986 
2455 2850987 
2456 2850987 
2457 2850987 
2458 2850988 
2459 2850988 
2460 2850988 
2461 2850989 
2462 2850989 
2463 2850989 
2464 2850990 
2465 2850990 
2466 2850990 
2467 2850990 
2468 2850991 
2469 2850991 
2470 2850992 
2471 2850992 
2472 2850994 
2473 2850994 
2474 2850994 
2475 2850995 
2476 2850995 
2477 2850995 
2478 2850996 
2479 2850996 
2480 2850996 
2481 2850997 
2482 2850997 
2483 2850997 
2484 2850998 
2485 2850998 
2486 2850998 
2487 2850998 
2488 2850999 
2489 2850999 
2490 2851000 
2491 2851000 
2492 2851000 
2493 2851001 
2494 2851001 
2495 2851002 
2496 2851003 
2497 2851003 
2498 2851003 
2499 2851004 
2500 2851004 
2501 2851004 
2502 2851005 
2503 2851005 
2504 2851005 
2505 2851006 
2506 2851006 
2507 2851006 
2508 2851007 
2509 2851007 
2510 2851007 
2511 2851008 
2512 2851008 
2513 2851008 
2514 2851008 
2515 2851009 
2516 2851009 
2517 2851009 
2518 2851010 
2519 2851010 
2520 2851010 
2521 2851011 
2522 2851011 
2523 2851012 
2524 2851012 
2525 2851012 
2526 2851012 
2527 2851013 
2528 2851013 
2529 2851013 
2530 2851014 
2531 2851014 
2532 2851014 
2533 2851015 
2534 2851015 
2535 2851015 
2536 2851016 
2537 2851016 
2538 2851017 
2539 2851017 
2540 2851017 
2541 2851017 
2542 2851018 
2543 2851018 
2544 2851018 
2545 2851019 
2546 2851019 
2547 2851019 
2548 2851019 
2549 2851020 
2550 2851020 
2551 2851020 
2552 2851021 
2553 2851021 
2554 2851021 
2555 2851022 
2556 2851022 
2557 2851023 
2558 2851023 
2559 2851023 
2560 2851024 
2561 2851024 
2562 2851024 
2563 2851025 
2564 2851025 
2565 2851025 
2566 2851026 
2567 2851026 
2568 2851026 
2569 2851027 
2570 2851027 
2571 2851028 
2572 2851028 
2573 2851028 
2574 2851029 
2575 2851029 
2576 2851029 
2577 2851030 
2578 2851030 
2579 2851031 
2580 2851031 
2581 2851031 
2582 2851032 
2583 2851032 
2584 2851032 
2585 2851033 
2586 2851033 
2587 2851033 
2588 2851034 
2589 2851034 
2590 2851034 
2591 2851035 
2592 2851035 
2593 2851035 
2594 2851036 
2595 2851036 
2596 2851037 
2597 2851043 
2598 2851043 
2599 2851048 
2600 2851048 
2601 2851049 
2602 2851050 
2603 2851050 
2604 2851051 
2605 2851055 
2606 2851057 
2607 2851058 
2608 2851063 
2609 2851064 
2610 2851067 
2611 2851067 
2612 2851067 
2613 2851068 
2614 2851068 
2615 2851068 
2616 2851069 
2617 2851069 
2618 2851069 
2619 2851070 
2620 2851070 
2621 2851071 
2622 2851071 
2623 2851071 
2624 2851072 
2625 2851072 
2626 2851073 
2627 2851073 
2628 2851073 
2629 2851074 
2630 2851076 
2631 2851079 
2632 2851080 
2633 2851081 
2634 2851084 
2635 2851085 
2636 2851089 
2637 2851090 
2638 2851090 
2639 2851090 
2640 2851090 
2641 2851090 
2642 2851091 
2643 2851093 
2644 2851093 
2645 2851093 
2646 2851094 
2647 2851094 
2648 2851094 
2649 2851095 
2650 2851095 
2651 2851095 
2652 2851096 
2653 2851096 
2654 2851096 
2655 2851097 
2656 2851097 
2657 2851097 
2658 2851098 
2659 2851098 
2660 2851098 
2661 2851099 
2662 2851099 
2663 2851100 
2664 2851101 
2665 2851101 
2666 2851101 
2667 2851102 
2668 2851102 
2669 2851102 
2670 2851103 
2671 2851103 
2672 2851104 
2673 2851104 
2674 2851104 
2675 2851105 
2676 2851105 
2677 2851105 
2678 2851106 
2679 2851106 
2680 2851109 
2681 2851110 
2682 2851122 
2683 2851128 
2684 2851129 
2685 2851130 
2686 2851130 
2687 2851130 
2688 2851131 
2689 2851131 
2690 2851132 
2691 2851132 
2692 2851133 
2693 2851133 
2694 2851134 
2695 2851134 
2696 2851135 
2697 2851136 
2698 2851136 
2699 2851136 
2700 2851137 
2701 2851137 
2702 2851137 
2703 2851138 
2704 2851138 
2705 2851139 
2706 2851139 
2707 2851140 
2708 2851140 
2709 2851140 
2710 2851141 
2711 2851141 
2712 2851141 
2713 2851142 
2714 2851142 
2715 2851142 
2716 2851148 
2717 2851154 
2718 2851155 
2719 2851161 
2720 2851161 
2721 2851162 
2722 2851162 
2723 2851162 
2724 2851163 
2725 2851163 
2726 2851164 
2727 2851164 
2728 2851165 
2729 2851165 
2730 2851165 
2731 2851166 
2732 2851166 
2733 2851166 
2734 2851167 
2735 2851167 
2736 2851167 
2737 2851168 
2738 2851168 
2739 2851168 
2740 2851169 
2741 2851169 
2742 2851170 
2743 2851170 
2744 2851170 
2745 2851171 
2746 2851171 
2747 2851171 
2748 2851172 
2749 2851172 
2750 2851173 
2751 2851173 
2752 2851173 
2753 2851173 
2754 2851174 
2755 2851174 
2756 2851174 
2757 2851175 
2758 2851175 
2759 2851175 
2760 2851176 
2761 2851176 
2762 2851177 
2763 2851177 
2764 2851177 
2765 2851178 
2766 2851178 
2767 2851179 
2768 2851179 
2769 2851180 
2770 2851180 
2771 2851180 
2772 2851181 
2773 2851181 
2774 2851181 
2775 2851181 
2776 2851182 
2777 2851182 
2778 2851182 
2779 2851183 
2780 2851183 
2781 2851184 
2782 2851186 
2783 2851186 
2784 2851187 
2785 2851187 
2786 2851187 
2787 2851187 
2788 2851188 
2789 2851188 
2790 2851188 
2791 2851189 
2792 2851189 
2793 2851189 
2794 2851190 
2795 2851190 
2796 2851190 
2797 2851191 
2798 2851191 
2799 2851194 
2800 2851194 
