1 2484025 
2 2484042 
3 2484046 
4 2484046 
5 2484046 
6 2484047 
7 2484047 
8 2484047 
9 2484049 
10 2484055 
11 2484055 
12 2484302 
13 2484302 
14 2484303 
15 2484312 
16 2484313 
17 2484340 
18 2484343 
19 2484344 
20 2484349 
21 2484370 
22 2484375 
23 2484376 
24 2484383 
25 2484394 
26 2484404 
27 2484404 
28 2484405 
29 2484405 
30 2484405 
31 2484410 
32 2484411 
33 2484411 
34 2484412 
35 2484412 
36 2484412 
37 2484413 
38 2484413 
39 2484413 
40 2484414 
41 2484414 
42 2484414 
43 2484415 
44 2484415 
45 2484415 
46 2484416 
47 2484416 
48 2484416 
49 2484417 
50 2484417 
51 2484417 
52 2484418 
53 2484418 
54 2484419 
55 2484419 
56 2484419 
57 2484420 
58 2484420 
59 2484420 
60 2484421 
61 2484421 
62 2484422 
63 2484422 
64 2484422 
65 2484423 
66 2484423 
67 2484424 
68 2484424 
69 2484424 
70 2484425 
71 2484425 
72 2484426 
73 2484426 
74 2484430 
75 2484436 
76 2484436 
77 2484437 
78 2484437 
79 2484437 
80 2484444 
81 2484449 
82 2484454 
83 2484457 
84 2484464 
85 2484485 
86 2484485 
87 2484509 
88 2484509 
89 2484509 
90 2484510 
91 2484510 
92 2484511 
93 2484511 
94 2484512 
95 2484512 
96 2484513 
97 2484513 
98 2484513 
99 2484514 
100 2484514 
101 2484514 
102 2484514 
103 2484515 
104 2484515 
105 2484515 
106 2484516 
107 2484516 
108 2484517 
109 2484517 
110 2484517 
111 2484518 
112 2484518 
113 2484518 
114 2484519 
115 2484519 
116 2484519 
117 2484520 
118 2484520 
119 2484520 
120 2484521 
121 2484521 
122 2484521 
123 2484522 
124 2484522 
125 2484522 
126 2484523 
127 2484523 
128 2484523 
129 2484524 
130 2484524 
131 2484524 
132 2484525 
133 2484525 
134 2484525 
135 2484526 
136 2484527 
137 2484528 
138 2484529 
139 2484530 
140 2484531 
141 2484532 
142 2484532 
143 2484533 
144 2484534 
145 2484534 
146 2484535 
147 2484535 
148 2484535 
149 2484536 
150 2484536 
151 2484536 
152 2484537 
153 2484537 
154 2484537 
155 2484583 
156 2484586 
157 2484588 
158 2484592 
159 2484597 
160 2484603 
161 2484610 
162 2484610 
163 2484612 
164 2484616 
165 2484626 
166 2484640 
167 2484647 
168 2484648 
169 2484746 
170 2484750 
171 2484772 
172 2484789 
173 2484807 
174 2484808 
175 2484810 
176 2484818 
177 2484824 
178 2484824 
179 2484824 
180 2484866 
181 2484866 
182 2484867 
183 2484893 
184 2484893 
185 2484893 
186 2484894 
187 2484894 
188 2484895 
189 2484895 
190 2484895 
191 2484896 
192 2484900 
193 2484906 
194 2484906 
195 2484907 
196 2484907 
197 2484907 
198 2484907 
199 2484913 
200 2484921 
201 2484923 
202 2484923 
203 2484923 
204 2484925 
205 2484930 
206 2484940 
207 2484941 
208 2484945 
209 2484947 
210 2484949 
211 2484949 
212 2484949 
213 2484949 
214 2484950 
215 2484950 
216 2484950 
217 2484951 
218 2484951 
219 2484951 
220 2484951 
221 2484952 
222 2484952 
223 2484955 
224 2484956 
225 2484956 
226 2484957 
227 2484957 
228 2484957 
229 2484957 
230 2484958 
231 2484958 
232 2484959 
233 2484959 
234 2484960 
235 2484960 
236 2484963 
237 2484966 
238 2484971 
239 2484971 
240 2484972 
241 2484973 
242 2484973 
243 2484977 
244 2484977 
245 2484977 
246 2484977 
247 2484978 
248 2484978 
249 2484978 
250 2484978 
251 2484978 
252 2484979 
253 2484979 
254 2484979 
255 2484979 
256 2484980 
257 2484981 
258 2484982 
259 2484983 
260 2484986 
261 2484988 
262 2484993 
263 2484993 
264 2484994 
265 2484994 
266 2484995 
267 2484996 
268 2484999 
269 2484999 
270 2485000 
271 2485001 
272 2485001 
273 2485001 
274 2485002 
275 2485002 
276 2485003 
277 2485005 
278 2485005 
279 2485006 
280 2485006 
281 2485007 
282 2485007 
283 2485008 
284 2485008 
285 2485008 
286 2485009 
287 2485009 
288 2485009 
289 2485010 
290 2485010 
291 2485010 
292 2485010 
293 2485011 
294 2485011 
295 2485019 
296 2485019 
297 2485040 
298 2485041 
299 2485041 
300 2485041 
301 2485042 
302 2485042 
303 2485042 
304 2485043 
305 2485043 
306 2485043 
307 2485044 
308 2485044 
309 2485045 
310 2485045 
311 2485045 
312 2485046 
313 2485046 
314 2485046 
315 2485047 
316 2485053 
317 2485053 
318 2485053 
319 2485054 
320 2485057 
321 2485057 
322 2485058 
323 2485058 
324 2485060 
325 2485061 
326 2485061 
327 2485062 
328 2485062 
329 2485066 
330 2485066 
331 2485094 
332 2485094 
333 2485095 
334 2485100 
335 2485113 
336 2485113 
337 2485114 
338 2485130 
339 2485139 
340 2485140 
341 2485155 
342 2485158 
343 2485158 
344 2485164 
345 2485175 
346 2485175 
347 2485176 
348 2485182 
349 2485183 
350 2485202 
351 2485202 
352 2485202 
353 2485203 
354 2485261 
355 2485265 
356 2485267 
357 2485279 
358 2485279 
359 2485279 
360 2485280 
361 2485284 
362 2485287 
363 2485290 
364 2485290 
365 2485291 
366 2485291 
367 2485291 
368 2485292 
369 2485298 
370 2485299 
371 2485299 
372 2485299 
373 2485300 
374 2485300 
375 2485301 
376 2485309 
377 2485309 
378 2485309 
379 2485310 
380 2485311 
381 2485317 
382 2485319 
383 2485319 
384 2485321 
385 2485322 
386 2485325 
387 2485325 
388 2485328 
389 2485329 
390 2485332 
391 2485332 
392 2485337 
393 2485337 
394 2485339 
395 2485340 
396 2485342 
397 2485342 
398 2485347 
399 2485347 
400 2485347 
401 2485348 
402 2485352 
403 2485353 
404 2485353 
405 2485353 
406 2485354 
407 2485354 
408 2485355 
409 2485355 
410 2485366 
411 2485367 
412 2485368 
413 2485371 
414 2485371 
415 2485372 
416 2485372 
417 2485373 
418 2485374 
419 2485375 
420 2485375 
421 2485375 
422 2485376 
423 2485377 
424 2485377 
425 2485379 
426 2485380 
427 2485380 
428 2485381 
429 2485381 
430 2485385 
431 2485386 
432 2485386 
433 2485386 
434 2485387 
435 2485388 
436 2485388 
437 2485388 
438 2485390 
439 2485390 
440 2485390 
441 2485390 
442 2485391 
443 2485391 
444 2485391 
445 2485392 
446 2485394 
447 2485394 
448 2485396 
449 2485396 
450 2485397 
451 2485397 
452 2485397 
453 2485398 
454 2485398 
455 2485398 
456 2485399 
457 2485399 
458 2485402 
459 2485403 
460 2485404 
461 2485404 
462 2485407 
463 2485409 
464 2485409 
465 2485409 
466 2485410 
467 2485411 
468 2485411 
469 2485411 
470 2485412 
471 2485415 
472 2485415 
473 2485419 
474 2485420 
475 2485424 
476 2485429 
477 2485437 
478 2485438 
479 2485439 
480 2485445 
481 2485445 
482 2485446 
483 2485458 
484 2485463 
485 2485465 
486 2485478 
487 2485478 
488 2485479 
489 2485483 
490 2485497 
491 2485497 
492 2485507 
493 2485508 
494 2485510 
495 2485512 
496 2485520 
497 2485522 
498 2485522 
499 2485525 
500 2485525 
501 2485527 
502 2485529 
503 2485530 
504 2485530 
505 2485530 
506 2485531 
507 2485533 
508 2485533 
509 2485533 
510 2485534 
511 2485542 
512 2485543 
513 2485551 
514 2485559 
515 2485559 
516 2485574 
517 2485574 
518 2485574 
519 2485574 
520 2485604 
521 2485605 
522 2485605 
523 2485612 
524 2485612 
525 2485689 
526 2485696 
527 2485702 
528 2485702 
529 2485703 
530 2485710 
531 2485718 
532 2485720 
533 2485720 
534 2485731 
535 2485731 
536 2485735 
537 2485736 
538 2485736 
539 2485839 
540 2485841 
541 2485842 
542 2485843 
543 2485843 
544 2485844 
545 2485846 
546 2485846 
547 2485850 
548 2485850 
549 2485855 
550 2485855 
551 2485855 
552 2485856 
553 2485856 
554 2485856 
555 2485856 
556 2485857 
557 2485858 
558 2485858 
559 2485858 
560 2485859 
561 2485859 
562 2485859 
563 2485859 
564 2485860 
565 2485861 
566 2485861 
567 2485862 
568 2485862 
569 2485862 
570 2485863 
571 2485863 
572 2485863 
573 2485864 
574 2485864 
575 2485864 
576 2485865 
577 2485865 
578 2485865 
579 2485866 
580 2485866 
581 2485866 
582 2485867 
583 2485867 
584 2485867 
585 2485868 
586 2485868 
587 2485868 
588 2485868 
589 2485869 
590 2485869 
591 2485869 
592 2485870 
593 2485870 
594 2485871 
595 2485871 
596 2485871 
597 2485872 
598 2485872 
599 2485872 
600 2485873 
601 2485873 
602 2485874 
603 2485874 
604 2485874 
605 2485875 
606 2485875 
607 2485876 
608 2485876 
609 2485877 
610 2485877 
611 2485877 
612 2485878 
613 2485878 
614 2485879 
615 2485879 
616 2485879 
617 2485880 
618 2485880 
619 2485881 
620 2485881 
621 2485881 
622 2485882 
623 2485882 
624 2485882 
625 2485883 
626 2485883 
627 2485883 
628 2485884 
629 2485884 
630 2485885 
631 2485885 
632 2485886 
633 2485886 
634 2485887 
635 2485887 
636 2485887 
637 2485888 
638 2485888 
639 2485889 
640 2485889 
641 2485889 
642 2485890 
643 2485890 
644 2485890 
645 2485891 
646 2485891 
647 2485892 
648 2485892 
649 2485892 
650 2485893 
651 2485893 
652 2485893 
653 2485894 
654 2485894 
655 2485895 
656 2485895 
657 2485895 
658 2485896 
659 2485896 
660 2485896 
661 2485897 
662 2485897 
663 2485897 
664 2485898 
665 2485898 
666 2485899 
667 2485899 
668 2485900 
669 2485900 
670 2485900 
671 2485901 
672 2485901 
673 2485902 
674 2485902 
675 2485903 
676 2485903 
677 2485903 
678 2485904 
679 2485904 
680 2485905 
681 2485905 
682 2485906 
683 2485906 
684 2485906 
685 2485907 
686 2485907 
687 2485908 
688 2485908 
689 2485908 
690 2485909 
691 2485909 
692 2485910 
693 2485910 
694 2485911 
695 2485911 
696 2485911 
697 2485912 
698 2485912 
699 2485913 
700 2485913 
701 2485913 
702 2485914 
703 2485914 
704 2485915 
705 2485915 
706 2485915 
707 2485916 
708 2485916 
709 2485916 
710 2485917 
711 2485917 
712 2485918 
713 2485919 
714 2485921 
715 2485921 
716 2485922 
717 2485922 
718 2485922 
719 2485923 
720 2485923 
721 2485924 
722 2485924 
723 2485924 
724 2485925 
725 2485925 
726 2485925 
727 2485926 
728 2485926 
729 2485926 
730 2485927 
731 2485927 
732 2485927 
733 2485928 
734 2485928 
735 2485929 
736 2485929 
737 2485929 
738 2485930 
739 2485930 
740 2485930 
741 2485930 
742 2485931 
743 2485931 
744 2485931 
745 2485932 
746 2485932 
747 2485933 
748 2485936 
749 2485936 
750 2485936 
751 2485937 
752 2485937 
753 2485937 
754 2485938 
755 2485938 
756 2485938 
757 2485939 
758 2485939 
759 2485939 
760 2485940 
761 2485940 
762 2485940 
763 2485941 
764 2485941 
765 2485941 
766 2485941 
767 2485942 
768 2485942 
769 2485942 
770 2485943 
771 2485943 
772 2485943 
773 2485943 
774 2485944 
775 2485944 
776 2485944 
777 2485945 
778 2485945 
779 2485945 
780 2485945 
781 2485946 
782 2485946 
783 2485946 
784 2485946 
785 2485947 
786 2485947 
787 2485947 
788 2485947 
789 2485948 
790 2485948 
791 2485948 
792 2485949 
793 2485949 
794 2485949 
795 2485950 
796 2485950 
797 2485950 
798 2485950 
799 2485951 
800 2485951 
801 2485951 
802 2485952 
803 2485952 
804 2485952 
805 2485952 
806 2485953 
807 2485953 
808 2485953 
809 2485954 
810 2485954 
811 2485954 
812 2485955 
813 2485955 
814 2485955 
815 2485956 
816 2485956 
817 2485956 
818 2485957 
819 2485957 
820 2485957 
821 2485958 
822 2485958 
823 2485958 
824 2485959 
825 2485959 
826 2485959 
827 2485960 
828 2485960 
829 2485960 
830 2485961 
831 2485961 
832 2485964 
833 2485964 
834 2485965 
835 2485965 
836 2485969 
837 2485969 
838 2485970 
839 2485970 
840 2485971 
841 2485972 
842 2485973 
843 2485973 
844 2485973 
845 2485974 
846 2485974 
847 2485974 
848 2485975 
849 2485975 
850 2485975 
851 2485976 
852 2485976 
853 2485976 
854 2485977 
855 2485977 
856 2485977 
857 2485977 
858 2485978 
859 2485978 
860 2485979 
861 2485979 
862 2485980 
863 2485980 
864 2485980 
865 2485981 
866 2485984 
867 2485984 
868 2485984 
869 2485985 
870 2485985 
871 2485985 
872 2485986 
873 2485986 
874 2485986 
875 2485987 
876 2485987 
877 2485987 
878 2485987 
879 2485988 
880 2485988 
881 2485988 
882 2485989 
883 2485989 
884 2485989 
885 2485990 
886 2485990 
887 2485990 
888 2485990 
889 2485991 
890 2485991 
891 2485992 
892 2485992 
893 2485993 
894 2485993 
895 2485994 
896 2485994 
897 2485994 
898 2485994 
899 2485995 
900 2485995 
901 2485995 
902 2485996 
903 2485996 
904 2485996 
905 2485997 
906 2485997 
907 2485997 
908 2485998 
909 2485998 
910 2485999 
911 2485999 
912 2485999 
913 2486000 
914 2486000 
915 2486001 
916 2486001 
917 2486001 
918 2486001 
919 2486002 
920 2486002 
921 2486003 
922 2486005 
923 2486005 
924 2486007 
925 2486007 
926 2486008 
927 2486008 
928 2486008 
929 2486008 
930 2486009 
931 2486009 
932 2486009 
933 2486010 
934 2486010 
935 2486010 
936 2486011 
937 2486011 
938 2486012 
939 2486012 
940 2486012 
941 2486012 
942 2486013 
943 2486013 
944 2486014 
945 2486014 
946 2486014 
947 2486014 
948 2486015 
949 2486015 
950 2486015 
951 2486015 
952 2486016 
953 2486016 
954 2486016 
955 2486016 
956 2486017 
957 2486017 
958 2486017 
959 2486017 
960 2486018 
961 2486018 
962 2486018 
963 2486018 
964 2486019 
965 2486019 
966 2486019 
967 2486020 
968 2486020 
969 2486020 
970 2486021 
971 2486021 
972 2486021 
973 2486022 
974 2486022 
975 2486023 
976 2486024 
977 2486024 
978 2486026 
979 2486026 
980 2486027 
981 2486027 
982 2486027 
983 2486027 
984 2486028 
985 2486028 
986 2486028 
987 2486029 
988 2486029 
989 2486029 
990 2486029 
991 2486030 
992 2486030 
993 2486030 
994 2486030 
995 2486031 
996 2486031 
997 2486031 
998 2486031 
999 2486032 
1000 2486032 
1001 2486032 
1002 2486032 
1003 2486033 
1004 2486033 
1005 2486033 
1006 2486033 
1007 2486034 
1008 2486034 
1009 2486034 
1010 2486034 
1011 2486035 
1012 2486035 
1013 2486035 
1014 2486036 
1015 2486036 
1016 2486036 
1017 2486037 
1018 2486037 
1019 2486037 
1020 2486038 
1021 2486038 
1022 2486038 
1023 2486039 
1024 2486039 
1025 2486039 
1026 2486039 
1027 2486040 
1028 2486040 
1029 2486040 
1030 2486040 
1031 2486040 
1032 2486041 
1033 2486041 
1034 2486041 
1035 2486041 
1036 2486042 
1037 2486042 
1038 2486042 
1039 2486042 
1040 2486043 
1041 2486043 
1042 2486043 
1043 2486043 
1044 2486043 
1045 2486044 
1046 2486044 
1047 2486044 
1048 2486044 
1049 2486045 
1050 2486045 
1051 2486045 
1052 2486045 
1053 2486046 
1054 2486046 
1055 2486046 
1056 2486048 
1057 2486052 
1058 2486052 
1059 2486053 
1060 2486053 
1061 2486053 
1062 2486055 
1063 2486055 
1064 2486056 
1065 2486056 
1066 2486056 
1067 2486057 
1068 2486057 
1069 2486058 
1070 2486059 
1071 2486059 
1072 2486060 
1073 2486060 
1074 2486060 
1075 2486061 
1076 2486062 
1077 2486063 
1078 2486064 
1079 2486065 
1080 2486065 
1081 2486065 
1082 2486066 
1083 2486066 
1084 2486067 
1085 2486067 
1086 2486068 
1087 2486068 
1088 2486069 
1089 2486069 
1090 2486069 
1091 2486070 
1092 2486070 
1093 2486071 
1094 2486071 
1095 2486071 
1096 2486072 
1097 2486072 
1098 2486073 
1099 2486073 
1100 2486074 
1101 2486074 
1102 2486074 
1103 2486074 
1104 2486075 
1105 2486075 
1106 2486075 
1107 2486075 
1108 2486076 
1109 2486076 
1110 2486077 
1111 2486077 
1112 2486077 
1113 2486078 
1114 2486078 
1115 2486078 
1116 2486078 
1117 2486079 
1118 2486079 
1119 2486079 
1120 2486080 
1121 2486080 
1122 2486080 
1123 2486080 
1124 2486080 
1125 2486081 
1126 2486081 
1127 2486081 
1128 2486081 
1129 2486082 
1130 2486082 
1131 2486082 
1132 2486083 
1133 2486083 
1134 2486083 
1135 2486083 
1136 2486084 
1137 2486084 
1138 2486085 
1139 2486085 
1140 2486085 
1141 2486085 
1142 2486086 
1143 2486086 
1144 2486086 
1145 2486087 
1146 2486087 
1147 2486087 
1148 2486087 
1149 2486087 
1150 2486088 
1151 2486088 
1152 2486088 
1153 2486088 
1154 2486089 
1155 2486089 
1156 2486090 
1157 2486091 
1158 2486091 
1159 2486091 
1160 2486092 
1161 2486092 
1162 2486092 
1163 2486093 
1164 2486093 
1165 2486093 
1166 2486093 
1167 2486094 
1168 2486094 
1169 2486094 
1170 2486094 
1171 2486095 
1172 2486095 
1173 2486095 
1174 2486095 
1175 2486096 
1176 2486096 
1177 2486096 
1178 2486097 
1179 2486097 
1180 2486097 
1181 2486097 
1182 2486097 
1183 2486098 
1184 2486098 
1185 2486098 
1186 2486099 
1187 2486099 
1188 2486099 
1189 2486099 
1190 2486099 
1191 2486100 
1192 2486100 
1193 2486100 
1194 2486100 
1195 2486101 
1196 2486101 
1197 2486101 
1198 2486101 
1199 2486102 
1200 2486102 
1201 2486102 
1202 2486102 
1203 2486103 
1204 2486103 
1205 2486103 
1206 2486103 
1207 2486104 
1208 2486104 
1209 2486104 
1210 2486105 
1211 2486105 
1212 2486105 
1213 2486106 
1214 2486106 
1215 2486106 
1216 2486106 
1217 2486107 
1218 2486107 
1219 2486110 
1220 2486111 
1221 2486111 
1222 2486112 
1223 2486112 
1224 2486112 
1225 2486112 
1226 2486113 
1227 2486113 
1228 2486114 
1229 2486114 
1230 2486115 
1231 2486115 
1232 2486115 
1233 2486115 
1234 2486115 
1235 2486116 
1236 2486116 
1237 2486116 
1238 2486116 
1239 2486117 
1240 2486117 
1241 2486117 
1242 2486117 
1243 2486118 
1244 2486118 
1245 2486118 
1246 2486118 
1247 2486119 
1248 2486119 
1249 2486119 
1250 2486119 
1251 2486120 
1252 2486120 
1253 2486120 
1254 2486120 
1255 2486121 
1256 2486121 
1257 2486121 
1258 2486121 
1259 2486122 
1260 2486122 
1261 2486123 
1262 2486123 
1263 2486124 
1264 2486124 
1265 2486124 
1266 2486125 
1267 2486125 
1268 2486125 
1269 2486126 
1270 2486126 
1271 2486128 
1272 2486128 
1273 2486128 
1274 2486129 
1275 2486129 
1276 2486129 
1277 2486130 
1278 2486130 
1279 2486130 
1280 2486130 
1281 2486131 
1282 2486131 
1283 2486131 
1284 2486132 
1285 2486132 
1286 2486132 
1287 2486132 
1288 2486133 
1289 2486133 
1290 2486133 
1291 2486134 
1292 2486134 
1293 2486134 
1294 2486134 
1295 2486134 
1296 2486135 
1297 2486135 
1298 2486135 
1299 2486136 
1300 2486136 
1301 2486136 
1302 2486136 
1303 2486136 
1304 2486137 
1305 2486137 
1306 2486137 
1307 2486137 
1308 2486138 
1309 2486138 
1310 2486138 
1311 2486138 
1312 2486139 
1313 2486140 
1314 2486140 
1315 2486141 
1316 2486141 
1317 2486142 
1318 2486142 
1319 2486142 
1320 2486142 
1321 2486143 
1322 2486143 
1323 2486143 
1324 2486143 
1325 2486144 
1326 2486144 
1327 2486145 
1328 2486145 
1329 2486145 
1330 2486145 
1331 2486146 
1332 2486146 
1333 2486146 
1334 2486146 
1335 2486146 
1336 2486147 
1337 2486147 
1338 2486147 
1339 2486147 
1340 2486147 
1341 2486148 
1342 2486148 
1343 2486148 
1344 2486148 
1345 2486148 
1346 2486149 
1347 2486149 
1348 2486149 
1349 2486149 
1350 2486150 
1351 2486152 
1352 2486152 
1353 2486152 
1354 2486152 
1355 2486153 
1356 2486153 
1357 2486153 
1358 2486153 
1359 2486154 
1360 2486154 
1361 2486154 
1362 2486154 
1363 2486155 
1364 2486155 
1365 2486156 
1366 2486156 
1367 2486156 
1368 2486157 
1369 2486157 
1370 2486158 
1371 2486158 
1372 2486159 
1373 2486159 
1374 2486159 
1375 2486160 
1376 2486161 
1377 2486161 
1378 2486162 
1379 2486162 
1380 2486162 
1381 2486163 
1382 2486163 
1383 2486163 
1384 2486163 
1385 2486164 
1386 2486164 
1387 2486164 
1388 2486164 
1389 2486165 
1390 2486165 
1391 2486165 
1392 2486166 
1393 2486166 
1394 2486166 
1395 2486166 
1396 2486166 
1397 2486167 
1398 2486167 
1399 2486167 
1400 2486168 
1401 2486168 
1402 2486168 
1403 2486168 
1404 2486169 
1405 2486169 
1406 2486169 
1407 2486169 
1408 2486170 
1409 2486170 
1410 2486170 
1411 2486171 
1412 2486171 
1413 2486171 
1414 2486172 
1415 2486172 
1416 2486173 
1417 2486173 
1418 2486173 
1419 2486174 
1420 2486174 
1421 2486174 
1422 2486175 
1423 2486175 
1424 2486175 
1425 2486176 
1426 2486176 
1427 2486176 
1428 2486177 
1429 2486177 
1430 2486177 
1431 2486178 
1432 2486178 
1433 2486178 
1434 2486179 
1435 2486179 
1436 2486179 
1437 2486179 
1438 2486180 
1439 2486180 
1440 2486181 
1441 2486181 
1442 2486181 
1443 2486181 
1444 2486181 
1445 2486182 
1446 2486182 
1447 2486182 
1448 2486182 
1449 2486183 
1450 2486183 
1451 2486183 
1452 2486184 
1453 2486184 
1454 2486184 
1455 2486184 
1456 2486185 
1457 2486185 
1458 2486185 
1459 2486186 
1460 2486186 
1461 2486186 
1462 2486186 
1463 2486187 
1464 2486187 
1465 2486187 
1466 2486188 
1467 2486189 
1468 2486189 
1469 2486189 
1470 2486190 
1471 2486190 
1472 2486190 
1473 2486191 
1474 2486191 
1475 2486191 
1476 2486191 
1477 2486192 
1478 2486192 
1479 2486192 
1480 2486193 
1481 2486193 
1482 2486193 
1483 2486193 
1484 2486194 
1485 2486194 
1486 2486194 
1487 2486194 
1488 2486195 
1489 2486195 
1490 2486195 
1491 2486195 
1492 2486196 
1493 2486196 
1494 2486196 
1495 2486197 
1496 2486197 
1497 2486197 
1498 2486197 
1499 2486198 
1500 2486198 
1501 2486198 
1502 2486198 
1503 2486199 
1504 2486199 
1505 2486199 
1506 2486199 
1507 2486199 
1508 2486200 
1509 2486200 
1510 2486200 
1511 2486201 
1512 2486201 
1513 2486201 
1514 2486201 
1515 2486202 
1516 2486202 
1517 2486202 
1518 2486202 
1519 2486203 
1520 2486203 
1521 2486203 
1522 2486204 
1523 2486204 
1524 2486205 
1525 2486205 
1526 2486206 
1527 2486206 
1528 2486206 
1529 2486207 
1530 2486207 
1531 2486207 
1532 2486208 
1533 2486208 
1534 2486209 
1535 2486209 
1536 2486209 
1537 2486210 
1538 2486210 
1539 2486210 
1540 2486211 
1541 2486211 
1542 2486211 
1543 2486212 
1544 2486212 
1545 2486212 
1546 2486212 
1547 2486213 
1548 2486213 
1549 2486213 
1550 2486214 
1551 2486214 
1552 2486214 
1553 2486214 
1554 2486215 
1555 2486215 
1556 2486215 
1557 2486216 
1558 2486216 
1559 2486217 
1560 2486217 
1561 2486218 
1562 2486218 
1563 2486218 
1564 2486219 
1565 2486219 
1566 2486219 
1567 2486219 
1568 2486220 
1569 2486220 
1570 2486221 
1571 2486221 
1572 2486221 
1573 2486221 
1574 2486221 
1575 2486222 
1576 2486222 
1577 2486222 
1578 2486222 
1579 2486223 
1580 2486223 
1581 2486223 
1582 2486224 
1583 2486224 
1584 2486224 
1585 2486224 
1586 2486225 
1587 2486225 
1588 2486225 
1589 2486225 
1590 2486226 
1591 2486226 
1592 2486226 
1593 2486226 
1594 2486227 
1595 2486227 
1596 2486227 
1597 2486227 
1598 2486227 
1599 2486228 
1600 2486228 
1601 2486228 
1602 2486229 
1603 2486230 
1604 2486230 
1605 2486231 
1606 2486231 
1607 2486232 
1608 2486232 
1609 2486232 
1610 2486232 
1611 2486233 
1612 2486233 
1613 2486233 
1614 2486234 
1615 2486234 
1616 2486234 
1617 2486235 
1618 2486235 
1619 2486235 
1620 2486236 
1621 2486237 
1622 2486237 
1623 2486238 
1624 2486238 
1625 2486238 
1626 2486239 
1627 2486239 
1628 2486239 
1629 2486240 
1630 2486241 
1631 2486241 
1632 2486241 
1633 2486241 
1634 2486242 
1635 2486242 
1636 2486242 
1637 2486243 
1638 2486243 
1639 2486243 
1640 2486244 
1641 2486244 
1642 2486244 
1643 2486245 
1644 2486245 
1645 2486245 
1646 2486245 
1647 2486245 
1648 2486246 
1649 2486246 
1650 2486246 
1651 2486246 
1652 2486247 
1653 2486247 
1654 2486247 
1655 2486247 
1656 2486248 
1657 2486248 
1658 2486248 
1659 2486248 
1660 2486249 
1661 2486249 
1662 2486250 
1663 2486250 
1664 2486251 
1665 2486251 
1666 2486251 
1667 2486251 
1668 2486252 
1669 2486252 
1670 2486252 
1671 2486253 
1672 2486253 
1673 2486253 
1674 2486253 
1675 2486253 
1676 2486254 
1677 2486254 
1678 2486254 
1679 2486254 
1680 2486255 
1681 2486255 
1682 2486255 
1683 2486255 
1684 2486256 
1685 2486256 
1686 2486256 
1687 2486256 
1688 2486257 
1689 2486257 
1690 2486257 
1691 2486258 
1692 2486258 
1693 2486258 
1694 2486259 
1695 2486259 
1696 2486259 
1697 2486259 
1698 2486259 
1699 2486260 
1700 2486260 
1701 2486260 
1702 2486260 
1703 2486260 
1704 2486261 
1705 2486261 
1706 2486261 
1707 2486261 
1708 2486262 
1709 2486262 
1710 2486262 
1711 2486262 
1712 2486263 
1713 2486263 
1714 2486263 
1715 2486263 
1716 2486264 
1717 2486264 
1718 2486264 
1719 2486264 
1720 2486265 
1721 2486265 
1722 2486265 
1723 2486266 
1724 2486266 
1725 2486266 
1726 2486267 
1727 2486267 
1728 2486267 
1729 2486268 
1730 2486268 
1731 2486268 
1732 2486268 
1733 2486269 
1734 2486270 
1735 2486271 
1736 2486272 
1737 2486272 
1738 2486273 
1739 2486273 
1740 2486273 
1741 2486274 
1742 2486274 
1743 2486274 
1744 2486275 
1745 2486275 
1746 2486276 
1747 2486276 
1748 2486276 
1749 2486277 
1750 2486277 
1751 2486278 
1752 2486278 
1753 2486278 
1754 2486279 
1755 2486279 
1756 2486279 
1757 2486280 
1758 2486280 
1759 2486280 
1760 2486281 
1761 2486281 
1762 2486282 
1763 2486282 
1764 2486282 
1765 2486283 
1766 2486283 
1767 2486285 
1768 2486285 
1769 2486285 
1770 2486286 
1771 2486286 
1772 2486287 
1773 2486287 
1774 2486287 
1775 2486288 
1776 2486289 
1777 2486289 
1778 2486289 
1779 2486290 
1780 2486291 
1781 2486291 
1782 2486291 
1783 2486292 
1784 2486292 
1785 2486292 
1786 2486292 
1787 2486293 
1788 2486293 
1789 2486293 
1790 2486293 
1791 2486293 
1792 2486294 
1793 2486294 
1794 2486294 
1795 2486294 
1796 2486294 
1797 2486295 
1798 2486295 
1799 2486295 
1800 2486296 
1801 2486296 
1802 2486296 
1803 2486296 
1804 2486297 
1805 2486297 
1806 2486297 
1807 2486297 
1808 2486298 
1809 2486298 
1810 2486298 
1811 2486298 
1812 2486299 
1813 2486299 
1814 2486299 
1815 2486299 
1816 2486299 
1817 2486300 
1818 2486300 
1819 2486300 
1820 2486301 
1821 2486301 
1822 2486301 
1823 2486301 
1824 2486302 
1825 2486302 
1826 2486302 
1827 2486303 
1828 2486303 
1829 2486303 
1830 2486304 
1831 2486304 
1832 2486304 
1833 2486304 
1834 2486305 
1835 2486305 
1836 2486305 
1837 2486305 
1838 2486306 
1839 2486306 
1840 2486306 
1841 2486306 
1842 2486307 
1843 2486307 
1844 2486307 
1845 2486308 
1846 2486308 
1847 2486308 
1848 2486309 
1849 2486309 
1850 2486310 
1851 2486310 
1852 2486310 
1853 2486311 
1854 2486312 
1855 2486312 
1856 2486312 
1857 2486313 
1858 2486313 
1859 2486313 
1860 2486314 
1861 2486314 
1862 2486314 
1863 2486314 
1864 2486314 
1865 2486315 
1866 2486315 
1867 2486315 
1868 2486315 
1869 2486316 
1870 2486316 
1871 2486316 
1872 2486316 
1873 2486316 
1874 2486317 
1875 2486317 
1876 2486317 
1877 2486317 
1878 2486317 
1879 2486318 
1880 2486318 
1881 2486318 
1882 2486318 
1883 2486319 
1884 2486319 
1885 2486319 
1886 2486320 
1887 2486320 
1888 2486320 
1889 2486321 
1890 2486321 
1891 2486321 
1892 2486321 
1893 2486322 
1894 2486322 
1895 2486322 
1896 2486323 
1897 2486323 
1898 2486323 
1899 2486323 
1900 2486324 
1901 2486324 
1902 2486324 
1903 2486324 
1904 2486324 
1905 2486325 
1906 2486325 
1907 2486325 
1908 2486325 
1909 2486326 
1910 2486326 
1911 2486326 
1912 2486327 
1913 2486327 
1914 2486327 
1915 2486327 
1916 2486328 
1917 2486328 
1918 2486328 
1919 2486328 
1920 2486329 
1921 2486329 
1922 2486329 
1923 2486329 
1924 2486329 
1925 2486330 
1926 2486330 
1927 2486331 
1928 2486331 
1929 2486331 
1930 2486331 
1931 2486331 
1932 2486332 
1933 2486332 
1934 2486332 
1935 2486333 
1936 2486333 
1937 2486333 
1938 2486333 
1939 2486334 
1940 2486334 
1941 2486334 
1942 2486334 
1943 2486335 
1944 2486335 
1945 2486335 
1946 2486336 
1947 2486337 
1948 2486338 
1949 2486338 
1950 2486339 
1951 2486339 
1952 2486341 
1953 2486341 
1954 2486341 
1955 2486342 
1956 2486342 
1957 2486342 
1958 2486342 
1959 2486343 
1960 2486343 
1961 2486344 
1962 2486344 
1963 2486345 
1964 2486345 
1965 2486345 
1966 2486345 
1967 2486346 
1968 2486346 
1969 2486346 
1970 2486346 
1971 2486347 
1972 2486347 
1973 2486347 
1974 2486348 
1975 2486348 
1976 2486348 
1977 2486348 
1978 2486349 
1979 2486349 
1980 2486349 
1981 2486349 
1982 2486350 
1983 2486350 
1984 2486350 
1985 2486351 
1986 2486351 
1987 2486351 
1988 2486351 
1989 2486351 
1990 2486352 
1991 2486352 
1992 2486352 
1993 2486353 
1994 2486353 
1995 2486353 
1996 2486353 
1997 2486354 
1998 2486354 
1999 2486354 
2000 2486354 
2001 2486355 
2002 2486355 
2003 2486355 
2004 2486355 
2005 2486355 
2006 2486356 
2007 2486356 
2008 2486356 
2009 2486356 
2010 2486357 
2011 2486357 
2012 2486358 
2013 2486358 
2014 2486358 
2015 2486358 
2016 2486359 
2017 2486359 
2018 2486359 
2019 2486359 
2020 2486359 
2021 2486360 
2022 2486360 
2023 2486360 
2024 2486361 
2025 2486361 
2026 2486362 
2027 2486362 
2028 2486362 
2029 2486363 
2030 2486363 
2031 2486363 
2032 2486364 
2033 2486364 
2034 2486364 
2035 2486365 
2036 2486365 
2037 2486365 
2038 2486366 
2039 2486366 
2040 2486368 
2041 2486369 
2042 2486369 
2043 2486369 
2044 2486369 
2045 2486370 
2046 2486370 
2047 2486370 
2048 2486370 
2049 2486371 
2050 2486371 
2051 2486371 
2052 2486371 
2053 2486372 
2054 2486372 
2055 2486372 
2056 2486372 
2057 2486372 
2058 2486373 
2059 2486373 
2060 2486373 
2061 2486374 
2062 2486374 
2063 2486374 
2064 2486374 
2065 2486375 
2066 2486375 
2067 2486375 
2068 2486375 
2069 2486376 
2070 2486376 
2071 2486376 
2072 2486378 
2073 2486378 
2074 2486379 
2075 2486379 
2076 2486380 
2077 2486380 
2078 2486380 
2079 2486381 
2080 2486381 
2081 2486381 
2082 2486382 
2083 2486382 
2084 2486382 
2085 2486383 
2086 2486383 
2087 2486384 
2088 2486384 
2089 2486384 
2090 2486385 
2091 2486385 
2092 2486385 
2093 2486386 
2094 2486386 
2095 2486386 
2096 2486387 
2097 2486387 
2098 2486387 
2099 2486388 
2100 2486388 
2101 2486388 
2102 2486388 
2103 2486388 
2104 2486389 
2105 2486389 
2106 2486389 
2107 2486389 
2108 2486390 
2109 2486390 
2110 2486390 
2111 2486390 
2112 2486391 
2113 2486391 
2114 2486391 
2115 2486392 
2116 2486392 
2117 2486392 
2118 2486393 
2119 2486393 
2120 2486393 
2121 2486394 
2122 2486394 
2123 2486394 
2124 2486395 
2125 2486395 
2126 2486395 
2127 2486396 
2128 2486396 
2129 2486396 
2130 2486396 
2131 2486397 
2132 2486397 
2133 2486397 
2134 2486398 
2135 2486398 
2136 2486398 
2137 2486398 
2138 2486399 
2139 2486399 
2140 2486399 
2141 2486399 
2142 2486400 
2143 2486400 
2144 2486400 
2145 2486400 
2146 2486400 
2147 2486401 
2148 2486401 
2149 2486401 
2150 2486401 
2151 2486402 
2152 2486402 
2153 2486402 
2154 2486402 
2155 2486403 
2156 2486403 
2157 2486403 
2158 2486403 
2159 2486404 
2160 2486404 
2161 2486404 
2162 2486404 
2163 2486405 
2164 2486405 
2165 2486405 
2166 2486405 
2167 2486405 
2168 2486406 
2169 2486406 
2170 2486406 
2171 2486407 
2172 2486407 
2173 2486407 
2174 2486407 
2175 2486408 
2176 2486408 
2177 2486408 
2178 2486409 
2179 2486409 
2180 2486409 
2181 2486410 
2182 2486410 
2183 2486410 
2184 2486410 
2185 2486410 
2186 2486411 
2187 2486411 
2188 2486411 
2189 2486412 
2190 2486412 
2191 2486412 
2192 2486413 
2193 2486414 
2194 2486414 
2195 2486415 
2196 2486415 
2197 2486415 
2198 2486416 
2199 2486416 
2200 2486416 
2201 2486417 
2202 2486417 
2203 2486417 
2204 2486418 
2205 2486418 
2206 2486418 
2207 2486419 
2208 2486419 
2209 2486419 
2210 2486420 
2211 2486420 
2212 2486422 
2213 2486422 
2214 2486422 
2215 2486422 
2216 2486423 
2217 2486423 
2218 2486423 
2219 2486424 
2220 2486424 
2221 2486425 
2222 2486425 
2223 2486425 
2224 2486426 
2225 2486426 
2226 2486426 
2227 2486427 
2228 2486427 
2229 2486427 
2230 2486427 
2231 2486427 
2232 2486428 
2233 2486428 
2234 2486428 
2235 2486428 
2236 2486429 
2237 2486429 
2238 2486429 
2239 2486429 
2240 2486429 
2241 2486430 
2242 2486430 
2243 2486430 
2244 2486430 
2245 2486431 
2246 2486431 
2247 2486431 
2248 2486431 
2249 2486432 
2250 2486432 
2251 2486432 
2252 2486432 
2253 2486433 
2254 2486433 
2255 2486433 
2256 2486433 
2257 2486434 
2258 2486434 
2259 2486434 
2260 2486434 
2261 2486435 
2262 2486435 
2263 2486435 
2264 2486435 
2265 2486435 
2266 2486436 
2267 2486436 
2268 2486436 
2269 2486436 
2270 2486436 
2271 2486437 
2272 2486437 
2273 2486437 
2274 2486437 
2275 2486438 
2276 2486438 
2277 2486438 
2278 2486439 
2279 2486439 
2280 2486440 
2281 2486440 
2282 2486440 
2283 2486440 
2284 2486441 
2285 2486441 
2286 2486441 
2287 2486442 
2288 2486442 
2289 2486442 
2290 2486443 
2291 2486443 
2292 2486443 
2293 2486443 
2294 2486443 
2295 2486444 
2296 2486445 
2297 2486445 
2298 2486445 
2299 2486445 
2300 2486445 
2301 2486446 
2302 2486446 
2303 2486446 
2304 2486446 
2305 2486447 
2306 2486447 
2307 2486447 
2308 2486447 
2309 2486447 
2310 2486448 
2311 2486448 
2312 2486448 
2313 2486448 
2314 2486448 
2315 2486449 
2316 2486449 
2317 2486450 
2318 2486450 
2319 2486450 
2320 2486451 
2321 2486451 
2322 2486452 
2323 2486452 
2324 2486453 
2325 2486453 
2326 2486453 
2327 2486454 
2328 2486454 
2329 2486454 
2330 2486454 
2331 2486455 
2332 2486455 
2333 2486455 
2334 2486455 
2335 2486456 
2336 2486456 
2337 2486456 
2338 2486456 
2339 2486457 
2340 2486457 
2341 2486457 
2342 2486457 
2343 2486458 
2344 2486458 
2345 2486458 
2346 2486458 
2347 2486458 
2348 2486459 
2349 2486459 
2350 2486459 
2351 2486459 
2352 2486460 
2353 2486460 
2354 2486460 
2355 2486461 
2356 2486461 
2357 2486461 
2358 2486461 
2359 2486462 
2360 2486462 
2361 2486463 
2362 2486463 
2363 2486463 
2364 2486464 
2365 2486464 
2366 2486464 
2367 2486464 
2368 2486465 
2369 2486465 
2370 2486465 
2371 2486465 
2372 2486465 
2373 2486466 
2374 2486466 
2375 2486466 
2376 2486466 
2377 2486467 
2378 2486467 
2379 2486467 
2380 2486467 
2381 2486468 
2382 2486468 
2383 2486468 
2384 2486468 
2385 2486468 
2386 2486469 
2387 2486469 
2388 2486469 
2389 2486469 
2390 2486469 
2391 2486469 
2392 2486470 
2393 2486470 
2394 2486470 
2395 2486470 
2396 2486470 
2397 2486471 
2398 2486471 
2399 2486471 
2400 2486471 
2401 2486472 
2402 2486472 
2403 2486472 
2404 2486472 
2405 2486472 
2406 2486473 
2407 2486473 
2408 2486473 
2409 2486473 
2410 2486474 
2411 2486474 
2412 2486474 
2413 2486474 
2414 2486474 
2415 2486474 
2416 2486475 
2417 2486475 
2418 2486475 
2419 2486475 
2420 2486476 
2421 2486476 
2422 2486476 
2423 2486477 
2424 2486477 
2425 2486477 
2426 2486477 
2427 2486477 
2428 2486478 
2429 2486478 
2430 2486478 
2431 2486478 
2432 2486479 
2433 2486479 
2434 2486479 
2435 2486479 
2436 2486480 
2437 2486480 
2438 2486480 
2439 2486480 
2440 2486481 
2441 2486481 
2442 2486481 
2443 2486481 
2444 2486481 
2445 2486482 
2446 2486482 
2447 2486483 
2448 2486483 
2449 2486483 
2450 2486483 
2451 2486484 
2452 2486484 
2453 2486484 
2454 2486485 
2455 2486485 
2456 2486485 
2457 2486486 
2458 2486486 
2459 2486486 
2460 2486486 
2461 2486487 
2462 2486487 
2463 2486487 
2464 2486488 
2465 2486488 
2466 2486488 
2467 2486488 
2468 2486489 
2469 2486489 
2470 2486490 
2471 2486490 
2472 2486490 
2473 2486490 
2474 2486491 
2475 2486491 
2476 2486491 
2477 2486491 
2478 2486492 
2479 2486492 
2480 2486492 
2481 2486493 
2482 2486493 
2483 2486493 
2484 2486493 
2485 2486494 
2486 2486495 
2487 2486496 
2488 2486496 
2489 2486497 
2490 2486497 
2491 2486497 
2492 2486498 
2493 2486498 
2494 2486498 
2495 2486498 
2496 2486498 
2497 2486499 
2498 2486499 
2499 2486499 
2500 2486499 
2501 2486500 
2502 2486500 
2503 2486500 
2504 2486500 
2505 2486501 
2506 2486501 
2507 2486501 
2508 2486502 
2509 2486502 
2510 2486502 
2511 2486502 
2512 2486503 
2513 2486503 
2514 2486503 
2515 2486504 
2516 2486506 
2517 2486506 
2518 2486506 
2519 2486507 
2520 2486507 
2521 2486507 
2522 2486508 
2523 2486508 
2524 2486508 
2525 2486509 
2526 2486509 
2527 2486509 
2528 2486510 
2529 2486510 
2530 2486510 
2531 2486510 
2532 2486511 
2533 2486511 
2534 2486512 
2535 2486512 
2536 2486512 
2537 2486512 
2538 2486513 
2539 2486513 
2540 2486513 
2541 2486513 
2542 2486514 
2543 2486514 
2544 2486514 
2545 2486514 
2546 2486515 
2547 2486515 
2548 2486515 
2549 2486515 
2550 2486515 
2551 2486516 
2552 2486516 
2553 2486516 
2554 2486516 
2555 2486517 
2556 2486517 
2557 2486517 
2558 2486517 
2559 2486518 
2560 2486518 
2561 2486518 
2562 2486518 
2563 2486518 
2564 2486519 
2565 2486519 
2566 2486519 
2567 2486520 
2568 2486520 
2569 2486520 
2570 2486521 
2571 2486521 
2572 2486521 
2573 2486521 
2574 2486522 
2575 2486522 
2576 2486522 
2577 2486523 
2578 2486523 
2579 2486524 
2580 2486524 
2581 2486524 
2582 2486524 
2583 2486525 
2584 2486525 
2585 2486525 
2586 2486525 
2587 2486525 
2588 2486525 
2589 2486526 
2590 2486526 
2591 2486526 
2592 2486526 
2593 2486526 
2594 2486527 
2595 2486527 
2596 2486527 
2597 2486527 
2598 2486528 
2599 2486528 
2600 2486528 
2601 2486528 
2602 2486529 
2603 2486529 
2604 2486529 
2605 2486529 
2606 2486530 
2607 2486530 
2608 2486530 
2609 2486530 
2610 2486531 
2611 2486531 
2612 2486531 
2613 2486532 
2614 2486532 
2615 2486532 
2616 2486533 
2617 2486533 
2618 2486533 
2619 2486534 
2620 2486534 
2621 2486534 
2622 2486535 
2623 2486535 
2624 2486535 
2625 2486535 
2626 2486536 
2627 2486536 
2628 2486536 
2629 2486536 
2630 2486536 
2631 2486537 
2632 2486537 
2633 2486537 
2634 2486537 
2635 2486538 
2636 2486538 
2637 2486538 
2638 2486539 
2639 2486539 
2640 2486539 
2641 2486539 
2642 2486539 
2643 2486540 
2644 2486540 
2645 2486540 
2646 2486540 
2647 2486541 
2648 2486541 
2649 2486541 
2650 2486541 
2651 2486542 
2652 2486542 
2653 2486542 
2654 2486542 
2655 2486543 
2656 2486543 
2657 2486543 
2658 2486543 
2659 2486544 
2660 2486544 
2661 2486544 
2662 2486544 
2663 2486545 
2664 2486545 
2665 2486545 
2666 2486545 
2667 2486546 
2668 2486546 
2669 2486546 
2670 2486547 
2671 2486547 
2672 2486547 
2673 2486547 
2674 2486547 
2675 2486548 
2676 2486548 
2677 2486548 
2678 2486549 
2679 2486549 
2680 2486549 
2681 2486550 
2682 2486550 
2683 2486550 
2684 2486551 
2685 2486551 
2686 2486551 
2687 2486552 
2688 2486552 
2689 2486552 
2690 2486552 
2691 2486553 
2692 2486553 
2693 2486553 
2694 2486553 
2695 2486553 
2696 2486554 
2697 2486554 
2698 2486554 
2699 2486554 
2700 2486555 
2701 2486555 
2702 2486555 
2703 2486555 
2704 2486555 
2705 2486556 
2706 2486556 
2707 2486556 
2708 2486557 
2709 2486557 
2710 2486557 
2711 2486558 
2712 2486558 
2713 2486558 
2714 2486559 
2715 2486559 
2716 2486559 
2717 2486560 
2718 2486560 
2719 2486560 
2720 2486560 
2721 2486561 
2722 2486561 
2723 2486561 
2724 2486561 
2725 2486562 
2726 2486562 
2727 2486562 
2728 2486563 
2729 2486563 
2730 2486563 
2731 2486563 
2732 2486564 
2733 2486564 
2734 2486564 
2735 2486565 
2736 2486565 
2737 2486565 
2738 2486566 
2739 2486566 
2740 2486566 
2741 2486567 
2742 2486567 
2743 2486567 
2744 2486568 
2745 2486568 
2746 2486568 
2747 2486569 
2748 2486569 
2749 2486569 
2750 2486569 
2751 2486570 
2752 2486570 
2753 2486570 
2754 2486570 
2755 2486571 
2756 2486571 
2757 2486571 
2758 2486571 
2759 2486571 
2760 2486571 
2761 2486572 
2762 2486572 
2763 2486572 
2764 2486572 
2765 2486572 
2766 2486573 
2767 2486573 
2768 2486573 
2769 2486574 
2770 2486574 
2771 2486574 
2772 2486575 
2773 2486575 
2774 2486575 
2775 2486576 
2776 2486576 
2777 2486576 
2778 2486576 
2779 2486576 
2780 2486577 
2781 2486577 
2782 2486578 
2783 2486578 
2784 2486578 
2785 2486578 
2786 2486579 
2787 2486579 
2788 2486580 
2789 2486580 
2790 2486580 
2791 2486581 
2792 2486581 
2793 2486581 
2794 2486581 
2795 2486582 
2796 2486582 
2797 2486582 
2798 2486583 
2799 2486583 
2800 2486583 
2801 2486583 
2802 2486583 
2803 2486584 
2804 2486584 
2805 2486584 
2806 2486585 
2807 2486585 
2808 2486585 
2809 2486586 
2810 2486586 
2811 2486586 
2812 2486586 
2813 2486587 
2814 2486587 
2815 2486587 
2816 2486587 
2817 2486588 
2818 2486588 
2819 2486588 
2820 2486588 
2821 2486589 
2822 2486589 
2823 2486589 
2824 2486589 
2825 2486590 
2826 2486590 
2827 2486590 
2828 2486590 
2829 2486591 
2830 2486591 
2831 2486591 
2832 2486591 
2833 2486592 
2834 2486592 
2835 2486592 
2836 2486592 
2837 2486593 
2838 2486593 
2839 2486593 
2840 2486593 
2841 2486594 
2842 2486594 
2843 2486594 
2844 2486594 
2845 2486595 
2846 2486595 
2847 2486596 
2848 2486596 
2849 2486596 
2850 2486596 
2851 2486597 
2852 2486597 
2853 2486597 
2854 2486598 
2855 2486598 
2856 2486598 
2857 2486599 
2858 2486599 
2859 2486599 
2860 2486600 
2861 2486600 
2862 2486600 
2863 2486600 
2864 2486601 
2865 2486601 
2866 2486601 
2867 2486601 
2868 2486602 
2869 2486602 
2870 2486602 
2871 2486603 
2872 2486603 
2873 2486603 
2874 2486604 
2875 2486604 
2876 2486604 
2877 2486605 
2878 2486605 
2879 2486605 
2880 2486605 
2881 2486606 
2882 2486606 
2883 2486606 
2884 2486607 
2885 2486607 
2886 2486607 
2887 2486607 
2888 2486607 
2889 2486608 
2890 2486608 
2891 2486608 
2892 2486608 
2893 2486609 
2894 2486609 
2895 2486609 
2896 2486609 
2897 2486610 
2898 2486610 
2899 2486610 
2900 2486610 
2901 2486611 
2902 2486611 
2903 2486612 
2904 2486612 
2905 2486612 
2906 2486612 
2907 2486613 
2908 2486613 
2909 2486613 
2910 2486614 
2911 2486614 
2912 2486614 
2913 2486614 
2914 2486615 
2915 2486615 
2916 2486615 
2917 2486615 
2918 2486615 
2919 2486616 
2920 2486616 
2921 2486616 
2922 2486616 
2923 2486617 
2924 2486617 
2925 2486617 
2926 2486617 
2927 2486617 
2928 2486618 
2929 2486618 
2930 2486618 
2931 2486618 
2932 2486619 
2933 2486619 
2934 2486619 
2935 2486619 
2936 2486620 
2937 2486620 
2938 2486620 
2939 2486620 
2940 2486621 
2941 2486621 
2942 2486621 
2943 2486621 
2944 2486622 
2945 2486622 
2946 2486622 
2947 2486622 
2948 2486623 
2949 2486623 
2950 2486623 
2951 2486623 
2952 2486624 
2953 2486624 
2954 2486624 
2955 2486625 
2956 2486625 
2957 2486625 
2958 2486626 
2959 2486626 
2960 2486626 
2961 2486627 
2962 2486627 
2963 2486627 
2964 2486627 
2965 2486627 
2966 2486628 
2967 2486628 
2968 2486628 
2969 2486629 
2970 2486629 
2971 2486629 
2972 2486630 
2973 2486630 
2974 2486630 
2975 2486631 
2976 2486631 
2977 2486631 
2978 2486632 
2979 2486632 
2980 2486632 
2981 2486633 
2982 2486633 
2983 2486633 
2984 2486634 
2985 2486634 
2986 2486635 
2987 2486635 
2988 2486637 
2989 2486638 
2990 2486638 
2991 2486652 
2992 2486657 
2993 2486658 
2994 2486658 
2995 2486658 
2996 2486661 
2997 2486661 
2998 2486661 
2999 2486662 
3000 2486662 
3001 2486662 
3002 2486663 
3003 2486664 
3004 2486664 
3005 2486665 
3006 2486665 
3007 2486667 
3008 2486668 
3009 2486668 
3010 2486669 
3011 2486669 
3012 2486670 
3013 2486670 
3014 2486670 
3015 2486671 
3016 2486673 
3017 2486673 
3018 2486674 
3019 2486674 
3020 2486675 
3021 2486675 
3022 2486675 
3023 2486676 
3024 2486680 
3025 2486680 
3026 2486683 
3027 2486684 
3028 2486684 
3029 2486684 
3030 2486685 
3031 2486685 
3032 2486686 
3033 2486686 
3034 2486686 
3035 2486687 
3036 2486687 
3037 2486687 
3038 2486687 
3039 2486688 
3040 2486688 
3041 2486688 
3042 2486689 
3043 2486689 
3044 2486689 
3045 2486689 
3046 2486690 
3047 2486690 
3048 2486690 
3049 2486691 
3050 2486691 
3051 2486691 
3052 2486692 
3053 2486692 
3054 2486692 
3055 2486692 
3056 2486693 
3057 2486693 
3058 2486693 
3059 2486694 
3060 2486694 
3061 2486694 
3062 2486695 
3063 2486698 
3064 2486698 
3065 2486698 
3066 2486699 
3067 2486699 
3068 2486700 
3069 2486700 
3070 2486700 
3071 2486701 
3072 2486701 
3073 2486701 
3074 2486701 
3075 2486702 
3076 2486702 
3077 2486702 
3078 2486703 
3079 2486704 
3080 2486704 
3081 2486708 
3082 2486708 
3083 2486708 
3084 2486709 
3085 2486709 
3086 2486736 
3087 2486737 
3088 2486740 
3089 2486742 
3090 2486744 
3091 2486747 
3092 2486750 
3093 2486751 
3094 2486753 
3095 2486780 
3096 2486781 
3097 2486783 
3098 2486784 
3099 2486785 
3100 2486788 
3101 2486794 
3102 2486794 
3103 2486796 
3104 2486799 
3105 2486805 
3106 2486815 
3107 2486815 
3108 2486822 
3109 2486822 
3110 2486836 
3111 2486867 
3112 2486867 
3113 2486876 
3114 2486876 
3115 2486877 
3116 2486877 
3117 2486877 
3118 2486878 
3119 2486878 
3120 2486880 
3121 2486880 
3122 2486881 
3123 2486881 
3124 2486881 
3125 2486882 
3126 2486882 
3127 2486882 
3128 2486883 
3129 2486883 
3130 2486883 
3131 2486883 
3132 2486884 
3133 2486884 
3134 2486884 
3135 2486884 
3136 2486885 
3137 2486885 
3138 2486885 
3139 2486885 
3140 2486885 
3141 2486886 
3142 2486886 
3143 2486889 
3144 2486890 
3145 2486890 
3146 2486890 
3147 2486891 
3148 2486891 
3149 2486892 
3150 2486892 
3151 2486893 
3152 2486895 
3153 2486895 
3154 2486895 
3155 2486896 
3156 2486896 
3157 2486896 
3158 2486896 
3159 2486897 
3160 2486897 
3161 2486897 
3162 2486898 
3163 2486900 
3164 2486904 
3165 2486908 
3166 2486908 
3167 2486908 
3168 2486910 
3169 2486911 
3170 2486911 
3171 2486912 
3172 2486916 
3173 2486917 
3174 2486917 
3175 2486921 
3176 2486921 
3177 2486925 
3178 2486927 
3179 2486931 
3180 2486933 
3181 2486934 
3182 2486935 
3183 2486935 
3184 2486935 
3185 2486939 
3186 2486939 
3187 2486939 
3188 2486947 
3189 2486947 
3190 2486950 
3191 2486958 
3192 2486959 
3193 2486959 
3194 2486959 
3195 2486960 
3196 2486960 
3197 2486960 
3198 2486960 
3199 2486960 
3200 2486961 
3201 2486961 
3202 2486961 
3203 2486962 
3204 2486962 
3205 2486962 
3206 2486964 
3207 2486967 
3208 2486969 
3209 2486969 
3210 2486971 
3211 2486977 
3212 2486989 
3213 2486991 
3214 2486993 
3215 2486993 
3216 2486994 
3217 2486995 
3218 2486995 
3219 2486996 
3220 2486997 
3221 2486997 
3222 2486998 
3223 2486998 
3224 2487003 
3225 2487009 
3226 2487012 
3227 2487012 
3228 2487012 
3229 2487014 
3230 2487014 
3231 2487015 
3232 2487018 
3233 2487018 
3234 2487019 
3235 2487019 
3236 2487019 
3237 2487020 
3238 2487020 
3239 2487020 
3240 2487020 
3241 2487021 
3242 2487021 
3243 2487022 
3244 2487022 
3245 2487022 
3246 2487022 
3247 2487023 
3248 2487023 
3249 2487023 
3250 2487023 
3251 2487024 
3252 2487024 
3253 2487024 
3254 2487024 
3255 2487025 
3256 2487025 
3257 2487025 
3258 2487026 
3259 2487026 
3260 2487026 
3261 2487027 
3262 2487027 
3263 2487027 
3264 2487028 
3265 2487028 
3266 2487028 
3267 2487029 
3268 2487029 
3269 2487030 
3270 2487030 
3271 2487030 
3272 2487030 
3273 2487037 
3274 2487037 
3275 2487037 
3276 2487038 
3277 2487038 
3278 2487038 
3279 2487039 
3280 2487039 
3281 2487039 
3282 2487040 
3283 2487040 
3284 2487040 
3285 2487040 
3286 2487041 
3287 2487041 
3288 2487041 
3289 2487050 
3290 2487051 
3291 2487051 
3292 2487051 
3293 2487052 
3294 2487052 
3295 2487052 
3296 2487053 
3297 2487053 
3298 2487053 
3299 2487053 
3300 2487053 
3301 2487054 
3302 2487054 
3303 2487054 
3304 2487055 
3305 2487055 
3306 2487055 
3307 2487061 
3308 2487061 
3309 2487063 
3310 2487063 
3311 2487064 
3312 2487064 
3313 2487065 
3314 2487073 
3315 2487074 
3316 2487074 
3317 2487074 
3318 2487075 
3319 2487075 
3320 2487075 
3321 2487076 
3322 2487076 
3323 2487076 
3324 2487076 
3325 2487076 
3326 2487077 
3327 2487077 
3328 2487077 
3329 2487078 
3330 2487078 
3331 2487078 
3332 2487079 
3333 2487079 
3334 2487079 
3335 2487080 
3336 2487080 
3337 2487080 
3338 2487081 
3339 2487081 
3340 2487081 
3341 2487082 
3342 2487082 
3343 2487082 
3344 2487082 
3345 2487083 
3346 2487083 
3347 2487083 
3348 2487083 
3349 2487084 
3350 2487084 
3351 2487084 
3352 2487085 
3353 2487087 
3354 2487088 
3355 2487094 
3356 2487094 
3357 2487110 
3358 2487120 
3359 2487121 
3360 2487121 
3361 2487122 
3362 2487122 
3363 2487123 
3364 2487123 
3365 2487123 
3366 2487123 
3367 2487124 
3368 2487124 
3369 2487128 
3370 2487129 
3371 2487141 
3372 2487164 
3373 2487165 
3374 2487168 
3375 2487170 
3376 2487170 
3377 2487171 
3378 2487171 
3379 2487171 
3380 2487172 
3381 2487172 
3382 2487172 
3383 2487173 
3384 2487173 
3385 2487173 
3386 2487174 
3387 2487174 
3388 2487177 
3389 2487178 
3390 2487181 
3391 2487182 
3392 2487182 
3393 2487184 
3394 2487186 
3395 2487189 
3396 2487189 
3397 2487195 
3398 2487196 
3399 2487196 
3400 2487196 
3401 2487196 
3402 2487197 
3403 2487197 
3404 2487197 
3405 2487198 
3406 2487198 
3407 2487198 
3408 2487199 
3409 2487199 
3410 2487199 
3411 2487201 
3412 2487202 
3413 2487202 
3414 2487203 
3415 2487203 
3416 2487204 
3417 2487204 
3418 2487204 
3419 2487205 
3420 2487205 
3421 2487206 
3422 2487206 
3423 2487208 
3424 2487212 
3425 2487212 
3426 2487220 
3427 2487226 
3428 2487227 
3429 2487227 
3430 2487227 
3431 2487228 
3432 2487228 
3433 2487229 
3434 2487229 
3435 2487229 
3436 2487230 
3437 2487230 
3438 2487230 
3439 2487231 
3440 2487231 
3441 2487231 
3442 2487233 
3443 2487234 
3444 2487235 
3445 2487236 
3446 2487237 
3447 2487237 
3448 2487237 
3449 2487238 
3450 2487238 
3451 2487238 
3452 2487238 
3453 2487239 
3454 2487239 
3455 2487240 
3456 2487240 
3457 2487240 
3458 2487241 
3459 2487241 
3460 2487241 
3461 2487242 
3462 2487242 
3463 2487242 
3464 2487243 
3465 2487243 
3466 2487244 
3467 2487244 
3468 2487244 
3469 2487245 
3470 2487245 
3471 2487245 
3472 2487246 
3473 2487246 
3474 2487247 
3475 2487247 
3476 2487247 
3477 2487248 
3478 2487248 
3479 2487249 
3480 2487249 
3481 2487249 
3482 2487250 
3483 2487250 
3484 2487250 
3485 2487251 
3486 2487251 
3487 2487252 
3488 2487252 
3489 2487252 
3490 2487254 
3491 2487254 
3492 2487254 
3493 2487255 
3494 2487255 
3495 2487256 
3496 2487256 
3497 2487256 
3498 2487257 
3499 2487257 
3500 2487257 
3501 2487258 
3502 2487258 
3503 2487259 
3504 2487262 
3505 2487262 
3506 2487262 
3507 2487263 
3508 2487263 
3509 2487263 
3510 2487264 
3511 2487264 
3512 2487264 
3513 2487264 
3514 2487265 
3515 2487265 
3516 2487265 
3517 2487266 
3518 2487266 
3519 2487266 
3520 2487267 
3521 2487267 
3522 2487267 
3523 2487268 
3524 2487268 
3525 2487268 
3526 2487269 
3527 2487269 
3528 2487269 
3529 2487270 
3530 2487270 
3531 2487270 
3532 2487270 
3533 2487271 
3534 2487271 
3535 2487271 
3536 2487272 
3537 2487272 
3538 2487272 
3539 2487272 
3540 2487273 
3541 2487273 
3542 2487273 
3543 2487274 
3544 2487275 
3545 2487276 
3546 2487276 
3547 2487276 
3548 2487277 
3549 2487277 
3550 2487277 
3551 2487278 
3552 2487278 
3553 2487278 
3554 2487279 
3555 2487279 
3556 2487279 
3557 2487280 
3558 2487280 
3559 2487280 
3560 2487281 
3561 2487281 
3562 2487281 
3563 2487282 
3564 2487282 
3565 2487282 
3566 2487282 
3567 2487283 
3568 2487283 
3569 2487283 
3570 2487284 
3571 2487284 
3572 2487284 
3573 2487285 
3574 2487285 
3575 2487285 
3576 2487285 
3577 2487286 
3578 2487286 
3579 2487286 
3580 2487286 
3581 2487287 
3582 2487287 
3583 2487287 
3584 2487288 
3585 2487288 
3586 2487288 
3587 2487288 
3588 2487289 
3589 2487289 
3590 2487291 
3591 2487291 
3592 2487293 
3593 2487293 
3594 2487293 
3595 2487295 
3596 2487297 
3597 2487298 
3598 2487299 
3599 2487300 
3600 2487303 
3601 2487305 
3602 2487305 
3603 2487306 
3604 2487306 
3605 2487306 
3606 2487309 
3607 2487310 
3608 2487311 
3609 2487312 
3610 2487312 
3611 2487312 
3612 2487312 
3613 2487313 
3614 2487313 
3615 2487313 
3616 2487314 
3617 2487314 
3618 2487314 
3619 2487315 
3620 2487315 
3621 2487315 
3622 2487316 
3623 2487316 
3624 2487316 
3625 2487316 
3626 2487317 
3627 2487317 
3628 2487318 
3629 2487318 
3630 2487318 
3631 2487319 
3632 2487319 
3633 2487319 
3634 2487320 
3635 2487320 
3636 2487320 
3637 2487321 
3638 2487321 
3639 2487322 
3640 2487324 
3641 2487324 
3642 2487324 
3643 2487324 
3644 2487325 
3645 2487325 
3646 2487325 
3647 2487326 
3648 2487326 
3649 2487326 
3650 2487326 
3651 2487327 
3652 2487327 
3653 2487327 
3654 2487328 
3655 2487328 
3656 2487328 
3657 2487329 
3658 2487329 
3659 2487329 
3660 2487330 
3661 2487330 
3662 2487332 
3663 2487332 
3664 2487333 
3665 2487333 
3666 2487334 
3667 2487334 
3668 2487334 
3669 2487335 
3670 2487335 
3671 2487335 
3672 2487335 
3673 2487336 
3674 2487336 
3675 2487336 
3676 2487336 
3677 2487337 
3678 2487337 
3679 2487337 
3680 2487337 
3681 2487337 
3682 2487338 
3683 2487338 
3684 2487338 
3685 2487338 
3686 2487338 
3687 2487339 
3688 2487339 
3689 2487339 
3690 2487339 
3691 2487340 
3692 2487340 
3693 2487340 
3694 2487341 
3695 2487341 
3696 2487341 
3697 2487342 
3698 2487342 
3699 2487342 
3700 2487342 
3701 2487343 
3702 2487343 
3703 2487343 
3704 2487343 
3705 2487344 
3706 2487344 
3707 2487344 
3708 2487344 
3709 2487345 
3710 2487345 
3711 2487345 
3712 2487345 
3713 2487346 
3714 2487346 
3715 2487347 
3716 2487347 
3717 2487347 
3718 2487347 
3719 2487348 
3720 2487348 
3721 2487348 
3722 2487348 
3723 2487349 
3724 2487349 
3725 2487349 
3726 2487349 
3727 2487350 
3728 2487350 
3729 2487350 
3730 2487350 
3731 2487351 
3732 2487351 
3733 2487351 
3734 2487351 
3735 2487351 
3736 2487352 
3737 2487352 
3738 2487352 
3739 2487352 
3740 2487353 
3741 2487353 
3742 2487353 
3743 2487353 
3744 2487354 
3745 2487354 
3746 2487354 
3747 2487355 
3748 2487355 
3749 2487355 
3750 2487356 
3751 2487356 
3752 2487357 
3753 2487357 
3754 2487357 
3755 2487358 
3756 2487358 
3757 2487364 
3758 2487364 
3759 2487365 
3760 2487365 
3761 2487366 
3762 2487367 
3763 2487368 
3764 2487368 
3765 2487368 
3766 2487369 
3767 2487369 
3768 2487370 
3769 2487370 
3770 2487370 
3771 2487371 
3772 2487371 
3773 2487371 
3774 2487372 
3775 2487372 
3776 2487372 
3777 2487373 
3778 2487373 
3779 2487373 
3780 2487374 
3781 2487374 
3782 2487374 
3783 2487375 
3784 2487375 
3785 2487375 
3786 2487375 
3787 2487376 
3788 2487376 
3789 2487376 
3790 2487377 
3791 2487377 
3792 2487377 
3793 2487378 
3794 2487378 
3795 2487378 
3796 2487378 
3797 2487379 
3798 2487379 
3799 2487380 
3800 2487380 
3801 2487381 
3802 2487381 
3803 2487381 
3804 2487383 
3805 2487383 
3806 2487383 
3807 2487384 
3808 2487384 
3809 2487384 
3810 2487385 
3811 2487385 
3812 2487385 
3813 2487386 
3814 2487389 
3815 2487390 
3816 2487391 
3817 2487391 
3818 2487391 
3819 2487391 
3820 2487391 
3821 2487391 
3822 2487392 
3823 2487392 
3824 2487392 
3825 2487392 
3826 2487393 
3827 2487393 
3828 2487393 
3829 2487393 
3830 2487394 
3831 2487394 
3832 2487394 
3833 2487395 
3834 2487396 
3835 2487396 
3836 2487396 
3837 2487397 
3838 2487397 
3839 2487398 
3840 2487399 
3841 2487399 
3842 2487401 
3843 2487402 
3844 2487402 
3845 2487403 
3846 2487403 
3847 2487403 
3848 2487404 
3849 2487404 
3850 2487405 
3851 2487405 
3852 2487405 
3853 2487405 
3854 2487406 
3855 2487406 
3856 2487406 
3857 2487407 
3858 2487407 
3859 2487407 
3860 2487407 
3861 2487408 
3862 2487408 
3863 2487408 
3864 2487408 
3865 2487408 
3866 2487408 
3867 2487409 
3868 2487409 
3869 2487409 
3870 2487409 
3871 2487409 
3872 2487410 
3873 2487410 
3874 2487410 
3875 2487410 
3876 2487410 
3877 2487411 
3878 2487412 
3879 2487413 
3880 2487413 
3881 2487413 
3882 2487414 
3883 2487414 
3884 2487414 
3885 2487414 
3886 2487416 
3887 2487416 
3888 2487417 
3889 2487417 
3890 2487418 
3891 2487418 
3892 2487418 
3893 2487418 
3894 2487418 
3895 2487419 
3896 2487419 
3897 2487420 
3898 2487420 
3899 2487421 
3900 2487421 
3901 2487422 
3902 2487422 
3903 2487422 
3904 2487423 
3905 2487423 
3906 2487423 
3907 2487423 
3908 2487424 
3909 2487424 
3910 2487424 
3911 2487424 
3912 2487425 
3913 2487425 
3914 2487425 
3915 2487426 
3916 2487426 
3917 2487426 
3918 2487427 
3919 2487427 
3920 2487427 
3921 2487428 
3922 2487428 
3923 2487428 
3924 2487428 
3925 2487428 
3926 2487428 
3927 2487429 
3928 2487429 
3929 2487429 
3930 2487429 
3931 2487430 
3932 2487430 
3933 2487430 
3934 2487430 
3935 2487431 
3936 2487431 
3937 2487431 
3938 2487431 
3939 2487432 
3940 2487432 
3941 2487432 
3942 2487433 
3943 2487433 
3944 2487433 
3945 2487433 
3946 2487433 
3947 2487434 
3948 2487434 
3949 2487434 
3950 2487434 
3951 2487434 
3952 2487435 
3953 2487435 
3954 2487435 
3955 2487436 
3956 2487436 
3957 2487436 
3958 2487437 
3959 2487437 
3960 2487437 
3961 2487438 
3962 2487438 
3963 2487439 
3964 2487439 
3965 2487439 
3966 2487439 
3967 2487440 
3968 2487440 
3969 2487440 
3970 2487441 
3971 2487442 
3972 2487442 
3973 2487444 
3974 2487444 
3975 2487444 
3976 2487444 
3977 2487445 
3978 2487445 
3979 2487446 
3980 2487447 
3981 2487447 
3982 2487447 
3983 2487448 
3984 2487448 
3985 2487448 
3986 2487448 
3987 2487449 
3988 2487449 
3989 2487449 
3990 2487450 
3991 2487450 
3992 2487451 
3993 2487451 
3994 2487451 
3995 2487451 
3996 2487452 
3997 2487452 
3998 2487452 
3999 2487453 
4000 2487453 
4001 2487453 
4002 2487453 
4003 2487453 
4004 2487454 
4005 2487454 
4006 2487454 
4007 2487454 
4008 2487455 
4009 2487455 
4010 2487455 
4011 2487456 
4012 2487456 
4013 2487457 
4014 2487457 
4015 2487458 
4016 2487458 
4017 2487458 
4018 2487459 
4019 2487460 
4020 2487461 
4021 2487461 
4022 2487462 
4023 2487462 
4024 2487462 
4025 2487462 
4026 2487463 
4027 2487463 
4028 2487463 
4029 2487464 
4030 2487464 
4031 2487464 
4032 2487470 
4033 2487470 
4034 2487472 
4035 2487473 
4036 2487474 
4037 2487478 
4038 2487479 
4039 2487480 
4040 2487482 
4041 2487482 
4042 2487483 
4043 2487484 
4044 2487484 
4045 2487484 
4046 2487485 
4047 2487485 
4048 2487486 
4049 2487487 
4050 2487487 
4051 2487488 
4052 2487489 
4053 2487490 
4054 2487493 
4055 2487494 
4056 2487494 
4057 2487495 
4058 2487495 
4059 2487495 
4060 2487495 
4061 2487496 
4062 2487496 
4063 2487497 
4064 2487497 
4065 2487497 
4066 2487498 
4067 2487498 
4068 2487498 
4069 2487499 
4070 2487499 
4071 2487500 
4072 2487500 
4073 2487500 
4074 2487501 
4075 2487501 
4076 2487502 
4077 2487502 
4078 2487504 
4079 2487504 
4080 2487505 
4081 2487505 
4082 2487505 
4083 2487506 
4084 2487507 
4085 2487509 
4086 2487510 
4087 2487510 
4088 2487511 
4089 2487511 
4090 2487511 
4091 2487512 
4092 2487512 
4093 2487512 
4094 2487513 
4095 2487513 
4096 2487513 
4097 2487513 
4098 2487514 
4099 2487514 
4100 2487515 
4101 2487515 
4102 2487515 
4103 2487516 
4104 2487516 
4105 2487516 
4106 2487517 
4107 2487517 
4108 2487517 
4109 2487517 
4110 2487518 
4111 2487518 
4112 2487518 
4113 2487519 
4114 2487519 
4115 2487519 
4116 2487520 
4117 2487520 
4118 2487521 
4119 2487521 
4120 2487521 
4121 2487522 
4122 2487522 
4123 2487522 
4124 2487522 
4125 2487523 
4126 2487523 
4127 2487524 
4128 2487524 
4129 2487524 
4130 2487524 
4131 2487525 
4132 2487525 
4133 2487525 
4134 2487526 
4135 2487526 
4136 2487526 
4137 2487527 
4138 2487527 
4139 2487528 
4140 2487528 
4141 2487528 
4142 2487529 
4143 2487529 
4144 2487529 
4145 2487530 
4146 2487530 
4147 2487530 
4148 2487531 
4149 2487531 
4150 2487532 
4151 2487532 
4152 2487533 
4153 2487533 
4154 2487533 
4155 2487534 
4156 2487534 
4157 2487535 
4158 2487535 
4159 2487536 
4160 2487537 
4161 2487537 
4162 2487537 
4163 2487538 
4164 2487538 
4165 2487538 
4166 2487538 
4167 2487539 
4168 2487539 
4169 2487539 
4170 2487539 
4171 2487540 
4172 2487540 
4173 2487540 
4174 2487540 
4175 2487541 
4176 2487541 
4177 2487541 
4178 2487541 
4179 2487542 
4180 2487542 
4181 2487542 
4182 2487543 
4183 2487543 
4184 2487543 
4185 2487543 
4186 2487544 
4187 2487545 
4188 2487545 
4189 2487546 
4190 2487546 
4191 2487547 
4192 2487547 
4193 2487548 
4194 2487549 
4195 2487549 
4196 2487550 
4197 2487550 
4198 2487550 
4199 2487550 
4200 2487550 
4201 2487551 
4202 2487551 
4203 2487551 
4204 2487551 
4205 2487552 
4206 2487552 
4207 2487552 
4208 2487552 
4209 2487552 
4210 2487553 
4211 2487553 
4212 2487555 
4213 2487555 
4214 2487555 
4215 2487556 
4216 2487556 
4217 2487556 
4218 2487557 
4219 2487557 
4220 2487557 
4221 2487558 
4222 2487558 
4223 2487558 
4224 2487559 
4225 2487559 
4226 2487560 
4227 2487560 
4228 2487561 
4229 2487562 
4230 2487562 
4231 2487562 
4232 2487563 
4233 2487563 
4234 2487564 
4235 2487564 
4236 2487564 
4237 2487564 
4238 2487565 
4239 2487565 
4240 2487565 
4241 2487566 
4242 2487566 
4243 2487566 
4244 2487566 
4245 2487566 
4246 2487567 
4247 2487567 
4248 2487567 
4249 2487567 
4250 2487568 
4251 2487568 
4252 2487568 
4253 2487568 
4254 2487569 
4255 2487569 
4256 2487569 
4257 2487569 
4258 2487569 
4259 2487570 
4260 2487570 
4261 2487570 
4262 2487570 
4263 2487570 
4264 2487571 
4265 2487571 
4266 2487571 
4267 2487571 
4268 2487572 
4269 2487572 
4270 2487572 
4271 2487572 
4272 2487573 
4273 2487573 
4274 2487573 
4275 2487574 
4276 2487576 
4277 2487576 
4278 2487577 
4279 2487577 
4280 2487577 
4281 2487577 
4282 2487578 
4283 2487578 
4284 2487578 
4285 2487578 
4286 2487579 
4287 2487580 
4288 2487580 
4289 2487580 
4290 2487580 
4291 2487581 
4292 2487581 
4293 2487581 
4294 2487581 
4295 2487582 
4296 2487582 
4297 2487582 
4298 2487583 
4299 2487583 
4300 2487584 
4301 2487584 
4302 2487584 
4303 2487585 
4304 2487585 
4305 2487586 
4306 2487586 
4307 2487587 
4308 2487587 
4309 2487587 
4310 2487587 
4311 2487588 
4312 2487588 
4313 2487589 
4314 2487589 
4315 2487589 
4316 2487589 
4317 2487590 
4318 2487590 
4319 2487590 
4320 2487591 
4321 2487591 
4322 2487591 
4323 2487591 
4324 2487592 
4325 2487592 
4326 2487593 
4327 2487593 
4328 2487593 
4329 2487594 
4330 2487594 
4331 2487594 
4332 2487596 
4333 2487596 
4334 2487596 
4335 2487598 
4336 2487599 
4337 2487599 
4338 2487600 
