1 2786403 
2 2786403 
3 2786409 
4 2786416 
5 2786417 
6 2786423 
7 2786429 
8 2786429 
9 2786436 
10 2786438 
11 2786438 
12 2786438 
13 2786439 
14 2786446 
15 2786457 
16 2786463 
17 2786474 
18 2786478 
19 2786485 
20 2786487 
21 2786487 
22 2786488 
23 2786488 
24 2786488 
25 2786489 
26 2786489 
27 2786489 
28 2786490 
29 2786490 
30 2786490 
31 2786491 
32 2786491 
33 2786491 
34 2786492 
35 2786492 
36 2786492 
37 2786493 
38 2786493 
39 2786493 
40 2786494 
41 2786494 
42 2786501 
43 2786516 
44 2786519 
45 2786526 
46 2786530 
47 2786535 
48 2786537 
49 2786537 
50 2786537 
51 2786549 
52 2786552 
53 2786552 
54 2786552 
55 2786553 
56 2786553 
57 2786568 
58 2786572 
59 2786573 
60 2786583 
61 2786585 
62 2786586 
63 2786586 
64 2786587 
65 2786587 
66 2786587 
67 2786589 
68 2786590 
69 2786592 
70 2786593 
71 2786594 
72 2786599 
73 2786602 
74 2786602 
75 2786603 
76 2786603 
77 2786603 
78 2786608 
79 2786611 
80 2786613 
81 2786614 
82 2786616 
83 2786622 
84 2786626 
85 2786627 
86 2786627 
87 2786630 
88 2786632 
89 2786632 
90 2786634 
91 2786638 
92 2786638 
93 2786641 
94 2786643 
95 2786644 
96 2786645 
97 2786645 
98 2786646 
99 2786646 
100 2786646 
101 2786647 
102 2786647 
103 2786667 
104 2786668 
105 2786686 
106 2786693 
107 2786700 
108 2786700 
109 2786701 
110 2786701 
111 2786702 
112 2786702 
113 2786754 
114 2786779 
115 2786779 
116 2786780 
117 2786780 
118 2786781 
119 2786781 
120 2786781 
121 2786782 
122 2786795 
123 2786802 
124 2786812 
125 2786812 
126 2786817 
127 2786817 
128 2786822 
129 2786822 
130 2786829 
131 2786840 
132 2786840 
133 2786840 
134 2786841 
135 2786841 
136 2786841 
137 2786842 
138 2786842 
139 2786842 
140 2786842 
141 2786843 
142 2786858 
143 2786951 
144 2786961 
145 2786962 
146 2786971 
147 2787015 
148 2787015 
149 2787024 
150 2787024 
151 2787024 
152 2787028 
153 2787042 
154 2787050 
155 2787054 
156 2787055 
157 2787059 
158 2787061 
159 2787066 
160 2787066 
161 2787068 
162 2787080 
163 2787088 
164 2787092 
165 2787093 
166 2787094 
167 2787098 
168 2787099 
169 2787099 
170 2787099 
171 2787100 
172 2787102 
173 2787108 
174 2787109 
175 2787112 
176 2787112 
177 2787113 
178 2787114 
179 2787114 
180 2787115 
181 2787117 
182 2787118 
183 2787119 
184 2787120 
185 2787123 
186 2787123 
187 2787124 
188 2787124 
189 2787125 
190 2787126 
191 2787127 
192 2787131 
193 2787133 
194 2787133 
195 2787133 
196 2787133 
197 2787136 
198 2787140 
199 2787141 
200 2787144 
201 2787146 
202 2787146 
203 2787147 
204 2787149 
205 2787150 
206 2787153 
207 2787153 
208 2787160 
209 2787161 
210 2787178 
211 2787180 
212 2787184 
213 2787196 
214 2787215 
215 2787216 
216 2787216 
217 2787216 
218 2787216 
219 2787217 
220 2787217 
221 2787223 
222 2787229 
223 2787234 
224 2787244 
225 2787244 
226 2787245 
227 2787245 
228 2787245 
229 2787246 
230 2787246 
231 2787246 
232 2787247 
233 2787247 
234 2787247 
235 2787248 
236 2787248 
237 2787248 
238 2787253 
239 2787255 
240 2787257 
241 2787259 
242 2787261 
243 2787262 
244 2787265 
245 2787266 
246 2787268 
247 2787269 
248 2787273 
249 2787273 
250 2787274 
251 2787276 
252 2787276 
253 2787277 
254 2787279 
255 2787280 
256 2787280 
257 2787287 
258 2787293 
259 2787294 
260 2787294 
261 2787295 
262 2787295 
263 2787298 
264 2787299 
265 2787303 
266 2787307 
267 2787314 
268 2787317 
269 2787317 
270 2787344 
271 2787349 
272 2787349 
273 2787352 
274 2787353 
275 2787356 
276 2787358 
277 2787376 
278 2787378 
279 2787379 
280 2787380 
281 2787381 
282 2787381 
283 2787381 
284 2787382 
285 2787385 
286 2787386 
287 2787393 
288 2787397 
289 2787399 
290 2787402 
291 2787412 
292 2787412 
293 2787413 
294 2787413 
295 2787418 
296 2787423 
297 2787423 
298 2787428 
299 2787428 
300 2787430 
301 2787431 
302 2787433 
303 2787434 
304 2787434 
305 2787438 
306 2787438 
307 2787440 
308 2787442 
309 2787444 
310 2787444 
311 2787451 
312 2787451 
313 2787459 
314 2787462 
315 2787463 
316 2787465 
317 2787465 
318 2787467 
319 2787469 
320 2787481 
321 2787481 
322 2787481 
323 2787485 
324 2787497 
325 2787513 
326 2787516 
327 2787540 
328 2787545 
329 2787549 
330 2787549 
331 2787553 
332 2787553 
333 2787553 
334 2787554 
335 2787559 
336 2787560 
337 2787560 
338 2787560 
339 2787561 
340 2787561 
341 2787561 
342 2787562 
343 2787562 
344 2787567 
345 2787570 
346 2787577 
347 2787578 
348 2787579 
349 2787579 
350 2787580 
351 2787580 
352 2787580 
353 2787580 
354 2787581 
355 2787581 
356 2787581 
357 2787582 
358 2787582 
359 2787582 
360 2787583 
361 2787583 
362 2787584 
363 2787584 
364 2787585 
365 2787589 
366 2787589 
367 2787590 
368 2787590 
369 2787590 
370 2787591 
371 2787591 
372 2787591 
373 2787592 
374 2787592 
375 2787594 
376 2787597 
377 2787598 
378 2787598 
379 2787599 
380 2787599 
381 2787609 
382 2787613 
383 2787614 
384 2787614 
385 2787614 
386 2787614 
387 2787625 
388 2787625 
389 2787635 
390 2787635 
391 2787640 
392 2787645 
393 2787650 
394 2787652 
395 2787655 
396 2787662 
397 2787666 
398 2787667 
399 2787675 
400 2787675 
401 2787679 
402 2787681 
403 2787683 
404 2787686 
405 2787689 
406 2787692 
407 2787692 
408 2787692 
409 2787693 
410 2787693 
411 2787693 
412 2787694 
413 2787694 
414 2787694 
415 2787698 
416 2787698 
417 2787699 
418 2787699 
419 2787699 
420 2787700 
421 2787700 
422 2787700 
423 2787701 
424 2787701 
425 2787701 
426 2787702 
427 2787702 
428 2787702 
429 2787703 
430 2787703 
431 2787703 
432 2787704 
433 2787704 
434 2787705 
435 2787705 
436 2787705 
437 2787706 
438 2787707 
439 2787710 
440 2787710 
441 2787711 
442 2787711 
443 2787711 
444 2787712 
445 2787712 
446 2787713 
447 2787713 
448 2787713 
449 2787714 
450 2787714 
451 2787714 
452 2787715 
453 2787720 
454 2787723 
455 2787725 
456 2787727 
457 2787731 
458 2787734 
459 2787735 
460 2787736 
461 2787747 
462 2787751 
463 2787751 
464 2787752 
465 2787752 
466 2787752 
467 2787753 
468 2787753 
469 2787753 
470 2787754 
471 2787754 
472 2787754 
473 2787754 
474 2787755 
475 2787755 
476 2787759 
477 2787760 
478 2787762 
479 2787765 
480 2787769 
481 2787779 
482 2787885 
483 2787885 
484 2787887 
485 2787891 
486 2787891 
487 2787895 
488 2787895 
489 2787917 
490 2787920 
491 2787923 
492 2787925 
493 2787926 
494 2787928 
495 2787939 
496 2787942 
497 2787944 
498 2787946 
499 2787946 
500 2787947 
501 2787947 
502 2787947 
503 2787948 
504 2787948 
505 2787948 
506 2787949 
507 2787955 
508 2787998 
509 2788001 
510 2788009 
511 2788010 
512 2788012 
513 2788014 
514 2788024 
515 2788085 
516 2788100 
517 2788101 
518 2788103 
519 2788104 
520 2788107 
521 2788138 
522 2788181 
523 2788185 
524 2788187 
525 2788189 
526 2788304 
527 2788343 
528 2788362 
529 2788362 
530 2788383 
531 2788401 
532 2788402 
533 2788404 
534 2788404 
535 2788405 
536 2788405 
537 2788405 
538 2788405 
539 2788406 
540 2788406 
541 2788406 
542 2788407 
543 2788407 
544 2788408 
545 2788408 
546 2788409 
547 2788411 
548 2788419 
549 2788421 
550 2788423 
551 2788423 
552 2788423 
553 2788424 
554 2788424 
555 2788424 
556 2788533 
557 2788542 
558 2788546 
559 2788546 
560 2788547 
561 2788562 
562 2788563 
563 2788563 
564 2788571 
565 2788576 
566 2788582 
567 2788582 
568 2788594 
569 2788597 
570 2788597 
571 2788600 
572 2788602 
573 2788603 
574 2788604 
575 2788604 
576 2788604 
577 2788606 
578 2788616 
579 2788617 
580 2788617 
581 2788618 
582 2788618 
583 2788619 
584 2788619 
585 2788631 
586 2788633 
587 2788637 
588 2788640 
589 2788640 
590 2788666 
591 2788668 
592 2788691 
593 2788691 
594 2788692 
595 2788716 
596 2788716 
597 2788717 
598 2788727 
599 2788731 
600 2788738 
601 2788738 
602 2788739 
603 2788739 
604 2788739 
605 2788752 
606 2788754 
607 2788763 
608 2788765 
609 2788769 
610 2788773 
611 2788773 
612 2788800 
613 2788810 
614 2788810 
615 2788826 
616 2788829 
617 2788831 
618 2788833 
619 2788834 
620 2788837 
621 2788838 
622 2788841 
623 2788846 
624 2788847 
625 2788848 
626 2788850 
627 2788851 
628 2788856 
629 2788865 
630 2788891 
631 2788910 
632 2788914 
633 2788916 
634 2788917 
635 2788922 
636 2789034 
637 2789034 
638 2789035 
639 2789035 
640 2789039 
641 2789046 
642 2789046 
643 2789138 
644 2789192 
645 2789240 
646 2789242 
647 2789246 
648 2789246 
649 2789248 
650 2789254 
651 2789257 
652 2789260 
653 2789260 
654 2789260 
655 2789261 
656 2789265 
657 2789267 
658 2789267 
659 2789273 
660 2789326 
661 2789326 
662 2789327 
663 2789327 
664 2789327 
665 2789328 
666 2789328 
667 2789353 
668 2789385 
669 2789386 
670 2789390 
671 2789392 
672 2789396 
673 2789423 
674 2789423 
675 2789424 
676 2789429 
677 2789430 
678 2789430 
679 2789434 
680 2789435 
681 2789435 
682 2789439 
683 2789471 
684 2789477 
685 2789493 
686 2789494 
687 2789499 
688 2789516 
689 2789516 
690 2789516 
691 2789517 
692 2789517 
693 2789517 
694 2789518 
695 2789519 
696 2789519 
697 2789531 
698 2789537 
699 2789538 
700 2789538 
701 2789538 
702 2789538 
703 2789539 
704 2789541 
705 2789542 
706 2789542 
707 2789543 
708 2789546 
709 2789546 
710 2789546 
711 2789547 
712 2789547 
713 2789553 
714 2789557 
715 2789558 
716 2789558 
717 2789562 
718 2789562 
719 2789563 
720 2789576 
721 2789576 
722 2789576 
723 2789583 
724 2789593 
725 2789596 
726 2789596 
727 2789599 
728 2789602 
729 2789603 
730 2789603 
731 2789603 
732 2789603 
733 2789606 
734 2789611 
735 2789611 
736 2789616 
737 2789617 
738 2789621 
739 2789622 
740 2789627 
741 2789627 
742 2789628 
743 2789628 
744 2789639 
745 2789639 
746 2789640 
747 2789640 
748 2789641 
749 2789641 
750 2789641 
751 2789642 
752 2789645 
753 2789645 
754 2789648 
755 2789649 
756 2789649 
757 2789649 
758 2789650 
759 2789653 
760 2789653 
761 2789654 
762 2789654 
763 2789654 
764 2789655 
765 2789655 
766 2789655 
767 2789656 
768 2789656 
769 2789657 
770 2789657 
771 2789657 
772 2789658 
773 2789658 
774 2789659 
775 2789659 
776 2789659 
777 2789660 
778 2789660 
779 2789663 
780 2789663 
781 2789664 
782 2789664 
783 2789664 
784 2789664 
785 2789665 
786 2789665 
787 2789665 
788 2789666 
789 2789667 
790 2789667 
791 2789668 
792 2789668 
793 2789668 
794 2789669 
795 2789669 
796 2789670 
797 2789672 
798 2789672 
799 2789673 
800 2789673 
801 2789673 
802 2789678 
803 2789678 
804 2789679 
805 2789679 
806 2789679 
807 2789679 
808 2789680 
809 2789680 
810 2789680 
811 2789680 
812 2789681 
813 2789681 
814 2789681 
815 2789681 
816 2789682 
817 2789682 
818 2789683 
819 2789683 
820 2789683 
821 2789684 
822 2789684 
823 2789684 
824 2789685 
825 2789686 
826 2789688 
827 2789688 
828 2789689 
829 2789689 
830 2789689 
831 2789690 
832 2789709 
833 2789709 
834 2789709 
835 2789721 
836 2789722 
837 2789729 
838 2789729 
839 2789736 
840 2789736 
841 2789737 
842 2789737 
843 2789737 
844 2789738 
845 2789746 
846 2789764 
847 2789767 
848 2789792 
849 2789796 
850 2789801 
851 2789805 
852 2789809 
853 2789810 
854 2789836 
855 2789838 
856 2789840 
857 2789840 
858 2789843 
859 2789844 
860 2789845 
861 2789846 
862 2789847 
863 2789848 
864 2789848 
865 2789849 
866 2789849 
867 2789850 
868 2789850 
869 2789852 
870 2789852 
871 2789854 
872 2789874 
873 2789874 
874 2789875 
875 2789875 
876 2789875 
877 2789876 
878 2789876 
879 2789876 
880 2789876 
881 2789876 
882 2789877 
883 2789877 
884 2789877 
885 2789878 
886 2789878 
887 2789878 
888 2789879 
889 2789880 
890 2789880 
891 2789890 
892 2789899 
893 2789899 
894 2789899 
895 2789900 
896 2789900 
897 2789900 
898 2789901 
899 2789901 
900 2789901 
901 2789902 
902 2789902 
903 2789902 
904 2789904 
905 2789925 
906 2789932 
907 2789933 
908 2789933 
909 2789943 
910 2789947 
911 2789947 
912 2789951 
913 2789952 
914 2789952 
915 2789954 
916 2789957 
917 2789959 
918 2789962 
919 2789962 
920 2789962 
921 2789971 
922 2789971 
923 2789971 
924 2789972 
925 2789972 
926 2789973 
927 2789973 
928 2789973 
929 2789974 
930 2789975 
931 2789975 
932 2789977 
933 2789978 
934 2789981 
935 2789984 
936 2789985 
937 2789985 
938 2789996 
939 2789998 
