1 2534400 
2 2534400 
3 2534401 
4 2534401 
5 2534402 
6 2534402 
7 2534403 
8 2534403 
9 2534404 
10 2534404 
11 2534408 
12 2534408 
13 2534409 
14 2534409 
15 2534409 
16 2534417 
17 2534427 
18 2534445 
19 2534446 
20 2534446 
21 2534461 
22 2534532 
23 2534532 
24 2534547 
25 2534563 
26 2534577 
27 2534577 
28 2534577 
29 2534578 
30 2534578 
31 2534578 
32 2534579 
33 2534579 
34 2534579 
35 2534580 
36 2534580 
37 2534580 
38 2534581 
39 2534581 
40 2534582 
41 2534582 
42 2534582 
43 2534583 
44 2534583 
45 2534583 
46 2534584 
47 2534584 
48 2534585 
49 2534585 
50 2534586 
51 2534586 
52 2534587 
53 2534587 
54 2534587 
55 2534588 
56 2534588 
57 2534589 
58 2534589 
59 2534590 
60 2534590 
61 2534590 
62 2534591 
63 2534591 
64 2534592 
65 2534593 
66 2534593 
67 2534594 
68 2534594 
69 2534594 
70 2534596 
71 2534596 
72 2534597 
73 2534598 
74 2534599 
75 2534599 
76 2534599 
77 2534600 
78 2534600 
79 2534601 
80 2534601 
81 2534601 
82 2534602 
83 2534602 
84 2534603 
85 2534603 
86 2534603 
87 2534604 
88 2534604 
89 2534604 
90 2534605 
91 2534605 
92 2534605 
93 2534606 
94 2534606 
95 2534607 
96 2534607 
97 2534607 
98 2534608 
99 2534608 
100 2534608 
101 2534609 
102 2534609 
103 2534609 
104 2534610 
105 2534610 
106 2534611 
107 2534611 
108 2534612 
109 2534612 
110 2534613 
111 2534613 
112 2534614 
113 2534614 
114 2534614 
115 2534614 
116 2534615 
117 2534616 
118 2534616 
119 2534617 
120 2534617 
121 2534618 
122 2534619 
123 2534619 
124 2534619 
125 2534626 
126 2534626 
127 2534626 
128 2534654 
129 2534659 
130 2534670 
131 2534678 
132 2534678 
133 2534680 
134 2534702 
135 2534702 
136 2534708 
137 2534711 
138 2534735 
139 2534737 
140 2534743 
141 2534750 
142 2534753 
143 2534795 
144 2534795 
145 2534795 
146 2534796 
147 2534796 
148 2534796 
149 2534797 
150 2534797 
151 2534797 
152 2534798 
153 2534798 
154 2534799 
155 2534799 
156 2534800 
157 2534805 
158 2534806 
159 2534822 
160 2534890 
161 2534953 
162 2534953 
163 2534954 
164 2534954 
165 2534955 
166 2534955 
167 2534955 
168 2534956 
169 2534957 
170 2534957 
171 2534957 
172 2534958 
173 2534964 
174 2534965 
175 2534965 
176 2534965 
177 2534966 
178 2534967 
179 2534967 
180 2534968 
181 2534968 
182 2534969 
183 2534969 
184 2534970 
185 2534971 
186 2534972 
187 2534972 
188 2534973 
189 2534973 
190 2534974 
191 2534974 
192 2534975 
193 2534975 
194 2534975 
195 2534976 
196 2534977 
197 2534977 
198 2534978 
199 2534978 
200 2534978 
201 2534979 
202 2534979 
203 2534980 
204 2534980 
205 2534980 
206 2534981 
207 2534981 
208 2534982 
209 2534982 
210 2534982 
211 2534985 
212 2534986 
213 2534986 
214 2534987 
215 2534987 
216 2534992 
217 2534992 
218 2534994 
219 2534995 
220 2534999 
221 2535005 
222 2535006 
223 2535007 
224 2535007 
225 2535008 
226 2535008 
227 2535008 
228 2535009 
229 2535009 
230 2535010 
231 2535010 
232 2535010 
233 2535011 
234 2535011 
235 2535011 
236 2535012 
237 2535012 
238 2535013 
239 2535013 
240 2535014 
241 2535016 
242 2535016 
243 2535017 
244 2535017 
245 2535018 
246 2535018 
247 2535019 
248 2535023 
249 2535030 
250 2535030 
251 2535031 
252 2535031 
253 2535031 
254 2535032 
255 2535032 
256 2535033 
257 2535035 
258 2535036 
259 2535037 
260 2535041 
261 2535042 
262 2535043 
263 2535043 
264 2535043 
265 2535044 
266 2535044 
267 2535045 
268 2535045 
269 2535045 
270 2535046 
271 2535047 
272 2535047 
273 2535048 
274 2535048 
275 2535049 
276 2535051 
277 2535051 
278 2535051 
279 2535052 
280 2535053 
281 2535053 
282 2535054 
283 2535054 
284 2535054 
285 2535055 
286 2535055 
287 2535056 
288 2535056 
289 2535057 
290 2535057 
291 2535057 
292 2535058 
293 2535058 
294 2535058 
295 2535059 
296 2535061 
297 2535066 
298 2535066 
299 2535067 
300 2535067 
301 2535067 
302 2535068 
303 2535068 
304 2535069 
305 2535069 
306 2535069 
307 2535070 
308 2535070 
309 2535071 
310 2535071 
311 2535072 
312 2535072 
313 2535073 
314 2535073 
315 2535073 
316 2535074 
317 2535074 
318 2535075 
319 2535075 
320 2535075 
321 2535076 
322 2535078 
323 2535082 
324 2535082 
325 2535082 
326 2535083 
327 2535083 
328 2535083 
329 2535084 
330 2535084 
331 2535085 
332 2535085 
333 2535085 
334 2535086 
335 2535086 
336 2535089 
337 2535089 
338 2535090 
339 2535091 
340 2535091 
341 2535092 
342 2535097 
343 2535098 
344 2535098 
345 2535098 
346 2535099 
347 2535099 
348 2535100 
349 2535100 
350 2535101 
351 2535101 
352 2535101 
353 2535102 
354 2535102 
355 2535103 
356 2535103 
357 2535103 
358 2535104 
359 2535104 
360 2535105 
361 2535105 
362 2535106 
363 2535107 
364 2535108 
365 2535108 
366 2535109 
367 2535110 
368 2535115 
369 2535116 
370 2535116 
371 2535116 
372 2535117 
373 2535117 
374 2535118 
375 2535118 
376 2535118 
377 2535118 
378 2535119 
379 2535119 
380 2535120 
381 2535120 
382 2535120 
383 2535121 
384 2535121 
385 2535153 
386 2535162 
387 2535162 
388 2535163 
389 2535174 
390 2535187 
391 2535187 
392 2535188 
393 2535188 
394 2535192 
395 2535192 
396 2535193 
397 2535193 
398 2535193 
399 2535197 
400 2535198 
401 2535200 
402 2535200 
403 2535201 
404 2535201 
405 2535203 
406 2535204 
407 2535204 
408 2535205 
409 2535205 
410 2535208 
411 2535211 
412 2535214 
413 2535219 
414 2535220 
415 2535220 
416 2535220 
417 2535221 
418 2535221 
419 2535222 
420 2535227 
421 2535227 
422 2535234 
423 2535234 
424 2535237 
425 2535237 
426 2535243 
427 2535244 
428 2535244 
429 2535245 
430 2535246 
431 2535246 
432 2535255 
433 2535258 
434 2535259 
435 2535259 
436 2535262 
437 2535262 
438 2535263 
439 2535263 
440 2535263 
441 2535264 
442 2535264 
443 2535264 
444 2535265 
445 2535265 
446 2535265 
447 2535266 
448 2535266 
449 2535266 
450 2535267 
451 2535267 
452 2535267 
453 2535268 
454 2535268 
455 2535271 
456 2535272 
457 2535272 
458 2535272 
459 2535273 
460 2535273 
461 2535274 
462 2535274 
463 2535275 
464 2535276 
465 2535277 
466 2535280 
467 2535281 
468 2535281 
469 2535281 
470 2535282 
471 2535282 
472 2535283 
473 2535283 
474 2535283 
475 2535284 
476 2535284 
477 2535284 
478 2535285 
479 2535285 
480 2535286 
481 2535287 
482 2535290 
483 2535291 
484 2535291 
485 2535292 
486 2535292 
487 2535293 
488 2535293 
489 2535293 
490 2535294 
491 2535294 
492 2535294 
493 2535295 
494 2535295 
495 2535296 
496 2535296 
497 2535298 
498 2535299 
499 2535302 
500 2535303 
501 2535304 
502 2535305 
503 2535305 
504 2535308 
505 2535313 
506 2535313 
507 2535314 
508 2535314 
509 2535327 
510 2535328 
511 2535328 
512 2535328 
513 2535329 
514 2535329 
515 2535330 
516 2535330 
517 2535330 
518 2535331 
519 2535331 
520 2535331 
521 2535332 
522 2535332 
523 2535332 
524 2535333 
525 2535333 
526 2535334 
527 2535334 
528 2535334 
529 2535335 
530 2535335 
531 2535335 
532 2535336 
533 2535336 
534 2535336 
535 2535337 
536 2535337 
537 2535337 
538 2535338 
539 2535338 
540 2535339 
541 2535341 
542 2535341 
543 2535342 
544 2535345 
545 2535360 
546 2535361 
547 2535371 
548 2535380 
549 2535385 
550 2535401 
551 2535401 
552 2535402 
553 2535402 
554 2535403 
555 2535403 
556 2535403 
557 2535404 
558 2535404 
559 2535404 
560 2535405 
561 2535405 
562 2535406 
563 2535406 
564 2535406 
565 2535407 
566 2535407 
567 2535408 
568 2535410 
569 2535413 
570 2535413 
571 2535414 
572 2535414 
573 2535415 
574 2535415 
575 2535415 
576 2535416 
577 2535416 
578 2535417 
579 2535423 
580 2535423 
581 2535424 
582 2535424 
583 2535424 
584 2535425 
585 2535425 
586 2535425 
587 2535425 
588 2535426 
589 2535426 
590 2535426 
591 2535426 
592 2535427 
593 2535428 
594 2535428 
595 2535430 
596 2535431 
597 2535432 
598 2535432 
599 2535432 
600 2535433 
601 2535433 
602 2535434 
603 2535434 
604 2535434 
605 2535435 
606 2535435 
607 2535435 
608 2535436 
609 2535436 
610 2535436 
611 2535437 
612 2535437 
613 2535437 
614 2535438 
615 2535438 
616 2535438 
617 2535438 
618 2535439 
619 2535439 
620 2535440 
621 2535440 
622 2535440 
623 2535441 
624 2535441 
625 2535441 
626 2535442 
627 2535442 
628 2535442 
629 2535443 
630 2535443 
631 2535443 
632 2535444 
633 2535444 
634 2535444 
635 2535445 
636 2535445 
637 2535446 
638 2535446 
639 2535446 
640 2535447 
641 2535447 
642 2535447 
643 2535448 
644 2535448 
645 2535448 
646 2535449 
647 2535449 
648 2535449 
649 2535450 
650 2535450 
651 2535450 
652 2535451 
653 2535451 
654 2535451 
655 2535452 
656 2535452 
657 2535452 
658 2535453 
659 2535453 
660 2535454 
661 2535454 
662 2535454 
663 2535455 
664 2535455 
665 2535455 
666 2535455 
667 2535456 
668 2535456 
669 2535457 
670 2535484 
671 2535484 
672 2535485 
673 2535485 
674 2535486 
675 2535489 
676 2535489 
677 2535489 
678 2535490 
679 2535490 
680 2535491 
681 2535491 
682 2535491 
683 2535492 
684 2535492 
685 2535493 
686 2535493 
687 2535493 
688 2535494 
689 2535495 
690 2535496 
691 2535497 
692 2535497 
693 2535498 
694 2535498 
695 2535498 
696 2535499 
697 2535499 
698 2535499 
699 2535500 
700 2535500 
701 2535500 
702 2535501 
703 2535501 
704 2535501 
705 2535502 
706 2535502 
707 2535502 
708 2535503 
709 2535503 
710 2535503 
711 2535504 
712 2535504 
713 2535505 
714 2535505 
715 2535506 
716 2535506 
717 2535507 
718 2535514 
719 2535514 
720 2535515 
721 2535515 
722 2535518 
723 2535518 
724 2535519 
725 2535520 
726 2535520 
727 2535521 
728 2535521 
729 2535522 
730 2535522 
731 2535523 
732 2535523 
733 2535524 
734 2535525 
735 2535525 
736 2535525 
737 2535526 
738 2535527 
739 2535527 
740 2535528 
741 2535528 
742 2535529 
743 2535529 
744 2535530 
745 2535530 
746 2535531 
747 2535531 
748 2535532 
749 2535532 
750 2535534 
751 2535535 
752 2535535 
753 2535536 
754 2535537 
755 2535538 
756 2535538 
757 2535539 
758 2535539 
759 2535540 
760 2535540 
761 2535541 
762 2535541 
763 2535541 
764 2535542 
765 2535542 
766 2535542 
767 2535542 
768 2535543 
769 2535543 
770 2535544 
771 2535544 
772 2535544 
773 2535544 
774 2535545 
775 2535545 
776 2535546 
777 2535546 
778 2535546 
779 2535547 
780 2535547 
781 2535547 
782 2535548 
783 2535548 
784 2535548 
785 2535549 
786 2535549 
787 2535550 
788 2535550 
789 2535551 
790 2535551 
791 2535551 
792 2535561 
793 2535561 
794 2535561 
795 2535562 
796 2535563 
797 2535563 
798 2535564 
799 2535567 
800 2535570 
801 2535574 
802 2535576 
803 2535581 
804 2535584 
805 2535585 
806 2535585 
807 2535587 
808 2535590 
809 2535591 
810 2535594 
811 2535595 
812 2535604 
813 2535606 
814 2535606 
815 2535610 
816 2535611 
817 2535611 
818 2535611 
819 2535612 
820 2535612 
821 2535613 
822 2535613 
823 2535627 
824 2535629 
825 2535630 
826 2535632 
827 2535633 
828 2535635 
829 2535650 
830 2535652 
831 2535656 
832 2535665 
833 2535665 
834 2535671 
835 2535676 
836 2535683 
837 2535683 
838 2535683 
839 2535686 
840 2535688 
841 2535688 
842 2535707 
843 2535709 
844 2535709 
845 2535710 
846 2535710 
847 2535710 
848 2535711 
849 2535711 
850 2535711 
851 2535711 
852 2535712 
853 2535716 
854 2535728 
855 2535728 
856 2535728 
857 2535729 
858 2535729 
859 2535740 
860 2535745 
861 2535745 
862 2535755 
863 2535760 
864 2535760 
865 2535761 
866 2535761 
867 2535761 
868 2535761 
869 2535762 
870 2535762 
871 2535763 
872 2535763 
873 2535764 
874 2535764 
875 2535764 
876 2535765 
877 2535765 
878 2535766 
879 2535766 
880 2535766 
881 2535766 
882 2535767 
883 2535767 
884 2535767 
885 2535767 
886 2535768 
887 2535768 
888 2535768 
889 2535768 
890 2535769 
891 2535769 
892 2535778 
893 2535780 
894 2535781 
895 2535783 
896 2535783 
897 2535783 
898 2535784 
899 2535784 
900 2535784 
901 2535785 
902 2535789 
903 2535790 
904 2535796 
905 2535797 
906 2535804 
907 2535811 
908 2535815 
909 2535816 
910 2535821 
911 2535821 
912 2535825 
913 2535826 
914 2535826 
915 2535826 
916 2535827 
917 2535827 
918 2535828 
919 2535828 
920 2535828 
921 2535829 
922 2535829 
923 2535829 
924 2535830 
925 2535830 
926 2535830 
927 2535831 
928 2535831 
929 2535832 
930 2535832 
931 2535832 
932 2535833 
933 2535833 
934 2535833 
935 2535834 
936 2535834 
937 2535835 
938 2535835 
939 2535837 
940 2535837 
941 2535837 
942 2535838 
943 2535838 
944 2535838 
945 2535838 
946 2535838 
947 2535839 
948 2535839 
949 2535840 
950 2535840 
951 2535840 
952 2535840 
953 2535841 
954 2535841 
955 2535841 
956 2535842 
957 2535842 
958 2535842 
959 2535842 
960 2535843 
961 2535843 
962 2535843 
963 2535843 
964 2535843 
965 2535844 
966 2535844 
967 2535844 
968 2535844 
969 2535844 
970 2535844 
971 2535845 
972 2535845 
973 2535845 
974 2535845 
975 2535846 
976 2535846 
977 2535846 
978 2535846 
979 2535846 
980 2535846 
981 2535847 
982 2535847 
983 2535847 
984 2535847 
985 2535847 
986 2535847 
987 2535848 
988 2535848 
989 2535848 
990 2535848 
991 2535848 
992 2535848 
993 2535849 
994 2535849 
995 2535849 
996 2535849 
997 2535850 
998 2535850 
999 2535850 
1000 2535851 
1001 2535851 
1002 2535851 
1003 2535852 
1004 2535852 
1005 2535852 
1006 2535853 
1007 2535853 
1008 2535853 
1009 2535854 
1010 2535854 
1011 2535854 
1012 2535855 
1013 2535855 
1014 2535855 
1015 2535856 
1016 2535856 
1017 2535856 
1018 2535857 
1019 2535857 
1020 2535857 
1021 2535857 
1022 2535858 
1023 2535858 
1024 2535858 
1025 2535859 
1026 2535859 
1027 2535859 
1028 2535859 
1029 2535859 
1030 2535860 
1031 2535860 
1032 2535860 
1033 2535860 
1034 2535860 
1035 2535861 
1036 2535861 
1037 2535861 
1038 2535862 
1039 2535862 
1040 2535862 
1041 2535862 
1042 2535862 
1043 2535863 
1044 2535863 
1045 2535863 
1046 2535864 
1047 2535864 
1048 2535864 
1049 2535864 
1050 2535865 
1051 2535865 
1052 2535866 
1053 2535866 
1054 2535866 
1055 2535866 
1056 2535866 
1057 2535867 
1058 2535867 
1059 2535867 
1060 2535867 
1061 2535868 
1062 2535868 
1063 2535868 
1064 2535868 
1065 2535869 
1066 2535869 
1067 2535869 
1068 2535869 
1069 2535869 
1070 2535870 
1071 2535870 
1072 2535870 
1073 2535870 
1074 2535871 
1075 2535871 
1076 2535871 
1077 2535871 
1078 2535872 
1079 2535872 
1080 2535872 
1081 2535872 
1082 2535873 
1083 2535873 
1084 2535873 
1085 2535873 
1086 2535873 
1087 2535874 
1088 2535874 
1089 2535874 
1090 2535874 
1091 2535874 
1092 2535875 
1093 2535875 
1094 2535875 
1095 2535876 
1096 2535876 
1097 2535876 
1098 2535877 
1099 2535877 
1100 2535877 
1101 2535877 
1102 2535878 
1103 2535878 
1104 2535878 
1105 2535878 
1106 2535879 
1107 2535879 
1108 2535879 
1109 2535879 
1110 2535880 
1111 2535880 
1112 2535880 
1113 2535880 
1114 2535881 
1115 2535881 
1116 2535881 
1117 2535881 
1118 2535882 
1119 2535882 
1120 2535882 
1121 2535882 
1122 2535883 
1123 2535883 
1124 2535883 
1125 2535883 
1126 2535884 
1127 2535884 
1128 2535884 
1129 2535884 
1130 2535884 
1131 2535885 
1132 2535885 
1133 2535885 
1134 2535885 
1135 2535886 
1136 2535886 
1137 2535886 
1138 2535886 
1139 2535887 
1140 2535887 
1141 2535887 
1142 2535887 
1143 2535888 
1144 2535888 
1145 2535888 
1146 2535888 
1147 2535888 
1148 2535889 
1149 2535889 
1150 2535889 
1151 2535889 
1152 2535890 
1153 2535890 
1154 2535890 
1155 2535890 
1156 2535890 
1157 2535891 
1158 2535891 
1159 2535891 
1160 2535891 
1161 2535892 
1162 2535892 
1163 2535892 
1164 2535892 
1165 2535893 
1166 2535893 
1167 2535893 
1168 2535893 
1169 2535893 
1170 2535894 
1171 2535894 
1172 2535894 
1173 2535894 
1174 2535895 
1175 2535895 
1176 2535895 
1177 2535895 
1178 2535896 
1179 2535896 
1180 2535896 
1181 2535897 
1182 2535897 
1183 2535897 
1184 2535898 
1185 2535898 
1186 2535898 
1187 2535899 
1188 2535899 
1189 2535899 
1190 2535899 
1191 2535900 
1192 2535900 
1193 2535900 
1194 2535901 
1195 2535901 
1196 2535901 
1197 2535902 
1198 2535902 
1199 2535902 
1200 2535903 
1201 2535903 
1202 2535903 
1203 2535903 
1204 2535904 
1205 2535904 
1206 2535904 
1207 2535905 
1208 2535905 
1209 2535905 
1210 2535906 
1211 2535906 
1212 2535906 
1213 2535907 
1214 2535907 
1215 2535907 
1216 2535908 
1217 2535908 
1218 2535908 
1219 2535909 
1220 2535909 
1221 2535909 
1222 2535910 
1223 2535910 
1224 2535910 
1225 2535911 
1226 2535911 
1227 2535911 
1228 2535912 
1229 2535912 
1230 2535914 
1231 2535920 
1232 2535924 
1233 2535926 
1234 2535926 
1235 2535931 
1236 2535931 
1237 2535932 
1238 2535932 
1239 2535932 
1240 2535933 
1241 2535933 
1242 2535933 
1243 2535934 
1244 2535934 
1245 2535934 
1246 2535935 
1247 2535936 
1248 2535936 
1249 2535936 
1250 2535937 
1251 2535937 
1252 2535947 
1253 2535947 
1254 2535954 
1255 2535957 
1256 2535957 
1257 2535958 
1258 2535959 
1259 2535962 
1260 2535967 
1261 2535971 
1262 2535971 
1263 2535972 
1264 2535972 
1265 2535973 
1266 2535973 
1267 2535973 
1268 2535973 
1269 2535974 
1270 2535975 
1271 2535976 
1272 2535976 
1273 2535976 
1274 2535977 
1275 2535977 
1276 2535977 
1277 2535978 
1278 2535978 
1279 2535978 
1280 2535979 
1281 2535979 
1282 2535980 
1283 2535980 
1284 2535980 
1285 2535981 
1286 2535981 
1287 2535981 
1288 2535982 
1289 2535982 
1290 2535982 
1291 2535983 
1292 2535983 
1293 2535983 
1294 2535984 
1295 2535985 
1296 2535987 
1297 2535987 
1298 2535990 
1299 2535990 
1300 2535991 
1301 2535992 
1302 2535993 
1303 2535997 
1304 2535997 
1305 2535998 
1306 2535999 
1307 2535999 
1308 2535999 
1309 2536003 
1310 2536005 
1311 2536009 
1312 2536009 
1313 2536009 
1314 2536013 
1315 2536013 
1316 2536016 
1317 2536017 
1318 2536017 
1319 2536018 
1320 2536018 
1321 2536022 
1322 2536022 
1323 2536023 
1324 2536028 
1325 2536033 
1326 2536042 
1327 2536058 
1328 2536060 
1329 2536060 
1330 2536061 
1331 2536061 
1332 2536061 
1333 2536061 
1334 2536062 
1335 2536062 
1336 2536064 
1337 2536064 
1338 2536065 
1339 2536069 
1340 2536069 
1341 2536069 
1342 2536079 
1343 2536083 
1344 2536083 
1345 2536085 
1346 2536085 
1347 2536085 
1348 2536093 
1349 2536099 
1350 2536099 
1351 2536102 
1352 2536108 
1353 2536109 
1354 2536110 
1355 2536111 
1356 2536129 
1357 2536132 
1358 2536132 
1359 2536136 
1360 2536139 
1361 2536140 
1362 2536143 
1363 2536143 
1364 2536143 
1365 2536149 
1366 2536150 
1367 2536150 
1368 2536150 
1369 2536151 
1370 2536151 
1371 2536151 
1372 2536151 
1373 2536152 
1374 2536152 
1375 2536152 
1376 2536152 
1377 2536153 
1378 2536153 
1379 2536153 
1380 2536153 
1381 2536154 
1382 2536154 
1383 2536155 
1384 2536155 
1385 2536155 
1386 2536156 
1387 2536156 
1388 2536156 
1389 2536157 
1390 2536157 
1391 2536157 
1392 2536158 
1393 2536158 
1394 2536159 
1395 2536159 
1396 2536159 
1397 2536160 
1398 2536160 
1399 2536160 
1400 2536161 
1401 2536161 
1402 2536162 
1403 2536162 
1404 2536162 
1405 2536163 
1406 2536163 
1407 2536164 
1408 2536164 
1409 2536164 
1410 2536165 
1411 2536165 
1412 2536165 
1413 2536166 
1414 2536166 
1415 2536166 
1416 2536167 
1417 2536167 
1418 2536167 
1419 2536169 
1420 2536170 
1421 2536171 
1422 2536172 
1423 2536172 
1424 2536172 
1425 2536172 
1426 2536173 
1427 2536175 
1428 2536175 
1429 2536178 
1430 2536182 
1431 2536183 
1432 2536183 
1433 2536183 
1434 2536183 
1435 2536184 
1436 2536184 
1437 2536184 
1438 2536191 
1439 2536191 
1440 2536200 
1441 2536203 
1442 2536205 
1443 2536205 
1444 2536211 
1445 2536212 
1446 2536212 
1447 2536213 
1448 2536213 
1449 2536213 
1450 2536214 
1451 2536214 
1452 2536214 
1453 2536215 
1454 2536215 
1455 2536218 
1456 2536219 
1457 2536219 
1458 2536219 
1459 2536220 
1460 2536220 
1461 2536220 
1462 2536221 
1463 2536221 
1464 2536221 
1465 2536221 
1466 2536221 
1467 2536222 
1468 2536222 
1469 2536222 
1470 2536223 
1471 2536223 
1472 2536224 
1473 2536224 
1474 2536225 
1475 2536225 
1476 2536226 
1477 2536228 
1478 2536229 
1479 2536229 
1480 2536229 
1481 2536230 
1482 2536230 
1483 2536232 
1484 2536232 
1485 2536233 
1486 2536233 
1487 2536234 
1488 2536234 
1489 2536235 
1490 2536235 
1491 2536236 
1492 2536238 
1493 2536242 
1494 2536242 
1495 2536243 
1496 2536243 
1497 2536243 
1498 2536244 
1499 2536244 
1500 2536249 
1501 2536250 
1502 2536250 
1503 2536251 
1504 2536252 
1505 2536252 
1506 2536253 
1507 2536256 
1508 2536256 
1509 2536256 
1510 2536256 
1511 2536257 
1512 2536257 
1513 2536258 
1514 2536258 
1515 2536259 
1516 2536259 
1517 2536260 
1518 2536263 
1519 2536264 
1520 2536264 
1521 2536264 
1522 2536265 
1523 2536265 
1524 2536266 
1525 2536266 
1526 2536266 
1527 2536267 
1528 2536267 
1529 2536267 
1530 2536268 
1531 2536268 
1532 2536268 
1533 2536269 
1534 2536269 
1535 2536270 
1536 2536273 
1537 2536277 
1538 2536278 
1539 2536278 
1540 2536278 
1541 2536280 
1542 2536280 
1543 2536281 
1544 2536282 
1545 2536282 
1546 2536283 
1547 2536283 
1548 2536284 
1549 2536284 
1550 2536284 
1551 2536286 
1552 2536288 
1553 2536288 
1554 2536289 
1555 2536289 
1556 2536290 
1557 2536290 
1558 2536291 
1559 2536291 
1560 2536291 
1561 2536293 
1562 2536294 
1563 2536294 
1564 2536295 
1565 2536297 
1566 2536300 
1567 2536301 
1568 2536301 
1569 2536301 
1570 2536302 
1571 2536302 
1572 2536303 
1573 2536303 
1574 2536303 
1575 2536307 
1576 2536308 
1577 2536308 
1578 2536309 
1579 2536309 
1580 2536310 
1581 2536313 
1582 2536314 
1583 2536316 
1584 2536316 
1585 2536317 
1586 2536320 
1587 2536320 
1588 2536321 
1589 2536321 
1590 2536321 
1591 2536326 
1592 2536326 
1593 2536327 
1594 2536328 
1595 2536328 
1596 2536328 
1597 2536329 
1598 2536329 
1599 2536329 
1600 2536330 
1601 2536330 
1602 2536331 
1603 2536331 
1604 2536332 
1605 2536332 
1606 2536332 
1607 2536333 
1608 2536333 
1609 2536334 
1610 2536334 
1611 2536334 
1612 2536335 
1613 2536337 
1614 2536339 
1615 2536339 
1616 2536341 
1617 2536342 
1618 2536342 
1619 2536344 
1620 2536348 
1621 2536348 
1622 2536349 
1623 2536350 
1624 2536350 
1625 2536350 
1626 2536351 
1627 2536351 
1628 2536352 
1629 2536352 
1630 2536352 
1631 2536353 
1632 2536353 
1633 2536354 
1634 2536354 
1635 2536355 
1636 2536355 
1637 2536359 
1638 2536359 
1639 2536362 
1640 2536362 
1641 2536365 
1642 2536365 
1643 2536366 
1644 2536372 
1645 2536372 
1646 2536372 
1647 2536385 
1648 2536395 
1649 2536396 
1650 2536396 
1651 2536397 
1652 2536397 
1653 2536397 
1654 2536398 
1655 2536398 
1656 2536399 
1657 2536399 
1658 2536399 
1659 2536400 
1660 2536400 
1661 2536401 
1662 2536401 
1663 2536401 
1664 2536402 
1665 2536402 
1666 2536407 
1667 2536409 
1668 2536410 
1669 2536411 
1670 2536441 
1671 2536442 
1672 2536443 
1673 2536443 
1674 2536444 
1675 2536450 
1676 2536451 
1677 2536452 
1678 2536453 
1679 2536453 
1680 2536454 
1681 2536455 
1682 2536456 
1683 2536456 
1684 2536457 
1685 2536457 
1686 2536458 
1687 2536464 
1688 2536465 
1689 2536468 
1690 2536469 
1691 2536471 
1692 2536473 
1693 2536476 
1694 2536477 
1695 2536477 
1696 2536478 
1697 2536478 
1698 2536479 
1699 2536485 
1700 2536485 
1701 2536485 
1702 2536486 
1703 2536486 
1704 2536497 
1705 2536500 
1706 2536500 
1707 2536501 
1708 2536501 
1709 2536501 
1710 2536502 
1711 2536502 
1712 2536502 
1713 2536503 
1714 2536503 
1715 2536503 
1716 2536504 
1717 2536504 
1718 2536504 
1719 2536504 
1720 2536505 
1721 2536505 
1722 2536506 
1723 2536507 
1724 2536507 
1725 2536507 
1726 2536508 
1727 2536511 
1728 2536512 
1729 2536512 
1730 2536512 
1731 2536513 
1732 2536517 
1733 2536518 
1734 2536518 
1735 2536520 
1736 2536520 
1737 2536520 
1738 2536521 
1739 2536521 
1740 2536521 
1741 2536522 
1742 2536522 
1743 2536523 
1744 2536523 
1745 2536524 
1746 2536525 
1747 2536525 
1748 2536526 
1749 2536526 
1750 2536527 
1751 2536527 
1752 2536528 
1753 2536528 
1754 2536528 
1755 2536529 
1756 2536529 
1757 2536530 
1758 2536530 
1759 2536530 
1760 2536531 
1761 2536531 
1762 2536532 
1763 2536533 
1764 2536533 
1765 2536533 
1766 2536534 
1767 2536534 
1768 2536534 
1769 2536557 
1770 2536566 
1771 2536566 
1772 2536566 
1773 2536567 
1774 2536568 
1775 2536568 
1776 2536568 
1777 2536569 
1778 2536571 
1779 2536587 
1780 2536587 
1781 2536587 
1782 2536588 
1783 2536588 
1784 2536588 
1785 2536603 
1786 2536604 
1787 2536611 
1788 2536611 
1789 2536611 
1790 2536612 
1791 2536631 
1792 2536631 
1793 2536632 
1794 2536633 
1795 2536634 
1796 2536634 
1797 2536636 
1798 2536636 
1799 2536636 
1800 2536637 
1801 2536637 
1802 2536645 
1803 2536646 
1804 2536648 
1805 2536649 
1806 2536649 
1807 2536649 
1808 2536650 
1809 2536650 
1810 2536651 
1811 2536651 
1812 2536652 
1813 2536652 
1814 2536652 
1815 2536653 
1816 2536653 
1817 2536654 
1818 2536654 
1819 2536655 
1820 2536655 
1821 2536655 
1822 2536656 
1823 2536656 
1824 2536657 
1825 2536657 
1826 2536658 
1827 2536658 
1828 2536659 
1829 2536659 
1830 2536659 
1831 2536660 
1832 2536660 
1833 2536660 
1834 2536661 
1835 2536661 
1836 2536662 
1837 2536662 
1838 2536663 
1839 2536663 
1840 2536664 
1841 2536664 
1842 2536664 
1843 2536665 
1844 2536665 
1845 2536665 
1846 2536666 
1847 2536666 
1848 2536667 
1849 2536667 
1850 2536667 
1851 2536668 
1852 2536668 
1853 2536669 
1854 2536669 
1855 2536669 
1856 2536670 
1857 2536670 
1858 2536671 
1859 2536673 
1860 2536673 
1861 2536674 
1862 2536674 
1863 2536683 
1864 2536683 
1865 2536683 
1866 2536684 
1867 2536684 
1868 2536685 
1869 2536687 
1870 2536688 
1871 2536690 
1872 2536691 
1873 2536691 
1874 2536691 
1875 2536692 
1876 2536692 
1877 2536694 
1878 2536695 
1879 2536695 
1880 2536696 
1881 2536696 
1882 2536697 
1883 2536720 
1884 2536720 
1885 2536722 
1886 2536736 
1887 2536745 
1888 2536745 
1889 2536750 
1890 2536750 
1891 2536751 
1892 2536752 
1893 2536754 
1894 2536754 
1895 2536762 
1896 2536765 
1897 2536766 
1898 2536766 
1899 2536771 
1900 2536782 
1901 2536800 
1902 2536800 
1903 2536807 
1904 2536808 
1905 2536808 
1906 2536808 
1907 2536817 
1908 2536822 
1909 2536824 
1910 2536827 
1911 2536829 
1912 2536840 
1913 2536841 
1914 2536841 
1915 2536841 
1916 2536842 
1917 2536842 
1918 2536842 
1919 2536843 
1920 2536843 
1921 2536843 
1922 2536844 
1923 2536844 
1924 2536850 
1925 2536854 
1926 2536857 
1927 2536859 
1928 2536859 
1929 2536859 
1930 2536860 
1931 2536862 
1932 2536863 
1933 2536868 
1934 2536869 
1935 2536874 
1936 2536880 
1937 2536897 
1938 2536898 
1939 2536898 
1940 2536898 
1941 2536898 
1942 2536899 
1943 2536899 
1944 2536899 
1945 2536902 
1946 2536903 
1947 2536912 
1948 2536915 
1949 2536915 
1950 2536919 
1951 2536926 
1952 2536930 
1953 2536942 
1954 2536948 
1955 2536948 
1956 2536950 
1957 2536964 
1958 2536965 
1959 2536977 
1960 2536978 
1961 2536982 
1962 2536982 
1963 2536987 
1964 2536987 
1965 2536988 
1966 2536989 
1967 2536990 
1968 2536996 
1969 2536997 
1970 2536997 
1971 2537000 
1972 2537006 
1973 2537007 
1974 2537008 
1975 2537008 
1976 2537009 
1977 2537009 
1978 2537016 
1979 2537021 
1980 2537039 
1981 2537042 
1982 2537047 
1983 2537048 
1984 2537048 
1985 2537053 
1986 2537053 
1987 2537053 
1988 2537053 
1989 2537059 
1990 2537063 
1991 2537088 
1992 2537088 
1993 2537089 
1994 2537097 
1995 2537097 
1996 2537107 
1997 2537107 
1998 2537110 
1999 2537110 
2000 2537111 
2001 2537142 
2002 2537173 
2003 2537173 
2004 2537174 
2005 2537174 
2006 2537174 
2007 2537174 
2008 2537175 
2009 2537175 
2010 2537176 
2011 2537176 
2012 2537176 
2013 2537177 
2014 2537177 
2015 2537177 
2016 2537181 
2017 2537190 
2018 2537210 
2019 2537212 
2020 2537215 
2021 2537219 
2022 2537219 
2023 2537220 
2024 2537223 
2025 2537223 
2026 2537223 
2027 2537225 
2028 2537226 
2029 2537227 
2030 2537228 
2031 2537228 
2032 2537231 
2033 2537231 
2034 2537231 
2035 2537236 
2036 2537238 
2037 2537239 
2038 2537240 
2039 2537240 
2040 2537242 
2041 2537257 
2042 2537264 
2043 2537268 
2044 2537277 
2045 2537282 
2046 2537286 
2047 2537288 
2048 2537289 
2049 2537290 
2050 2537292 
2051 2537294 
2052 2537296 
2053 2537296 
2054 2537296 
2055 2537296 
2056 2537300 
2057 2537300 
2058 2537301 
2059 2537301 
2060 2537302 
2061 2537302 
2062 2537303 
2063 2537303 
2064 2537304 
2065 2537308 
2066 2537310 
2067 2537310 
2068 2537311 
2069 2537313 
2070 2537314 
2071 2537318 
2072 2537320 
2073 2537321 
2074 2537321 
2075 2537321 
2076 2537325 
2077 2537326 
2078 2537326 
2079 2537327 
2080 2537327 
2081 2537327 
2082 2537328 
2083 2537328 
2084 2537329 
2085 2537329 
2086 2537329 
2087 2537329 
2088 2537330 
2089 2537330 
2090 2537330 
2091 2537331 
2092 2537331 
2093 2537331 
2094 2537331 
2095 2537332 
2096 2537332 
2097 2537332 
2098 2537333 
2099 2537333 
2100 2537333 
2101 2537334 
2102 2537334 
2103 2537335 
2104 2537336 
2105 2537336 
2106 2537337 
2107 2537337 
2108 2537337 
2109 2537338 
2110 2537341 
2111 2537341 
2112 2537347 
2113 2537349 
2114 2537349 
2115 2537350 
2116 2537350 
2117 2537350 
2118 2537350 
2119 2537351 
2120 2537351 
2121 2537352 
2122 2537353 
2123 2537354 
2124 2537354 
2125 2537356 
2126 2537357 
2127 2537358 
2128 2537363 
2129 2537363 
2130 2537363 
2131 2537363 
2132 2537364 
2133 2537364 
2134 2537364 
2135 2537365 
2136 2537365 
2137 2537365 
2138 2537366 
2139 2537367 
2140 2537367 
2141 2537368 
2142 2537368 
2143 2537368 
2144 2537369 
2145 2537369 
2146 2537370 
2147 2537370 
2148 2537370 
2149 2537371 
2150 2537371 
2151 2537371 
2152 2537371 
2153 2537372 
2154 2537372 
2155 2537372 
2156 2537373 
2157 2537373 
2158 2537373 
2159 2537374 
2160 2537374 
2161 2537374 
2162 2537374 
2163 2537375 
2164 2537375 
2165 2537375 
2166 2537375 
2167 2537376 
2168 2537376 
2169 2537376 
2170 2537376 
2171 2537376 
2172 2537377 
2173 2537377 
2174 2537377 
2175 2537377 
2176 2537378 
2177 2537378 
2178 2537378 
2179 2537378 
2180 2537379 
2181 2537379 
2182 2537379 
2183 2537380 
2184 2537380 
2185 2537380 
2186 2537380 
2187 2537381 
2188 2537381 
2189 2537381 
2190 2537382 
2191 2537384 
2192 2537385 
2193 2537385 
2194 2537386 
2195 2537388 
2196 2537388 
2197 2537388 
2198 2537389 
2199 2537389 
2200 2537389 
2201 2537390 
2202 2537390 
2203 2537390 
2204 2537391 
2205 2537391 
2206 2537396 
2207 2537401 
2208 2537401 
2209 2537402 
2210 2537404 
2211 2537406 
2212 2537407 
2213 2537407 
2214 2537407 
2215 2537407 
2216 2537408 
2217 2537408 
2218 2537409 
2219 2537409 
2220 2537410 
2221 2537411 
2222 2537411 
2223 2537414 
2224 2537421 
2225 2537422 
2226 2537427 
2227 2537432 
2228 2537432 
2229 2537436 
2230 2537437 
2231 2537437 
2232 2537441 
2233 2537442 
2234 2537442 
2235 2537443 
2236 2537443 
2237 2537443 
2238 2537443 
2239 2537444 
2240 2537444 
2241 2537444 
2242 2537444 
2243 2537445 
2244 2537446 
2245 2537447 
2246 2537448 
2247 2537448 
2248 2537450 
2249 2537451 
2250 2537452 
2251 2537452 
2252 2537452 
2253 2537453 
2254 2537453 
2255 2537453 
2256 2537454 
2257 2537454 
2258 2537454 
2259 2537455 
2260 2537455 
2261 2537455 
2262 2537456 
2263 2537456 
2264 2537456 
2265 2537456 
2266 2537457 
2267 2537457 
2268 2537457 
2269 2537457 
2270 2537458 
2271 2537458 
2272 2537458 
2273 2537459 
2274 2537459 
2275 2537459 
2276 2537459 
2277 2537460 
2278 2537460 
2279 2537460 
2280 2537460 
2281 2537460 
2282 2537461 
2283 2537463 
2284 2537463 
2285 2537463 
2286 2537464 
2287 2537466 
2288 2537466 
2289 2537469 
2290 2537469 
2291 2537470 
2292 2537470 
2293 2537471 
2294 2537471 
2295 2537472 
2296 2537472 
2297 2537473 
2298 2537473 
2299 2537474 
2300 2537474 
2301 2537477 
2302 2537480 
2303 2537482 
2304 2537482 
2305 2537482 
2306 2537483 
2307 2537483 
2308 2537483 
2309 2537483 
2310 2537484 
2311 2537485 
2312 2537487 
2313 2537488 
2314 2537488 
2315 2537488 
2316 2537488 
2317 2537489 
2318 2537490 
2319 2537490 
2320 2537490 
2321 2537493 
2322 2537493 
2323 2537494 
2324 2537494 
2325 2537507 
2326 2537512 
2327 2537513 
2328 2537513 
2329 2537513 
2330 2537514 
2331 2537517 
2332 2537521 
2333 2537521 
2334 2537523 
2335 2537526 
2336 2537527 
2337 2537534 
2338 2537536 
2339 2537537 
2340 2537537 
2341 2537537 
2342 2537538 
2343 2537538 
2344 2537538 
2345 2537552 
2346 2537557 
2347 2537560 
2348 2537561 
2349 2537563 
2350 2537564 
2351 2537572 
2352 2537576 
2353 2537577 
2354 2537578 
2355 2537579 
2356 2537581 
2357 2537582 
2358 2537582 
2359 2537584 
2360 2537585 
2361 2537585 
2362 2537586 
2363 2537586 
2364 2537587 
2365 2537587 
2366 2537587 
2367 2537587 
2368 2537588 
2369 2537588 
2370 2537588 
2371 2537589 
2372 2537589 
2373 2537589 
2374 2537592 
2375 2537592 
2376 2537593 
2377 2537593 
2378 2537593 
2379 2537593 
2380 2537593 
2381 2537594 
2382 2537596 
2383 2537596 
2384 2537597 
2385 2537597 
2386 2537597 
2387 2537597 
2388 2537598 
2389 2537598 
2390 2537598 
2391 2537599 
2392 2537599 
2393 2537599 
2394 2537599 
2395 2537599 
2396 2537600 
2397 2537600 
2398 2537600 
2399 2537600 
2400 2537600 
2401 2537601 
2402 2537601 
2403 2537602 
2404 2537602 
2405 2537602 
2406 2537603 
2407 2537603 
2408 2537604 
2409 2537604 
2410 2537604 
2411 2537604 
2412 2537607 
2413 2537607 
2414 2537611 
2415 2537611 
2416 2537611 
2417 2537612 
2418 2537613 
2419 2537614 
2420 2537614 
2421 2537614 
2422 2537615 
2423 2537615 
2424 2537615 
2425 2537616 
2426 2537616 
2427 2537616 
2428 2537616 
2429 2537617 
2430 2537617 
2431 2537617 
2432 2537617 
2433 2537618 
2434 2537619 
2435 2537619 
2436 2537619 
2437 2537620 
2438 2537622 
2439 2537624 
2440 2537624 
2441 2537624 
2442 2537625 
2443 2537629 
2444 2537632 
2445 2537632 
2446 2537633 
2447 2537633 
2448 2537633 
2449 2537634 
2450 2537634 
2451 2537635 
2452 2537640 
2453 2537643 
2454 2537644 
2455 2537644 
2456 2537646 
2457 2537648 
2458 2537649 
2459 2537649 
2460 2537650 
2461 2537650 
2462 2537650 
2463 2537651 
2464 2537651 
2465 2537652 
2466 2537652 
2467 2537652 
2468 2537653 
2469 2537655 
2470 2537656 
2471 2537657 
2472 2537658 
2473 2537659 
2474 2537659 
2475 2537659 
2476 2537662 
2477 2537664 
2478 2537665 
2479 2537665 
2480 2537669 
2481 2537669 
2482 2537670 
2483 2537670 
2484 2537670 
2485 2537671 
2486 2537671 
2487 2537671 
2488 2537672 
2489 2537675 
2490 2537678 
2491 2537681 
2492 2537683 
2493 2537685 
2494 2537685 
2495 2537685 
2496 2537688 
2497 2537720 
2498 2537723 
2499 2537725 
2500 2537740 
2501 2537761 
2502 2537766 
2503 2537766 
2504 2537766 
2505 2537767 
2506 2537767 
2507 2537768 
2508 2537768 
2509 2537768 
2510 2537794 
2511 2537795 
2512 2537796 
2513 2537796 
2514 2537797 
2515 2537797 
2516 2537798 
2517 2537798 
2518 2537798 
2519 2537798 
2520 2537799 
2521 2537799 
2522 2537800 
2523 2537800 
2524 2537800 
2525 2537805 
2526 2537806 
2527 2537806 
2528 2537806 
2529 2537807 
2530 2537809 
2531 2537809 
2532 2537809 
2533 2537829 
2534 2537870 
2535 2537881 
2536 2537883 
2537 2537886 
2538 2537887 
2539 2537889 
2540 2537890 
2541 2537890 
2542 2537896 
2543 2537896 
2544 2537897 
2545 2537897 
2546 2537897 
2547 2537898 
2548 2537898 
2549 2537899 
2550 2537899 
2551 2537899 
2552 2537899 
2553 2537900 
2554 2537900 
2555 2537900 
2556 2537901 
2557 2537901 
2558 2537901 
2559 2537902 
2560 2537902 
2561 2537902 
2562 2537903 
2563 2537903 
2564 2537903 
2565 2537904 
2566 2537904 
2567 2537904 
2568 2537905 
2569 2537905 
2570 2537905 
2571 2537906 
2572 2537906 
2573 2537907 
2574 2537909 
2575 2537916 
2576 2537916 
2577 2537916 
2578 2537917 
2579 2537917 
2580 2537918 
2581 2537918 
2582 2537918 
2583 2537918 
2584 2537919 
2585 2537919 
2586 2537919 
2587 2537920 
2588 2537920 
2589 2537920 
2590 2537921 
2591 2537921 
2592 2537921 
2593 2537922 
2594 2537922 
2595 2537922 
2596 2537923 
2597 2537923 
2598 2537924 
2599 2537926 
2600 2537926 
2601 2537929 
2602 2537930 
2603 2537932 
2604 2537933 
2605 2537933 
2606 2537934 
2607 2537935 
2608 2537935 
2609 2537936 
2610 2537936 
2611 2537936 
2612 2537937 
2613 2537968 
2614 2537971 
2615 2537972 
2616 2537972 
2617 2537973 
2618 2537973 
2619 2537974 
2620 2537974 
2621 2537974 
2622 2537975 
2623 2537975 
2624 2537975 
2625 2537976 
2626 2537976 
2627 2537976 
2628 2537977 
2629 2537977 
2630 2537978 
2631 2537978 
2632 2537978 
2633 2537978 
2634 2537979 
2635 2537979 
2636 2537979 
2637 2537980 
2638 2537980 
2639 2537981 
2640 2537981 
2641 2537982 
2642 2537983 
2643 2537983 
2644 2537984 
2645 2537984 
2646 2537984 
2647 2537985 
2648 2537985 
2649 2537985 
2650 2537986 
2651 2537986 
2652 2537987 
2653 2537987 
2654 2537987 
2655 2537988 
2656 2537988 
2657 2537988 
2658 2537989 
2659 2537989 
2660 2537989 
2661 2537990 
2662 2537990 
2663 2537990 
2664 2537991 
2665 2537991 
2666 2537991 
2667 2537993 
2668 2537995 
2669 2537996 
