3138 1753 165 206 557 1199 386 54 218 0 172 1652 331 38 160 553 854 45 1199 0 0 1352 909 823 466 1210 526 1163 1098 917 1125 974 668 292 1286 663 1004 1199 1323 833 320 970 642 68 969 1199 753 909 1199 0 373 1199 810 707 388 530 668 0 864
1753 3138 132 0 259 2367 893 36 218 0 1 2990 442 0 145 599 1903 290 2367 0 0 2231 1673 1258 585 2384 1108 2004 1491 1010 1870 1321 761 24 1149 292 1705 2367 2002 1920 383 1477 1044 5 1117 2367 1839 1002 2367 0 494 2367 927 315 551 477 761 0 957
165 132 3138 0 81 132 1013 0 132 2474 0 132 0 0 2114 141 132 2415 132 2474 2474 277 132 85 487 132 68 142 178 567 132 236 483 9 141 298 132 132 227 863 1784 132 22 0 447 132 132 581 132 2474 158 132 107 159 247 559 483 2474 608
206 0 0 3138 66 0 0 0 0 0 0 0 0 40 1 17 18 0 0 0 0 0 29 0 0 0 0 19 0 0 0 0 0 1 16 18 468 0 0 0 0 0 21 2 0 0 24 0 0 0 57 0 111 0 0 0 0 0 0
557 259 81 66 3138 506 440 181 93 81 364 399 201 11 169 784 76 82 506 81 81 157 357 63 220 517 435 506 16 220 304 220 170 323 188 336 542 506 84 213 155 220 90 78 220 506 432 220 506 81 233 506 489 291 349 209 170 81 220
1199 2367 132 0 506 3138 1664 35 218 0 1 2507 0 0 145 445 1884 290 3138 0 0 1565 2372 873 643 3052 1879 2775 745 249 1109 560 0 24 388 271 2476 3138 1241 1885 383 716 1043 4 356 3138 1982 241 3138 0 494 3138 166 315 551 127 0 0 196
386 893 1013 0 440 1664 3138 36 0 972 1 1033 1 0 502 114 410 887 1664 972 972 532 898 531 147 1578 1732 1670 451 216 1 1 496 3 62 135 1377 1664 268 411 0 1 276 5 96 1664 1038 230 1664 972 249 1664 33 21 1 720 441 972 257
54 36 0 0 181 35 36 3138 0 0 0 36 1740 2 21 58 413 21 35 0 0 82 116 40 66 39 35 44 9 0 14 39 0 3 31 23 45 35 117 144 20 19 56 1041 4 35 37 9 35 0 453 35 20 47 75 47 0 0 6
218 218 132 0 93 218 0 0 3138 0 2100 218 0 0 120 218 232 0 218 0 0 178 266 0 218 218 0 218 116 218 218 218 0 24 218 218 218 218 218 218 218 218 69 0 218 218 704 218 218 0 298 218 166 218 218 0 0 0 198
0 0 2474 0 81 0 972 0 0 3138 0 0 0 0 1669 0 0 2546 0 3138 3138 263 0 85 153 0 68 0 842 0 0 0 0 0 0 31 0 0 0 731 1571 0 0 0 0 0 0 0 0 3138 336 0 0 0 0 1223 0 3138 0
172 1 0 0 364 1 1 0 2100 0 3138 1 2 0 120 0 16 0 1 0 0 29 1 0 0 12 1 1 116 0 0 0 0 0 0 72 1 1 0 0 0 0 158 0 0 1 488 0 1 0 80 1 0 0 0 0 0 0 13
1652 2990 132 0 399 2507 1033 36 218 0 1 3138 443 0 145 461 1884 290 2507 0 0 2188 1813 1184 518 2524 1248 2144 1353 872 1732 1183 623 29 1011 292 1845 2507 1864 1920 383 1339 1045 6 979 2507 1979 864 2507 0 494 2507 789 320 556 339 623 0 819
331 442 0 0 201 0 1 1740 0 0 2 443 3138 0 21 93 0 19 0 0 0 527 120 134 8 17 0 9 430 441 455 480 441 146 507 42 10 0 558 71 20 460 718 1828 445 0 24 450 0 0 453 0 461 19 47 77 443 0 447
38 0 0 40 11 0 0 2 0 0 0 0 0 3138 3 11 106 242 0 0 0 3 2 2 2 1 0 3 0 0 0 0 0 1 0 8 0 0 0 0 0 0 0 1 0 0 1 0 0 0 2 0 97 0 0 0 0 0 0
160 145 2114 1 169 145 502 21 120 1669 120 145 21 3 3138 17 145 1672 145 1669 1669 330 145 44 396 145 59 158 145 476 214 169 756 137 161 178 108 145 122 876 1735 92 167 92 356 145 58 490 145 1669 42 145 134 179 162 32 701 1669 517
553 599 141 17 784 445 114 58 218 0 0 461 93 11 17 3138 372 64 445 0 0 353 570 120 742 462 111 383 403 736 818 818 487 115 622 475 445 445 818 449 304 818 133 66 818 445 420 728 445 0 442 445 868 379 400 416 487 0 683
854 1903 132 18 76 1884 410 413 232 0 16 1884 0 106 145 372 3138 290 1884 0 0 1423 1636 861 694 1885 625 1521 763 267 1127 578 18 24 385 271 1222 1884 1259 1884 383 734 1043 4 374 1884 1358 259 1884 0 494 1884 184 315 551 420 18 0 214
45 290 2415 0 82 290 887 21 0 2546 0 290 19 242 1672 64 290 3138 290 2546 2546 309 290 85 374 290 77 2 250 0 290 295 3 4 53 31 290 290 249 1021 1623 290 0 19 80 290 290 0 290 2546 300 290 0 39 294 631 3 2546 3
1199 2367 132 0 506 3138 1664 35 218 0 1 2507 0 0 145 445 1884 290 3138 0 0 1565 2372 873 643 3052 1879 2775 745 249 1109 560 0 24 388 271 2476 3138 1241 1885 383 716 1043 4 356 3138 1982 241 3138 0 494 3138 166 315 551 127 0 0 196
0 0 2474 0 81 0 972 0 0 3138 0 0 0 0 1669 0 0 2546 0 3138 3138 263 0 85 153 0 68 0 842 0 0 0 0 0 0 31 0 0 0 731 1571 0 0 0 0 0 0 0 0 3138 336 0 0 0 0 1223 0 3138 0
0 0 2474 0 81 0 972 0 0 3138 0 0 0 0 1669 0 0 2546 0 3138 3138 263 0 85 153 0 68 0 842 0 0 0 0 0 0 31 0 0 0 731 1571 0 0 0 0 0 0 0 0 3138 336 0 0 0 0 1223 0 3138 0
1352 2231 277 0 157 1565 532 82 178 263 29 2188 527 3 330 353 1423 309 1565 263 263 3138 1267 1143 301 1582 737 1422 1555 877 1413 1016 745 82 868 190 903 1565 1738 1582 318 1020 1071 90 876 1565 1037 869 1565 263 271 1565 875 168 327 539 745 263 894
909 1673 132 29 357 2372 898 116 266 0 1 1813 120 2 145 570 1636 290 2372 0 0 1267 3138 596 1062 2321 1113 2009 743 668 1528 979 419 274 344 271 1921 2372 1449 1638 383 1135 833 38 775 2372 1288 660 2372 0 611 2372 585 325 569 546 419 0 615
823 1258 85 0 63 873 531 40 0 85 0 1184 134 2 44 120 861 85 873 85 85 1143 596 3138 37 874 668 873 944 394 457 394 394 430 513 615 211 873 1058 880 17 394 1020 9 394 873 571 394 873 85 10 873 394 375 319 507 394 85 394
466 585 487 0 220 643 147 66 218 153 0 518 8 2 396 742 694 374 643 153 153 301 1062 37 3138 644 147 427 257 2201 1486 2351 1952 1003 472 271 723 643 1471 509 1321 2182 26 816 2308 643 501 2193 643 153 998 643 1441 325 1774 1042 1952 153 2148
1210 2384 132 0 517 3052 1578 39 218 0 12 2524 17 1 145 462 1885 290 3052 0 0 1582 2321 874 644 3138 1793 2689 762 266 1126 577 17 25 405 282 2390 3052 1258 1903 383 733 1044 8 373 3052 1982 258 3052 0 494 3052 183 316 552 128 17 0 213
526 1108 68 0 435 1879 1732 35 0 68 1 1248 0 0 59 111 625 77 1879 68 68 737 1113 668 147 1793 3138 1885 328 0 39 2 0 214 129 6 1381 1879 494 626 79 9 500 6 15 1879 1160 0 1879 68 0 1879 7 56 2 77 1 68 2
1163 2004 142 19 506 2775 1670 44 218 0 1 2144 9 3 158 383 1521 2 2775 0 0 1422 2009 873 427 2689 1885 3138 745 259 746 281 10 32 343 279 2113 2775 1016 1522 282 353 1043 13 281 2775 1619 251 2775 0 356 2775 169 284 281 127 10 0 206
1098 1491 178 0 16 745 451 9 116 842 116 1353 430 0 145 403 763 250 745 842 842 1555 743 944 257 762 328 745 3138 911 1178 911 911 54 795 21 264 745 1494 780 0 911 760 4 911 745 237 911 745 842 336 745 911 121 121 1484 911 842 911
917 1010 567 0 220 249 216 0 218 0 0 872 441 0 476 736 267 0 249 0 0 877 668 394 2201 266 0 259 911 3138 1911 2776 2858 993 1059 405 329 249 1896 284 1119 2607 22 757 2987 249 251 3099 249 0 828 249 2114 267 1522 1304 2858 0 3054
1125 1870 132 0 304 1109 1 14 218 0 0 1732 455 0 214 818 1127 290 1109 0 0 1413 1528 457 1486 1126 39 746 1178 1911 3138 2222 1662 653 1473 292 1117 1109 1963 1144 411 2378 401 129 2018 1109 857 1903 1109 0 1010 1109 1940 649 948 1252 1662 0 1858
974 1321 236 0 220 560 1 39 218 0 0 1183 480 0 169 818 578 295 560 0 0 1016 979 394 2351 577 2 281 911 2776 2222 3138 2527 1002 1148 292 640 560 2192 595 1192 2918 22 796 2883 560 562 2768 560 0 995 560 2114 324 1848 1304 2527 0 2723
668 761 483 0 170 0 496 0 0 0 0 623 441 0 756 487 18 3 0 0 0 745 419 394 1952 17 0 10 911 2858 1662 2527 3138 969 810 156 80 0 1647 35 870 2358 22 757 2738 0 2 2872 0 0 579 0 1981 18 1273 1304 3083 0 2899
292 24 9 1 323 24 3 3 24 0 0 29 146 1 137 115 24 4 24 0 0 82 274 430 1003 25 214 32 54 993 653 1002 969 3138 453 199 105 24 373 67 468 993 386 612 1008 24 26 993 24 0 581 24 890 1461 1796 682 969 0 995
1286 1149 141 16 188 388 62 31 218 0 0 1011 507 0 161 622 385 53 388 0 0 868 344 513 472 405 129 343 795 1059 1473 1148 810 453 3138 360 409 388 1243 364 370 1144 75 93 1154 388 390 1051 388 0 339 388 1088 1783 342 404 810 0 1006
663 292 298 18 336 271 135 23 218 31 72 292 42 8 178 475 271 31 271 31 31 190 271 615 271 282 6 279 21 405 292 292 156 199 360 3138 271 271 292 272 302 292 252 23 332 271 271 397 271 31 275 271 319 458 440 0 156 31 352
1004 1705 132 468 542 2476 1377 45 218 0 1 1845 10 0 108 445 1222 290 2476 0 0 903 1921 211 723 2390 1381 2113 264 329 1117 640 80 105 409 271 3138 2476 604 1223 428 796 392 46 436 2476 1572 321 2476 0 538 2476 246 336 631 35 80 0 276
1199 2367 132 0 506 3138 1664 35 218 0 1 2507 0 0 145 445 1884 290 3138 0 0 1565 2372 873 643 3052 1879 2775 745 249 1109 560 0 24 388 271 2476 3138 1241 1885 383 716 1043 4 356 3138 1982 241 3138 0 494 3138 166 315 551 127 0 0 196
1323 2002 227 0 84 1241 268 117 218 0 0 1864 558 0 122 818 1259 249 1241 0 0 1738 1449 1058 1471 1258 494 1016 1494 1896 1963 2192 1647 373 1243 292 604 1241 3138 1276 576 1993 757 180 2003 1241 898 1888 1241 0 617 1241 1521 419 932 1071 1647 0 1843
833 1920 863 0 213 1885 411 144 218 731 0 1920 71 0 876 449 1884 1021 1885 731 731 1582 1638 880 509 1903 626 1522 780 284 1144 595 35 67 364 272 1223 1885 1276 3138 1114 751 1086 88 391 1885 1355 276 1885 731 494 1885 201 358 594 127 35 731 231
320 383 1784 0 155 383 0 20 218 1571 0 383 20 0 1735 304 383 1623 383 1571 1571 318 383 17 1321 383 79 282 0 1119 411 1192 870 468 370 302 428 383 576 1114 3138 1107 22 668 1168 383 383 1111 383 1571 402 383 480 356 1183 81 870 1571 1066
970 1477 132 0 220 716 1 19 218 0 0 1339 460 0 92 818 734 290 716 0 0 1020 1135 394 2182 733 9 353 911 2607 2378 2918 2358 993 1144 292 796 716 1993 751 1107 3138 8 776 2714 716 718 2599 716 0 995 716 2114 320 1644 1304 2358 0 2554
642 1044 22 21 90 1043 276 56 69 0 158 1045 718 0 167 133 1043 0 1043 0 0 1071 833 1020 26 1044 500 1043 760 22 401 22 22 386 75 252 392 1043 757 1086 22 8 3138 719 22 1043 537 22 1043 0 78 1043 58 386 393 127 22 0 22
68 5 0 2 78 4 5 1041 0 0 0 6 1828 1 92 66 4 19 4 0 0 90 38 9 816 8 6 13 4 757 129 796 757 612 93 23 46 4 180 88 668 776 719 3138 761 4 28 766 4 0 205 4 435 43 801 182 759 0 763
969 1117 447 0 220 356 96 4 218 0 0 979 445 0 356 818 374 80 356 0 0 876 775 394 2308 373 15 281 911 2987 2018 2883 2738 1008 1154 332 436 356 2003 391 1168 2714 22 761 3138 356 358 2979 356 0 935 356 2114 330 1629 1304 2738 0 2934
1199 2367 132 0 506 3138 1664 35 218 0 1 2507 0 0 145 445 1884 290 3138 0 0 1565 2372 873 643 3052 1879 2775 745 249 1109 560 0 24 388 271 2476 3138 1241 1885 383 716 1043 4 356 3138 1982 241 3138 0 494 3138 166 315 551 127 0 0 196
753 1839 132 24 432 1982 1038 37 704 0 488 1979 24 1 58 420 1358 290 1982 0 0 1037 1288 571 501 1982 1160 1619 237 251 857 562 2 26 390 271 1572 1982 898 1355 383 718 537 28 358 1982 3138 243 1982 0 572 1982 168 317 553 2 2 0 198
909 1002 581 0 220 241 230 9 218 0 0 864 450 0 490 728 259 0 241 0 0 869 660 394 2193 258 0 251 911 3099 1903 2768 2872 993 1051 397 321 241 1888 276 1111 2599 22 766 2979 241 243 3138 241 0 820 241 2114 259 1514 1304 2872 0 3068
1199 2367 132 0 506 3138 1664 35 218 0 1 2507 0 0 145 445 1884 290 3138 0 0 1565 2372 873 643 3052 1879 2775 745 249 1109 560 0 24 388 271 2476 3138 1241 1885 383 716 1043 4 356 3138 1982 241 3138 0 494 3138 166 315 551 127 0 0 196
0 0 2474 0 81 0 972 0 0 3138 0 0 0 0 1669 0 0 2546 0 3138 3138 263 0 85 153 0 68 0 842 0 0 0 0 0 0 31 0 0 0 731 1571 0 0 0 0 0 0 0 0 3138 336 0 0 0 0 1223 0 3138 0
373 494 158 57 233 494 249 453 298 336 80 494 453 2 42 442 494 300 494 336 336 271 611 10 998 494 0 356 336 828 1010 995 579 581 339 275 538 494 617 494 402 995 78 205 935 494 572 820 494 336 3138 494 745 325 889 911 579 336 775
1199 2367 132 0 506 3138 1664 35 218 0 1 2507 0 0 145 445 1884 290 3138 0 0 1565 2372 873 643 3052 1879 2775 745 249 1109 560 0 24 388 271 2476 3138 1241 1885 383 716 1043 4 356 3138 1982 241 3138 0 494 3138 166 315 551 127 0 0 196
810 927 107 111 489 166 33 20 166 0 0 789 461 97 134 868 184 0 166 0 0 875 585 394 1441 183 7 169 911 2114 1940 2114 1981 890 1088 319 246 166 1521 201 480 2114 58 435 2114 166 168 2114 166 0 745 166 3138 278 849 1304 1981 0 2114
707 315 159 0 291 315 21 47 218 0 0 320 19 0 179 379 315 39 315 0 0 168 325 375 325 316 56 284 121 267 649 324 18 1461 1783 458 336 315 419 358 356 320 386 43 330 315 317 259 315 0 325 315 278 3138 1582 5 18 0 214
388 551 247 0 349 551 1 75 218 0 0 556 47 0 162 400 551 294 551 0 0 327 569 319 1774 552 2 281 121 1522 948 1848 1273 1796 342 440 631 551 932 594 1183 1644 393 801 1629 551 553 1514 551 0 889 551 849 1582 3138 450 1273 0 1469
530 477 559 0 209 127 720 47 0 1223 0 339 77 0 32 416 420 631 127 1223 1223 539 546 507 1042 128 77 127 1484 1304 1252 1304 1304 682 404 0 35 127 1071 127 81 1304 127 182 1304 127 2 1304 127 1223 911 127 1304 5 450 3138 1304 1223 1304
668 761 483 0 170 0 441 0 0 0 0 623 443 0 701 487 18 3 0 0 0 745 419 394 1952 17 1 10 911 2858 1662 2527 3083 969 810 156 80 0 1647 35 870 2358 22 759 2738 0 2 2872 0 0 579 0 1981 18 1273 1304 3138 0 2899
0 0 2474 0 81 0 972 0 0 3138 0 0 0 0 1669 0 0 2546 0 3138 3138 263 0 85 153 0 68 0 842 0 0 0 0 0 0 31 0 0 0 731 1571 0 0 0 0 0 0 0 0 3138 336 0 0 0 0 1223 0 3138 0
864 957 608 0 220 196 257 6 198 0 13 819 447 0 517 683 214 3 196 0 0 894 615 394 2148 213 2 206 911 3054 1858 2723 2899 995 1006 352 276 196 1843 231 1066 2554 22 763 2934 196 198 3068 196 0 775 196 2114 214 1469 1304 2899 0 3138
