1 2548800 
2 2548800 
3 2548805 
4 2548807 
5 2548812 
6 2548821 
7 2548832 
8 2548863 
9 2548864 
10 2548864 
11 2548864 
12 2548865 
13 2548865 
14 2548890 
15 2548892 
16 2548898 
17 2548898 
18 2548898 
19 2548899 
20 2548899 
21 2548899 
22 2548900 
23 2548900 
24 2548901 
25 2548902 
26 2548906 
27 2548910 
28 2548913 
29 2548919 
30 2548919 
31 2548919 
32 2548920 
33 2548924 
34 2548924 
35 2548924 
36 2548928 
37 2548929 
38 2548929 
39 2548931 
40 2548931 
41 2548931 
42 2548940 
43 2548963 
44 2548964 
45 2548964 
46 2548964 
47 2548965 
48 2548965 
49 2548965 
50 2548966 
51 2548967 
52 2548968 
53 2548972 
54 2549035 
55 2549036 
56 2549037 
57 2549068 
58 2549069 
59 2549072 
60 2549087 
61 2549100 
62 2549102 
63 2549106 
64 2549106 
65 2549108 
66 2549113 
67 2549113 
68 2549113 
69 2549114 
70 2549114 
71 2549115 
72 2549115 
73 2549115 
74 2549116 
75 2549116 
76 2549117 
77 2549117 
78 2549117 
79 2549118 
80 2549118 
81 2549119 
82 2549119 
83 2549119 
84 2549123 
85 2549124 
86 2549124 
87 2549125 
88 2549129 
89 2549129 
90 2549132 
91 2549133 
92 2549138 
93 2549138 
94 2549139 
95 2549139 
96 2549139 
97 2549146 
98 2549163 
99 2549168 
100 2549169 
101 2549169 
102 2549169 
103 2549170 
104 2549170 
105 2549171 
106 2549171 
107 2549172 
108 2549175 
109 2549179 
110 2549180 
111 2549182 
112 2549185 
113 2549187 
114 2549188 
115 2549188 
116 2549188 
117 2549190 
118 2549190 
119 2549191 
120 2549191 
121 2549202 
122 2549211 
123 2549211 
124 2549228 
125 2549228 
126 2549243 
127 2549244 
128 2549244 
129 2549244 
130 2549244 
131 2549245 
132 2549245 
133 2549245 
134 2549246 
135 2549246 
136 2549246 
137 2549246 
138 2549252 
139 2549252 
140 2549253 
141 2549253 
142 2549253 
143 2549254 
144 2549264 
145 2549264 
146 2549265 
147 2549267 
148 2549279 
149 2549285 
150 2549285 
151 2549293 
152 2549295 
153 2549295 
154 2549299 
155 2549300 
156 2549315 
157 2549321 
158 2549323 
159 2549353 
160 2549358 
161 2549359 
162 2549359 
163 2549359 
164 2549360 
165 2549360 
166 2549360 
167 2549360 
168 2549361 
169 2549363 
170 2549368 
171 2549369 
172 2549369 
173 2549372 
174 2549376 
175 2549376 
176 2549391 
177 2549391 
178 2549391 
179 2549392 
180 2549395 
181 2549395 
182 2549396 
183 2549399 
184 2549408 
185 2549408 
186 2549411 
187 2549412 
188 2549417 
189 2549436 
190 2549437 
191 2549444 
192 2549446 
193 2549449 
194 2549450 
195 2549450 
196 2549457 
197 2549460 
198 2549462 
199 2549462 
200 2549463 
201 2549463 
202 2549463 
203 2549464 
204 2549464 
205 2549466 
206 2549467 
207 2549469 
208 2549479 
209 2549481 
210 2549482 
211 2549485 
212 2549487 
213 2549492 
214 2549493 
215 2549493 
216 2549502 
217 2549510 
218 2549520 
219 2549521 
220 2549521 
221 2549522 
222 2549522 
223 2549522 
224 2549522 
225 2549523 
226 2549523 
227 2549523 
228 2549524 
229 2549524 
230 2549525 
231 2549526 
232 2549527 
233 2549527 
234 2549534 
235 2549536 
236 2549537 
237 2549537 
238 2549537 
239 2549538 
240 2549539 
241 2549539 
242 2549540 
243 2549550 
244 2549551 
245 2549552 
246 2549553 
247 2549553 
248 2549554 
249 2549554 
250 2549555 
251 2549555 
252 2549556 
253 2549559 
254 2549564 
255 2549566 
256 2549568 
257 2549570 
258 2549571 
259 2549581 
260 2549581 
261 2549581 
262 2549590 
263 2549590 
264 2549590 
265 2549590 
266 2549591 
267 2549592 
268 2549592 
269 2549593 
270 2549593 
271 2549593 
272 2549593 
273 2549594 
274 2549594 
275 2549597 
276 2549598 
277 2549602 
278 2549605 
279 2549605 
280 2549607 
281 2549608 
282 2549609 
283 2549611 
284 2549611 
285 2549612 
286 2549613 
287 2549614 
288 2549614 
289 2549617 
290 2549618 
291 2549620 
292 2549621 
293 2549622 
294 2549628 
295 2549645 
296 2549645 
297 2549645 
298 2549646 
299 2549646 
300 2549647 
301 2549647 
302 2549648 
303 2549648 
304 2549648 
305 2549650 
306 2549650 
307 2549651 
308 2549651 
309 2549651 
310 2549652 
311 2549652 
312 2549652 
313 2549653 
314 2549653 
315 2549654 
316 2549654 
317 2549654 
318 2549654 
319 2549655 
320 2549655 
321 2549655 
322 2549656 
323 2549656 
324 2549656 
325 2549657 
326 2549657 
327 2549657 
328 2549658 
329 2549658 
330 2549658 
331 2549659 
332 2549659 
333 2549659 
334 2549660 
335 2549660 
336 2549660 
337 2549661 
338 2549662 
339 2549662 
340 2549668 
341 2549670 
342 2549673 
343 2549673 
344 2549673 
345 2549674 
346 2549675 
347 2549680 
348 2549688 
349 2549689 
350 2549689 
351 2549689 
352 2549690 
353 2549690 
354 2549691 
355 2549691 
356 2549691 
357 2549692 
358 2549692 
359 2549692 
360 2549693 
361 2549693 
362 2549694 
363 2549694 
364 2549695 
365 2549695 
366 2549696 
367 2549696 
368 2549696 
369 2549697 
370 2549697 
371 2549697 
372 2549698 
373 2549698 
374 2549698 
375 2549699 
376 2549699 
377 2549699 
378 2549700 
379 2549700 
380 2549701 
381 2549701 
382 2549702 
383 2549702 
384 2549702 
385 2549703 
386 2549703 
387 2549703 
388 2549704 
389 2549704 
390 2549704 
391 2549705 
392 2549705 
393 2549705 
394 2549706 
395 2549706 
396 2549706 
397 2549707 
398 2549707 
399 2549708 
400 2549708 
401 2549708 
402 2549709 
403 2549709 
404 2549709 
405 2549709 
406 2549710 
407 2549710 
408 2549710 
409 2549711 
410 2549711 
411 2549712 
412 2549712 
413 2549712 
414 2549712 
415 2549713 
416 2549713 
417 2549713 
418 2549714 
419 2549714 
420 2549714 
421 2549715 
422 2549715 
423 2549715 
424 2549716 
425 2549716 
426 2549716 
427 2549717 
428 2549717 
429 2549717 
430 2549718 
431 2549718 
432 2549718 
433 2549719 
434 2549719 
435 2549720 
436 2549722 
437 2549723 
438 2549723 
439 2549723 
440 2549724 
441 2549724 
442 2549724 
443 2549725 
444 2549725 
445 2549725 
446 2549726 
447 2549726 
448 2549726 
449 2549727 
450 2549727 
451 2549727 
452 2549728 
453 2549728 
454 2549729 
455 2549729 
456 2549730 
457 2549730 
458 2549730 
459 2549731 
460 2549731 
461 2549731 
462 2549732 
463 2549732 
464 2549732 
465 2549733 
466 2549733 
467 2549734 
468 2549734 
469 2549735 
470 2549735 
471 2549735 
472 2549736 
473 2549736 
474 2549737 
475 2549737 
476 2549738 
477 2549747 
478 2549748 
479 2549748 
480 2549748 
481 2549749 
482 2549749 
483 2549749 
484 2549750 
485 2549750 
486 2549750 
487 2549751 
488 2549751 
489 2549751 
490 2549752 
491 2549752 
492 2549753 
493 2549753 
494 2549753 
495 2549754 
496 2549754 
497 2549755 
498 2549755 
499 2549755 
500 2549756 
501 2549756 
502 2549756 
503 2549757 
504 2549758 
505 2549758 
506 2549758 
507 2549759 
508 2549759 
509 2549764 
510 2549764 
511 2549764 
512 2549764 
513 2549765 
514 2549765 
515 2549765 
516 2549766 
517 2549766 
518 2549767 
519 2549767 
520 2549767 
521 2549776 
522 2549778 
523 2549778 
524 2549779 
525 2549779 
526 2549780 
527 2549780 
528 2549780 
529 2549781 
530 2549781 
531 2549781 
532 2549794 
533 2549794 
534 2549795 
535 2549795 
536 2549797 
537 2549799 
538 2549799 
539 2549799 
540 2549800 
541 2549800 
542 2549800 
543 2549801 
544 2549801 
545 2549802 
546 2549802 
547 2549802 
548 2549803 
549 2549803 
550 2549803 
551 2549804 
552 2549804 
553 2549805 
554 2549805 
555 2549806 
556 2549806 
557 2549806 
558 2549807 
559 2549807 
560 2549808 
561 2549808 
562 2549808 
563 2549809 
564 2549809 
565 2549809 
566 2549809 
567 2549810 
568 2549810 
569 2549811 
570 2549825 
571 2549826 
572 2549843 
573 2549843 
574 2549844 
575 2549845 
576 2549845 
577 2549846 
578 2549846 
579 2549847 
580 2549847 
581 2549848 
582 2549848 
583 2549849 
584 2549849 
585 2549849 
586 2549850 
587 2549860 
588 2549860 
589 2549860 
590 2549865 
591 2549865 
592 2549865 
593 2549866 
594 2549866 
595 2549867 
596 2549867 
597 2549867 
598 2549867 
599 2549868 
600 2549868 
601 2549869 
602 2549869 
603 2549869 
604 2549870 
605 2549870 
606 2549871 
607 2549871 
608 2549871 
609 2549872 
610 2549872 
611 2549872 
612 2549873 
613 2549873 
614 2549873 
615 2549875 
616 2549875 
617 2549877 
618 2549879 
619 2549880 
620 2549880 
621 2549880 
622 2549881 
623 2549881 
624 2549882 
625 2549882 
626 2549882 
627 2549882 
628 2549883 
629 2549883 
630 2549883 
631 2549884 
632 2549884 
633 2549885 
634 2549890 
635 2549891 
636 2549892 
637 2549892 
638 2549892 
639 2549892 
640 2549893 
641 2549893 
642 2549893 
643 2549893 
644 2549894 
645 2549894 
646 2549894 
647 2549894 
648 2549895 
649 2549896 
650 2549896 
651 2549899 
652 2549900 
653 2549900 
654 2549907 
655 2549922 
656 2549948 
657 2549949 
658 2549949 
659 2549950 
660 2549950 
661 2549951 
662 2549951 
663 2549951 
664 2549952 
665 2549952 
666 2549952 
667 2549953 
668 2549962 
669 2549967 
670 2549970 
671 2549974 
672 2549974 
673 2549976 
674 2550009 
675 2550009 
676 2550010 
677 2550010 
678 2550011 
679 2550011 
680 2550016 
681 2550016 
682 2550023 
683 2550025 
684 2550027 
685 2550027 
686 2550034 
687 2550039 
688 2550055 
689 2550055 
690 2550057 
691 2550061 
692 2550062 
693 2550063 
694 2550070 
695 2550070 
696 2550072 
697 2550092 
698 2550095 
699 2550096 
700 2550115 
701 2550118 
702 2550119 
703 2550119 
704 2550121 
705 2550158 
706 2550163 
707 2550174 
708 2550178 
709 2550179 
710 2550181 
711 2550190 
712 2550200 
713 2550210 
714 2550222 
715 2550223 
716 2550226 
717 2550231 
718 2550231 
719 2550231 
720 2550232 
721 2550232 
722 2550232 
723 2550233 
724 2550233 
725 2550238 
726 2550239 
727 2550250 
728 2550250 
729 2550250 
730 2550251 
731 2550251 
732 2550252 
733 2550261 
734 2550262 
735 2550262 
736 2550262 
737 2550263 
738 2550263 
739 2550263 
740 2550264 
741 2550264 
742 2550288 
743 2550291 
744 2550292 
745 2550292 
746 2550292 
747 2550292 
748 2550293 
749 2550293 
750 2550294 
751 2550294 
752 2550294 
753 2550295 
754 2550295 
755 2550295 
756 2550301 
757 2550302 
758 2550305 
759 2550307 
760 2550307 
761 2550307 
762 2550307 
763 2550308 
764 2550308 
765 2550308 
766 2550309 
767 2550309 
768 2550310 
769 2550310 
770 2550310 
771 2550311 
772 2550311 
773 2550311 
774 2550312 
775 2550312 
776 2550312 
777 2550312 
778 2550312 
779 2550313 
780 2550313 
781 2550313 
782 2550314 
783 2550314 
784 2550314 
785 2550315 
786 2550315 
787 2550315 
788 2550315 
789 2550315 
790 2550316 
791 2550316 
792 2550316 
793 2550317 
794 2550317 
795 2550317 
796 2550318 
797 2550318 
798 2550319 
799 2550320 
800 2550320 
801 2550323 
802 2550327 
803 2550330 
804 2550332 
805 2550333 
806 2550333 
807 2550333 
808 2550340 
809 2550340 
810 2550343 
811 2550346 
812 2550346 
813 2550352 
814 2550353 
815 2550353 
816 2550354 
817 2550354 
818 2550356 
819 2550357 
820 2550358 
821 2550360 
822 2550360 
823 2550361 
824 2550361 
825 2550361 
826 2550362 
827 2550364 
828 2550368 
829 2550370 
830 2550372 
831 2550372 
832 2550373 
833 2550377 
834 2550377 
835 2550377 
836 2550378 
837 2550379 
838 2550379 
839 2550379 
840 2550380 
841 2550380 
842 2550380 
843 2550382 
844 2550382 
845 2550383 
846 2550384 
847 2550384 
848 2550384 
849 2550385 
850 2550385 
851 2550386 
852 2550390 
853 2550391 
854 2550391 
855 2550393 
856 2550396 
857 2550397 
858 2550402 
859 2550403 
860 2550403 
861 2550407 
862 2550408 
863 2550408 
864 2550409 
865 2550409 
866 2550410 
867 2550410 
868 2550410 
869 2550410 
870 2550411 
871 2550411 
872 2550411 
873 2550412 
874 2550413 
875 2550414 
876 2550414 
877 2550414 
878 2550415 
879 2550415 
880 2550415 
881 2550415 
882 2550416 
883 2550416 
884 2550416 
885 2550417 
886 2550418 
887 2550418 
888 2550418 
889 2550419 
890 2550419 
891 2550420 
892 2550420 
893 2550420 
894 2550420 
895 2550421 
896 2550421 
897 2550421 
898 2550422 
899 2550422 
900 2550422 
901 2550422 
902 2550423 
903 2550423 
904 2550423 
905 2550423 
906 2550424 
907 2550424 
908 2550424 
909 2550424 
910 2550425 
911 2550425 
912 2550425 
913 2550425 
914 2550425 
915 2550426 
916 2550426 
917 2550426 
918 2550426 
919 2550426 
920 2550427 
921 2550427 
922 2550427 
923 2550427 
924 2550427 
925 2550427 
926 2550428 
927 2550428 
928 2550428 
929 2550428 
930 2550428 
931 2550429 
932 2550429 
933 2550429 
934 2550429 
935 2550429 
936 2550429 
937 2550430 
938 2550430 
939 2550430 
940 2550430 
941 2550430 
942 2550431 
943 2550431 
944 2550431 
945 2550431 
946 2550431 
947 2550431 
948 2550432 
949 2550432 
950 2550432 
951 2550432 
952 2550432 
953 2550433 
954 2550433 
955 2550433 
956 2550433 
957 2550433 
958 2550434 
959 2550434 
960 2550434 
961 2550434 
962 2550434 
963 2550435 
964 2550435 
965 2550435 
966 2550435 
967 2550435 
968 2550436 
969 2550436 
970 2550436 
971 2550436 
972 2550436 
973 2550437 
974 2550437 
975 2550438 
976 2550438 
977 2550438 
978 2550438 
979 2550438 
980 2550439 
981 2550439 
982 2550439 
983 2550439 
984 2550440 
985 2550440 
986 2550440 
987 2550441 
988 2550441 
989 2550441 
990 2550441 
991 2550441 
992 2550441 
993 2550442 
994 2550442 
995 2550442 
996 2550442 
997 2550442 
998 2550442 
999 2550443 
1000 2550443 
1001 2550443 
1002 2550443 
1003 2550443 
1004 2550444 
1005 2550444 
1006 2550444 
1007 2550444 
1008 2550445 
1009 2550445 
1010 2550445 
1011 2550445 
1012 2550446 
1013 2550446 
1014 2550446 
1015 2550446 
1016 2550446 
1017 2550447 
1018 2550447 
1019 2550447 
1020 2550448 
1021 2550451 
1022 2550451 
1023 2550452 
1024 2550452 
1025 2550452 
1026 2550452 
1027 2550453 
1028 2550453 
1029 2550453 
1030 2550454 
1031 2550454 
1032 2550454 
1033 2550455 
1034 2550455 
1035 2550455 
1036 2550455 
1037 2550456 
1038 2550456 
1039 2550456 
1040 2550456 
1041 2550457 
1042 2550457 
1043 2550458 
1044 2550458 
1045 2550458 
1046 2550459 
1047 2550459 
1048 2550459 
1049 2550460 
1050 2550460 
1051 2550460 
1052 2550460 
1053 2550460 
1054 2550461 
1055 2550461 
1056 2550461 
1057 2550461 
1058 2550462 
1059 2550462 
1060 2550462 
1061 2550462 
1062 2550463 
1063 2550463 
1064 2550463 
1065 2550463 
1066 2550463 
1067 2550464 
1068 2550464 
1069 2550464 
1070 2550464 
1071 2550464 
1072 2550464 
1073 2550465 
1074 2550465 
1075 2550465 
1076 2550465 
1077 2550465 
1078 2550465 
1079 2550466 
1080 2550466 
1081 2550466 
1082 2550466 
1083 2550466 
1084 2550467 
1085 2550467 
1086 2550467 
1087 2550467 
1088 2550468 
1089 2550468 
1090 2550468 
1091 2550468 
1092 2550468 
1093 2550468 
1094 2550468 
1095 2550469 
1096 2550469 
1097 2550469 
1098 2550469 
1099 2550469 
1100 2550469 
1101 2550469 
1102 2550470 
1103 2550470 
1104 2550470 
1105 2550470 
1106 2550470 
1107 2550471 
1108 2550471 
1109 2550471 
1110 2550471 
1111 2550471 
1112 2550472 
1113 2550472 
1114 2550472 
1115 2550472 
1116 2550472 
1117 2550473 
1118 2550473 
1119 2550473 
1120 2550473 
1121 2550474 
1122 2550474 
1123 2550474 
1124 2550474 
1125 2550475 
1126 2550475 
1127 2550475 
1128 2550475 
1129 2550475 
1130 2550476 
1131 2550476 
1132 2550476 
1133 2550476 
1134 2550477 
1135 2550477 
1136 2550477 
1137 2550478 
1138 2550478 
1139 2550479 
1140 2550479 
1141 2550479 
1142 2550479 
1143 2550480 
1144 2550480 
1145 2550480 
1146 2550481 
1147 2550481 
1148 2550481 
1149 2550482 
1150 2550482 
1151 2550482 
1152 2550482 
1153 2550482 
1154 2550482 
1155 2550483 
1156 2550483 
1157 2550483 
1158 2550483 
1159 2550484 
1160 2550484 
1161 2550485 
1162 2550485 
1163 2550485 
1164 2550486 
1165 2550486 
1166 2550486 
1167 2550487 
1168 2550487 
1169 2550487 
1170 2550488 
1171 2550488 
1172 2550488 
1173 2550488 
1174 2550488 
1175 2550489 
1176 2550489 
1177 2550489 
1178 2550489 
1179 2550490 
1180 2550490 
1181 2550490 
1182 2550491 
1183 2550491 
1184 2550491 
1185 2550491 
1186 2550492 
1187 2550492 
1188 2550492 
1189 2550492 
1190 2550493 
1191 2550493 
1192 2550493 
1193 2550493 
1194 2550494 
1195 2550494 
1196 2550494 
1197 2550494 
1198 2550495 
1199 2550495 
1200 2550495 
1201 2550495 
1202 2550495 
1203 2550495 
1204 2550496 
1205 2550496 
1206 2550496 
1207 2550496 
1208 2550497 
1209 2550497 
1210 2550497 
1211 2550497 
1212 2550497 
1213 2550498 
1214 2550498 
1215 2550498 
1216 2550498 
1217 2550499 
1218 2550499 
1219 2550499 
1220 2550499 
1221 2550499 
1222 2550500 
1223 2550500 
1224 2550500 
1225 2550501 
1226 2550501 
1227 2550501 
1228 2550502 
1229 2550502 
1230 2550502 
1231 2550503 
1232 2550503 
1233 2550504 
1234 2550504 
1235 2550504 
1236 2550504 
1237 2550505 
1238 2550505 
1239 2550505 
1240 2550505 
1241 2550506 
1242 2550506 
1243 2550506 
1244 2550506 
1245 2550507 
1246 2550507 
1247 2550507 
1248 2550507 
1249 2550508 
1250 2550508 
1251 2550508 
1252 2550508 
1253 2550508 
1254 2550510 
1255 2550510 
1256 2550511 
1257 2550512 
1258 2550512 
1259 2550513 
1260 2550513 
1261 2550513 
1262 2550513 
1263 2550514 
1264 2550514 
1265 2550514 
1266 2550515 
1267 2550515 
1268 2550516 
1269 2550516 
1270 2550516 
1271 2550517 
1272 2550517 
1273 2550517 
1274 2550518 
1275 2550518 
1276 2550519 
1277 2550519 
1278 2550519 
1279 2550520 
1280 2550520 
1281 2550520 
1282 2550521 
1283 2550521 
1284 2550521 
1285 2550521 
1286 2550522 
1287 2550522 
1288 2550523 
1289 2550523 
1290 2550523 
1291 2550526 
1292 2550526 
1293 2550527 
1294 2550527 
1295 2550528 
1296 2550528 
1297 2550528 
1298 2550528 
1299 2550529 
1300 2550529 
1301 2550529 
1302 2550529 
1303 2550529 
1304 2550530 
1305 2550530 
1306 2550530 
1307 2550530 
1308 2550531 
1309 2550531 
1310 2550531 
1311 2550531 
1312 2550531 
1313 2550532 
1314 2550532 
1315 2550532 
1316 2550532 
1317 2550533 
1318 2550533 
1319 2550533 
1320 2550533 
1321 2550534 
1322 2550534 
1323 2550534 
1324 2550534 
1325 2550534 
1326 2550534 
1327 2550535 
1328 2550535 
1329 2550535 
1330 2550535 
1331 2550536 
1332 2550536 
1333 2550536 
1334 2550536 
1335 2550536 
1336 2550537 
1337 2550537 
1338 2550537 
1339 2550537 
1340 2550537 
1341 2550538 
1342 2550538 
1343 2550538 
1344 2550538 
1345 2550538 
1346 2550539 
1347 2550539 
1348 2550539 
1349 2550539 
1350 2550539 
1351 2550539 
1352 2550540 
1353 2550540 
1354 2550540 
1355 2550540 
1356 2550540 
1357 2550540 
1358 2550541 
1359 2550541 
1360 2550541 
1361 2550542 
1362 2550542 
1363 2550542 
1364 2550542 
1365 2550543 
1366 2550543 
1367 2550543 
1368 2550543 
1369 2550543 
1370 2550544 
1371 2550544 
1372 2550544 
1373 2550544 
1374 2550545 
1375 2550545 
1376 2550545 
1377 2550545 
1378 2550545 
1379 2550546 
1380 2550546 
1381 2550546 
1382 2550546 
1383 2550546 
1384 2550547 
1385 2550547 
1386 2550547 
1387 2550547 
1388 2550548 
1389 2550548 
1390 2550548 
1391 2550549 
1392 2550549 
1393 2550549 
1394 2550549 
1395 2550550 
1396 2550550 
1397 2550551 
1398 2550553 
1399 2550553 
1400 2550553 
1401 2550553 
1402 2550554 
1403 2550555 
1404 2550555 
1405 2550555 
1406 2550556 
1407 2550556 
1408 2550556 
1409 2550557 
1410 2550558 
1411 2550558 
1412 2550558 
1413 2550559 
1414 2550559 
1415 2550559 
1416 2550560 
1417 2550560 
1418 2550560 
1419 2550560 
1420 2550560 
1421 2550561 
1422 2550561 
1423 2550561 
1424 2550561 
1425 2550561 
1426 2550562 
1427 2550562 
1428 2550562 
1429 2550562 
1430 2550563 
1431 2550565 
1432 2550565 
1433 2550565 
1434 2550566 
1435 2550572 
1436 2550573 
1437 2550603 
1438 2550610 
1439 2550610 
1440 2550610 
1441 2550611 
1442 2550611 
1443 2550612 
1444 2550612 
1445 2550613 
1446 2550613 
1447 2550614 
1448 2550614 
1449 2550614 
1450 2550614 
1451 2550615 
1452 2550616 
1453 2550616 
1454 2550618 
1455 2550618 
1456 2550630 
1457 2550631 
1458 2550631 
1459 2550631 
1460 2550634 
1461 2550634 
1462 2550635 
1463 2550635 
1464 2550635 
1465 2550635 
1466 2550636 
1467 2550636 
1468 2550637 
1469 2550645 
1470 2550648 
1471 2550650 
1472 2550650 
1473 2550655 
1474 2550657 
1475 2550657 
1476 2550657 
1477 2550657 
1478 2550658 
1479 2550661 
1480 2550669 
1481 2550669 
1482 2550670 
1483 2550670 
1484 2550671 
1485 2550672 
1486 2550672 
1487 2550677 
1488 2550678 
1489 2550678 
1490 2550679 
1491 2550682 
1492 2550682 
1493 2550683 
1494 2550683 
1495 2550684 
1496 2550684 
1497 2550684 
1498 2550685 
1499 2550685 
1500 2550686 
1501 2550686 
1502 2550686 
1503 2550687 
1504 2550687 
1505 2550689 
1506 2550689 
1507 2550689 
1508 2550690 
1509 2550690 
1510 2550690 
1511 2550690 
1512 2550691 
1513 2550695 
1514 2550695 
1515 2550696 
1516 2550701 
1517 2550703 
1518 2550705 
1519 2550706 
1520 2550706 
1521 2550706 
1522 2550707 
1523 2550708 
1524 2550709 
1525 2550709 
1526 2550709 
1527 2550710 
1528 2550710 
1529 2550713 
1530 2550714 
1531 2550714 
1532 2550716 
1533 2550716 
1534 2550717 
1535 2550717 
1536 2550717 
1537 2550717 
1538 2550718 
1539 2550718 
1540 2550718 
1541 2550719 
1542 2550719 
1543 2550720 
1544 2550729 
1545 2550737 
1546 2550740 
1547 2550741 
1548 2550746 
1549 2550746 
1550 2550752 
1551 2550752 
1552 2550753 
1553 2550754 
1554 2550754 
1555 2550754 
1556 2550757 
1557 2550760 
1558 2550765 
1559 2550781 
1560 2550782 
1561 2550782 
1562 2550782 
1563 2550783 
1564 2550783 
1565 2550787 
1566 2550788 
1567 2550790 
1568 2550791 
1569 2550793 
1570 2550793 
1571 2550794 
1572 2550795 
1573 2550796 
1574 2550800 
1575 2550802 
1576 2550803 
1577 2550804 
1578 2550805 
1579 2550808 
1580 2550812 
1581 2550816 
1582 2550822 
1583 2550824 
1584 2550825 
1585 2550831 
1586 2550833 
1587 2550835 
1588 2550836 
1589 2550842 
1590 2550846 
1591 2550848 
1592 2550852 
1593 2550859 
1594 2550861 
1595 2550864 
1596 2550867 
1597 2550868 
1598 2550871 
1599 2550873 
1600 2550873 
1601 2550876 
1602 2550877 
1603 2550878 
1604 2550878 
1605 2550878 
1606 2550879 
1607 2550879 
1608 2550881 
1609 2550882 
1610 2550882 
1611 2550883 
1612 2550884 
1613 2550884 
1614 2550885 
1615 2550885 
1616 2550885 
1617 2550886 
1618 2550887 
1619 2550893 
1620 2550898 
1621 2550900 
1622 2550905 
1623 2550905 
1624 2550905 
1625 2550905 
1626 2550906 
1627 2550906 
1628 2550906 
1629 2550906 
1630 2550907 
1631 2550907 
1632 2550907 
1633 2550908 
1634 2550908 
1635 2550908 
1636 2550908 
1637 2550909 
1638 2550910 
1639 2550911 
1640 2550911 
1641 2550911 
1642 2550914 
1643 2550916 
1644 2550917 
1645 2550917 
1646 2550918 
1647 2550919 
1648 2550919 
1649 2550921 
1650 2550924 
1651 2550926 
1652 2550926 
1653 2550929 
1654 2550929 
1655 2550933 
1656 2550934 
1657 2550934 
1658 2550934 
1659 2550935 
1660 2550935 
1661 2550935 
1662 2550936 
1663 2550936 
1664 2550936 
1665 2550937 
1666 2550937 
1667 2550938 
1668 2550947 
1669 2550948 
1670 2550949 
1671 2550951 
1672 2550951 
1673 2550952 
1674 2550952 
1675 2550952 
1676 2550953 
1677 2550953 
1678 2550953 
1679 2550954 
1680 2550954 
1681 2550955 
1682 2550955 
1683 2550965 
1684 2550965 
1685 2550965 
1686 2550966 
1687 2550966 
1688 2550966 
1689 2550966 
1690 2550967 
1691 2550967 
1692 2550967 
1693 2550968 
1694 2550968 
1695 2550968 
1696 2550968 
1697 2550969 
1698 2550969 
1699 2550970 
1700 2550991 
1701 2550995 
1702 2550997 
1703 2550998 
1704 2551001 
1705 2551015 
1706 2551016 
1707 2551018 
1708 2551025 
1709 2551034 
1710 2551046 
1711 2551046 
1712 2551047 
1713 2551047 
1714 2551048 
1715 2551048 
1716 2551048 
1717 2551048 
1718 2551049 
1719 2551049 
1720 2551050 
1721 2551051 
1722 2551051 
1723 2551054 
1724 2551054 
1725 2551057 
1726 2551059 
1727 2551062 
1728 2551066 
1729 2551066 
1730 2551082 
1731 2551084 
1732 2551084 
1733 2551084 
1734 2551085 
1735 2551085 
1736 2551086 
1737 2551086 
1738 2551087 
1739 2551093 
1740 2551094 
1741 2551094 
1742 2551095 
1743 2551095 
1744 2551095 
1745 2551096 
1746 2551100 
1747 2551100 
1748 2551100 
1749 2551107 
1750 2551111 
1751 2551116 
1752 2551118 
1753 2551120 
1754 2551125 
1755 2551127 
1756 2551130 
1757 2551134 
1758 2551135 
1759 2551137 
1760 2551140 
1761 2551143 
1762 2551168 
1763 2551172 
1764 2551234 
1765 2551239 
1766 2551239 
1767 2551241 
1768 2551244 
1769 2551245 
1770 2551245 
1771 2551245 
1772 2551258 
1773 2551280 
1774 2551283 
1775 2551285 
1776 2551285 
1777 2551287 
1778 2551289 
1779 2551293 
1780 2551294 
1781 2551301 
1782 2551306 
1783 2551307 
1784 2551307 
1785 2551308 
1786 2551308 
1787 2551308 
1788 2551309 
1789 2551311 
1790 2551312 
1791 2551327 
1792 2551327 
1793 2551335 
1794 2551340 
1795 2551340 
1796 2551342 
1797 2551345 
1798 2551345 
1799 2551355 
1800 2551359 
1801 2551359 
1802 2551359 
1803 2551360 
1804 2551378 
1805 2551380 
1806 2551386 
1807 2551387 
1808 2551404 
1809 2551405 
1810 2551405 
1811 2551406 
1812 2551406 
1813 2551406 
1814 2551407 
1815 2551407 
1816 2551407 
1817 2551408 
1818 2551408 
1819 2551408 
1820 2551408 
1821 2551409 
1822 2551409 
1823 2551409 
1824 2551410 
1825 2551410 
1826 2551410 
1827 2551411 
1828 2551414 
1829 2551414 
1830 2551415 
1831 2551415 
1832 2551416 
1833 2551416 
1834 2551417 
1835 2551417 
1836 2551417 
1837 2551417 
1838 2551418 
1839 2551418 
1840 2551419 
1841 2551419 
1842 2551420 
1843 2551420 
1844 2551421 
1845 2551421 
1846 2551422 
1847 2551423 
1848 2551425 
1849 2551429 
1850 2551429 
1851 2551430 
1852 2551430 
1853 2551430 
1854 2551431 
1855 2551431 
1856 2551431 
1857 2551431 
1858 2551432 
1859 2551432 
1860 2551432 
1861 2551433 
1862 2551433 
1863 2551433 
1864 2551434 
1865 2551434 
1866 2551434 
1867 2551434 
1868 2551435 
1869 2551435 
1870 2551435 
1871 2551436 
1872 2551436 
1873 2551436 
1874 2551436 
1875 2551437 
1876 2551437 
1877 2551437 
1878 2551438 
1879 2551438 
1880 2551438 
1881 2551439 
1882 2551440 
1883 2551440 
1884 2551440 
1885 2551441 
1886 2551441 
1887 2551441 
1888 2551441 
1889 2551441 
1890 2551442 
1891 2551442 
1892 2551442 
1893 2551443 
1894 2551443 
1895 2551443 
1896 2551443 
1897 2551444 
1898 2551444 
1899 2551444 
1900 2551444 
1901 2551445 
1902 2551445 
1903 2551445 
1904 2551445 
1905 2551446 
1906 2551446 
1907 2551446 
1908 2551446 
1909 2551447 
1910 2551447 
1911 2551447 
1912 2551447 
1913 2551447 
1914 2551448 
1915 2551448 
1916 2551448 
1917 2551448 
1918 2551449 
1919 2551450 
1920 2551450 
1921 2551450 
1922 2551450 
1923 2551451 
1924 2551451 
1925 2551451 
1926 2551452 
1927 2551452 
1928 2551452 
1929 2551452 
1930 2551453 
1931 2551453 
1932 2551453 
1933 2551453 
1934 2551453 
1935 2551454 
1936 2551454 
1937 2551454 
1938 2551454 
1939 2551455 
1940 2551455 
1941 2551457 
1942 2551460 
1943 2551460 
1944 2551461 
1945 2551466 
1946 2551466 
1947 2551468 
1948 2551469 
1949 2551471 
1950 2551472 
1951 2551474 
1952 2551474 
1953 2551477 
1954 2551481 
1955 2551482 
1956 2551485 
1957 2551485 
1958 2551486 
1959 2551486 
1960 2551487 
1961 2551492 
1962 2551492 
1963 2551494 
1964 2551496 
1965 2551497 
1966 2551499 
1967 2551502 
1968 2551502 
1969 2551506 
1970 2551510 
1971 2551513 
1972 2551516 
1973 2551517 
1974 2551520 
1975 2551521 
1976 2551524 
1977 2551525 
1978 2551525 
1979 2551526 
1980 2551526 
1981 2551526 
1982 2551527 
1983 2551527 
1984 2551528 
1985 2551528 
1986 2551530 
1987 2551531 
1988 2551531 
1989 2551531 
1990 2551532 
1991 2551532 
1992 2551532 
1993 2551532 
1994 2551533 
1995 2551533 
1996 2551533 
1997 2551534 
1998 2551534 
1999 2551534 
2000 2551534 
2001 2551535 
2002 2551536 
2003 2551536 
2004 2551536 
2005 2551536 
2006 2551536 
2007 2551537 
2008 2551537 
2009 2551537 
2010 2551537 
2011 2551538 
2012 2551538 
2013 2551538 
2014 2551539 
2015 2551539 
2016 2551539 
2017 2551539 
2018 2551540 
2019 2551540 
2020 2551540 
2021 2551540 
2022 2551541 
2023 2551541 
2024 2551541 
2025 2551542 
2026 2551542 
2027 2551542 
2028 2551543 
2029 2551543 
2030 2551544 
2031 2551544 
2032 2551544 
2033 2551545 
2034 2551545 
2035 2551545 
2036 2551545 
2037 2551545 
2038 2551545 
2039 2551546 
2040 2551546 
2041 2551546 
2042 2551546 
2043 2551546 
2044 2551547 
2045 2551548 
2046 2551548 
2047 2551548 
2048 2551548 
2049 2551549 
2050 2551549 
2051 2551549 
2052 2551550 
2053 2551550 
2054 2551550 
2055 2551550 
2056 2551551 
2057 2551551 
2058 2551551 
2059 2551551 
2060 2551551 
2061 2551552 
2062 2551552 
2063 2551552 
2064 2551552 
2065 2551553 
2066 2551553 
2067 2551553 
2068 2551553 
2069 2551554 
2070 2551554 
2071 2551554 
2072 2551554 
2073 2551554 
2074 2551555 
2075 2551555 
2076 2551555 
2077 2551555 
2078 2551556 
2079 2551556 
2080 2551556 
2081 2551556 
2082 2551556 
2083 2551557 
2084 2551557 
2085 2551557 
2086 2551557 
2087 2551558 
2088 2551558 
2089 2551559 
2090 2551559 
2091 2551559 
2092 2551560 
2093 2551560 
2094 2551560 
2095 2551560 
2096 2551560 
2097 2551561 
2098 2551561 
2099 2551561 
2100 2551562 
2101 2551563 
2102 2551563 
2103 2551564 
2104 2551564 
2105 2551565 
2106 2551565 
2107 2551565 
2108 2551566 
2109 2551566 
2110 2551567 
2111 2551567 
2112 2551567 
2113 2551567 
2114 2551568 
2115 2551568 
2116 2551568 
2117 2551568 
2118 2551568 
2119 2551569 
2120 2551569 
2121 2551569 
2122 2551569 
2123 2551569 
2124 2551570 
2125 2551571 
2126 2551571 
2127 2551571 
2128 2551572 
2129 2551572 
2130 2551572 
2131 2551573 
2132 2551573 
2133 2551573 
2134 2551573 
2135 2551574 
2136 2551574 
2137 2551574 
2138 2551574 
2139 2551574 
2140 2551575 
2141 2551575 
2142 2551575 
2143 2551575 
2144 2551576 
2145 2551576 
2146 2551576 
2147 2551576 
2148 2551577 
2149 2551577 
2150 2551577 
2151 2551577 
2152 2551578 
2153 2551578 
2154 2551578 
2155 2551579 
2156 2551579 
2157 2551579 
2158 2551579 
2159 2551579 
2160 2551580 
2161 2551580 
2162 2551580 
2163 2551581 
2164 2551581 
2165 2551581 
2166 2551581 
2167 2551582 
2168 2551582 
2169 2551583 
2170 2551583 
2171 2551583 
2172 2551583 
2173 2551583 
2174 2551584 
2175 2551584 
2176 2551584 
2177 2551584 
2178 2551584 
2179 2551585 
2180 2551585 
2181 2551585 
2182 2551585 
2183 2551586 
2184 2551586 
2185 2551586 
2186 2551586 
2187 2551587 
2188 2551587 
2189 2551587 
2190 2551587 
2191 2551588 
2192 2551588 
2193 2551590 
2194 2551590 
2195 2551591 
2196 2551591 
2197 2551591 
2198 2551592 
2199 2551592 
2200 2551592 
2201 2551592 
2202 2551592 
2203 2551593 
2204 2551593 
2205 2551595 
2206 2551595 
2207 2551596 
2208 2551596 
2209 2551596 
2210 2551596 
2211 2551596 
2212 2551597 
2213 2551597 
2214 2551597 
2215 2551598 
2216 2551598 
2217 2551598 
2218 2551598 
2219 2551598 
2220 2551599 
2221 2551601 
2222 2551601 
2223 2551602 
2224 2551602 
2225 2551602 
2226 2551603 
2227 2551603 
2228 2551603 
2229 2551603 
2230 2551604 
2231 2551604 
2232 2551604 
2233 2551605 
2234 2551605 
2235 2551605 
2236 2551606 
2237 2551606 
2238 2551606 
2239 2551606 
2240 2551607 
2241 2551607 
2242 2551607 
2243 2551608 
2244 2551608 
2245 2551608 
2246 2551609 
2247 2551609 
2248 2551609 
2249 2551610 
2250 2551610 
2251 2551610 
2252 2551610 
2253 2551611 
2254 2551611 
2255 2551611 
2256 2551612 
2257 2551612 
2258 2551612 
2259 2551612 
2260 2551612 
2261 2551612 
2262 2551613 
2263 2551613 
2264 2551613 
2265 2551614 
2266 2551614 
2267 2551614 
2268 2551615 
2269 2551615 
2270 2551615 
2271 2551616 
2272 2551616 
2273 2551618 
2274 2551619 
2275 2551619 
2276 2551619 
2277 2551620 
2278 2551621 
2279 2551621 
2280 2551621 
2281 2551621 
2282 2551622 
2283 2551622 
2284 2551622 
2285 2551622 
2286 2551622 
2287 2551623 
2288 2551623 
2289 2551623 
2290 2551624 
2291 2551625 
2292 2551625 
2293 2551625 
2294 2551625 
2295 2551626 
2296 2551626 
2297 2551626 
2298 2551627 
2299 2551627 
2300 2551627 
2301 2551627 
2302 2551627 
2303 2551627 
2304 2551627 
2305 2551628 
2306 2551628 
2307 2551628 
2308 2551628 
2309 2551629 
2310 2551629 
2311 2551629 
2312 2551629 
2313 2551630 
2314 2551630 
2315 2551630 
2316 2551630 
2317 2551631 
2318 2551631 
2319 2551631 
2320 2551631 
2321 2551631 
2322 2551632 
2323 2551632 
2324 2551632 
2325 2551632 
2326 2551633 
2327 2551633 
2328 2551634 
2329 2551634 
2330 2551634 
2331 2551634 
2332 2551635 
2333 2551636 
2334 2551636 
2335 2551637 
2336 2551637 
2337 2551637 
2338 2551637 
2339 2551638 
2340 2551638 
2341 2551638 
2342 2551638 
2343 2551639 
2344 2551639 
2345 2551639 
2346 2551639 
2347 2551639 
2348 2551640 
2349 2551640 
2350 2551640 
2351 2551640 
2352 2551640 
2353 2551640 
2354 2551641 
2355 2551641 
2356 2551641 
2357 2551641 
2358 2551641 
2359 2551641 
2360 2551642 
2361 2551642 
2362 2551642 
2363 2551642 
2364 2551642 
2365 2551643 
2366 2551643 
2367 2551643 
2368 2551643 
2369 2551644 
2370 2551644 
2371 2551644 
2372 2551644 
2373 2551644 
2374 2551645 
2375 2551645 
2376 2551645 
2377 2551646 
2378 2551646 
2379 2551646 
2380 2551647 
2381 2551647 
2382 2551647 
2383 2551647 
2384 2551648 
2385 2551648 
2386 2551648 
2387 2551649 
2388 2551649 
2389 2551649 
2390 2551650 
2391 2551650 
2392 2551650 
2393 2551650 
2394 2551651 
2395 2551651 
2396 2551651 
2397 2551651 
2398 2551652 
2399 2551652 
2400 2551652 
2401 2551652 
2402 2551653 
2403 2551653 
2404 2551653 
2405 2551653 
2406 2551653 
2407 2551654 
2408 2551654 
2409 2551654 
2410 2551655 
2411 2551655 
2412 2551655 
2413 2551656 
2414 2551657 
2415 2551658 
2416 2551658 
2417 2551658 
2418 2551658 
2419 2551659 
2420 2551661 
2421 2551661 
2422 2551661 
2423 2551661 
2424 2551663 
2425 2551663 
2426 2551663 
2427 2551663 
2428 2551663 
2429 2551664 
2430 2551664 
2431 2551664 
2432 2551664 
2433 2551665 
2434 2551665 
2435 2551665 
2436 2551666 
2437 2551667 
2438 2551667 
2439 2551667 
2440 2551667 
2441 2551667 
2442 2551668 
2443 2551668 
2444 2551668 
2445 2551668 
2446 2551669 
2447 2551669 
2448 2551669 
2449 2551670 
2450 2551670 
2451 2551670 
2452 2551671 
2453 2551671 
2454 2551671 
2455 2551671 
2456 2551672 
2457 2551672 
2458 2551672 
2459 2551672 
2460 2551673 
2461 2551673 
2462 2551673 
2463 2551673 
2464 2551674 
2465 2551674 
2466 2551675 
2467 2551677 
2468 2551678 
2469 2551678 
2470 2551679 
2471 2551679 
2472 2551679 
2473 2551682 
2474 2551682 
2475 2551682 
2476 2551682 
2477 2551683 
2478 2551683 
2479 2551684 
2480 2551685 
2481 2551685 
2482 2551686 
2483 2551686 
2484 2551686 
2485 2551687 
2486 2551687 
2487 2551687 
2488 2551688 
2489 2551688 
2490 2551689 
2491 2551689 
2492 2551690 
2493 2551691 
2494 2551691 
2495 2551692 
2496 2551692 
2497 2551693 
2498 2551693 
2499 2551693 
2500 2551693 
2501 2551694 
2502 2551694 
2503 2551694 
2504 2551695 
2505 2551695 
2506 2551695 
2507 2551696 
2508 2551696 
2509 2551697 
2510 2551697 
2511 2551697 
2512 2551697 
2513 2551698 
2514 2551699 
2515 2551699 
2516 2551699 
2517 2551700 
2518 2551700 
2519 2551700 
2520 2551701 
2521 2551701 
2522 2551701 
2523 2551702 
2524 2551703 
2525 2551703 
2526 2551704 
2527 2551704 
2528 2551704 
2529 2551704 
2530 2551705 
2531 2551705 
2532 2551706 
2533 2551706 
2534 2551706 
2535 2551706 
2536 2551706 
2537 2551707 
2538 2551707 
2539 2551707 
2540 2551707 
2541 2551707 
2542 2551708 
2543 2551708 
2544 2551708 
2545 2551708 
2546 2551709 
2547 2551709 
2548 2551709 
2549 2551709 
2550 2551709 
2551 2551710 
2552 2551710 
2553 2551710 
2554 2551710 
2555 2551711 
2556 2551711 
2557 2551711 
2558 2551711 
2559 2551712 
2560 2551712 
2561 2551712 
2562 2551712 
2563 2551713 
2564 2551713 
2565 2551714 
2566 2551715 
2567 2551715 
2568 2551716 
2569 2551716 
2570 2551716 
2571 2551717 
2572 2551718 
2573 2551718 
2574 2551719 
2575 2551719 
2576 2551719 
2577 2551720 
2578 2551720 
2579 2551720 
2580 2551721 
2581 2551721 
2582 2551721 
2583 2551722 
2584 2551722 
2585 2551722 
2586 2551722 
2587 2551723 
2588 2551723 
2589 2551723 
2590 2551723 
2591 2551724 
2592 2551724 
2593 2551724 
2594 2551724 
2595 2551725 
2596 2551725 
2597 2551725 
2598 2551726 
2599 2551726 
2600 2551727 
2601 2551727 
2602 2551727 
2603 2551727 
2604 2551728 
2605 2551728 
2606 2551729 
2607 2551729 
2608 2551729 
2609 2551730 
2610 2551731 
2611 2551734 
2612 2551734 
2613 2551734 
2614 2551735 
2615 2551735 
2616 2551735 
2617 2551736 
2618 2551736 
2619 2551736 
2620 2551737 
2621 2551737 
2622 2551737 
2623 2551738 
2624 2551738 
2625 2551739 
2626 2551739 
2627 2551740 
2628 2551740 
2629 2551740 
2630 2551741 
2631 2551741 
2632 2551741 
2633 2551742 
2634 2551742 
2635 2551743 
2636 2551743 
2637 2551743 
2638 2551743 
2639 2551744 
2640 2551744 
2641 2551744 
2642 2551745 
2643 2551745 
2644 2551745 
2645 2551746 
2646 2551746 
2647 2551746 
2648 2551747 
2649 2551747 
2650 2551747 
2651 2551748 
2652 2551749 
2653 2551749 
2654 2551749 
2655 2551749 
2656 2551749 
2657 2551750 
2658 2551750 
2659 2551750 
2660 2551751 
2661 2551753 
2662 2551753 
2663 2551754 
2664 2551754 
2665 2551758 
2666 2551758 
2667 2551758 
2668 2551759 
2669 2551759 
2670 2551760 
2671 2551760 
2672 2551760 
2673 2551762 
2674 2551762 
2675 2551763 
2676 2551763 
2677 2551765 
2678 2551767 
2679 2551767 
2680 2551768 
2681 2551768 
2682 2551769 
2683 2551769 
2684 2551769 
2685 2551769 
2686 2551770 
2687 2551770 
2688 2551771 
2689 2551771 
2690 2551772 
2691 2551772 
2692 2551773 
2693 2551775 
2694 2551776 
2695 2551777 
2696 2551777 
2697 2551777 
2698 2551778 
2699 2551778 
2700 2551779 
2701 2551779 
2702 2551779 
2703 2551779 
2704 2551779 
2705 2551779 
2706 2551779 
2707 2551780 
2708 2551780 
2709 2551780 
2710 2551780 
2711 2551781 
2712 2551781 
2713 2551782 
2714 2551782 
2715 2551783 
2716 2551784 
2717 2551784 
2718 2551784 
2719 2551785 
2720 2551786 
2721 2551786 
2722 2551787 
2723 2551787 
2724 2551787 
2725 2551789 
2726 2551789 
2727 2551789 
2728 2551790 
2729 2551790 
2730 2551791 
2731 2551791 
2732 2551791 
2733 2551791 
2734 2551792 
2735 2551793 
2736 2551795 
2737 2551795 
2738 2551796 
2739 2551797 
2740 2551797 
2741 2551797 
2742 2551798 
2743 2551798 
2744 2551798 
2745 2551798 
2746 2551798 
2747 2551799 
2748 2551799 
2749 2551799 
2750 2551799 
2751 2551800 
2752 2551800 
2753 2551800 
2754 2551800 
2755 2551800 
2756 2551801 
2757 2551801 
2758 2551801 
2759 2551801 
2760 2551801 
2761 2551802 
2762 2551802 
2763 2551802 
2764 2551802 
2765 2551802 
2766 2551802 
2767 2551803 
2768 2551803 
2769 2551803 
2770 2551803 
2771 2551804 
2772 2551804 
2773 2551804 
2774 2551805 
2775 2551805 
2776 2551805 
2777 2551806 
2778 2551806 
2779 2551806 
2780 2551806 
2781 2551807 
2782 2551807 
2783 2551807 
2784 2551807 
2785 2551807 
2786 2551808 
2787 2551808 
2788 2551808 
2789 2551808 
2790 2551809 
2791 2551809 
2792 2551809 
2793 2551809 
2794 2551809 
2795 2551810 
2796 2551810 
2797 2551810 
2798 2551810 
2799 2551811 
2800 2551811 
2801 2551811 
2802 2551811 
2803 2551811 
2804 2551812 
2805 2551812 
2806 2551812 
2807 2551812 
2808 2551812 
2809 2551813 
2810 2551813 
2811 2551813 
2812 2551813 
2813 2551814 
2814 2551814 
2815 2551815 
2816 2551815 
2817 2551815 
2818 2551815 
2819 2551816 
2820 2551816 
2821 2551817 
2822 2551817 
2823 2551817 
2824 2551817 
2825 2551818 
2826 2551818 
2827 2551818 
2828 2551819 
2829 2551819 
2830 2551819 
2831 2551819 
2832 2551819 
2833 2551819 
2834 2551820 
2835 2551820 
2836 2551820 
2837 2551821 
2838 2551821 
2839 2551821 
2840 2551822 
2841 2551822 
2842 2551822 
2843 2551822 
2844 2551823 
2845 2551823 
2846 2551823 
2847 2551824 
2848 2551824 
2849 2551824 
2850 2551824 
2851 2551825 
2852 2551825 
2853 2551825 
2854 2551825 
2855 2551826 
2856 2551826 
2857 2551826 
2858 2551826 
2859 2551827 
2860 2551829 
2861 2551829 
2862 2551829 
2863 2551830 
2864 2551830 
2865 2551831 
2866 2551831 
2867 2551831 
2868 2551833 
2869 2551834 
2870 2551834 
2871 2551834 
2872 2551834 
2873 2551835 
2874 2551835 
2875 2551836 
2876 2551836 
2877 2551836 
2878 2551836 
2879 2551836 
2880 2551837 
2881 2551837 
2882 2551837 
2883 2551837 
2884 2551838 
2885 2551838 
2886 2551838 
2887 2551838 
2888 2551838 
2889 2551838 
2890 2551839 
2891 2551839 
2892 2551839 
2893 2551839 
2894 2551839 
2895 2551839 
2896 2551839 
2897 2551840 
2898 2551840 
2899 2551840 
2900 2551840 
2901 2551840 
2902 2551840 
2903 2551840 
2904 2551841 
2905 2551841 
2906 2551841 
2907 2551841 
2908 2551841 
2909 2551842 
2910 2551842 
2911 2551842 
2912 2551842 
2913 2551842 
2914 2551843 
2915 2551843 
2916 2551843 
2917 2551843 
2918 2551843 
2919 2551843 
2920 2551844 
2921 2551844 
2922 2551844 
2923 2551844 
2924 2551844 
2925 2551844 
2926 2551844 
2927 2551845 
2928 2551845 
2929 2551845 
2930 2551845 
2931 2551845 
2932 2551845 
2933 2551846 
2934 2551846 
2935 2551846 
2936 2551846 
2937 2551846 
2938 2551847 
2939 2551847 
2940 2551847 
2941 2551847 
2942 2551847 
2943 2551847 
2944 2551847 
2945 2551848 
2946 2551848 
2947 2551848 
2948 2551848 
2949 2551848 
2950 2551848 
2951 2551849 
2952 2551849 
2953 2551849 
2954 2551849 
2955 2551849 
2956 2551850 
2957 2551850 
2958 2551850 
2959 2551850 
2960 2551851 
2961 2551851 
2962 2551851 
2963 2551851 
2964 2551852 
2965 2551852 
2966 2551852 
2967 2551852 
2968 2551852 
2969 2551852 
2970 2551852 
2971 2551853 
2972 2551853 
2973 2551853 
2974 2551853 
2975 2551853 
2976 2551853 
2977 2551854 
2978 2551854 
2979 2551854 
2980 2551854 
2981 2551854 
2982 2551855 
2983 2551855 
2984 2551855 
2985 2551855 
2986 2551855 
2987 2551855 
2988 2551855 
2989 2551856 
2990 2551856 
2991 2551856 
2992 2551856 
2993 2551856 
2994 2551856 
2995 2551856 
2996 2551857 
2997 2551857 
2998 2551857 
2999 2551857 
3000 2551857 
3001 2551857 
3002 2551858 
3003 2551858 
3004 2551858 
3005 2551858 
3006 2551858 
3007 2551858 
3008 2551859 
3009 2551859 
3010 2551859 
3011 2551859 
3012 2551859 
3013 2551859 
3014 2551859 
3015 2551860 
3016 2551860 
3017 2551860 
3018 2551860 
3019 2551860 
3020 2551860 
3021 2551861 
3022 2551861 
3023 2551861 
3024 2551861 
3025 2551861 
3026 2551861 
3027 2551861 
3028 2551862 
3029 2551862 
3030 2551862 
3031 2551862 
3032 2551862 
3033 2551862 
3034 2551863 
3035 2551863 
3036 2551863 
3037 2551863 
3038 2551863 
3039 2551863 
3040 2551864 
3041 2551864 
3042 2551864 
3043 2551864 
3044 2551864 
3045 2551864 
3046 2551865 
3047 2551865 
3048 2551865 
3049 2551865 
3050 2551865 
3051 2551866 
3052 2551866 
3053 2551866 
3054 2551866 
3055 2551866 
3056 2551866 
3057 2551866 
3058 2551867 
3059 2551867 
3060 2551867 
3061 2551867 
3062 2551867 
3063 2551868 
3064 2551868 
3065 2551868 
3066 2551868 
3067 2551868 
3068 2551869 
3069 2551869 
3070 2551869 
3071 2551869 
3072 2551869 
3073 2551869 
3074 2551870 
3075 2551870 
3076 2551870 
3077 2551870 
3078 2551870 
3079 2551871 
3080 2551871 
3081 2551871 
3082 2551871 
3083 2551871 
3084 2551872 
3085 2551872 
3086 2551873 
3087 2551873 
3088 2551873 
3089 2551873 
3090 2551873 
3091 2551873 
3092 2551874 
3093 2551874 
3094 2551874 
3095 2551874 
3096 2551874 
3097 2551874 
3098 2551874 
3099 2551875 
3100 2551875 
3101 2551875 
3102 2551875 
3103 2551875 
3104 2551876 
3105 2551876 
3106 2551876 
3107 2551876 
3108 2551876 
3109 2551876 
3110 2551876 
3111 2551876 
3112 2551877 
3113 2551877 
3114 2551877 
3115 2551877 
3116 2551878 
3117 2551878 
3118 2551878 
3119 2551878 
3120 2551878 
3121 2551879 
3122 2551879 
3123 2551879 
3124 2551879 
3125 2551879 
3126 2551879 
3127 2551880 
3128 2551880 
3129 2551880 
3130 2551880 
3131 2551880 
3132 2551881 
3133 2551881 
3134 2551881 
3135 2551881 
3136 2551881 
3137 2551882 
3138 2551882 
3139 2551882 
3140 2551882 
3141 2551883 
3142 2551883 
3143 2551883 
3144 2551883 
3145 2551884 
3146 2551884 
3147 2551884 
3148 2551884 
3149 2551885 
3150 2551885 
3151 2551885 
3152 2551885 
3153 2551885 
3154 2551885 
3155 2551886 
3156 2551886 
3157 2551886 
3158 2551886 
3159 2551886 
3160 2551886 
3161 2551887 
3162 2551887 
3163 2551887 
3164 2551887 
3165 2551887 
3166 2551888 
3167 2551888 
3168 2551888 
3169 2551888 
3170 2551888 
3171 2551888 
3172 2551889 
3173 2551889 
3174 2551889 
3175 2551889 
3176 2551889 
3177 2551889 
3178 2551890 
3179 2551890 
3180 2551890 
3181 2551890 
3182 2551891 
3183 2551891 
3184 2551891 
3185 2551891 
3186 2551892 
3187 2551892 
3188 2551892 
3189 2551892 
3190 2551893 
3191 2551893 
3192 2551893 
3193 2551893 
3194 2551894 
3195 2551894 
3196 2551894 
3197 2551894 
3198 2551895 
3199 2551895 
3200 2551895 
3201 2551895 
3202 2551896 
3203 2551896 
3204 2551896 
3205 2551897 
3206 2551897 
3207 2551897 
3208 2551897 
3209 2551897 
3210 2551898 
3211 2551898 
3212 2551898 
3213 2551898 
3214 2551899 
3215 2551899 
3216 2551899 
3217 2551899 
3218 2551900 
3219 2551900 
3220 2551900 
3221 2551900 
3222 2551901 
3223 2551901 
3224 2551901 
3225 2551901 
3226 2551901 
3227 2551902 
3228 2551902 
3229 2551902 
3230 2551902 
3231 2551902 
3232 2551903 
3233 2551903 
3234 2551903 
3235 2551903 
3236 2551904 
3237 2551904 
3238 2551904 
3239 2551905 
3240 2551905 
3241 2551905 
3242 2551905 
3243 2551905 
3244 2551906 
3245 2551906 
3246 2551906 
3247 2551906 
3248 2551906 
3249 2551907 
3250 2551907 
3251 2551907 
3252 2551907 
3253 2551907 
3254 2551908 
3255 2551908 
3256 2551908 
3257 2551908 
3258 2551908 
3259 2551908 
3260 2551908 
3261 2551909 
3262 2551909 
3263 2551909 
3264 2551909 
3265 2551909 
3266 2551910 
3267 2551910 
3268 2551910 
3269 2551910 
3270 2551910 
3271 2551911 
3272 2551911 
3273 2551911 
3274 2551911 
3275 2551911 
3276 2551911 
3277 2551912 
3278 2551912 
3279 2551912 
3280 2551913 
3281 2551913 
3282 2551913 
3283 2551913 
3284 2551913 
3285 2551914 
3286 2551914 
3287 2551914 
3288 2551914 
3289 2551914 
3290 2551915 
3291 2551915 
3292 2551915 
3293 2551915 
3294 2551915 
3295 2551915 
3296 2551916 
3297 2551916 
3298 2551916 
3299 2551917 
3300 2551917 
3301 2551917 
3302 2551917 
3303 2551917 
3304 2551918 
3305 2551918 
3306 2551918 
3307 2551919 
3308 2551919 
3309 2551919 
3310 2551920 
3311 2551922 
3312 2551923 
3313 2551923 
3314 2551923 
3315 2551923 
3316 2551924 
3317 2551924 
3318 2551926 
3319 2551928 
3320 2551929 
3321 2551929 
3322 2551930 
3323 2551930 
3324 2551931 
3325 2551931 
3326 2551931 
3327 2551931 
3328 2551932 
3329 2551932 
3330 2551932 
3331 2551933 
3332 2551934 
3333 2551935 
3334 2551935 
3335 2551935 
3336 2551935 
3337 2551935 
3338 2551936 
3339 2551936 
3340 2551937 
3341 2551937 
3342 2551937 
3343 2551937 
3344 2551937 
3345 2551938 
3346 2551938 
3347 2551939 
3348 2551939 
3349 2551939 
3350 2551939 
3351 2551940 
3352 2551940 
3353 2551942 
3354 2551945 
3355 2551945 
3356 2551945 
3357 2551945 
3358 2551946 
3359 2551946 
3360 2551946 
3361 2551947 
3362 2551947 
3363 2551947 
3364 2551948 
3365 2551948 
3366 2551948 
3367 2551949 
3368 2551949 
3369 2551949 
3370 2551950 
3371 2551950 
3372 2551950 
3373 2551950 
3374 2551950 
3375 2551951 
3376 2551951 
3377 2551952 
3378 2551952 
3379 2551952 
3380 2551953 
3381 2551953 
3382 2551953 
3383 2551954 
3384 2551954 
3385 2551954 
3386 2551955 
3387 2551955 
3388 2551955 
3389 2551956 
3390 2551956 
3391 2551957 
3392 2551958 
3393 2551958 
3394 2551958 
3395 2551959 
3396 2551959 
3397 2551959 
3398 2551960 
3399 2551960 
3400 2551960 
3401 2551961 
3402 2551961 
3403 2551961 
3404 2551961 
3405 2551961 
3406 2551962 
3407 2551962 
3408 2551962 
3409 2551962 
3410 2551963 
3411 2551963 
3412 2551963 
3413 2551963 
3414 2551963 
3415 2551964 
3416 2551964 
3417 2551964 
3418 2551964 
3419 2551965 
3420 2551965 
3421 2551965 
3422 2551965 
3423 2551966 
3424 2551966 
3425 2551966 
3426 2551966 
3427 2551967 
3428 2551967 
3429 2551967 
3430 2551968 
3431 2551969 
3432 2551971 
3433 2551971 
3434 2551972 
3435 2551972 
3436 2551972 
3437 2551973 
3438 2551973 
3439 2551974 
3440 2551975 
3441 2551975 
3442 2551975 
3443 2551976 
3444 2551976 
3445 2551976 
3446 2551976 
3447 2551977 
3448 2551977 
3449 2551977 
3450 2551977 
3451 2551978 
3452 2551978 
3453 2551980 
3454 2551982 
3455 2551983 
3456 2551983 
3457 2551983 
3458 2551983 
3459 2551983 
3460 2551984 
3461 2551984 
3462 2551984 
3463 2551984 
3464 2551985 
3465 2551987 
3466 2551987 
3467 2551988 
3468 2551989 
3469 2551989 
3470 2551990 
3471 2551990 
3472 2551991 
3473 2551991 
3474 2551991 
3475 2551992 
3476 2551992 
3477 2551993 
3478 2551993 
3479 2551995 
3480 2551995 
3481 2551995 
3482 2551995 
3483 2551996 
3484 2551998 
3485 2551998 
3486 2552001 
3487 2552002 
3488 2552002 
3489 2552002 
3490 2552003 
3491 2552003 
3492 2552003 
3493 2552003 
3494 2552004 
3495 2552004 
3496 2552007 
3497 2552007 
3498 2552007 
3499 2552008 
3500 2552008 
3501 2552008 
3502 2552009 
3503 2552009 
3504 2552009 
3505 2552009 
3506 2552010 
3507 2552010 
3508 2552010 
3509 2552010 
3510 2552011 
3511 2552011 
3512 2552011 
3513 2552012 
3514 2552013 
3515 2552013 
3516 2552013 
3517 2552013 
3518 2552013 
3519 2552014 
3520 2552014 
3521 2552014 
3522 2552015 
3523 2552015 
3524 2552015 
3525 2552016 
3526 2552016 
3527 2552016 
3528 2552016 
3529 2552017 
3530 2552017 
3531 2552017 
3532 2552018 
3533 2552018 
3534 2552019 
3535 2552019 
3536 2552020 
3537 2552020 
3538 2552020 
3539 2552021 
3540 2552021 
3541 2552022 
3542 2552022 
3543 2552022 
3544 2552023 
3545 2552023 
3546 2552023 
3547 2552024 
3548 2552024 
3549 2552024 
3550 2552025 
3551 2552025 
3552 2552025 
3553 2552026 
3554 2552026 
3555 2552027 
3556 2552027 
3557 2552027 
3558 2552028 
3559 2552028 
3560 2552028 
3561 2552028 
3562 2552029 
3563 2552029 
3564 2552029 
3565 2552029 
3566 2552029 
3567 2552030 
3568 2552030 
3569 2552030 
3570 2552031 
3571 2552031 
3572 2552031 
3573 2552031 
3574 2552031 
3575 2552031 
3576 2552032 
3577 2552032 
3578 2552033 
3579 2552033 
3580 2552033 
3581 2552033 
3582 2552033 
3583 2552034 
3584 2552034 
3585 2552034 
3586 2552034 
3587 2552035 
3588 2552035 
3589 2552035 
3590 2552035 
3591 2552035 
3592 2552036 
3593 2552036 
3594 2552036 
3595 2552037 
3596 2552037 
3597 2552037 
3598 2552038 
3599 2552038 
3600 2552038 
3601 2552039 
3602 2552039 
3603 2552039 
3604 2552039 
3605 2552040 
3606 2552040 
3607 2552040 
3608 2552040 
3609 2552040 
3610 2552041 
3611 2552041 
3612 2552041 
3613 2552041 
3614 2552042 
3615 2552042 
3616 2552042 
3617 2552042 
3618 2552042 
3619 2552043 
3620 2552043 
3621 2552045 
3622 2552045 
3623 2552045 
3624 2552046 
3625 2552046 
3626 2552047 
3627 2552047 
3628 2552048 
3629 2552048 
3630 2552050 
3631 2552050 
3632 2552052 
3633 2552053 
3634 2552053 
3635 2552057 
3636 2552057 
3637 2552059 
3638 2552061 
3639 2552061 
3640 2552062 
3641 2552062 
3642 2552062 
3643 2552062 
3644 2552063 
3645 2552063 
3646 2552063 
3647 2552064 
3648 2552064 
3649 2552065 
3650 2552066 
3651 2552067 
3652 2552067 
3653 2552067 
3654 2552067 
3655 2552068 
3656 2552068 
3657 2552068 
3658 2552068 
3659 2552069 
3660 2552069 
3661 2552069 
3662 2552070 
3663 2552070 
3664 2552070 
3665 2552070 
3666 2552070 
3667 2552071 
3668 2552071 
3669 2552072 
3670 2552072 
3671 2552072 
3672 2552073 
3673 2552073 
3674 2552073 
3675 2552074 
3676 2552074 
3677 2552075 
3678 2552075 
3679 2552075 
3680 2552075 
3681 2552076 
3682 2552076 
3683 2552077 
3684 2552079 
3685 2552079 
3686 2552079 
3687 2552080 
3688 2552080 
3689 2552080 
3690 2552080 
3691 2552081 
3692 2552081 
3693 2552081 
3694 2552081 
3695 2552082 
3696 2552082 
3697 2552082 
3698 2552083 
3699 2552083 
3700 2552083 
3701 2552084 
3702 2552085 
3703 2552085 
3704 2552085 
3705 2552086 
3706 2552086 
3707 2552086 
3708 2552091 
3709 2552095 
3710 2552095 
3711 2552096 
3712 2552096 
3713 2552096 
3714 2552096 
3715 2552097 
3716 2552097 
3717 2552098 
3718 2552098 
3719 2552098 
3720 2552098 
3721 2552099 
3722 2552099 
3723 2552099 
3724 2552099 
3725 2552100 
3726 2552101 
3727 2552101 
3728 2552101 
3729 2552101 
3730 2552102 
3731 2552102 
3732 2552102 
3733 2552102 
3734 2552103 
3735 2552103 
3736 2552103 
3737 2552104 
3738 2552104 
3739 2552104 
3740 2552104 
3741 2552105 
3742 2552105 
3743 2552105 
3744 2552105 
3745 2552106 
3746 2552106 
3747 2552106 
3748 2552106 
3749 2552107 
3750 2552107 
3751 2552107 
3752 2552107 
3753 2552107 
3754 2552108 
3755 2552108 
3756 2552108 
3757 2552109 
3758 2552109 
3759 2552109 
3760 2552110 
3761 2552110 
3762 2552110 
3763 2552110 
3764 2552111 
3765 2552111 
3766 2552111 
3767 2552113 
3768 2552114 
3769 2552115 
3770 2552115 
3771 2552116 
3772 2552117 
3773 2552117 
3774 2552118 
3775 2552118 
3776 2552119 
3777 2552119 
3778 2552120 
3779 2552120 
3780 2552120 
3781 2552120 
3782 2552121 
3783 2552121 
3784 2552121 
3785 2552122 
3786 2552122 
3787 2552124 
3788 2552124 
3789 2552125 
3790 2552125 
3791 2552126 
3792 2552126 
3793 2552126 
3794 2552126 
3795 2552127 
3796 2552127 
3797 2552128 
3798 2552128 
3799 2552128 
3800 2552128 
3801 2552128 
3802 2552129 
3803 2552129 
3804 2552129 
3805 2552130 
3806 2552130 
3807 2552130 
3808 2552130 
3809 2552131 
3810 2552132 
3811 2552132 
3812 2552133 
3813 2552133 
3814 2552133 
3815 2552133 
3816 2552136 
3817 2552137 
3818 2552138 
3819 2552139 
3820 2552140 
3821 2552140 
3822 2552142 
3823 2552142 
3824 2552142 
3825 2552144 
3826 2552144 
3827 2552145 
3828 2552145 
3829 2552145 
3830 2552146 
3831 2552146 
3832 2552146 
3833 2552147 
3834 2552147 
3835 2552147 
3836 2552147 
3837 2552148 
3838 2552148 
3839 2552148 
3840 2552148 
3841 2552149 
3842 2552150 
3843 2552151 
3844 2552155 
3845 2552157 
3846 2552157 
3847 2552158 
3848 2552158 
3849 2552158 
3850 2552158 
3851 2552159 
3852 2552165 
3853 2552168 
3854 2552168 
3855 2552169 
3856 2552170 
3857 2552171 
3858 2552171 
3859 2552171 
3860 2552174 
3861 2552177 
3862 2552178 
3863 2552180 
3864 2552186 
3865 2552187 
3866 2552197 
3867 2552201 
3868 2552202 
3869 2552204 
3870 2552204 
3871 2552208 
3872 2552210 
3873 2552211 
3874 2552212 
3875 2552213 
3876 2552213 
3877 2552213 
3878 2552214 
3879 2552214 
3880 2552216 
3881 2552217 
3882 2552218 
3883 2552219 
3884 2552220 
3885 2552221 
3886 2552222 
3887 2552222 
3888 2552223 
3889 2552224 
3890 2552224 
3891 2552226 
3892 2552227 
3893 2552228 
3894 2552230 
3895 2552232 
3896 2552232 
3897 2552233 
3898 2552233 
3899 2552234 
3900 2552235 
3901 2552235 
3902 2552236 
3903 2552236 
3904 2552236 
3905 2552237 
3906 2552237 
3907 2552237 
3908 2552238 
3909 2552238 
3910 2552238 
3911 2552238 
3912 2552239 
3913 2552239 
3914 2552239 
3915 2552239 
3916 2552239 
3917 2552240 
3918 2552240 
3919 2552240 
3920 2552240 
3921 2552241 
3922 2552241 
3923 2552241 
3924 2552241 
3925 2552241 
3926 2552242 
3927 2552243 
3928 2552243 
3929 2552247 
3930 2552250 
3931 2552250 
3932 2552250 
3933 2552253 
3934 2552263 
3935 2552263 
3936 2552264 
3937 2552264 
3938 2552264 
3939 2552265 
3940 2552265 
3941 2552265 
3942 2552267 
3943 2552268 
3944 2552268 
3945 2552269 
3946 2552269 
3947 2552270 
3948 2552270 
3949 2552274 
3950 2552276 
3951 2552276 
3952 2552277 
3953 2552277 
3954 2552278 
3955 2552279 
3956 2552279 
3957 2552279 
3958 2552280 
3959 2552280 
3960 2552280 
3961 2552280 
3962 2552281 
3963 2552281 
3964 2552281 
3965 2552282 
3966 2552282 
3967 2552282 
3968 2552283 
3969 2552283 
3970 2552283 
3971 2552283 
3972 2552283 
3973 2552283 
3974 2552284 
3975 2552284 
3976 2552284 
3977 2552284 
3978 2552285 
3979 2552285 
3980 2552285 
3981 2552286 
3982 2552286 
3983 2552286 
3984 2552287 
3985 2552287 
3986 2552287 
3987 2552287 
3988 2552288 
3989 2552288 
3990 2552289 
3991 2552289 
3992 2552290 
3993 2552290 
3994 2552290 
3995 2552290 
3996 2552291 
3997 2552291 
3998 2552291 
3999 2552291 
4000 2552292 
4001 2552292 
4002 2552292 
4003 2552292 
4004 2552292 
4005 2552293 
4006 2552293 
4007 2552293 
4008 2552294 
4009 2552294 
4010 2552294 
4011 2552294 
4012 2552295 
4013 2552295 
4014 2552295 
4015 2552295 
4016 2552296 
4017 2552296 
4018 2552296 
4019 2552296 
4020 2552297 
4021 2552297 
4022 2552297 
4023 2552300 
4024 2552300 
4025 2552300 
4026 2552300 
4027 2552301 
4028 2552301 
4029 2552301 
4030 2552301 
4031 2552301 
4032 2552302 
4033 2552302 
4034 2552302 
4035 2552302 
4036 2552303 
4037 2552303 
4038 2552303 
4039 2552303 
4040 2552303 
4041 2552304 
4042 2552304 
4043 2552304 
4044 2552304 
4045 2552305 
4046 2552305 
4047 2552305 
4048 2552306 
4049 2552309 
4050 2552309 
4051 2552309 
4052 2552310 
4053 2552310 
4054 2552311 
4055 2552311 
4056 2552311 
4057 2552312 
4058 2552313 
4059 2552313 
4060 2552313 
4061 2552314 
4062 2552314 
4063 2552314 
4064 2552315 
4065 2552315 
4066 2552317 
4067 2552318 
4068 2552318 
4069 2552318 
4070 2552319 
4071 2552319 
4072 2552319 
4073 2552320 
4074 2552320 
4075 2552320 
4076 2552321 
4077 2552321 
4078 2552321 
4079 2552321 
4080 2552321 
4081 2552321 
4082 2552322 
4083 2552322 
4084 2552322 
4085 2552323 
4086 2552325 
4087 2552326 
4088 2552328 
4089 2552328 
4090 2552328 
4091 2552329 
4092 2552329 
4093 2552329 
4094 2552332 
4095 2552332 
4096 2552333 
4097 2552333 
4098 2552334 
4099 2552334 
4100 2552336 
4101 2552337 
4102 2552337 
4103 2552338 
4104 2552341 
4105 2552341 
4106 2552342 
4107 2552351 
4108 2552351 
4109 2552352 
4110 2552352 
4111 2552352 
4112 2552353 
4113 2552353 
4114 2552353 
4115 2552354 
4116 2552354 
4117 2552354 
4118 2552354 
4119 2552355 
4120 2552355 
4121 2552355 
4122 2552355 
4123 2552355 
4124 2552356 
4125 2552356 
4126 2552356 
4127 2552357 
4128 2552357 
4129 2552357 
4130 2552358 
4131 2552358 
4132 2552358 
4133 2552358 
4134 2552359 
4135 2552359 
4136 2552359 
4137 2552360 
4138 2552360 
4139 2552360 
4140 2552361 
4141 2552361 
4142 2552361 
4143 2552361 
4144 2552362 
4145 2552362 
4146 2552364 
4147 2552366 
4148 2552366 
4149 2552366 
4150 2552367 
4151 2552367 
4152 2552368 
4153 2552368 
4154 2552368 
4155 2552369 
4156 2552369 
4157 2552369 
4158 2552370 
4159 2552370 
4160 2552370 
4161 2552371 
4162 2552372 
4163 2552375 
4164 2552375 
4165 2552375 
4166 2552376 
4167 2552376 
4168 2552376 
4169 2552377 
4170 2552377 
4171 2552377 
4172 2552377 
4173 2552378 
4174 2552378 
4175 2552380 
4176 2552380 
4177 2552380 
4178 2552382 
4179 2552382 
4180 2552383 
4181 2552383 
4182 2552383 
4183 2552385 
4184 2552386 
4185 2552386 
4186 2552387 
4187 2552387 
4188 2552387 
4189 2552388 
4190 2552388 
4191 2552388 
4192 2552388 
4193 2552389 
4194 2552389 
4195 2552389 
4196 2552389 
4197 2552389 
4198 2552390 
4199 2552390 
4200 2552391 
4201 2552391 
4202 2552391 
4203 2552391 
4204 2552392 
4205 2552392 
4206 2552392 
4207 2552392 
4208 2552394 
4209 2552394 
4210 2552395 
4211 2552395 
4212 2552395 
4213 2552396 
4214 2552396 
4215 2552397 
4216 2552397 
4217 2552398 
4218 2552398 
4219 2552398 
4220 2552399 
4221 2552399 
4222 2552399 
4223 2552399 
4224 2552400 
4225 2552400 
4226 2552400 
