1 2592013 
2 2592030 
3 2592037 
4 2592044 
5 2592044 
6 2592045 
7 2592045 
8 2592046 
9 2592050 
10 2592050 
11 2592052 
12 2592052 
13 2592053 
14 2592054 
15 2592055 
16 2592056 
17 2592056 
18 2592058 
19 2592058 
20 2592058 
21 2592059 
22 2592059 
23 2592059 
24 2592059 
25 2592063 
26 2592065 
27 2592074 
28 2592075 
29 2592079 
30 2592082 
31 2592087 
32 2592087 
33 2592087 
34 2592088 
35 2592088 
36 2592088 
37 2592089 
38 2592097 
39 2592098 
40 2592102 
41 2592102 
42 2592105 
43 2592106 
44 2592106 
45 2592107 
46 2592107 
47 2592108 
48 2592108 
49 2592108 
50 2592109 
51 2592109 
52 2592109 
53 2592109 
54 2592109 
55 2592110 
56 2592110 
57 2592110 
58 2592111 
59 2592111 
60 2592111 
61 2592111 
62 2592111 
63 2592112 
64 2592112 
65 2592113 
66 2592115 
67 2592115 
68 2592116 
69 2592116 
70 2592121 
71 2592123 
72 2592123 
73 2592123 
74 2592124 
75 2592124 
76 2592125 
77 2592126 
78 2592126 
79 2592126 
80 2592133 
81 2592134 
82 2592135 
83 2592135 
84 2592139 
85 2592140 
86 2592147 
87 2592174 
88 2592174 
89 2592179 
90 2592186 
91 2592187 
92 2592187 
93 2592188 
94 2592188 
95 2592192 
96 2592193 
97 2592194 
98 2592197 
99 2592197 
100 2592201 
101 2592204 
102 2592205 
103 2592206 
104 2592207 
105 2592207 
106 2592208 
107 2592211 
108 2592211 
109 2592212 
110 2592213 
111 2592215 
112 2592216 
113 2592216 
114 2592216 
115 2592222 
116 2592224 
117 2592224 
118 2592224 
119 2592225 
120 2592225 
121 2592225 
122 2592230 
123 2592239 
124 2592241 
125 2592245 
126 2592246 
127 2592246 
128 2592254 
129 2592261 
130 2592270 
131 2592271 
132 2592276 
133 2592279 
134 2592282 
135 2592284 
136 2592287 
137 2592294 
138 2592303 
139 2592304 
140 2592305 
141 2592309 
142 2592309 
143 2592310 
144 2592310 
145 2592312 
146 2592312 
147 2592312 
148 2592316 
149 2592323 
150 2592323 
151 2592324 
152 2592332 
153 2592335 
154 2592335 
155 2592335 
156 2592337 
157 2592337 
158 2592337 
159 2592346 
160 2592346 
161 2592347 
162 2592353 
163 2592354 
164 2592356 
165 2592357 
166 2592357 
167 2592358 
168 2592358 
169 2592359 
170 2592359 
171 2592359 
172 2592363 
173 2592363 
174 2592368 
175 2592371 
176 2592371 
177 2592372 
178 2592374 
179 2592374 
180 2592379 
181 2592379 
182 2592382 
183 2592384 
184 2592384 
185 2592385 
186 2592387 
187 2592387 
188 2592388 
189 2592393 
190 2592393 
191 2592394 
192 2592396 
193 2592397 
194 2592397 
195 2592397 
196 2592398 
197 2592400 
198 2592413 
199 2592416 
200 2592416 
201 2592421 
202 2592426 
203 2592427 
204 2592428 
205 2592429 
206 2592432 
207 2592433 
208 2592436 
209 2592436 
210 2592444 
211 2592444 
212 2592448 
213 2592448 
214 2592448 
215 2592452 
216 2592460 
217 2592461 
218 2592462 
219 2592462 
220 2592462 
221 2592463 
222 2592463 
223 2592464 
224 2592466 
225 2592467 
226 2592467 
227 2592467 
228 2592468 
229 2592468 
230 2592468 
231 2592469 
232 2592469 
233 2592470 
234 2592477 
235 2592480 
236 2592482 
237 2592482 
238 2592482 
239 2592483 
240 2592485 
241 2592488 
242 2592489 
243 2592490 
244 2592497 
245 2592497 
246 2592504 
247 2592509 
248 2592509 
249 2592509 
250 2592510 
251 2592510 
252 2592510 
253 2592511 
254 2592523 
255 2592531 
256 2592531 
257 2592531 
258 2592532 
259 2592532 
260 2592532 
261 2592533 
262 2592533 
263 2592533 
264 2592534 
265 2592534 
266 2592536 
267 2592536 
268 2592539 
269 2592540 
270 2592542 
271 2592543 
272 2592546 
273 2592546 
274 2592546 
275 2592548 
276 2592548 
277 2592548 
278 2592549 
279 2592549 
280 2592552 
281 2592563 
282 2592566 
283 2592566 
284 2592568 
285 2592569 
286 2592569 
287 2592571 
288 2592571 
289 2592571 
290 2592573 
291 2592574 
292 2592577 
293 2592582 
294 2592585 
295 2592587 
296 2592588 
297 2592588 
298 2592588 
299 2592589 
300 2592589 
301 2592591 
302 2592591 
303 2592592 
304 2592592 
305 2592593 
306 2592595 
307 2592596 
308 2592599 
309 2592604 
310 2592605 
311 2592606 
312 2592606 
313 2592606 
314 2592607 
315 2592608 
316 2592613 
317 2592613 
318 2592620 
319 2592620 
320 2592622 
321 2592624 
322 2592626 
323 2592629 
324 2592632 
325 2592643 
326 2592644 
327 2592644 
328 2592645 
329 2592646 
330 2592646 
331 2592647 
332 2592647 
333 2592652 
334 2592664 
335 2592665 
336 2592665 
337 2592666 
338 2592670 
339 2592671 
340 2592671 
341 2592672 
342 2592672 
343 2592673 
344 2592673 
345 2592678 
346 2592678 
347 2592678 
348 2592679 
349 2592679 
350 2592681 
351 2592682 
352 2592683 
353 2592683 
354 2592684 
355 2592686 
356 2592690 
357 2592691 
358 2592693 
359 2592693 
360 2592694 
361 2592694 
362 2592694 
363 2592695 
364 2592695 
365 2592695 
366 2592696 
367 2592696 
368 2592699 
369 2592701 
370 2592702 
371 2592703 
372 2592714 
373 2592720 
374 2592725 
375 2592727 
376 2592727 
377 2592732 
378 2592734 
379 2592739 
380 2592751 
381 2592757 
382 2592761 
383 2592774 
384 2592774 
385 2592781 
386 2592783 
387 2592787 
388 2592800 
389 2592802 
390 2592802 
391 2592803 
392 2592803 
393 2592804 
394 2592805 
395 2592805 
396 2592805 
397 2592807 
398 2592809 
399 2592810 
400 2592810 
401 2592810 
402 2592811 
403 2592818 
404 2592818 
405 2592819 
406 2592822 
407 2592822 
408 2592823 
409 2592823 
410 2592828 
411 2592832 
412 2592832 
413 2592836 
414 2592837 
415 2592840 
416 2592843 
417 2592845 
418 2592872 
419 2592875 
420 2592875 
421 2592876 
422 2592893 
423 2592903 
424 2592905 
425 2592916 
426 2592919 
427 2592921 
428 2592921 
429 2592921 
430 2592922 
431 2592926 
432 2592928 
433 2592928 
434 2592929 
435 2592944 
436 2592948 
437 2592952 
438 2592955 
439 2592956 
440 2592959 
441 2592987 
442 2592987 
443 2592987 
444 2592991 
445 2592998 
446 2592998 
447 2593022 
448 2593035 
449 2593040 
450 2593043 
451 2593043 
452 2593055 
453 2593068 
454 2593068 
455 2593069 
456 2593070 
457 2593093 
458 2593093 
459 2593093 
460 2593102 
461 2593118 
462 2593119 
463 2593119 
464 2593120 
465 2593120 
466 2593120 
467 2593121 
468 2593121 
469 2593124 
470 2593126 
471 2593129 
472 2593129 
473 2593148 
474 2593157 
475 2593159 
476 2593161 
477 2593162 
478 2593162 
479 2593163 
480 2593163 
481 2593163 
482 2593164 
483 2593165 
484 2593166 
485 2593167 
486 2593167 
487 2593168 
488 2593168 
489 2593168 
490 2593169 
491 2593173 
492 2593176 
493 2593182 
494 2593189 
495 2593194 
496 2593194 
497 2593197 
498 2593198 
499 2593199 
500 2593200 
501 2593207 
502 2593214 
503 2593216 
504 2593216 
505 2593217 
506 2593218 
507 2593226 
508 2593226 
509 2593227 
510 2593227 
511 2593230 
512 2593231 
513 2593231 
514 2593232 
515 2593232 
516 2593232 
517 2593236 
518 2593239 
519 2593240 
520 2593240 
521 2593240 
522 2593240 
523 2593241 
524 2593241 
525 2593244 
526 2593246 
527 2593246 
528 2593247 
529 2593258 
530 2593265 
531 2593268 
532 2593268 
533 2593269 
534 2593275 
535 2593276 
536 2593280 
537 2593280 
538 2593282 
539 2593283 
540 2593283 
541 2593283 
542 2593284 
543 2593284 
544 2593285 
545 2593292 
546 2593293 
547 2593293 
548 2593297 
549 2593298 
550 2593299 
551 2593300 
552 2593312 
553 2593313 
554 2593313 
555 2593317 
556 2593318 
557 2593318 
558 2593321 
559 2593322 
560 2593327 
561 2593334 
562 2593342 
563 2593342 
564 2593343 
565 2593343 
566 2593343 
567 2593344 
568 2593344 
569 2593344 
570 2593345 
571 2593345 
572 2593345 
573 2593345 
574 2593348 
575 2593348 
576 2593350 
577 2593351 
578 2593355 
579 2593356 
580 2593356 
581 2593356 
582 2593357 
583 2593361 
584 2593368 
585 2593369 
586 2593369 
587 2593370 
588 2593370 
589 2593370 
590 2593371 
591 2593384 
592 2593384 
593 2593384 
594 2593387 
595 2593388 
596 2593388 
597 2593388 
598 2593388 
599 2593389 
600 2593389 
601 2593389 
602 2593390 
603 2593391 
604 2593391 
605 2593391 
606 2593392 
607 2593392 
608 2593408 
609 2593408 
610 2593409 
611 2593410 
612 2593413 
613 2593414 
614 2593414 
615 2593415 
616 2593415 
617 2593415 
618 2593416 
619 2593417 
620 2593419 
621 2593420 
622 2593422 
623 2593422 
624 2593429 
625 2593429 
626 2593429 
627 2593430 
628 2593430 
629 2593430 
630 2593431 
631 2593431 
632 2593433 
633 2593439 
634 2593449 
635 2593465 
636 2593465 
637 2593465 
638 2593466 
639 2593466 
640 2593468 
641 2593468 
642 2593476 
643 2593476 
644 2593477 
645 2593477 
646 2593481 
647 2593484 
648 2593491 
649 2593502 
650 2593504 
651 2593504 
652 2593505 
653 2593505 
654 2593506 
655 2593509 
656 2593515 
657 2593521 
658 2593523 
659 2593532 
660 2593538 
661 2593544 
662 2593549 
663 2593549 
664 2593551 
665 2593556 
666 2593556 
667 2593556 
668 2593561 
669 2593561 
670 2593562 
671 2593562 
672 2593564 
673 2593565 
674 2593565 
675 2593565 
676 2593566 
677 2593566 
678 2593567 
679 2593567 
680 2593567 
681 2593567 
682 2593568 
683 2593569 
684 2593569 
685 2593570 
686 2593571 
687 2593572 
688 2593573 
689 2593573 
690 2593573 
691 2593574 
692 2593574 
693 2593574 
694 2593574 
695 2593575 
696 2593575 
697 2593576 
698 2593576 
699 2593576 
700 2593577 
701 2593577 
702 2593577 
703 2593579 
704 2593581 
705 2593582 
706 2593585 
707 2593588 
708 2593589 
709 2593590 
710 2593591 
711 2593592 
712 2593592 
713 2593592 
714 2593593 
715 2593593 
716 2593593 
717 2593594 
718 2593594 
719 2593595 
720 2593600 
721 2593601 
722 2593602 
723 2593602 
724 2593602 
725 2593603 
726 2593605 
727 2593610 
728 2593611 
729 2593612 
730 2593616 
731 2593620 
732 2593622 
733 2593623 
734 2593624 
735 2593625 
736 2593625 
737 2593625 
738 2593631 
739 2593631 
740 2593632 
741 2593632 
742 2593632 
743 2593633 
744 2593633 
745 2593633 
746 2593634 
747 2593634 
748 2593634 
749 2593638 
750 2593638 
751 2593639 
752 2593639 
753 2593639 
754 2593640 
755 2593640 
756 2593641 
757 2593641 
758 2593641 
759 2593641 
760 2593641 
761 2593642 
762 2593642 
763 2593643 
764 2593643 
765 2593644 
766 2593644 
767 2593644 
768 2593644 
769 2593645 
770 2593645 
771 2593646 
772 2593646 
773 2593647 
774 2593648 
775 2593648 
776 2593648 
777 2593648 
778 2593649 
779 2593649 
780 2593649 
781 2593650 
782 2593650 
783 2593650 
784 2593651 
785 2593651 
786 2593651 
787 2593652 
788 2593652 
789 2593652 
790 2593652 
791 2593653 
792 2593653 
793 2593653 
794 2593654 
795 2593654 
796 2593654 
797 2593655 
798 2593655 
799 2593655 
800 2593655 
801 2593656 
802 2593656 
803 2593657 
804 2593657 
805 2593660 
806 2593661 
807 2593661 
808 2593662 
809 2593663 
810 2593663 
811 2593666 
812 2593669 
813 2593672 
814 2593672 
815 2593673 
816 2593673 
817 2593674 
818 2593676 
819 2593676 
820 2593676 
821 2593678 
822 2593679 
823 2593681 
824 2593682 
825 2593683 
826 2593688 
827 2593689 
828 2593695 
829 2593697 
830 2593709 
831 2593709 
832 2593711 
833 2593713 
834 2593715 
835 2593715 
836 2593717 
837 2593719 
838 2593719 
839 2593720 
840 2593722 
841 2593723 
842 2593725 
843 2593728 
844 2593729 
845 2593731 
846 2593731 
847 2593733 
848 2593733 
849 2593734 
850 2593738 
851 2593738 
852 2593738 
853 2593739 
854 2593740 
855 2593741 
856 2593741 
857 2593742 
858 2593743 
859 2593743 
860 2593744 
861 2593745 
862 2593745 
863 2593745 
864 2593745 
865 2593746 
866 2593755 
867 2593755 
868 2593755 
869 2593756 
870 2593756 
871 2593757 
872 2593757 
873 2593757 
874 2593761 
875 2593762 
876 2593774 
877 2593775 
878 2593775 
879 2593775 
880 2593776 
881 2593776 
882 2593777 
883 2593777 
884 2593780 
885 2593780 
886 2593780 
887 2593781 
888 2593793 
889 2593794 
890 2593795 
891 2593795 
892 2593797 
893 2593799 
894 2593800 
895 2593802 
896 2593803 
897 2593806 
898 2593809 
899 2593810 
900 2593812 
901 2593815 
902 2593820 
903 2593822 
904 2593824 
905 2593829 
906 2593831 
907 2593835 
908 2593837 
909 2593843 
910 2593843 
911 2593843 
912 2593849 
913 2593849 
914 2593850 
915 2593851 
916 2593857 
917 2593863 
918 2593864 
919 2593864 
920 2593866 
921 2593866 
922 2593866 
923 2593867 
924 2593867 
925 2593867 
926 2593868 
927 2593868 
928 2593869 
929 2593869 
930 2593869 
931 2593870 
932 2593880 
933 2593880 
934 2593884 
935 2593885 
936 2593885 
937 2593886 
938 2593886 
939 2593887 
940 2593888 
941 2593888 
942 2593888 
943 2593888 
944 2593889 
945 2593892 
946 2593893 
947 2593893 
948 2593894 
949 2593895 
950 2593900 
951 2593901 
952 2593903 
953 2593904 
954 2593905 
955 2593906 
956 2593906 
957 2593906 
958 2593906 
959 2593908 
960 2593912 
961 2593913 
962 2593913 
963 2593914 
964 2593914 
965 2593914 
966 2593914 
967 2593914 
968 2593918 
969 2593919 
970 2593919 
971 2593919 
972 2593920 
973 2593921 
974 2593922 
975 2593923 
976 2593925 
977 2593928 
978 2593928 
979 2593930 
980 2593930 
981 2593934 
982 2593935 
983 2593935 
984 2593937 
985 2593937 
986 2593938 
987 2593945 
988 2593947 
989 2593950 
990 2593950 
991 2593951 
992 2593951 
993 2593958 
994 2593960 
995 2593960 
996 2593961 
997 2593961 
998 2593962 
999 2593962 
1000 2593962 
1001 2593963 
1002 2593963 
1003 2593965 
1004 2593967 
1005 2593967 
1006 2593967 
1007 2593968 
1008 2593968 
1009 2593968 
1010 2593969 
1011 2593969 
1012 2593971 
1013 2593971 
1014 2593974 
1015 2593974 
1016 2593975 
1017 2593975 
1018 2593977 
1019 2593985 
1020 2593993 
1021 2593997 
1022 2594001 
1023 2594008 
1024 2594009 
1025 2594009 
1026 2594011 
1027 2594016 
1028 2594016 
1029 2594016 
1030 2594017 
1031 2594017 
1032 2594017 
1033 2594018 
1034 2594018 
1035 2594018 
1036 2594019 
1037 2594019 
1038 2594020 
1039 2594020 
1040 2594021 
1041 2594021 
1042 2594025 
1043 2594025 
1044 2594025 
1045 2594025 
1046 2594026 
1047 2594026 
1048 2594026 
1049 2594027 
1050 2594027 
1051 2594027 
1052 2594027 
1053 2594029 
1054 2594030 
1055 2594030 
1056 2594030 
1057 2594031 
1058 2594031 
1059 2594032 
1060 2594032 
1061 2594032 
1062 2594033 
1063 2594033 
1064 2594033 
1065 2594034 
1066 2594034 
1067 2594034 
1068 2594035 
1069 2594035 
1070 2594035 
1071 2594036 
1072 2594036 
1073 2594036 
1074 2594037 
1075 2594037 
1076 2594037 
1077 2594037 
1078 2594038 
1079 2594038 
1080 2594039 
1081 2594041 
1082 2594042 
1083 2594046 
1084 2594047 
1085 2594047 
1086 2594047 
1087 2594048 
1088 2594048 
1089 2594048 
1090 2594049 
1091 2594049 
1092 2594049 
1093 2594051 
1094 2594052 
1095 2594052 
1096 2594052 
1097 2594053 
1098 2594053 
1099 2594053 
1100 2594054 
1101 2594054 
1102 2594054 
1103 2594058 
1104 2594059 
1105 2594059 
1106 2594060 
1107 2594065 
1108 2594065 
1109 2594065 
1110 2594066 
1111 2594066 
1112 2594066 
1113 2594066 
1114 2594067 
1115 2594067 
1116 2594067 
1117 2594067 
1118 2594068 
1119 2594068 
1120 2594069 
1121 2594069 
1122 2594071 
1123 2594072 
1124 2594073 
1125 2594073 
1126 2594074 
1127 2594074 
1128 2594074 
1129 2594074 
1130 2594075 
1131 2594076 
1132 2594079 
1133 2594080 
1134 2594080 
1135 2594081 
1136 2594081 
1137 2594081 
1138 2594082 
1139 2594082 
1140 2594082 
1141 2594083 
1142 2594085 
1143 2594086 
1144 2594086 
1145 2594088 
1146 2594089 
1147 2594096 
1148 2594096 
1149 2594101 
1150 2594101 
1151 2594101 
1152 2594102 
1153 2594102 
1154 2594102 
1155 2594103 
1156 2594103 
1157 2594103 
1158 2594104 
1159 2594104 
1160 2594104 
1161 2594104 
1162 2594105 
1163 2594105 
1164 2594105 
1165 2594106 
1166 2594106 
1167 2594106 
1168 2594107 
1169 2594107 
1170 2594107 
1171 2594113 
1172 2594114 
1173 2594118 
1174 2594121 
1175 2594122 
1176 2594123 
1177 2594125 
1178 2594127 
1179 2594132 
1180 2594132 
1181 2594133 
1182 2594134 
1183 2594135 
1184 2594135 
1185 2594136 
1186 2594137 
1187 2594137 
1188 2594143 
1189 2594144 
1190 2594146 
1191 2594147 
1192 2594147 
1193 2594150 
1194 2594151 
1195 2594151 
1196 2594152 
1197 2594152 
1198 2594152 
1199 2594152 
1200 2594153 
1201 2594155 
1202 2594156 
1203 2594156 
1204 2594156 
1205 2594157 
1206 2594157 
1207 2594157 
1208 2594161 
1209 2594163 
1210 2594164 
1211 2594164 
1212 2594166 
1213 2594167 
1214 2594169 
1215 2594177 
1216 2594177 
1217 2594178 
1218 2594190 
1219 2594201 
1220 2594202 
1221 2594206 
1222 2594207 
1223 2594207 
1224 2594209 
1225 2594209 
1226 2594209 
1227 2594210 
1228 2594210 
1229 2594210 
1230 2594211 
1231 2594211 
1232 2594211 
1233 2594216 
1234 2594218 
1235 2594218 
1236 2594221 
1237 2594221 
1238 2594230 
1239 2594230 
1240 2594233 
1241 2594233 
1242 2594234 
1243 2594246 
1244 2594247 
1245 2594249 
1246 2594249 
1247 2594251 
1248 2594258 
1249 2594265 
1250 2594273 
1251 2594279 
1252 2594279 
1253 2594280 
1254 2594285 
1255 2594288 
1256 2594305 
1257 2594320 
1258 2594324 
1259 2594329 
1260 2594331 
1261 2594344 
1262 2594345 
1263 2594348 
1264 2594351 
1265 2594353 
1266 2594356 
1267 2594357 
1268 2594357 
1269 2594357 
1270 2594358 
1271 2594358 
1272 2594358 
1273 2594364 
1274 2594368 
1275 2594368 
1276 2594369 
1277 2594369 
1278 2594373 
1279 2594374 
1280 2594377 
1281 2594380 
1282 2594381 
1283 2594382 
1284 2594382 
1285 2594391 
1286 2594395 
1287 2594396 
1288 2594398 
1289 2594398 
1290 2594398 
1291 2594398 
1292 2594400 
1293 2594402 
1294 2594403 
1295 2594406 
1296 2594414 
1297 2594416 
1298 2594416 
1299 2594417 
1300 2594419 
1301 2594421 
1302 2594422 
1303 2594422 
1304 2594423 
1305 2594424 
1306 2594424 
1307 2594426 
1308 2594427 
1309 2594427 
1310 2594431 
1311 2594433 
1312 2594433 
1313 2594439 
1314 2594441 
1315 2594441 
1316 2594442 
1317 2594442 
1318 2594442 
1319 2594444 
1320 2594444 
1321 2594444 
1322 2594445 
1323 2594446 
1324 2594455 
1325 2594461 
1326 2594472 
1327 2594472 
1328 2594475 
1329 2594476 
1330 2594476 
1331 2594477 
1332 2594489 
1333 2594490 
1334 2594492 
1335 2594494 
1336 2594494 
1337 2594495 
1338 2594499 
1339 2594499 
1340 2594501 
1341 2594502 
1342 2594505 
1343 2594508 
1344 2594508 
1345 2594508 
1346 2594509 
1347 2594510 
1348 2594510 
1349 2594510 
1350 2594511 
1351 2594511 
1352 2594511 
1353 2594512 
1354 2594512 
1355 2594513 
1356 2594513 
1357 2594513 
1358 2594514 
1359 2594514 
1360 2594514 
1361 2594515 
1362 2594516 
1363 2594519 
1364 2594522 
1365 2594523 
1366 2594523 
1367 2594524 
1368 2594524 
1369 2594524 
1370 2594526 
1371 2594527 
1372 2594527 
1373 2594528 
1374 2594530 
1375 2594533 
1376 2594535 
1377 2594536 
1378 2594540 
1379 2594543 
1380 2594543 
1381 2594547 
1382 2594547 
1383 2594547 
1384 2594548 
1385 2594553 
1386 2594554 
1387 2594554 
1388 2594555 
1389 2594555 
1390 2594555 
1391 2594556 
1392 2594556 
1393 2594556 
1394 2594557 
1395 2594562 
1396 2594565 
1397 2594568 
1398 2594574 
1399 2594575 
1400 2594575 
1401 2594576 
1402 2594577 
1403 2594577 
1404 2594577 
1405 2594578 
1406 2594578 
1407 2594578 
1408 2594579 
1409 2594579 
1410 2594580 
1411 2594580 
1412 2594587 
1413 2594587 
1414 2594588 
1415 2594596 
1416 2594596 
1417 2594596 
1418 2594598 
1419 2594598 
1420 2594601 
1421 2594603 
1422 2594604 
1423 2594612 
1424 2594618 
1425 2594623 
1426 2594650 
1427 2594655 
1428 2594655 
1429 2594655 
1430 2594658 
1431 2594661 
1432 2594661 
1433 2594662 
1434 2594662 
1435 2594663 
1436 2594665 
1437 2594666 
1438 2594666 
1439 2594666 
1440 2594667 
1441 2594667 
1442 2594667 
1443 2594668 
1444 2594668 
1445 2594668 
1446 2594669 
1447 2594669 
1448 2594669 
1449 2594669 
1450 2594670 
1451 2594670 
1452 2594670 
1453 2594671 
1454 2594671 
1455 2594671 
1456 2594671 
1457 2594672 
1458 2594673 
1459 2594673 
1460 2594676 
1461 2594676 
1462 2594676 
1463 2594677 
1464 2594677 
1465 2594677 
1466 2594678 
1467 2594678 
1468 2594679 
1469 2594679 
1470 2594680 
1471 2594680 
1472 2594680 
1473 2594681 
1474 2594681 
1475 2594681 
1476 2594682 
1477 2594682 
1478 2594683 
1479 2594683 
1480 2594684 
1481 2594684 
1482 2594685 
1483 2594685 
1484 2594685 
1485 2594685 
1486 2594686 
1487 2594686 
1488 2594686 
1489 2594686 
1490 2594692 
1491 2594706 
1492 2594706 
1493 2594707 
1494 2594709 
1495 2594709 
1496 2594711 
1497 2594712 
1498 2594715 
1499 2594716 
1500 2594720 
1501 2594721 
1502 2594721 
1503 2594722 
1504 2594722 
1505 2594723 
1506 2594723 
1507 2594724 
1508 2594724 
1509 2594728 
1510 2594728 
1511 2594728 
1512 2594729 
1513 2594730 
1514 2594730 
1515 2594730 
1516 2594731 
1517 2594731 
1518 2594732 
1519 2594732 
1520 2594732 
1521 2594733 
1522 2594733 
1523 2594733 
1524 2594734 
1525 2594734 
1526 2594734 
1527 2594735 
1528 2594735 
1529 2594742 
1530 2594744 
1531 2594744 
1532 2594746 
1533 2594746 
1534 2594746 
1535 2594749 
1536 2594751 
1537 2594751 
1538 2594752 
1539 2594752 
1540 2594753 
1541 2594753 
1542 2594753 
1543 2594754 
1544 2594755 
1545 2594755 
1546 2594756 
1547 2594756 
1548 2594756 
1549 2594757 
1550 2594757 
1551 2594757 
1552 2594758 
1553 2594758 
1554 2594758 
1555 2594758 
1556 2594759 
1557 2594764 
1558 2594766 
1559 2594767 
1560 2594767 
1561 2594768 
1562 2594769 
1563 2594769 
1564 2594770 
1565 2594773 
1566 2594773 
1567 2594777 
1568 2594778 
1569 2594779 
1570 2594780 
1571 2594781 
1572 2594781 
1573 2594781 
1574 2594781 
1575 2594782 
1576 2594782 
1577 2594783 
1578 2594783 
1579 2594784 
1580 2594785 
1581 2594787 
1582 2594787 
1583 2594787 
1584 2594788 
1585 2594788 
1586 2594788 
1587 2594789 
1588 2594789 
1589 2594791 
1590 2594792 
1591 2594794 
1592 2594794 
1593 2594794 
1594 2594795 
1595 2594795 
1596 2594795 
1597 2594796 
1598 2594796 
1599 2594796 
1600 2594797 
1601 2594797 
1602 2594797 
1603 2594798 
1604 2594798 
1605 2594798 
1606 2594798 
1607 2594799 
1608 2594799 
1609 2594799 
1610 2594800 
1611 2594804 
1612 2594804 
1613 2594804 
1614 2594805 
1615 2594805 
1616 2594807 
1617 2594813 
1618 2594831 
1619 2594834 
1620 2594836 
1621 2594836 
1622 2594837 
1623 2594840 
1624 2594844 
1625 2594845 
1626 2594845 
1627 2594847 
1628 2594848 
1629 2594849 
1630 2594854 
1631 2594854 
1632 2594855 
1633 2594855 
1634 2594856 
1635 2594856 
1636 2594856 
1637 2594856 
1638 2594858 
1639 2594859 
1640 2594862 
1641 2594874 
1642 2594880 
1643 2594883 
1644 2594884 
1645 2594885 
1646 2594886 
1647 2594888 
1648 2594891 
1649 2594892 
1650 2594896 
1651 2594897 
1652 2594902 
1653 2594903 
1654 2594903 
1655 2594904 
1656 2594904 
1657 2594906 
1658 2594908 
1659 2594911 
1660 2594912 
1661 2594914 
1662 2594915 
1663 2594915 
1664 2594918 
1665 2594919 
1666 2594919 
1667 2594919 
1668 2594920 
1669 2594920 
1670 2594922 
1671 2594922 
1672 2594922 
1673 2594923 
1674 2594923 
1675 2594923 
1676 2594924 
1677 2594924 
1678 2594925 
1679 2594926 
1680 2594928 
1681 2594929 
1682 2594930 
1683 2594931 
1684 2594932 
1685 2594934 
1686 2594934 
1687 2594936 
1688 2594939 
1689 2594940 
1690 2594951 
1691 2594952 
1692 2594955 
1693 2594958 
1694 2594958 
1695 2594960 
1696 2594960 
1697 2594961 
1698 2594961 
1699 2594962 
1700 2594962 
1701 2594962 
1702 2594964 
1703 2594964 
1704 2594972 
1705 2594975 
1706 2594976 
1707 2594976 
1708 2594977 
1709 2594977 
1710 2594978 
1711 2594978 
1712 2594978 
1713 2594979 
1714 2594979 
1715 2594979 
1716 2594980 
1717 2594980 
1718 2594984 
1719 2594985 
1720 2594986 
1721 2594988 
1722 2594988 
1723 2594991 
1724 2594995 
1725 2594995 
1726 2594996 
1727 2594996 
1728 2594996 
1729 2594998 
1730 2594998 
1731 2594998 
1732 2594999 
1733 2595001 
1734 2595006 
1735 2595007 
1736 2595007 
1737 2595008 
1738 2595010 
1739 2595012 
1740 2595012 
1741 2595015 
1742 2595018 
1743 2595031 
1744 2595034 
1745 2595036 
1746 2595048 
1747 2595048 
1748 2595051 
1749 2595052 
1750 2595056 
1751 2595056 
1752 2595057 
1753 2595061 
1754 2595061 
1755 2595061 
1756 2595061 
1757 2595062 
1758 2595064 
1759 2595064 
1760 2595064 
1761 2595066 
1762 2595068 
1763 2595071 
1764 2595071 
1765 2595076 
1766 2595076 
1767 2595076 
1768 2595077 
1769 2595078 
1770 2595079 
1771 2595079 
1772 2595079 
1773 2595080 
1774 2595080 
1775 2595081 
1776 2595081 
1777 2595081 
1778 2595086 
1779 2595087 
1780 2595087 
1781 2595091 
1782 2595097 
1783 2595097 
1784 2595099 
1785 2595100 
1786 2595101 
1787 2595103 
1788 2595103 
1789 2595104 
1790 2595104 
1791 2595104 
1792 2595105 
1793 2595108 
1794 2595108 
1795 2595109 
1796 2595120 
1797 2595120 
1798 2595122 
1799 2595122 
1800 2595123 
1801 2595123 
1802 2595123 
1803 2595124 
1804 2595124 
1805 2595124 
1806 2595125 
1807 2595125 
1808 2595125 
1809 2595126 
1810 2595126 
1811 2595126 
1812 2595127 
1813 2595127 
1814 2595127 
1815 2595128 
1816 2595128 
1817 2595128 
1818 2595129 
1819 2595129 
1820 2595129 
1821 2595129 
1822 2595130 
1823 2595130 
1824 2595130 
1825 2595131 
1826 2595131 
1827 2595131 
1828 2595131 
1829 2595132 
1830 2595132 
1831 2595132 
1832 2595132 
1833 2595133 
1834 2595133 
1835 2595133 
1836 2595134 
1837 2595134 
1838 2595134 
1839 2595134 
1840 2595134 
1841 2595135 
1842 2595135 
1843 2595135 
1844 2595135 
1845 2595135 
1846 2595136 
1847 2595136 
1848 2595136 
1849 2595137 
1850 2595137 
1851 2595137 
1852 2595138 
1853 2595138 
1854 2595138 
1855 2595139 
1856 2595139 
1857 2595140 
1858 2595144 
1859 2595146 
1860 2595149 
1861 2595149 
1862 2595153 
1863 2595156 
1864 2595156 
1865 2595156 
1866 2595158 
1867 2595158 
1868 2595158 
1869 2595159 
1870 2595159 
1871 2595159 
1872 2595159 
1873 2595160 
1874 2595160 
1875 2595160 
1876 2595162 
1877 2595162 
1878 2595162 
1879 2595163 
1880 2595163 
1881 2595163 
1882 2595164 
1883 2595164 
1884 2595164 
1885 2595164 
1886 2595165 
1887 2595165 
1888 2595166 
1889 2595168 
1890 2595171 
1891 2595171 
1892 2595173 
1893 2595173 
1894 2595176 
1895 2595176 
1896 2595181 
1897 2595184 
1898 2595186 
1899 2595186 
1900 2595188 
1901 2595189 
1902 2595189 
1903 2595194 
1904 2595195 
1905 2595200 
1906 2595207 
1907 2595212 
1908 2595215 
1909 2595218 
1910 2595218 
1911 2595221 
1912 2595221 
1913 2595223 
1914 2595226 
1915 2595228 
1916 2595231 
1917 2595232 
1918 2595233 
1919 2595235 
1920 2595235 
1921 2595235 
1922 2595236 
1923 2595237 
1924 2595237 
1925 2595238 
1926 2595239 
1927 2595239 
1928 2595240 
1929 2595242 
1930 2595242 
1931 2595242 
1932 2595243 
1933 2595250 
1934 2595251 
1935 2595256 
1936 2595257 
1937 2595257 
1938 2595259 
1939 2595260 
1940 2595263 
1941 2595265 
1942 2595267 
1943 2595268 
1944 2595272 
1945 2595272 
1946 2595272 
1947 2595273 
1948 2595276 
1949 2595279 
1950 2595279 
1951 2595280 
1952 2595281 
1953 2595281 
1954 2595283 
1955 2595286 
1956 2595287 
1957 2595287 
1958 2595288 
1959 2595289 
1960 2595289 
1961 2595294 
1962 2595301 
1963 2595306 
1964 2595308 
1965 2595308 
1966 2595308 
1967 2595310 
1968 2595310 
1969 2595313 
1970 2595314 
1971 2595314 
1972 2595315 
1973 2595315 
1974 2595317 
1975 2595321 
1976 2595324 
1977 2595324 
1978 2595325 
1979 2595327 
1980 2595327 
1981 2595334 
1982 2595336 
1983 2595337 
1984 2595345 
1985 2595346 
1986 2595347 
1987 2595347 
1988 2595348 
1989 2595351 
1990 2595354 
1991 2595360 
1992 2595364 
1993 2595365 
1994 2595373 
1995 2595373 
1996 2595375 
1997 2595380 
1998 2595383 
1999 2595383 
2000 2595384 
2001 2595387 
2002 2595387 
2003 2595390 
2004 2595390 
2005 2595416 
2006 2595419 
2007 2595420 
2008 2595420 
2009 2595424 
2010 2595426 
2011 2595426 
2012 2595426 
2013 2595427 
2014 2595427 
2015 2595428 
2016 2595433 
2017 2595433 
2018 2595435 
2019 2595436 
2020 2595436 
2021 2595436 
2022 2595437 
2023 2595442 
2024 2595444 
2025 2595445 
2026 2595446 
2027 2595446 
2028 2595446 
2029 2595450 
2030 2595450 
2031 2595450 
2032 2595450 
2033 2595451 
2034 2595451 
2035 2595451 
2036 2595452 
2037 2595452 
2038 2595452 
2039 2595453 
2040 2595453 
2041 2595453 
2042 2595455 
2043 2595459 
2044 2595460 
2045 2595461 
2046 2595461 
2047 2595461 
2048 2595461 
2049 2595462 
2050 2595462 
2051 2595463 
2052 2595464 
2053 2595465 
2054 2595465 
2055 2595465 
2056 2595466 
2057 2595467 
2058 2595467 
2059 2595468 
2060 2595468 
2061 2595469 
2062 2595469 
2063 2595474 
2064 2595476 
2065 2595477 
2066 2595477 
2067 2595478 
2068 2595478 
2069 2595478 
2070 2595478 
2071 2595479 
2072 2595479 
2073 2595479 
2074 2595480 
2075 2595480 
2076 2595482 
2077 2595482 
2078 2595485 
2079 2595485 
2080 2595485 
2081 2595487 
2082 2595487 
2083 2595488 
2084 2595488 
2085 2595489 
2086 2595489 
2087 2595489 
2088 2595490 
2089 2595490 
2090 2595490 
2091 2595490 
2092 2595491 
2093 2595491 
2094 2595491 
2095 2595492 
2096 2595492 
2097 2595492 
2098 2595493 
2099 2595493 
2100 2595493 
2101 2595494 
2102 2595494 
2103 2595495 
2104 2595495 
2105 2595495 
2106 2595496 
2107 2595496 
2108 2595496 
2109 2595496 
2110 2595496 
2111 2595497 
2112 2595497 
2113 2595500 
2114 2595500 
2115 2595500 
2116 2595501 
2117 2595501 
2118 2595501 
2119 2595502 
2120 2595502 
2121 2595503 
2122 2595504 
2123 2595504 
2124 2595504 
2125 2595505 
2126 2595505 
2127 2595505 
2128 2595506 
2129 2595507 
2130 2595507 
2131 2595507 
2132 2595507 
2133 2595508 
2134 2595508 
2135 2595508 
2136 2595509 
2137 2595509 
2138 2595509 
2139 2595510 
2140 2595510 
2141 2595510 
2142 2595511 
2143 2595511 
2144 2595511 
2145 2595512 
2146 2595512 
2147 2595513 
2148 2595513 
2149 2595513 
2150 2595513 
2151 2595514 
2152 2595514 
2153 2595515 
2154 2595515 
2155 2595516 
2156 2595516 
2157 2595516 
2158 2595517 
2159 2595517 
2160 2595518 
2161 2595518 
2162 2595518 
2163 2595519 
2164 2595519 
2165 2595520 
2166 2595520 
2167 2595520 
2168 2595521 
2169 2595521 
2170 2595521 
2171 2595522 
2172 2595522 
2173 2595522 
2174 2595523 
2175 2595523 
2176 2595523 
2177 2595524 
2178 2595524 
2179 2595524 
2180 2595525 
2181 2595525 
2182 2595525 
2183 2595525 
2184 2595526 
2185 2595526 
2186 2595526 
2187 2595530 
2188 2595532 
2189 2595533 
2190 2595534 
2191 2595534 
2192 2595538 
2193 2595539 
2194 2595539 
2195 2595539 
2196 2595539 
2197 2595540 
2198 2595540 
2199 2595540 
2200 2595540 
2201 2595540 
2202 2595541 
2203 2595541 
2204 2595541 
2205 2595542 
2206 2595542 
2207 2595543 
2208 2595544 
2209 2595544 
2210 2595545 
2211 2595545 
2212 2595545 
2213 2595546 
2214 2595547 
2215 2595549 
2216 2595549 
2217 2595549 
2218 2595549 
2219 2595551 
2220 2595552 
2221 2595554 
2222 2595559 
2223 2595561 
2224 2595563 
2225 2595563 
2226 2595564 
2227 2595564 
2228 2595564 
2229 2595565 
2230 2595565 
2231 2595566 
2232 2595567 
2233 2595568 
2234 2595568 
2235 2595569 
2236 2595570 
2237 2595571 
2238 2595571 
2239 2595571 
2240 2595571 
2241 2595572 
2242 2595573 
2243 2595574 
2244 2595574 
2245 2595575 
2246 2595577 
2247 2595578 
2248 2595578 
2249 2595578 
2250 2595579 
2251 2595579 
2252 2595579 
2253 2595580 
2254 2595582 
2255 2595582 
2256 2595583 
2257 2595583 
2258 2595584 
2259 2595585 
2260 2595586 
2261 2595587 
2262 2595588 
2263 2595588 
2264 2595588 
2265 2595589 
2266 2595596 
2267 2595597 
2268 2595597 
2269 2595598 
2270 2595600 
