3074 0 8 0 0 3074 3074 22 1359 1611 0 623 61 29 0 3074 0 0 3074 1546 58 3074 336 0 3074 3074 0 3074 23 6 3074 3074 3074 102 0 248 566 0 3074 0 0 1026 0 37 3074 4 0 1017 2027 0 3074 3074 0 0 3074 0 0 0 2840
0 3074 700 0 0 0 0 16 0 4 0 107 66 111 10 0 0 0 0 2 39 0 280 0 0 0 0 0 194 0 0 0 0 22 0 58 0 0 0 3074 0 91 0 46 0 18 0 117 0 0 0 0 0 0 0 0 0 0 105
8 700 3074 70 1295 8 8 152 8 26 70 134 338 114 16 8 2 70 8 30 645 8 78 70 8 8 2 8 734 0 8 8 8 179 70 75 70 70 8 700 70 228 70 133 8 885 70 21 0 70 8 8 70 70 8 70 70 70 8
0 0 70 3074 0 0 0 958 0 1445 3074 1068 136 388 0 0 0 3074 0 1479 1658 0 113 3074 0 0 0 0 110 0 0 0 0 113 3074 1839 2508 3074 0 0 3074 559 3074 578 0 78 3074 0 1047 3074 0 0 3074 3074 0 3074 3074 3074 0
0 0 1295 0 3074 0 0 300 0 0 0 90 476 520 0 0 0 0 0 0 729 0 53 0 0 0 0 0 302 60 0 0 0 163 0 139 0 0 0 0 0 146 0 65 0 483 0 0 0 0 0 0 0 0 0 0 0 0 0
3074 0 8 0 0 3074 3074 22 1359 1611 0 623 61 29 0 3074 0 0 3074 1546 58 3074 336 0 3074 3074 0 3074 23 6 3074 3074 3074 102 0 248 566 0 3074 0 0 1026 0 37 3074 4 0 1017 2027 0 3074 3074 0 0 3074 0 0 0 2840
3074 0 8 0 0 3074 3074 22 1359 1611 0 623 61 29 0 3074 0 0 3074 1546 58 3074 336 0 3074 3074 0 3074 23 6 3074 3074 3074 102 0 248 566 0 3074 0 0 1026 0 37 3074 4 0 1017 2027 0 3074 3074 0 0 3074 0 0 0 2840
22 16 152 958 300 22 22 3074 45 22 958 603 169 457 329 22 28 958 22 26 127 22 39 958 22 22 28 22 226 536 22 22 22 126 958 932 392 958 22 16 958 10 958 128 22 180 958 22 22 958 22 22 958 958 22 958 958 958 32
1359 0 8 0 0 1359 1359 45 3074 0 0 538 49 59 0 1359 0 0 1359 0 79 1359 317 0 1359 1359 0 1359 0 6 1359 1359 1359 102 0 0 0 0 1359 0 0 654 0 72 1359 0 0 15 312 0 1359 1359 0 0 1359 0 0 0 1125
1611 4 26 1445 0 1611 1611 22 0 3074 1445 75 50 14 0 1611 1 1445 1611 2991 1503 1611 8 1445 1611 1611 1 1611 23 0 1611 1611 1611 113 1445 803 2011 1445 1611 4 1445 827 1445 577 1611 21 1445 1030 2658 1445 1611 1611 1445 1445 1611 1445 1445 1445 1611
0 0 70 3074 0 0 0 958 0 1445 3074 1068 136 388 0 0 0 3074 0 1479 1658 0 113 3074 0 0 0 0 110 0 0 0 0 113 3074 1839 2508 3074 0 0 3074 559 3074 578 0 78 3074 0 1047 3074 0 0 3074 3074 0 3074 3074 3074 0
623 107 134 1068 90 623 623 603 538 75 1068 3074 227 358 192 623 200 1068 623 76 139 623 434 1068 623 623 200 623 196 50 623 623 623 134 1068 836 950 1068 623 107 1068 452 1068 149 623 162 1068 240 156 1068 623 623 1068 1068 623 1068 1068 1068 644
61 66 338 136 476 61 61 169 49 50 136 227 3074 1421 98 61 129 136 61 50 232 61 98 136 61 61 129 61 739 3 61 61 61 22 136 397 155 136 61 66 136 23 136 165 61 502 136 376 60 136 61 61 136 136 61 136 136 136 63
29 111 114 388 520 29 29 457 59 14 388 358 1421 3074 208 29 100 388 29 20 103 29 82 388 29 29 100 29 747 0 29 29 29 110 388 788 350 388 29 111 388 0 388 193 29 816 388 317 9 388 29 29 388 388 29 388 388 388 29
0 10 16 0 0 0 0 329 0 0 0 192 98 208 3074 0 0 0 0 26 12 0 83 0 0 0 0 0 87 86 0 0 0 212 0 42 0 0 0 10 0 7 0 321 0 73 0 49 0 0 0 0 0 0 0 0 0 0 5
3074 0 8 0 0 3074 3074 22 1359 1611 0 623 61 29 0 3074 0 0 3074 1546 58 3074 336 0 3074 3074 0 3074 23 6 3074 3074 3074 102 0 248 566 0 3074 0 0 1026 0 37 3074 4 0 1017 2027 0 3074 3074 0 0 3074 0 0 0 2840
0 0 2 0 0 0 0 28 0 1 0 200 129 100 0 0 3074 0 0 0 38 0 387 0 0 0 3074 0 22 0 0 0 0 0 0 24 0 0 0 0 0 0 0 52 0 12 0 149 0 0 0 0 0 0 0 0 0 0 0
0 0 70 3074 0 0 0 958 0 1445 3074 1068 136 388 0 0 0 3074 0 1479 1658 0 113 3074 0 0 0 0 110 0 0 0 0 113 3074 1839 2508 3074 0 0 3074 559 3074 578 0 78 3074 0 1047 3074 0 0 3074 3074 0 3074 3074 3074 0
3074 0 8 0 0 3074 3074 22 1359 1611 0 623 61 29 0 3074 0 0 3074 1546 58 3074 336 0 3074 3074 0 3074 23 6 3074 3074 3074 102 0 248 566 0 3074 0 0 1026 0 37 3074 4 0 1017 2027 0 3074 3074 0 0 3074 0 0 0 2840
1546 2 30 1479 0 1546 1546 26 0 2991 1479 76 50 20 26 1546 0 1479 1546 3074 1537 1546 1 1479 1546 1546 0 1546 23 2 1546 1546 1546 114 1479 738 2045 1479 1546 2 1479 762 1479 577 1546 21 1479 971 2593 1479 1546 1546 1479 1479 1546 1479 1479 1479 1546
58 39 645 1658 729 58 58 127 79 1503 1658 139 232 103 12 58 38 1658 58 1537 3074 58 76 1658 58 58 38 58 298 21 58 58 58 143 1658 749 1590 1658 58 39 1658 624 1658 708 58 461 1658 80 1105 1658 58 58 1658 1658 58 1658 1658 1658 58
3074 0 8 0 0 3074 3074 22 1359 1611 0 623 61 29 0 3074 0 0 3074 1546 58 3074 336 0 3074 3074 0 3074 23 6 3074 3074 3074 102 0 248 566 0 3074 0 0 1026 0 37 3074 4 0 1017 2027 0 3074 3074 0 0 3074 0 0 0 2840
336 280 78 113 53 336 336 39 317 8 113 434 98 82 83 336 387 113 336 1 76 336 3074 113 336 336 387 336 2 8 336 336 336 989 113 28 113 113 336 280 113 391 113 7 336 132 113 80 120 113 336 336 113 113 336 113 113 113 405
0 0 70 3074 0 0 0 958 0 1445 3074 1068 136 388 0 0 0 3074 0 1479 1658 0 113 3074 0 0 0 0 110 0 0 0 0 113 3074 1839 2508 3074 0 0 3074 559 3074 578 0 78 3074 0 1047 3074 0 0 3074 3074 0 3074 3074 3074 0
3074 0 8 0 0 3074 3074 22 1359 1611 0 623 61 29 0 3074 0 0 3074 1546 58 3074 336 0 3074 3074 0 3074 23 6 3074 3074 3074 102 0 248 566 0 3074 0 0 1026 0 37 3074 4 0 1017 2027 0 3074 3074 0 0 3074 0 0 0 2840
3074 0 8 0 0 3074 3074 22 1359 1611 0 623 61 29 0 3074 0 0 3074 1546 58 3074 336 0 3074 3074 0 3074 23 6 3074 3074 3074 102 0 248 566 0 3074 0 0 1026 0 37 3074 4 0 1017 2027 0 3074 3074 0 0 3074 0 0 0 2840
0 0 2 0 0 0 0 28 0 1 0 200 129 100 0 0 3074 0 0 0 38 0 387 0 0 0 3074 0 22 0 0 0 0 0 0 24 0 0 0 0 0 0 0 52 0 12 0 149 0 0 0 0 0 0 0 0 0 0 0
3074 0 8 0 0 3074 3074 22 1359 1611 0 623 61 29 0 3074 0 0 3074 1546 58 3074 336 0 3074 3074 0 3074 23 6 3074 3074 3074 102 0 248 566 0 3074 0 0 1026 0 37 3074 4 0 1017 2027 0 3074 3074 0 0 3074 0 0 0 2840
23 194 734 110 302 23 23 226 0 23 110 196 739 747 87 23 22 110 23 23 298 23 2 110 23 23 22 23 3074 0 23 23 23 104 110 453 23 110 23 194 110 17 110 79 23 2026 110 547 23 110 23 23 110 110 23 110 110 110 43
6 0 0 0 60 6 6 536 6 0 0 50 3 0 86 6 0 0 6 2 21 6 8 0 6 6 0 6 0 3074 6 6 6 1 0 9 0 0 6 0 0 6 0 94 6 5 0 1 0 0 6 6 0 0 6 0 0 0 8
3074 0 8 0 0 3074 3074 22 1359 1611 0 623 61 29 0 3074 0 0 3074 1546 58 3074 336 0 3074 3074 0 3074 23 6 3074 3074 3074 102 0 248 566 0 3074 0 0 1026 0 37 3074 4 0 1017 2027 0 3074 3074 0 0 3074 0 0 0 2840
3074 0 8 0 0 3074 3074 22 1359 1611 0 623 61 29 0 3074 0 0 3074 1546 58 3074 336 0 3074 3074 0 3074 23 6 3074 3074 3074 102 0 248 566 0 3074 0 0 1026 0 37 3074 4 0 1017 2027 0 3074 3074 0 0 3074 0 0 0 2840
3074 0 8 0 0 3074 3074 22 1359 1611 0 623 61 29 0 3074 0 0 3074 1546 58 3074 336 0 3074 3074 0 3074 23 6 3074 3074 3074 102 0 248 566 0 3074 0 0 1026 0 37 3074 4 0 1017 2027 0 3074 3074 0 0 3074 0 0 0 2840
102 22 179 113 163 102 102 126 102 113 113 134 22 110 212 102 0 113 102 114 143 102 989 113 102 102 0 102 104 1 102 102 102 3074 113 159 113 113 102 22 113 759 113 185 102 183 113 1 113 113 102 102 113 113 102 113 113 113 100
0 0 70 3074 0 0 0 958 0 1445 3074 1068 136 388 0 0 0 3074 0 1479 1658 0 113 3074 0 0 0 0 110 0 0 0 0 113 3074 1839 2508 3074 0 0 3074 559 3074 578 0 78 3074 0 1047 3074 0 0 3074 3074 0 3074 3074 3074 0
248 58 75 1839 139 248 248 932 0 803 1839 836 397 788 42 248 24 1839 248 738 749 248 28 1839 248 248 24 248 453 9 248 248 248 159 1839 3074 1273 1839 248 58 1839 630 1839 623 248 421 1839 469 833 1839 248 248 1839 1839 248 1839 1839 1839 248
566 0 70 2508 0 566 566 392 0 2011 2508 950 155 350 0 566 0 2508 566 2045 1590 566 113 2508 566 566 0 566 23 0 566 566 566 113 2508 1273 3074 2508 566 0 2508 559 2508 578 566 21 2508 327 1613 2508 566 566 2508 2508 566 2508 2508 2508 566
0 0 70 3074 0 0 0 958 0 1445 3074 1068 136 388 0 0 0 3074 0 1479 1658 0 113 3074 0 0 0 0 110 0 0 0 0 113 3074 1839 2508 3074 0 0 3074 559 3074 578 0 78 3074 0 1047 3074 0 0 3074 3074 0 3074 3074 3074 0
3074 0 8 0 0 3074 3074 22 1359 1611 0 623 61 29 0 3074 0 0 3074 1546 58 3074 336 0 3074 3074 0 3074 23 6 3074 3074 3074 102 0 248 566 0 3074 0 0 1026 0 37 3074 4 0 1017 2027 0 3074 3074 0 0 3074 0 0 0 2840
0 3074 700 0 0 0 0 16 0 4 0 107 66 111 10 0 0 0 0 2 39 0 280 0 0 0 0 0 194 0 0 0 0 22 0 58 0 0 0 3074 0 91 0 46 0 18 0 117 0 0 0 0 0 0 0 0 0 0 105
0 0 70 3074 0 0 0 958 0 1445 3074 1068 136 388 0 0 0 3074 0 1479 1658 0 113 3074 0 0 0 0 110 0 0 0 0 113 3074 1839 2508 3074 0 0 3074 559 3074 578 0 78 3074 0 1047 3074 0 0 3074 3074 0 3074 3074 3074 0
1026 91 228 559 146 1026 1026 10 654 827 559 452 23 0 7 1026 0 559 1026 762 624 1026 391 559 1026 1026 0 1026 17 6 1026 1026 1026 759 559 630 559 559 1026 91 559 3074 559 589 1026 205 559 239 1243 559 1026 1026 559 559 1026 559 559 559 1026
0 0 70 3074 0 0 0 958 0 1445 3074 1068 136 388 0 0 0 3074 0 1479 1658 0 113 3074 0 0 0 0 110 0 0 0 0 113 3074 1839 2508 3074 0 0 3074 559 3074 578 0 78 3074 0 1047 3074 0 0 3074 3074 0 3074 3074 3074 0
37 46 133 578 65 37 37 128 72 577 578 149 165 193 321 37 52 578 37 577 708 37 7 578 37 37 52 37 79 94 37 37 37 185 578 623 578 578 37 46 578 589 578 3074 37 96 578 7 577 578 37 37 578 578 37 578 578 578 37
3074 0 8 0 0 3074 3074 22 1359 1611 0 623 61 29 0 3074 0 0 3074 1546 58 3074 336 0 3074 3074 0 3074 23 6 3074 3074 3074 102 0 248 566 0 3074 0 0 1026 0 37 3074 4 0 1017 2027 0 3074 3074 0 0 3074 0 0 0 2840
4 18 885 78 483 4 4 180 0 21 78 162 502 816 73 4 12 78 4 21 461 4 132 78 4 4 12 4 2026 5 4 4 4 183 78 421 21 78 4 18 78 205 78 96 4 3074 78 290 21 78 4 4 78 78 4 78 78 78 69
0 0 70 3074 0 0 0 958 0 1445 3074 1068 136 388 0 0 0 3074 0 1479 1658 0 113 3074 0 0 0 0 110 0 0 0 0 113 3074 1839 2508 3074 0 0 3074 559 3074 578 0 78 3074 0 1047 3074 0 0 3074 3074 0 3074 3074 3074 0
1017 117 21 0 0 1017 1017 22 15 1030 0 240 376 317 49 1017 149 0 1017 971 80 1017 80 0 1017 1017 149 1017 547 1 1017 1017 1017 1 0 469 327 0 1017 117 0 239 0 7 1017 290 0 3074 1017 0 1017 1017 0 0 1017 0 0 0 1021
2027 0 0 1047 0 2027 2027 22 312 2658 1047 156 60 9 0 2027 0 1047 2027 2593 1105 2027 120 1047 2027 2027 0 2027 23 0 2027 2027 2027 113 1047 833 1613 1047 2027 0 1047 1243 1047 577 2027 21 1047 1017 3074 1047 2027 2027 1047 1047 2027 1047 1047 1047 2027
0 0 70 3074 0 0 0 958 0 1445 3074 1068 136 388 0 0 0 3074 0 1479 1658 0 113 3074 0 0 0 0 110 0 0 0 0 113 3074 1839 2508 3074 0 0 3074 559 3074 578 0 78 3074 0 1047 3074 0 0 3074 3074 0 3074 3074 3074 0
3074 0 8 0 0 3074 3074 22 1359 1611 0 623 61 29 0 3074 0 0 3074 1546 58 3074 336 0 3074 3074 0 3074 23 6 3074 3074 3074 102 0 248 566 0 3074 0 0 1026 0 37 3074 4 0 1017 2027 0 3074 3074 0 0 3074 0 0 0 2840
3074 0 8 0 0 3074 3074 22 1359 1611 0 623 61 29 0 3074 0 0 3074 1546 58 3074 336 0 3074 3074 0 3074 23 6 3074 3074 3074 102 0 248 566 0 3074 0 0 1026 0 37 3074 4 0 1017 2027 0 3074 3074 0 0 3074 0 0 0 2840
0 0 70 3074 0 0 0 958 0 1445 3074 1068 136 388 0 0 0 3074 0 1479 1658 0 113 3074 0 0 0 0 110 0 0 0 0 113 3074 1839 2508 3074 0 0 3074 559 3074 578 0 78 3074 0 1047 3074 0 0 3074 3074 0 3074 3074 3074 0
0 0 70 3074 0 0 0 958 0 1445 3074 1068 136 388 0 0 0 3074 0 1479 1658 0 113 3074 0 0 0 0 110 0 0 0 0 113 3074 1839 2508 3074 0 0 3074 559 3074 578 0 78 3074 0 1047 3074 0 0 3074 3074 0 3074 3074 3074 0
3074 0 8 0 0 3074 3074 22 1359 1611 0 623 61 29 0 3074 0 0 3074 1546 58 3074 336 0 3074 3074 0 3074 23 6 3074 3074 3074 102 0 248 566 0 3074 0 0 1026 0 37 3074 4 0 1017 2027 0 3074 3074 0 0 3074 0 0 0 2840
0 0 70 3074 0 0 0 958 0 1445 3074 1068 136 388 0 0 0 3074 0 1479 1658 0 113 3074 0 0 0 0 110 0 0 0 0 113 3074 1839 2508 3074 0 0 3074 559 3074 578 0 78 3074 0 1047 3074 0 0 3074 3074 0 3074 3074 3074 0
0 0 70 3074 0 0 0 958 0 1445 3074 1068 136 388 0 0 0 3074 0 1479 1658 0 113 3074 0 0 0 0 110 0 0 0 0 113 3074 1839 2508 3074 0 0 3074 559 3074 578 0 78 3074 0 1047 3074 0 0 3074 3074 0 3074 3074 3074 0
0 0 70 3074 0 0 0 958 0 1445 3074 1068 136 388 0 0 0 3074 0 1479 1658 0 113 3074 0 0 0 0 110 0 0 0 0 113 3074 1839 2508 3074 0 0 3074 559 3074 578 0 78 3074 0 1047 3074 0 0 3074 3074 0 3074 3074 3074 0
2840 105 8 0 0 2840 2840 32 1125 1611 0 644 63 29 5 2840 0 0 2840 1546 58 2840 405 0 2840 2840 0 2840 43 8 2840 2840 2840 100 0 248 566 0 2840 105 0 1026 0 37 2840 69 0 1021 2027 0 2840 2840 0 0 2840 0 0 0 3074
