590 507 1 6 590 488 590 0 590 500 590 590 3 1 590 590 590 0 590 0 0 544 590 86 590 590 0 590 0 391 590 0 0 590 590 590 0 1 155 590 590 590 0 0 590 590 590 0 451 0 590 167 590 590 590 0 590 0 590
507 590 1 2 507 552 507 0 507 417 507 507 3 1 507 507 507 1 507 1 0 461 507 86 507 507 4 507 0 313 507 0 0 507 507 507 0 1 155 507 507 507 0 0 507 507 507 0 368 0 507 84 507 507 507 0 507 0 507
1 1 590 0 1 1 1 444 1 18 1 1 278 274 1 1 1 0 1 0 444 0 1 3 1 1 16 1 444 0 1 444 444 1 1 1 444 444 0 1 1 1 444 263 1 1 1 444 1 444 1 47 1 1 1 444 1 444 1
6 2 0 590 6 2 6 0 6 8 6 6 0 0 6 6 6 3 6 3 0 7 6 71 6 6 3 6 0 2 6 0 0 6 6 6 0 0 50 6 6 6 0 0 6 6 6 0 6 0 6 6 6 6 6 0 6 0 6
590 507 1 6 590 488 590 0 590 500 590 590 3 1 590 590 590 0 590 0 0 544 590 86 590 590 0 590 0 391 590 0 0 590 590 590 0 1 155 590 590 590 0 0 590 590 590 0 451 0 590 167 590 590 590 0 590 0 590
488 552 1 2 488 590 488 0 488 398 488 488 27 2 488 488 488 2 488 2 0 442 488 86 488 488 2 488 0 294 488 0 0 488 488 488 0 1 155 488 488 488 0 0 488 488 488 0 349 0 488 83 488 488 488 0 488 0 488
590 507 1 6 590 488 590 0 590 500 590 590 3 1 590 590 590 0 590 0 0 544 590 86 590 590 0 590 0 391 590 0 0 590 590 590 0 1 155 590 590 590 0 0 590 590 590 0 451 0 590 167 590 590 590 0 590 0 590
0 0 444 0 0 0 0 590 0 17 0 0 424 420 0 0 0 0 0 0 590 0 0 2 0 0 162 0 590 0 0 590 590 0 0 0 590 488 0 0 0 0 590 409 0 0 0 590 0 590 0 193 0 0 0 590 0 590 0
590 507 1 6 590 488 590 0 590 500 590 590 3 1 590 590 590 0 590 0 0 544 590 86 590 590 0 590 0 391 590 0 0 590 590 590 0 1 155 590 590 590 0 0 590 590 590 0 451 0 590 167 590 590 590 0 590 0 590
500 417 18 8 500 398 500 17 500 590 500 500 20 18 500 500 500 6 500 6 17 454 500 88 500 500 40 500 17 301 500 17 17 500 500 500 17 18 79 500 500 500 17 6 500 500 500 17 361 17 500 119 500 500 500 17 500 17 500
590 507 1 6 590 488 590 0 590 500 590 590 3 1 590 590 590 0 590 0 0 544 590 86 590 590 0 590 0 391 590 0 0 590 590 590 0 1 155 590 590 590 0 0 590 590 590 0 451 0 590 167 590 590 590 0 590 0 590
590 507 1 6 590 488 590 0 590 500 590 590 3 1 590 590 590 0 590 0 0 544 590 86 590 590 0 590 0 391 590 0 0 590 590 590 0 1 155 590 590 590 0 0 590 590 590 0 451 0 590 167 590 590 590 0 590 0 590
3 3 278 0 3 27 3 424 3 20 3 3 590 422 3 3 3 2 3 2 424 3 3 2 3 3 164 3 424 3 3 424 424 3 3 3 424 322 41 3 3 3 424 259 3 3 3 424 3 424 3 259 3 3 3 424 3 424 3
1 1 274 0 1 2 1 420 1 18 1 1 422 590 1 1 1 162 1 162 420 1 1 2 1 1 162 1 420 1 1 420 420 1 1 1 420 318 2 1 1 1 420 269 1 1 1 420 1 420 1 194 1 1 1 420 1 420 1
590 507 1 6 590 488 590 0 590 500 590 590 3 1 590 590 590 0 590 0 0 544 590 86 590 590 0 590 0 391 590 0 0 590 590 590 0 1 155 590 590 590 0 0 590 590 590 0 451 0 590 167 590 590 590 0 590 0 590
590 507 1 6 590 488 590 0 590 500 590 590 3 1 590 590 590 0 590 0 0 544 590 86 590 590 0 590 0 391 590 0 0 590 590 590 0 1 155 590 590 590 0 0 590 590 590 0 451 0 590 167 590 590 590 0 590 0 590
590 507 1 6 590 488 590 0 590 500 590 590 3 1 590 590 590 0 590 0 0 544 590 86 590 590 0 590 0 391 590 0 0 590 590 590 0 1 155 590 590 590 0 0 590 590 590 0 451 0 590 167 590 590 590 0 590 0 590
0 1 0 3 0 2 0 0 0 6 0 0 2 162 0 0 0 590 0 590 0 7 0 10 0 0 0 0 0 0 0 0 0 0 0 0 0 1 33 0 0 0 0 181 0 0 0 0 2 0 0 6 0 0 0 0 0 0 0
590 507 1 6 590 488 590 0 590 500 590 590 3 1 590 590 590 0 590 0 0 544 590 86 590 590 0 590 0 391 590 0 0 590 590 590 0 1 155 590 590 590 0 0 590 590 590 0 451 0 590 167 590 590 590 0 590 0 590
0 1 0 3 0 2 0 0 0 6 0 0 2 162 0 0 0 590 0 590 0 7 0 10 0 0 0 0 0 0 0 0 0 0 0 0 0 1 33 0 0 0 0 181 0 0 0 0 2 0 0 6 0 0 0 0 0 0 0
0 0 444 0 0 0 0 590 0 17 0 0 424 420 0 0 0 0 0 0 590 0 0 2 0 0 162 0 590 0 0 590 590 0 0 0 590 488 0 0 0 0 590 409 0 0 0 590 0 590 0 193 0 0 0 590 0 590 0
544 461 0 7 544 442 544 0 544 454 544 544 3 1 544 544 544 7 544 7 0 590 544 86 544 544 1 544 0 393 544 0 0 544 544 544 0 1 155 544 544 544 0 0 544 544 544 0 421 0 544 167 544 544 544 0 544 0 544
590 507 1 6 590 488 590 0 590 500 590 590 3 1 590 590 590 0 590 0 0 544 590 86 590 590 0 590 0 391 590 0 0 590 590 590 0 1 155 590 590 590 0 0 590 590 590 0 451 0 590 167 590 590 590 0 590 0 590
86 86 3 71 86 86 86 2 86 88 86 86 2 2 86 86 86 10 86 10 2 86 86 590 86 86 2 86 2 4 86 2 2 86 86 86 2 1 141 86 86 86 2 2 86 86 86 2 8 2 86 2 86 86 86 2 86 2 86
590 507 1 6 590 488 590 0 590 500 590 590 3 1 590 590 590 0 590 0 0 544 590 86 590 590 0 590 0 391 590 0 0 590 590 590 0 1 155 590 590 590 0 0 590 590 590 0 451 0 590 167 590 590 590 0 590 0 590
590 507 1 6 590 488 590 0 590 500 590 590 3 1 590 590 590 0 590 0 0 544 590 86 590 590 0 590 0 391 590 0 0 590 590 590 0 1 155 590 590 590 0 0 590 590 590 0 451 0 590 167 590 590 590 0 590 0 590
0 4 16 3 0 2 0 162 0 40 0 0 164 162 0 0 0 0 0 0 162 1 0 2 0 0 590 0 162 0 0 162 162 0 0 0 162 60 1 0 0 0 162 162 0 0 0 162 0 162 0 164 0 0 0 162 0 162 0
590 507 1 6 590 488 590 0 590 500 590 590 3 1 590 590 590 0 590 0 0 544 590 86 590 590 0 590 0 391 590 0 0 590 590 590 0 1 155 590 590 590 0 0 590 590 590 0 451 0 590 167 590 590 590 0 590 0 590
0 0 444 0 0 0 0 590 0 17 0 0 424 420 0 0 0 0 0 0 590 0 0 2 0 0 162 0 590 0 0 590 590 0 0 0 590 488 0 0 0 0 590 409 0 0 0 590 0 590 0 193 0 0 0 590 0 590 0
391 313 0 2 391 294 391 0 391 301 391 391 3 1 391 391 391 0 391 0 0 393 391 4 391 391 0 391 0 590 391 0 0 391 391 391 0 4 155 391 391 391 0 0 391 391 391 0 391 0 391 161 391 391 391 0 391 0 391
590 507 1 6 590 488 590 0 590 500 590 590 3 1 590 590 590 0 590 0 0 544 590 86 590 590 0 590 0 391 590 0 0 590 590 590 0 1 155 590 590 590 0 0 590 590 590 0 451 0 590 167 590 590 590 0 590 0 590
0 0 444 0 0 0 0 590 0 17 0 0 424 420 0 0 0 0 0 0 590 0 0 2 0 0 162 0 590 0 0 590 590 0 0 0 590 488 0 0 0 0 590 409 0 0 0 590 0 590 0 193 0 0 0 590 0 590 0
0 0 444 0 0 0 0 590 0 17 0 0 424 420 0 0 0 0 0 0 590 0 0 2 0 0 162 0 590 0 0 590 590 0 0 0 590 488 0 0 0 0 590 409 0 0 0 590 0 590 0 193 0 0 0 590 0 590 0
590 507 1 6 590 488 590 0 590 500 590 590 3 1 590 590 590 0 590 0 0 544 590 86 590 590 0 590 0 391 590 0 0 590 590 590 0 1 155 590 590 590 0 0 590 590 590 0 451 0 590 167 590 590 590 0 590 0 590
590 507 1 6 590 488 590 0 590 500 590 590 3 1 590 590 590 0 590 0 0 544 590 86 590 590 0 590 0 391 590 0 0 590 590 590 0 1 155 590 590 590 0 0 590 590 590 0 451 0 590 167 590 590 590 0 590 0 590
590 507 1 6 590 488 590 0 590 500 590 590 3 1 590 590 590 0 590 0 0 544 590 86 590 590 0 590 0 391 590 0 0 590 590 590 0 1 155 590 590 590 0 0 590 590 590 0 451 0 590 167 590 590 590 0 590 0 590
0 0 444 0 0 0 0 590 0 17 0 0 424 420 0 0 0 0 0 0 590 0 0 2 0 0 162 0 590 0 0 590 590 0 0 0 590 488 0 0 0 0 590 409 0 0 0 590 0 590 0 193 0 0 0 590 0 590 0
1 1 444 0 1 1 1 488 1 18 1 1 322 318 1 1 1 1 1 1 488 1 1 1 1 1 60 1 488 4 1 488 488 1 1 1 488 590 3 1 1 1 488 307 1 1 1 488 93 488 1 91 1 1 1 488 1 488 1
155 155 0 50 155 155 155 0 155 79 155 155 41 2 155 155 155 33 155 33 0 155 155 141 155 155 1 155 0 155 155 0 0 155 155 155 0 3 590 155 155 155 0 32 155 155 155 0 194 0 155 79 155 155 155 0 155 0 155
590 507 1 6 590 488 590 0 590 500 590 590 3 1 590 590 590 0 590 0 0 544 590 86 590 590 0 590 0 391 590 0 0 590 590 590 0 1 155 590 590 590 0 0 590 590 590 0 451 0 590 167 590 590 590 0 590 0 590
590 507 1 6 590 488 590 0 590 500 590 590 3 1 590 590 590 0 590 0 0 544 590 86 590 590 0 590 0 391 590 0 0 590 590 590 0 1 155 590 590 590 0 0 590 590 590 0 451 0 590 167 590 590 590 0 590 0 590
590 507 1 6 590 488 590 0 590 500 590 590 3 1 590 590 590 0 590 0 0 544 590 86 590 590 0 590 0 391 590 0 0 590 590 590 0 1 155 590 590 590 0 0 590 590 590 0 451 0 590 167 590 590 590 0 590 0 590
0 0 444 0 0 0 0 590 0 17 0 0 424 420 0 0 0 0 0 0 590 0 0 2 0 0 162 0 590 0 0 590 590 0 0 0 590 488 0 0 0 0 590 409 0 0 0 590 0 590 0 193 0 0 0 590 0 590 0
0 0 263 0 0 0 0 409 0 6 0 0 259 269 0 0 0 181 0 181 409 0 0 2 0 0 162 0 409 0 0 409 409 0 0 0 409 307 32 0 0 0 409 590 0 0 0 409 0 409 0 198 0 0 0 409 0 409 0
590 507 1 6 590 488 590 0 590 500 590 590 3 1 590 590 590 0 590 0 0 544 590 86 590 590 0 590 0 391 590 0 0 590 590 590 0 1 155 590 590 590 0 0 590 590 590 0 451 0 590 167 590 590 590 0 590 0 590
590 507 1 6 590 488 590 0 590 500 590 590 3 1 590 590 590 0 590 0 0 544 590 86 590 590 0 590 0 391 590 0 0 590 590 590 0 1 155 590 590 590 0 0 590 590 590 0 451 0 590 167 590 590 590 0 590 0 590
590 507 1 6 590 488 590 0 590 500 590 590 3 1 590 590 590 0 590 0 0 544 590 86 590 590 0 590 0 391 590 0 0 590 590 590 0 1 155 590 590 590 0 0 590 590 590 0 451 0 590 167 590 590 590 0 590 0 590
0 0 444 0 0 0 0 590 0 17 0 0 424 420 0 0 0 0 0 0 590 0 0 2 0 0 162 0 590 0 0 590 590 0 0 0 590 488 0 0 0 0 590 409 0 0 0 590 0 590 0 193 0 0 0 590 0 590 0
451 368 1 6 451 349 451 0 451 361 451 451 3 1 451 451 451 2 451 2 0 421 451 8 451 451 0 451 0 391 451 0 0 451 451 451 0 93 194 451 451 451 0 0 451 451 451 0 590 0 451 167 451 451 451 0 451 0 451
0 0 444 0 0 0 0 590 0 17 0 0 424 420 0 0 0 0 0 0 590 0 0 2 0 0 162 0 590 0 0 590 590 0 0 0 590 488 0 0 0 0 590 409 0 0 0 590 0 590 0 193 0 0 0 590 0 590 0
590 507 1 6 590 488 590 0 590 500 590 590 3 1 590 590 590 0 590 0 0 544 590 86 590 590 0 590 0 391 590 0 0 590 590 590 0 1 155 590 590 590 0 0 590 590 590 0 451 0 590 167 590 590 590 0 590 0 590
167 84 47 6 167 83 167 193 167 119 167 167 259 194 167 167 167 6 167 6 193 167 167 2 167 167 164 167 193 161 167 193 193 167 167 167 193 91 79 167 167 167 193 198 167 167 167 193 167 193 167 590 167 167 167 193 167 193 167
590 507 1 6 590 488 590 0 590 500 590 590 3 1 590 590 590 0 590 0 0 544 590 86 590 590 0 590 0 391 590 0 0 590 590 590 0 1 155 590 590 590 0 0 590 590 590 0 451 0 590 167 590 590 590 0 590 0 590
590 507 1 6 590 488 590 0 590 500 590 590 3 1 590 590 590 0 590 0 0 544 590 86 590 590 0 590 0 391 590 0 0 590 590 590 0 1 155 590 590 590 0 0 590 590 590 0 451 0 590 167 590 590 590 0 590 0 590
590 507 1 6 590 488 590 0 590 500 590 590 3 1 590 590 590 0 590 0 0 544 590 86 590 590 0 590 0 391 590 0 0 590 590 590 0 1 155 590 590 590 0 0 590 590 590 0 451 0 590 167 590 590 590 0 590 0 590
0 0 444 0 0 0 0 590 0 17 0 0 424 420 0 0 0 0 0 0 590 0 0 2 0 0 162 0 590 0 0 590 590 0 0 0 590 488 0 0 0 0 590 409 0 0 0 590 0 590 0 193 0 0 0 590 0 590 0
590 507 1 6 590 488 590 0 590 500 590 590 3 1 590 590 590 0 590 0 0 544 590 86 590 590 0 590 0 391 590 0 0 590 590 590 0 1 155 590 590 590 0 0 590 590 590 0 451 0 590 167 590 590 590 0 590 0 590
0 0 444 0 0 0 0 590 0 17 0 0 424 420 0 0 0 0 0 0 590 0 0 2 0 0 162 0 590 0 0 590 590 0 0 0 590 488 0 0 0 0 590 409 0 0 0 590 0 590 0 193 0 0 0 590 0 590 0
590 507 1 6 590 488 590 0 590 500 590 590 3 1 590 590 590 0 590 0 0 544 590 86 590 590 0 590 0 391 590 0 0 590 590 590 0 1 155 590 590 590 0 0 590 590 590 0 451 0 590 167 590 590 590 0 590 0 590
