903 510 0 703 16 703 175 703 0 703 0 634 703 0 703 543 531 0 618 703 31 703 187 703 703 615 703 674 0 703 703 703 703 703 119 0 10 656 391 0 0 0 703 105 703 703 703 519 703 0 0 0 703 0 629 259 703 0 0
510 903 287 505 293 505 462 505 0 505 287 456 505 0 505 345 333 287 505 505 16 505 23 505 505 417 505 505 287 505 505 505 505 505 95 287 297 505 379 287 287 287 505 0 505 505 505 321 505 287 287 287 505 287 431 204 505 287 287
0 287 903 0 381 0 649 0 0 0 903 0 0 0 0 0 0 903 0 0 0 0 0 0 0 0 0 0 903 0 0 0 0 0 0 903 808 0 0 903 903 903 0 598 0 0 0 0 0 903 903 903 0 903 0 244 0 903 903
703 505 0 903 16 903 175 903 0 903 0 833 903 0 903 743 731 0 752 903 14 903 91 903 903 815 903 685 0 903 903 903 903 903 125 0 10 621 398 0 0 0 903 305 903 903 903 719 903 0 0 0 903 0 829 152 903 0 0
16 293 381 16 903 16 387 16 28 16 381 17 16 9 16 29 17 381 16 16 10 16 93 16 16 17 16 16 381 16 16 16 16 16 6 381 383 16 1 381 381 381 16 76 16 16 16 112 16 381 381 381 16 381 16 0 16 381 381
703 505 0 903 16 903 175 903 0 903 0 833 903 0 903 743 731 0 752 903 14 903 91 903 903 815 903 685 0 903 903 903 903 903 125 0 10 621 398 0 0 0 903 305 903 903 903 719 903 0 0 0 903 0 829 152 903 0 0
175 462 649 175 387 175 903 175 0 175 649 175 175 0 175 175 7 649 175 175 0 175 36 175 175 91 175 175 649 175 175 175 175 175 2 649 651 175 175 649 649 649 175 344 175 175 175 175 175 649 649 649 175 649 101 7 175 649 649
703 505 0 903 16 903 175 903 0 903 0 833 903 0 903 743 731 0 752 903 14 903 91 903 903 815 903 685 0 903 903 903 903 903 125 0 10 621 398 0 0 0 903 305 903 903 903 719 903 0 0 0 903 0 829 152 903 0 0
0 0 0 0 28 0 0 0 903 0 0 0 0 0 0 0 0 0 0 0 0 0 0 0 0 41 0 0 0 0 0 0 0 0 0 0 0 0 7 0 0 0 0 0 0 0 0 0 0 0 0 0 0 0 0 0 0 0 0
703 505 0 903 16 903 175 903 0 903 0 833 903 0 903 743 731 0 752 903 14 903 91 903 903 815 903 685 0 903 903 903 903 903 125 0 10 621 398 0 0 0 903 305 903 903 903 719 903 0 0 0 903 0 829 152 903 0 0
0 287 903 0 381 0 649 0 0 0 903 0 0 0 0 0 0 903 0 0 0 0 0 0 0 0 0 0 903 0 0 0 0 0 0 903 808 0 0 903 903 903 0 598 0 0 0 0 0 903 903 903 0 903 0 244 0 903 903
634 456 0 833 17 833 175 833 0 833 0 903 833 19 833 696 661 0 703 833 15 833 85 833 833 745 833 636 0 833 833 833 833 833 107 0 10 572 342 0 0 0 833 284 833 833 833 692 833 0 0 0 833 0 759 103 833 0 0
703 505 0 903 16 903 175 903 0 903 0 833 903 0 903 743 731 0 752 903 14 903 91 903 903 815 903 685 0 903 903 903 903 903 125 0 10 621 398 0 0 0 903 305 903 903 903 719 903 0 0 0 903 0 829 152 903 0 0
0 0 0 0 9 0 0 0 0 0 0 19 0 903 0 0 0 0 0 0 0 0 0 0 0 0 0 0 0 0 0 0 0 0 0 0 0 0 0 0 0 0 0 0 0 0 0 0 0 0 0 0 0 0 30 0 0 0 0
703 505 0 903 16 903 175 903 0 903 0 833 903 0 903 743 731 0 752 903 14 903 91 903 903 815 903 685 0 903 903 903 903 903 125 0 10 621 398 0 0 0 903 305 903 903 903 719 903 0 0 0 903 0 829 152 903 0 0
543 345 0 743 29 743 175 743 0 743 0 696 743 0 743 903 571 0 592 743 48 743 92 743 743 655 743 525 0 743 743 743 743 743 79 0 10 461 314 0 0 0 743 305 743 743 743 748 743 0 0 0 743 0 669 52 743 0 0
531 333 0 731 17 731 7 731 0 731 0 661 731 0 731 571 903 0 580 731 15 731 189 731 731 756 731 513 0 731 731 731 731 731 125 0 68 449 226 0 0 0 731 305 731 731 731 547 731 0 0 0 731 0 731 152 731 0 0
0 287 903 0 381 0 649 0 0 0 903 0 0 0 0 0 0 903 0 0 0 0 0 0 0 0 0 0 903 0 0 0 0 0 0 903 808 0 0 903 903 903 0 598 0 0 0 0 0 903 903 903 0 903 0 244 0 903 903
618 505 0 752 16 752 175 752 0 752 0 703 752 0 752 592 580 0 903 752 14 752 38 752 752 664 752 665 0 752 752 752 752 752 100 0 10 621 383 0 0 0 752 154 752 752 752 568 752 0 0 0 752 0 678 152 752 0 0
703 505 0 903 16 903 175 903 0 903 0 833 903 0 903 743 731 0 752 903 14 903 91 903 903 815 903 685 0 903 903 903 903 903 125 0 10 621 398 0 0 0 903 305 903 903 903 719 903 0 0 0 903 0 829 152 903 0 0
31 16 0 14 10 14 0 14 0 14 0 15 14 0 14 48 15 0 14 14 903 14 92 14 14 15 14 42 0 14 14 14 14 14 54 0 0 15 23 0 0 0 14 0 14 14 14 68 14 0 0 0 14 0 14 12 14 0 0
703 505 0 903 16 903 175 903 0 903 0 833 903 0 903 743 731 0 752 903 14 903 91 903 903 815 903 685 0 903 903 903 903 903 125 0 10 621 398 0 0 0 903 305 903 903 903 719 903 0 0 0 903 0 829 152 903 0 0
187 23 0 91 93 91 36 91 0 91 0 85 91 0 91 92 189 0 38 91 92 91 903 91 91 116 91 102 0 91 91 91 91 91 30 0 68 127 51 0 0 0 91 60 91 91 91 227 91 0 0 0 91 0 91 205 91 0 0
703 505 0 903 16 903 175 903 0 903 0 833 903 0 903 743 731 0 752 903 14 903 91 903 903 815 903 685 0 903 903 903 903 903 125 0 10 621 398 0 0 0 903 305 903 903 903 719 903 0 0 0 903 0 829 152 903 0 0
703 505 0 903 16 903 175 903 0 903 0 833 903 0 903 743 731 0 752 903 14 903 91 903 903 815 903 685 0 903 903 903 903 903 125 0 10 621 398 0 0 0 903 305 903 903 903 719 903 0 0 0 903 0 829 152 903 0 0
615 417 0 815 17 815 91 815 41 815 0 745 815 0 815 655 756 0 664 815 15 815 116 815 815 903 815 597 0 815 815 815 815 815 125 0 4 533 310 0 0 0 815 305 815 815 815 631 815 0 0 0 815 0 815 152 815 0 0
703 505 0 903 16 903 175 903 0 903 0 833 903 0 903 743 731 0 752 903 14 903 91 903 903 815 903 685 0 903 903 903 903 903 125 0 10 621 398 0 0 0 903 305 903 903 903 719 903 0 0 0 903 0 829 152 903 0 0
674 505 0 685 16 685 175 685 0 685 0 636 685 0 685 525 513 0 665 685 42 685 102 685 685 597 685 903 0 685 685 685 685 685 111 0 10 642 388 0 0 0 685 87 685 685 685 501 685 0 0 0 685 0 611 225 685 0 0
0 287 903 0 381 0 649 0 0 0 903 0 0 0 0 0 0 903 0 0 0 0 0 0 0 0 0 0 903 0 0 0 0 0 0 903 808 0 0 903 903 903 0 598 0 0 0 0 0 903 903 903 0 903 0 244 0 903 903
703 505 0 903 16 903 175 903 0 903 0 833 903 0 903 743 731 0 752 903 14 903 91 903 903 815 903 685 0 903 903 903 903 903 125 0 10 621 398 0 0 0 903 305 903 903 903 719 903 0 0 0 903 0 829 152 903 0 0
703 505 0 903 16 903 175 903 0 903 0 833 903 0 903 743 731 0 752 903 14 903 91 903 903 815 903 685 0 903 903 903 903 903 125 0 10 621 398 0 0 0 903 305 903 903 903 719 903 0 0 0 903 0 829 152 903 0 0
703 505 0 903 16 903 175 903 0 903 0 833 903 0 903 743 731 0 752 903 14 903 91 903 903 815 903 685 0 903 903 903 903 903 125 0 10 621 398 0 0 0 903 305 903 903 903 719 903 0 0 0 903 0 829 152 903 0 0
703 505 0 903 16 903 175 903 0 903 0 833 903 0 903 743 731 0 752 903 14 903 91 903 903 815 903 685 0 903 903 903 903 903 125 0 10 621 398 0 0 0 903 305 903 903 903 719 903 0 0 0 903 0 829 152 903 0 0
703 505 0 903 16 903 175 903 0 903 0 833 903 0 903 743 731 0 752 903 14 903 91 903 903 815 903 685 0 903 903 903 903 903 125 0 10 621 398 0 0 0 903 305 903 903 903 719 903 0 0 0 903 0 829 152 903 0 0
119 95 0 125 6 125 2 125 0 125 0 107 125 0 125 79 125 0 100 125 54 125 30 125 125 125 125 111 0 125 125 125 125 125 903 0 5 105 186 0 0 0 125 32 125 125 125 84 125 0 0 0 125 0 125 20 125 0 0
0 287 903 0 381 0 649 0 0 0 903 0 0 0 0 0 0 903 0 0 0 0 0 0 0 0 0 0 903 0 0 0 0 0 0 903 808 0 0 903 903 903 0 598 0 0 0 0 0 903 903 903 0 903 0 244 0 903 903
10 297 808 10 383 10 651 10 0 10 808 10 10 0 10 10 68 808 10 10 0 10 68 10 10 4 10 10 808 10 10 10 10 10 5 808 903 10 10 808 808 808 10 503 10 10 10 10 10 808 808 808 10 808 9 149 10 808 808
656 505 0 621 16 621 175 621 0 621 0 572 621 0 621 461 449 0 621 621 15 621 127 621 621 533 621 642 0 621 621 621 621 621 105 0 10 903 379 0 0 0 621 23 621 621 621 437 621 0 0 0 621 0 547 377 621 0 0
391 379 0 398 1 398 175 398 7 398 0 342 398 0 398 314 226 0 383 398 23 398 51 398 398 310 398 388 0 398 398 398 398 398 186 0 10 379 903 0 0 0 398 19 398 398 398 288 398 0 0 0 398 0 324 143 398 0 0
0 287 903 0 381 0 649 0 0 0 903 0 0 0 0 0 0 903 0 0 0 0 0 0 0 0 0 0 903 0 0 0 0 0 0 903 808 0 0 903 903 903 0 598 0 0 0 0 0 903 903 903 0 903 0 244 0 903 903
0 287 903 0 381 0 649 0 0 0 903 0 0 0 0 0 0 903 0 0 0 0 0 0 0 0 0 0 903 0 0 0 0 0 0 903 808 0 0 903 903 903 0 598 0 0 0 0 0 903 903 903 0 903 0 244 0 903 903
0 287 903 0 381 0 649 0 0 0 903 0 0 0 0 0 0 903 0 0 0 0 0 0 0 0 0 0 903 0 0 0 0 0 0 903 808 0 0 903 903 903 0 598 0 0 0 0 0 903 903 903 0 903 0 244 0 903 903
703 505 0 903 16 903 175 903 0 903 0 833 903 0 903 743 731 0 752 903 14 903 91 903 903 815 903 685 0 903 903 903 903 903 125 0 10 621 398 0 0 0 903 305 903 903 903 719 903 0 0 0 903 0 829 152 903 0 0
105 0 598 305 76 305 344 305 0 305 598 284 305 0 305 305 305 598 154 305 0 305 60 305 305 305 305 87 598 305 305 305 305 305 32 598 503 23 19 598 598 598 305 903 305 305 305 305 305 598 598 598 305 598 305 244 305 598 598
703 505 0 903 16 903 175 903 0 903 0 833 903 0 903 743 731 0 752 903 14 903 91 903 903 815 903 685 0 903 903 903 903 903 125 0 10 621 398 0 0 0 903 305 903 903 903 719 903 0 0 0 903 0 829 152 903 0 0
703 505 0 903 16 903 175 903 0 903 0 833 903 0 903 743 731 0 752 903 14 903 91 903 903 815 903 685 0 903 903 903 903 903 125 0 10 621 398 0 0 0 903 305 903 903 903 719 903 0 0 0 903 0 829 152 903 0 0
703 505 0 903 16 903 175 903 0 903 0 833 903 0 903 743 731 0 752 903 14 903 91 903 903 815 903 685 0 903 903 903 903 903 125 0 10 621 398 0 0 0 903 305 903 903 903 719 903 0 0 0 903 0 829 152 903 0 0
519 321 0 719 112 719 175 719 0 719 0 692 719 0 719 748 547 0 568 719 68 719 227 719 719 631 719 501 0 719 719 719 719 719 84 0 10 437 288 0 0 0 719 305 719 719 719 903 719 0 0 0 719 0 645 23 719 0 0
703 505 0 903 16 903 175 903 0 903 0 833 903 0 903 743 731 0 752 903 14 903 91 903 903 815 903 685 0 903 903 903 903 903 125 0 10 621 398 0 0 0 903 305 903 903 903 719 903 0 0 0 903 0 829 152 903 0 0
0 287 903 0 381 0 649 0 0 0 903 0 0 0 0 0 0 903 0 0 0 0 0 0 0 0 0 0 903 0 0 0 0 0 0 903 808 0 0 903 903 903 0 598 0 0 0 0 0 903 903 903 0 903 0 244 0 903 903
0 287 903 0 381 0 649 0 0 0 903 0 0 0 0 0 0 903 0 0 0 0 0 0 0 0 0 0 903 0 0 0 0 0 0 903 808 0 0 903 903 903 0 598 0 0 0 0 0 903 903 903 0 903 0 244 0 903 903
0 287 903 0 381 0 649 0 0 0 903 0 0 0 0 0 0 903 0 0 0 0 0 0 0 0 0 0 903 0 0 0 0 0 0 903 808 0 0 903 903 903 0 598 0 0 0 0 0 903 903 903 0 903 0 244 0 903 903
703 505 0 903 16 903 175 903 0 903 0 833 903 0 903 743 731 0 752 903 14 903 91 903 903 815 903 685 0 903 903 903 903 903 125 0 10 621 398 0 0 0 903 305 903 903 903 719 903 0 0 0 903 0 829 152 903 0 0
0 287 903 0 381 0 649 0 0 0 903 0 0 0 0 0 0 903 0 0 0 0 0 0 0 0 0 0 903 0 0 0 0 0 0 903 808 0 0 903 903 903 0 598 0 0 0 0 0 903 903 903 0 903 0 244 0 903 903
629 431 0 829 16 829 101 829 0 829 0 759 829 30 829 669 731 0 678 829 14 829 91 829 829 815 829 611 0 829 829 829 829 829 125 0 9 547 324 0 0 0 829 305 829 829 829 645 829 0 0 0 829 0 903 152 829 0 0
259 204 244 152 0 152 7 152 0 152 244 103 152 0 152 52 152 244 152 152 12 152 205 152 152 152 152 225 244 152 152 152 152 152 20 244 149 377 143 244 244 244 152 244 152 152 152 23 152 244 244 244 152 244 152 903 152 244 244
703 505 0 903 16 903 175 903 0 903 0 833 903 0 903 743 731 0 752 903 14 903 91 903 903 815 903 685 0 903 903 903 903 903 125 0 10 621 398 0 0 0 903 305 903 903 903 719 903 0 0 0 903 0 829 152 903 0 0
0 287 903 0 381 0 649 0 0 0 903 0 0 0 0 0 0 903 0 0 0 0 0 0 0 0 0 0 903 0 0 0 0 0 0 903 808 0 0 903 903 903 0 598 0 0 0 0 0 903 903 903 0 903 0 244 0 903 903
0 287 903 0 381 0 649 0 0 0 903 0 0 0 0 0 0 903 0 0 0 0 0 0 0 0 0 0 903 0 0 0 0 0 0 903 808 0 0 903 903 903 0 598 0 0 0 0 0 903 903 903 0 903 0 244 0 903 903
