1 2779207 
2 2779218 
3 2779233 
4 2779237 
5 2779243 
6 2779244 
7 2779247 
8 2779249 
9 2779249 
10 2779249 
11 2779251 
12 2779262 
13 2779263 
14 2779376 
15 2779399 
16 2779399 
17 2779399 
18 2779400 
19 2779400 
20 2779400 
21 2779402 
22 2779402 
23 2779403 
24 2779403 
25 2779403 
26 2779404 
27 2779404 
28 2779404 
29 2779405 
30 2779405 
31 2779405 
32 2779406 
33 2779406 
34 2779406 
35 2779407 
36 2779407 
37 2779407 
38 2779408 
39 2779408 
40 2779413 
41 2779413 
42 2779414 
43 2779414 
44 2779414 
45 2779415 
46 2779415 
47 2779415 
48 2779416 
49 2779416 
50 2779417 
51 2779417 
52 2779417 
53 2779418 
54 2779418 
55 2779418 
56 2779419 
57 2779419 
58 2779419 
59 2779420 
60 2779420 
61 2779420 
62 2779421 
63 2779421 
64 2779421 
65 2779422 
66 2779422 
67 2779422 
68 2779423 
69 2779423 
70 2779423 
71 2779424 
72 2779424 
73 2779425 
74 2779425 
75 2779426 
76 2779427 
77 2779432 
78 2779433 
79 2779433 
80 2779434 
81 2779434 
82 2779434 
83 2779435 
84 2779435 
85 2779435 
86 2779443 
87 2779447 
88 2779449 
89 2779452 
90 2779457 
91 2779458 
92 2779459 
93 2779459 
94 2779460 
95 2779460 
96 2779461 
97 2779461 
98 2779461 
99 2779462 
100 2779462 
101 2779462 
102 2779463 
103 2779463 
104 2779463 
105 2779464 
106 2779464 
107 2779464 
108 2779465 
109 2779465 
110 2779466 
111 2779467 
112 2779489 
113 2779489 
114 2779498 
115 2779498 
116 2779498 
117 2779499 
118 2779499 
119 2779504 
120 2779504 
121 2779505 
122 2779505 
123 2779505 
124 2779507 
125 2779507 
126 2779508 
127 2779508 
128 2779508 
129 2779508 
130 2779509 
131 2779509 
132 2779509 
133 2779510 
134 2779510 
135 2779511 
136 2779511 
137 2779511 
138 2779512 
139 2779512 
140 2779512 
141 2779512 
142 2779513 
143 2779513 
144 2779519 
145 2779522 
146 2779522 
147 2779523 
148 2779523 
149 2779523 
150 2779530 
151 2779530 
152 2779530 
153 2779531 
154 2779531 
155 2779537 
156 2779540 
157 2779540 
158 2779549 
159 2779549 
160 2779549 
161 2779550 
162 2779550 
163 2779551 
164 2779551 
165 2779551 
166 2779552 
167 2779552 
168 2779552 
169 2779572 
170 2779573 
171 2779580 
172 2779619 
173 2779621 
174 2779624 
175 2779626 
176 2779631 
177 2779636 
178 2779636 
179 2779637 
180 2779637 
181 2779637 
182 2779638 
183 2779676 
184 2779676 
185 2779677 
186 2779677 
187 2779677 
188 2779678 
189 2779678 
190 2779679 
191 2779680 
192 2779680 
193 2779689 
194 2779693 
195 2779696 
196 2779696 
197 2779696 
198 2779697 
199 2779698 
200 2779706 
201 2779711 
202 2779716 
203 2779716 
204 2779716 
205 2779717 
206 2779718 
207 2779719 
208 2779722 
209 2779723 
210 2779726 
211 2779729 
212 2779732 
213 2779736 
214 2779744 
215 2779747 
216 2779747 
217 2779752 
218 2779752 
219 2779752 
220 2779752 
221 2779753 
222 2779755 
223 2779756 
224 2779756 
225 2779756 
226 2779757 
227 2779757 
228 2779757 
229 2779758 
230 2779758 
231 2779758 
232 2779759 
233 2779761 
234 2779767 
235 2779768 
236 2779768 
237 2779769 
238 2779770 
239 2779770 
240 2779771 
241 2779778 
242 2779781 
243 2779781 
244 2779781 
245 2779782 
246 2779782 
247 2779784 
248 2779784 
249 2779785 
250 2779787 
251 2779788 
252 2779788 
253 2779788 
254 2779789 
255 2779795 
256 2779796 
257 2779797 
258 2779805 
259 2779834 
260 2779836 
261 2779836 
262 2779841 
263 2779848 
264 2779848 
265 2779849 
266 2779849 
267 2779849 
268 2779849 
269 2779850 
270 2779850 
271 2779852 
272 2779868 
273 2779898 
274 2779906 
275 2779914 
276 2779946 
277 2779955 
278 2779973 
279 2779999 
280 2780014 
281 2780014 
282 2780026 
283 2780039 
284 2780053 
285 2780054 
286 2780056 
287 2780058 
288 2780062 
289 2780065 
290 2780067 
291 2780116 
292 2780122 
293 2780123 
294 2780126 
295 2780150 
296 2780163 
297 2780173 
298 2780177 
299 2780186 
300 2780203 
301 2780204 
302 2780204 
303 2780207 
304 2780209 
305 2780211 
306 2780214 
307 2780217 
308 2780218 
309 2780229 
310 2780231 
311 2780232 
312 2780233 
313 2780238 
314 2780238 
315 2780246 
316 2780259 
317 2780289 
318 2780293 
319 2780312 
320 2780313 
321 2780313 
322 2780314 
323 2780314 
324 2780323 
325 2780346 
326 2780347 
327 2780348 
328 2780349 
329 2780355 
330 2780367 
331 2780369 
332 2780382 
333 2780382 
334 2780386 
335 2780409 
336 2780409 
337 2780410 
338 2780410 
339 2780411 
340 2780411 
341 2780455 
342 2780469 
343 2780470 
344 2780476 
345 2780478 
346 2780479 
347 2780480 
348 2780482 
349 2780486 
350 2780493 
351 2780498 
352 2780498 
353 2780503 
354 2780504 
355 2780504 
356 2780512 
357 2780513 
358 2780513 
359 2780514 
360 2780514 
361 2780514 
362 2780514 
363 2780515 
364 2780515 
365 2780515 
366 2780516 
367 2780516 
368 2780516 
369 2780516 
370 2780517 
371 2780517 
372 2780517 
373 2780517 
374 2780518 
375 2780518 
376 2780519 
377 2780520 
378 2780520 
379 2780525 
380 2780525 
381 2780530 
382 2780576 
383 2780577 
384 2780577 
385 2780577 
386 2780578 
387 2780578 
388 2780579 
389 2780579 
390 2780579 
391 2780580 
392 2780580 
393 2780580 
394 2780581 
395 2780581 
396 2780581 
397 2780582 
398 2780582 
399 2780582 
400 2780583 
401 2780583 
402 2780583 
403 2780583 
404 2780584 
405 2780584 
406 2780584 
407 2780585 
408 2780585 
409 2780585 
410 2780585 
411 2780586 
412 2780586 
413 2780586 
414 2780587 
415 2780587 
416 2780587 
417 2780587 
418 2780600 
419 2780606 
420 2780634 
421 2780641 
422 2780661 
423 2780662 
424 2780674 
425 2780677 
426 2780678 
427 2780680 
428 2780681 
429 2780683 
430 2780684 
431 2780686 
432 2780699 
433 2780700 
434 2780703 
435 2780708 
436 2780709 
437 2780709 
438 2780709 
439 2780718 
440 2780720 
441 2780721 
442 2780730 
443 2780731 
444 2780744 
445 2780747 
446 2780751 
447 2780753 
448 2780753 
449 2780755 
450 2780757 
451 2780757 
452 2780758 
453 2780760 
454 2780763 
455 2780771 
456 2780772 
457 2780772 
458 2780773 
459 2780773 
460 2780773 
461 2780774 
462 2780774 
463 2780774 
464 2780774 
465 2780775 
466 2780775 
467 2780775 
468 2780775 
469 2780776 
470 2780780 
471 2780783 
472 2780787 
473 2780795 
474 2780806 
475 2780807 
476 2780811 
477 2780813 
478 2780817 
479 2780822 
480 2780823 
481 2780823 
482 2780823 
483 2780824 
484 2780825 
485 2780825 
486 2780825 
487 2780826 
488 2780826 
489 2780826 
490 2780830 
491 2780831 
492 2780831 
493 2780832 
494 2780832 
495 2780833 
496 2780833 
497 2780833 
498 2780834 
499 2780834 
500 2780834 
501 2780846 
502 2780852 
503 2780855 
504 2780860 
505 2780872 
506 2780873 
507 2780873 
508 2780875 
509 2780876 
510 2780882 
511 2780890 
512 2780892 
513 2780900 
514 2780906 
515 2780906 
516 2780906 
517 2780907 
518 2780907 
519 2780908 
520 2780910 
521 2780911 
522 2780911 
523 2780920 
524 2780937 
525 2780939 
526 2780941 
527 2780942 
528 2780948 
529 2780956 
530 2780959 
531 2780979 
532 2780981 
533 2780981 
534 2780981 
535 2780982 
536 2780983 
537 2780985 
538 2780988 
539 2780988 
540 2780993 
541 2780994 
542 2780997 
543 2780997 
544 2780998 
545 2780999 
546 2781000 
547 2781002 
548 2781002 
549 2781003 
550 2781017 
551 2781019 
552 2781021 
553 2781023 
554 2781024 
555 2781029 
556 2781036 
557 2781037 
558 2781043 
559 2781046 
560 2781049 
561 2781049 
562 2781049 
563 2781049 
564 2781050 
565 2781053 
566 2781054 
567 2781055 
568 2781055 
569 2781056 
570 2781056 
571 2781057 
572 2781057 
573 2781057 
574 2781058 
575 2781058 
576 2781058 
577 2781059 
578 2781059 
579 2781060 
580 2781060 
581 2781061 
582 2781062 
583 2781066 
584 2781066 
585 2781067 
586 2781067 
587 2781068 
588 2781068 
589 2781069 
590 2781070 
591 2781071 
592 2781071 
593 2781071 
594 2781071 
595 2781071 
596 2781072 
597 2781074 
598 2781080 
599 2781081 
600 2781082 
601 2781083 
602 2781083 
603 2781083 
604 2781084 
605 2781084 
606 2781084 
607 2781084 
608 2781085 
609 2781085 
610 2781085 
611 2781086 
612 2781086 
613 2781086 
614 2781086 
615 2781087 
616 2781087 
617 2781087 
618 2781087 
619 2781088 
620 2781088 
621 2781088 
622 2781088 
623 2781089 
624 2781089 
625 2781089 
626 2781089 
627 2781090 
628 2781090 
629 2781090 
630 2781090 
631 2781091 
632 2781091 
633 2781091 
634 2781092 
635 2781092 
636 2781092 
637 2781092 
638 2781092 
639 2781093 
640 2781093 
641 2781093 
642 2781093 
643 2781093 
644 2781094 
645 2781094 
646 2781094 
647 2781095 
648 2781095 
649 2781095 
650 2781096 
651 2781096 
652 2781097 
653 2781098 
654 2781098 
655 2781098 
656 2781099 
657 2781099 
658 2781099 
659 2781100 
660 2781100 
661 2781100 
662 2781101 
663 2781106 
664 2781106 
665 2781107 
666 2781107 
667 2781107 
668 2781108 
669 2781109 
670 2781109 
671 2781109 
672 2781110 
673 2781111 
674 2781112 
675 2781113 
676 2781113 
677 2781115 
678 2781115 
679 2781117 
680 2781126 
681 2781128 
682 2781130 
683 2781130 
684 2781133 
685 2781137 
686 2781137 
687 2781138 
688 2781138 
689 2781138 
690 2781145 
691 2781146 
692 2781148 
693 2781153 
694 2781153 
695 2781155 
696 2781161 
697 2781166 
698 2781184 
699 2781187 
700 2781192 
701 2781196 
702 2781198 
703 2781198 
704 2781199 
705 2781200 
706 2781202 
707 2781203 
708 2781207 
709 2781208 
710 2781211 
711 2781213 
712 2781215 
713 2781217 
714 2781217 
715 2781217 
716 2781218 
717 2781218 
718 2781220 
719 2781220 
720 2781220 
721 2781221 
722 2781221 
723 2781222 
724 2781222 
725 2781222 
726 2781223 
727 2781227 
728 2781228 
729 2781229 
730 2781229 
731 2781237 
732 2781241 
733 2781241 
734 2781242 
735 2781242 
736 2781242 
737 2781243 
738 2781245 
739 2781249 
740 2781249 
741 2781250 
742 2781252 
743 2781261 
744 2781267 
745 2781271 
746 2781276 
747 2781276 
748 2781278 
749 2781280 
750 2781281 
751 2781281 
752 2781283 
753 2781284 
754 2781284 
755 2781288 
756 2781288 
757 2781289 
758 2781291 
759 2781294 
760 2781295 
761 2781296 
762 2781296 
763 2781296 
764 2781297 
765 2781297 
766 2781297 
767 2781298 
768 2781299 
769 2781299 
770 2781302 
771 2781303 
772 2781309 
773 2781320 
774 2781320 
775 2781321 
776 2781321 
777 2781322 
778 2781322 
779 2781323 
780 2781323 
781 2781325 
782 2781326 
783 2781327 
784 2781327 
785 2781327 
786 2781328 
787 2781328 
788 2781328 
789 2781329 
790 2781329 
791 2781330 
792 2781330 
793 2781330 
794 2781331 
795 2781332 
796 2781332 
797 2781333 
798 2781333 
799 2781333 
800 2781334 
801 2781335 
802 2781336 
803 2781338 
804 2781340 
805 2781341 
806 2781346 
807 2781347 
808 2781352 
809 2781355 
810 2781355 
811 2781356 
812 2781356 
813 2781356 
814 2781357 
815 2781357 
816 2781367 
817 2781371 
818 2781373 
819 2781378 
820 2781383 
821 2781388 
822 2781388 
823 2781393 
824 2781393 
825 2781393 
826 2781394 
827 2781394 
828 2781394 
829 2781395 
830 2781395 
831 2781395 
832 2781396 
833 2781396 
834 2781396 
835 2781397 
836 2781397 
837 2781397 
838 2781399 
839 2781401 
840 2781403 
841 2781409 
842 2781409 
843 2781419 
844 2781419 
845 2781419 
846 2781420 
847 2781420 
848 2781421 
849 2781421 
850 2781421 
851 2781422 
852 2781422 
853 2781428 
854 2781431 
855 2781431 
856 2781432 
857 2781432 
858 2781433 
859 2781434 
860 2781435 
861 2781436 
862 2781436 
863 2781436 
864 2781445 
865 2781445 
866 2781445 
867 2781446 
868 2781449 
869 2781450 
870 2781450 
871 2781450 
872 2781450 
873 2781451 
874 2781452 
875 2781452 
876 2781453 
877 2781453 
878 2781454 
879 2781454 
880 2781454 
881 2781455 
882 2781455 
883 2781455 
884 2781456 
885 2781456 
886 2781456 
887 2781457 
888 2781458 
889 2781459 
890 2781472 
891 2781474 
892 2781475 
893 2781482 
894 2781486 
895 2781487 
896 2781497 
897 2781504 
898 2781507 
899 2781508 
900 2781508 
901 2781508 
902 2781509 
903 2781509 
904 2781509 
905 2781510 
906 2781510 
907 2781511 
908 2781512 
909 2781517 
910 2781539 
911 2781542 
912 2781542 
913 2781545 
914 2781551 
915 2781551 
916 2781552 
917 2781553 
918 2781553 
919 2781553 
920 2781554 
921 2781554 
922 2781554 
923 2781557 
924 2781557 
925 2781558 
926 2781558 
927 2781559 
928 2781559 
929 2781560 
930 2781560 
931 2781560 
932 2781560 
933 2781561 
934 2781561 
935 2781562 
936 2781562 
937 2781562 
938 2781562 
939 2781563 
940 2781569 
941 2781571 
942 2781571 
943 2781574 
944 2781576 
945 2781578 
946 2781579 
947 2781580 
948 2781581 
949 2781582 
950 2781585 
951 2781586 
952 2781588 
953 2781589 
954 2781590 
955 2781591 
956 2781592 
957 2781597 
958 2781602 
959 2781610 
960 2781611 
961 2781614 
962 2781616 
963 2781619 
964 2781620 
965 2781620 
966 2781622 
967 2781623 
968 2781625 
969 2781625 
970 2781626 
971 2781626 
972 2781626 
973 2781627 
974 2781627 
975 2781627 
976 2781627 
977 2781628 
978 2781631 
979 2781635 
980 2781638 
981 2781642 
982 2781644 
983 2781646 
984 2781647 
985 2781648 
986 2781649 
987 2781650 
988 2781651 
989 2781652 
990 2781653 
991 2781653 
992 2781665 
993 2781666 
994 2781671 
995 2781678 
996 2781681 
997 2781682 
998 2781683 
999 2781683 
1000 2781683 
1001 2781684 
1002 2781684 
1003 2781684 
1004 2781688 
1005 2781689 
1006 2781690 
1007 2781693 
1008 2781698 
1009 2781705 
1010 2781707 
1011 2781709 
1012 2781710 
1013 2781712 
1014 2781712 
1015 2781717 
1016 2781727 
1017 2781727 
1018 2781732 
1019 2781735 
1020 2781737 
1021 2781739 
1022 2781739 
1023 2781743 
1024 2781745 
1025 2781745 
1026 2781745 
1027 2781746 
1028 2781746 
1029 2781748 
1030 2781757 
1031 2781761 
1032 2781762 
1033 2781763 
1034 2781765 
1035 2781767 
1036 2781768 
1037 2781771 
1038 2781774 
1039 2781775 
1040 2781776 
1041 2781778 
1042 2781780 
1043 2781780 
1044 2781785 
1045 2781785 
1046 2781786 
1047 2781786 
1048 2781787 
1049 2781795 
1050 2781803 
1051 2781806 
1052 2781808 
1053 2781811 
1054 2781815 
1055 2781815 
1056 2781816 
1057 2781863 
1058 2781871 
1059 2781877 
1060 2781878 
1061 2781879 
1062 2781880 
1063 2781883 
1064 2781885 
1065 2781887 
1066 2781887 
1067 2781893 
1068 2781898 
1069 2781900 
1070 2781900 
1071 2781901 
1072 2781901 
1073 2781901 
1074 2781902 
1075 2781902 
1076 2781903 
1077 2781903 
1078 2781904 
1079 2781904 
1080 2781905 
1081 2781905 
1082 2781905 
1083 2781905 
1084 2781906 
1085 2781906 
1086 2781906 
1087 2781907 
1088 2781907 
1089 2781907 
1090 2781908 
1091 2781908 
1092 2781911 
1093 2781911 
1094 2781911 
1095 2781912 
1096 2781912 
1097 2781915 
1098 2781915 
1099 2781916 
1100 2781916 
1101 2781917 
1102 2781917 
1103 2781917 
1104 2781917 
1105 2781918 
1106 2781918 
1107 2781918 
1108 2781919 
1109 2781920 
1110 2781921 
1111 2781922 
1112 2781922 
1113 2781924 
1114 2781929 
1115 2781933 
1116 2781933 
1117 2781934 
1118 2781934 
1119 2781934 
1120 2781935 
1121 2781935 
1122 2781938 
1123 2781941 
1124 2781944 
1125 2781947 
1126 2781947 
1127 2781947 
1128 2781948 
1129 2781948 
1130 2781948 
1131 2781949 
1132 2781949 
1133 2781950 
1134 2781950 
1135 2781950 
1136 2781980 
1137 2781984 
1138 2782006 
1139 2782016 
1140 2782058 
1141 2782058 
1142 2782061 
1143 2782061 
1144 2782061 
1145 2782068 
1146 2782068 
1147 2782073 
1148 2782077 
1149 2782082 
1150 2782089 
1151 2782090 
1152 2782094 
1153 2782095 
1154 2782102 
1155 2782104 
1156 2782109 
1157 2782113 
1158 2782117 
1159 2782117 
1160 2782118 
1161 2782119 
1162 2782119 
1163 2782119 
1164 2782120 
1165 2782120 
1166 2782120 
1167 2782121 
1168 2782121 
1169 2782122 
1170 2782125 
1171 2782126 
1172 2782132 
1173 2782142 
1174 2782142 
1175 2782143 
1176 2782154 
1177 2782154 
1178 2782154 
1179 2782155 
1180 2782155 
1181 2782155 
1182 2782156 
1183 2782156 
1184 2782156 
1185 2782156 
1186 2782160 
1187 2782160 
1188 2782160 
1189 2782161 
1190 2782161 
1191 2782161 
1192 2782205 
1193 2782206 
1194 2782209 
1195 2782219 
1196 2782219 
1197 2782220 
1198 2782220 
1199 2782220 
1200 2782221 
1201 2782222 
1202 2782229 
1203 2782231 
1204 2782231 
1205 2782232 
1206 2782246 
1207 2782263 
1208 2782291 
1209 2782292 
1210 2782294 
1211 2782308 
1212 2782316 
1213 2782323 
1214 2782323 
1215 2782329 
1216 2782335 
1217 2782343 
1218 2782345 
1219 2782347 
1220 2782348 
1221 2782358 
1222 2782358 
1223 2782360 
1224 2782361 
1225 2782362 
1226 2782363 
1227 2782364 
1228 2782364 
1229 2782364 
1230 2782364 
1231 2782366 
1232 2782367 
1233 2782370 
1234 2782373 
1235 2782375 
1236 2782375 
1237 2782376 
1238 2782377 
1239 2782378 
1240 2782379 
1241 2782380 
1242 2782381 
1243 2782383 
1244 2782383 
1245 2782384 
1246 2782386 
1247 2782388 
1248 2782388 
1249 2782411 
1250 2782412 
1251 2782413 
1252 2782414 
1253 2782417 
1254 2782420 
1255 2782420 
1256 2782425 
1257 2782427 
1258 2782427 
1259 2782427 
1260 2782428 
1261 2782429 
1262 2782430 
1263 2782434 
1264 2782436 
1265 2782436 
1266 2782440 
1267 2782442 
1268 2782443 
1269 2782443 
1270 2782445 
1271 2782447 
1272 2782452 
1273 2782454 
1274 2782457 
1275 2782457 
1276 2782460 
1277 2782474 
1278 2782491 
1279 2782497 
1280 2782506 
1281 2782511 
1282 2782513 
1283 2782521 
1284 2782521 
1285 2782522 
1286 2782522 
1287 2782522 
1288 2782523 
1289 2782523 
1290 2782523 
1291 2782524 
1292 2782524 
1293 2782524 
1294 2782525 
1295 2782525 
1296 2782525 
1297 2782525 
1298 2782526 
1299 2782526 
1300 2782526 
1301 2782527 
1302 2782527 
1303 2782527 
1304 2782528 
1305 2782528 
1306 2782529 
1307 2782530 
1308 2782530 
1309 2782530 
1310 2782531 
1311 2782534 
1312 2782539 
1313 2782541 
1314 2782542 
1315 2782543 
1316 2782551 
1317 2782552 
1318 2782552 
1319 2782552 
1320 2782553 
1321 2782565 
1322 2782574 
1323 2782575 
1324 2782576 
1325 2782576 
1326 2782576 
1327 2782577 
1328 2782577 
1329 2782580 
1330 2782583 
1331 2782583 
1332 2782584 
1333 2782591 
1334 2782591 
1335 2782592 
1336 2782592 
1337 2782593 
1338 2782593 
1339 2782594 
1340 2782597 
1341 2782605 
1342 2782606 
1343 2782606 
1344 2782607 
1345 2782608 
1346 2782608 
1347 2782608 
1348 2782609 
1349 2782609 
1350 2782610 
1351 2782617 
1352 2782622 
1353 2782622 
1354 2782622 
1355 2782623 
1356 2782624 
1357 2782625 
1358 2782625 
1359 2782625 
1360 2782625 
1361 2782626 
1362 2782627 
1363 2782627 
1364 2782628 
1365 2782631 
1366 2782632 
1367 2782633 
1368 2782633 
1369 2782634 
1370 2782634 
1371 2782635 
1372 2782635 
1373 2782636 
1374 2782636 
1375 2782636 
1376 2782637 
1377 2782639 
1378 2782640 
1379 2782642 
1380 2782642 
1381 2782643 
1382 2782643 
1383 2782650 
1384 2782654 
1385 2782654 
1386 2782658 
1387 2782658 
1388 2782659 
1389 2782659 
1390 2782659 
1391 2782660 
1392 2782660 
1393 2782660 
1394 2782661 
1395 2782661 
1396 2782661 
1397 2782662 
1398 2782662 
1399 2782663 
1400 2782663 
1401 2782676 
1402 2782676 
1403 2782682 
1404 2782682 
1405 2782683 
1406 2782684 
1407 2782685 
1408 2782686 
1409 2782687 
1410 2782691 
1411 2782691 
1412 2782692 
1413 2782700 
1414 2782701 
1415 2782701 
1416 2782703 
1417 2782710 
1418 2782716 
1419 2782716 
1420 2782720 
1421 2782723 
1422 2782723 
1423 2782734 
1424 2782736 
1425 2782764 
1426 2782765 
1427 2782765 
1428 2782767 
1429 2782767 
1430 2782769 
1431 2782769 
1432 2782770 
1433 2782770 
1434 2782771 
1435 2782773 
1436 2782773 
1437 2782774 
1438 2782774 
1439 2782777 
1440 2782778 
1441 2782778 
1442 2782779 
1443 2782779 
1444 2782779 
1445 2782780 
1446 2782780 
1447 2782780 
1448 2782780 
1449 2782781 
1450 2782781 
1451 2782781 
1452 2782782 
1453 2782782 
1454 2782782 
1455 2782783 
1456 2782783 
1457 2782789 
1458 2782789 
1459 2782789 
1460 2782790 
1461 2782790 
1462 2782790 
1463 2782791 
1464 2782792 
1465 2782792 
1466 2782795 
1467 2782796 
1468 2782796 
1469 2782797 
1470 2782797 
1471 2782797 
1472 2782798 
1473 2782798 
1474 2782799 
