1 2829607 
2 2829609 
3 2829610 
4 2829611 
5 2829613 
6 2829613 
7 2829617 
8 2829618 
9 2829621 
10 2829623 
11 2829624 
12 2829626 
13 2829626 
14 2829626 
15 2829627 
16 2829627 
17 2829629 
18 2829629 
19 2829631 
20 2829632 
21 2829632 
22 2829633 
23 2829633 
24 2829633 
25 2829634 
26 2829634 
27 2829634 
28 2829635 
29 2829635 
30 2829635 
31 2829636 
32 2829641 
33 2829641 
34 2829642 
35 2829642 
36 2829649 
37 2829649 
38 2829649 
39 2829650 
40 2829650 
41 2829650 
42 2829651 
43 2829651 
44 2829651 
45 2829652 
46 2829652 
47 2829653 
48 2829653 
49 2829653 
50 2829654 
51 2829660 
52 2829665 
53 2829667 
54 2829667 
55 2829674 
56 2829678 
57 2829683 
58 2829683 
59 2829684 
60 2829684 
61 2829685 
62 2829691 
63 2829692 
64 2829694 
65 2829694 
66 2829695 
67 2829701 
68 2829704 
69 2829713 
70 2829723 
71 2829725 
72 2829727 
73 2829733 
74 2829737 
75 2829742 
76 2829743 
77 2829743 
78 2829745 
79 2829745 
80 2829746 
81 2829746 
82 2829749 
83 2829754 
84 2829756 
85 2829756 
86 2829756 
87 2829757 
88 2829757 
89 2829757 
90 2829758 
91 2829759 
92 2829759 
93 2829759 
94 2829761 
95 2829762 
96 2829767 
97 2829793 
98 2829793 
99 2829793 
100 2829793 
101 2829795 
102 2829795 
103 2829797 
104 2829799 
105 2829802 
106 2829805 
107 2829806 
108 2829806 
109 2829807 
110 2829807 
111 2829807 
112 2829808 
113 2829808 
114 2829808 
115 2829808 
116 2829809 
117 2829809 
118 2829809 
119 2829811 
120 2829811 
121 2829812 
122 2829812 
123 2829812 
124 2829813 
125 2829813 
126 2829828 
127 2829829 
128 2829829 
129 2829831 
130 2829831 
131 2829833 
132 2829833 
133 2829833 
134 2829834 
135 2829834 
136 2829837 
137 2829838 
138 2829839 
139 2829839 
140 2829840 
141 2829840 
142 2829840 
143 2829840 
144 2829841 
145 2829841 
146 2829842 
147 2829842 
148 2829843 
149 2829843 
150 2829844 
151 2829844 
152 2829845 
153 2829845 
154 2829845 
155 2829846 
156 2829846 
157 2829848 
158 2829853 
159 2829853 
160 2829854 
161 2829855 
162 2829856 
163 2829856 
164 2829857 
165 2829857 
166 2829858 
167 2829858 
168 2829858 
169 2829859 
170 2829859 
171 2829859 
172 2829860 
173 2829860 
174 2829861 
175 2829863 
176 2829863 
177 2829864 
178 2829865 
179 2829865 
180 2829866 
181 2829866 
182 2829866 
183 2829867 
184 2829867 
185 2829867 
186 2829868 
187 2829868 
188 2829868 
189 2829869 
190 2829869 
191 2829869 
192 2829870 
193 2829876 
194 2829876 
195 2829877 
196 2829877 
197 2829877 
198 2829878 
199 2829878 
200 2829878 
201 2829878 
202 2829879 
203 2829879 
204 2829879 
205 2829880 
206 2829880 
207 2829880 
208 2829881 
209 2829882 
210 2829882 
211 2829884 
212 2829886 
213 2829887 
214 2829888 
215 2829888 
216 2829890 
217 2829891 
218 2829895 
219 2829895 
220 2829896 
221 2829905 
222 2829907 
223 2829910 
224 2829911 
225 2829915 
226 2829915 
227 2829916 
228 2829918 
229 2829922 
230 2829924 
231 2829925 
232 2829928 
233 2829928 
234 2829928 
235 2829929 
236 2829929 
237 2829929 
238 2829930 
239 2829932 
240 2829937 
241 2829937 
242 2829941 
243 2829942 
244 2829951 
245 2829952 
246 2829952 
247 2829954 
248 2829957 
249 2829957 
250 2829963 
251 2829964 
252 2829966 
253 2829966 
254 2829966 
255 2829967 
256 2829968 
257 2829971 
258 2829971 
259 2829972 
260 2829972 
261 2829973 
262 2829974 
263 2829974 
264 2829975 
265 2829975 
266 2829976 
267 2829976 
268 2829982 
269 2829984 
270 2829985 
271 2829995 
272 2829997 
273 2830000 
274 2830000 
275 2830003 
276 2830003 
277 2830003 
278 2830004 
279 2830004 
280 2830004 
281 2830005 
282 2830005 
283 2830005 
284 2830006 
285 2830006 
286 2830015 
287 2830022 
288 2830025 
289 2830025 
290 2830026 
291 2830026 
292 2830026 
293 2830027 
294 2830027 
295 2830034 
296 2830036 
297 2830036 
298 2830036 
299 2830037 
300 2830037 
301 2830041 
302 2830044 
303 2830051 
304 2830051 
305 2830051 
306 2830051 
307 2830052 
308 2830052 
309 2830052 
310 2830059 
311 2830061 
312 2830062 
313 2830062 
314 2830094 
315 2830094 
316 2830094 
317 2830095 
318 2830095 
319 2830095 
320 2830096 
321 2830096 
322 2830097 
323 2830098 
324 2830099 
325 2830099 
326 2830100 
327 2830100 
328 2830106 
329 2830107 
330 2830119 
331 2830121 
332 2830122 
333 2830123 
334 2830156 
335 2830162 
336 2830162 
337 2830163 
338 2830168 
339 2830169 
340 2830169 
341 2830169 
342 2830170 
343 2830172 
344 2830174 
345 2830175 
346 2830175 
347 2830180 
348 2830181 
349 2830181 
350 2830184 
351 2830185 
352 2830187 
353 2830188 
354 2830194 
355 2830194 
356 2830194 
357 2830195 
358 2830195 
359 2830195 
360 2830196 
361 2830196 
362 2830196 
363 2830197 
364 2830197 
365 2830197 
366 2830198 
367 2830198 
368 2830200 
369 2830201 
370 2830202 
371 2830202 
372 2830208 
373 2830208 
374 2830209 
375 2830210 
376 2830211 
377 2830211 
378 2830211 
379 2830212 
380 2830212 
381 2830212 
382 2830213 
383 2830213 
384 2830213 
385 2830214 
386 2830214 
387 2830214 
388 2830215 
389 2830216 
390 2830216 
391 2830216 
392 2830216 
393 2830217 
394 2830217 
395 2830218 
396 2830218 
397 2830218 
398 2830219 
399 2830219 
400 2830220 
401 2830220 
402 2830221 
403 2830221 
404 2830222 
405 2830222 
406 2830223 
407 2830224 
408 2830224 
409 2830246 
410 2830246 
411 2830247 
412 2830247 
413 2830247 
414 2830248 
415 2830248 
416 2830248 
417 2830249 
418 2830255 
419 2830259 
420 2830260 
421 2830260 
422 2830261 
423 2830261 
424 2830263 
425 2830264 
426 2830264 
427 2830265 
428 2830266 
429 2830268 
430 2830268 
431 2830269 
432 2830269 
433 2830269 
434 2830270 
435 2830274 
436 2830277 
437 2830279 
438 2830280 
439 2830282 
440 2830282 
441 2830284 
442 2830286 
443 2830286 
444 2830287 
445 2830288 
446 2830288 
447 2830289 
448 2830289 
449 2830290 
450 2830290 
451 2830290 
452 2830290 
453 2830291 
454 2830291 
455 2830292 
456 2830292 
457 2830294 
458 2830294 
459 2830295 
460 2830295 
461 2830296 
462 2830296 
463 2830297 
464 2830297 
465 2830297 
466 2830298 
467 2830298 
468 2830299 
469 2830299 
470 2830300 
471 2830302 
472 2830302 
473 2830303 
474 2830303 
475 2830306 
476 2830321 
477 2830321 
478 2830321 
479 2830343 
480 2830345 
481 2830347 
482 2830349 
483 2830349 
484 2830353 
485 2830354 
486 2830360 
487 2830360 
488 2830363 
489 2830366 
490 2830369 
491 2830370 
492 2830372 
493 2830374 
494 2830394 
495 2830397 
496 2830399 
497 2830401 
498 2830402 
499 2830405 
500 2830406 
501 2830406 
502 2830406 
503 2830407 
504 2830407 
505 2830411 
506 2830413 
507 2830413 
508 2830414 
509 2830414 
510 2830414 
511 2830415 
512 2830415 
513 2830415 
514 2830416 
515 2830416 
516 2830416 
517 2830417 
518 2830417 
519 2830427 
520 2830431 
521 2830432 
522 2830432 
523 2830432 
524 2830432 
525 2830433 
526 2830433 
527 2830433 
528 2830434 
529 2830434 
530 2830434 
531 2830435 
532 2830435 
533 2830435 
534 2830442 
535 2830442 
536 2830444 
537 2830447 
538 2830448 
539 2830449 
540 2830456 
541 2830457 
542 2830469 
543 2830469 
544 2830469 
545 2830470 
546 2830470 
547 2830470 
548 2830471 
549 2830471 
550 2830472 
551 2830472 
552 2830473 
553 2830479 
554 2830479 
555 2830480 
556 2830484 
557 2830484 
558 2830485 
559 2830487 
560 2830488 
561 2830489 
562 2830491 
563 2830494 
564 2830497 
565 2830509 
566 2830515 
567 2830522 
568 2830525 
569 2830527 
570 2830528 
571 2830529 
572 2830529 
573 2830540 
574 2830547 
575 2830547 
576 2830547 
577 2830548 
578 2830548 
579 2830549 
580 2830549 
581 2830549 
582 2830550 
583 2830550 
584 2830553 
585 2830554 
586 2830556 
587 2830557 
588 2830559 
589 2830559 
590 2830560 
591 2830560 
592 2830560 
593 2830561 
594 2830561 
595 2830562 
596 2830562 
597 2830563 
598 2830563 
599 2830563 
600 2830564 
601 2830564 
602 2830564 
603 2830565 
604 2830565 
605 2830565 
606 2830566 
607 2830575 
608 2830575 
609 2830579 
610 2830581 
611 2830583 
612 2830585 
613 2830585 
614 2830585 
615 2830586 
616 2830588 
617 2830590 
618 2830594 
619 2830600 
620 2830604 
621 2830605 
622 2830608 
623 2830608 
624 2830611 
625 2830612 
626 2830614 
627 2830616 
628 2830618 
629 2830619 
630 2830622 
631 2830622 
632 2830625 
633 2830625 
634 2830625 
635 2830626 
636 2830626 
637 2830636 
638 2830636 
639 2830639 
640 2830640 
641 2830642 
642 2830643 
643 2830646 
644 2830665 
645 2830669 
646 2830671 
647 2830674 
648 2830676 
649 2830677 
650 2830693 
651 2830725 
652 2830727 
653 2830729 
654 2830730 
655 2830731 
656 2830739 
657 2830739 
658 2830740 
659 2830740 
660 2830740 
661 2830740 
662 2830742 
663 2830742 
664 2830743 
665 2830746 
666 2830754 
667 2830757 
668 2830761 
669 2830761 
670 2830762 
671 2830763 
672 2830764 
673 2830765 
674 2830765 
675 2830768 
676 2830772 
677 2830772 
678 2830776 
679 2830776 
680 2830776 
681 2830777 
682 2830777 
683 2830777 
684 2830778 
685 2830778 
686 2830783 
687 2830785 
688 2830786 
689 2830787 
690 2830791 
691 2830791 
692 2830792 
693 2830792 
694 2830793 
695 2830793 
696 2830793 
697 2830794 
698 2830794 
699 2830794 
700 2830794 
701 2830805 
702 2830806 
703 2830807 
704 2830808 
705 2830828 
706 2830833 
707 2830833 
708 2830835 
709 2830835 
710 2830841 
711 2830843 
712 2830845 
713 2830845 
714 2830846 
715 2830847 
716 2830848 
717 2830852 
718 2830855 
719 2830855 
720 2830858 
721 2830867 
722 2830867 
723 2830868 
724 2830868 
725 2830868 
726 2830869 
727 2830874 
728 2830876 
729 2830876 
730 2830877 
731 2830878 
732 2830885 
733 2830898 
734 2830899 
735 2830901 
736 2830902 
737 2830902 
738 2830912 
739 2830915 
740 2830917 
741 2830917 
742 2830920 
743 2830921 
744 2830922 
745 2830927 
746 2830932 
747 2830935 
748 2830935 
749 2830941 
750 2830941 
751 2830941 
752 2830942 
753 2830942 
754 2830942 
755 2830942 
756 2830943 
757 2830943 
758 2830943 
759 2830944 
760 2830944 
761 2830944 
762 2830945 
763 2830945 
764 2830945 
765 2830946 
766 2830954 
767 2830955 
768 2830955 
769 2830955 
770 2830955 
771 2830959 
772 2830959 
773 2830959 
774 2830959 
775 2830960 
776 2830960 
777 2830962 
778 2830962 
779 2830962 
780 2830963 
781 2830963 
782 2830963 
783 2830963 
784 2830964 
785 2830964 
786 2830964 
787 2830965 
788 2830965 
789 2830965 
790 2830965 
791 2830973 
792 2830976 
793 2830981 
794 2830983 
795 2830997 
796 2830998 
797 2831000 
798 2831000 
799 2831001 
800 2831002 
801 2831005 
802 2831006 
803 2831007 
804 2831031 
805 2831040 
806 2831041 
807 2831041 
808 2831042 
809 2831044 
810 2831048 
811 2831049 
812 2831052 
813 2831060 
814 2831060 
815 2831061 
816 2831061 
817 2831063 
818 2831064 
819 2831066 
820 2831072 
821 2831075 
822 2831078 
823 2831079 
824 2831081 
825 2831082 
826 2831085 
827 2831086 
828 2831087 
829 2831092 
830 2831128 
831 2831142 
832 2831145 
833 2831146 
834 2831146 
835 2831148 
836 2831150 
837 2831151 
838 2831153 
839 2831156 
840 2831157 
841 2831166 
842 2831167 
843 2831168 
844 2831169 
845 2831179 
846 2831180 
847 2831189 
848 2831190 
849 2831190 
850 2831190 
851 2831193 
852 2831194 
853 2831194 
854 2831196 
855 2831203 
856 2831204 
857 2831209 
858 2831217 
859 2831217 
860 2831220 
861 2831221 
862 2831226 
863 2831235 
864 2831235 
865 2831237 
866 2831238 
867 2831238 
868 2831239 
869 2831239 
870 2831239 
871 2831241 
872 2831243 
873 2831245 
874 2831246 
875 2831251 
876 2831251 
877 2831252 
878 2831256 
879 2831258 
880 2831259 
881 2831261 
882 2831261 
883 2831261 
884 2831262 
885 2831262 
886 2831263 
887 2831267 
888 2831268 
889 2831269 
890 2831271 
891 2831271 
892 2831272 
893 2831272 
894 2831274 
895 2831279 
896 2831281 
897 2831284 
898 2831291 
899 2831291 
900 2831292 
901 2831294 
902 2831294 
903 2831294 
904 2831295 
905 2831295 
906 2831295 
907 2831296 
908 2831296 
909 2831296 
910 2831297 
911 2831297 
912 2831298 
913 2831298 
914 2831298 
915 2831299 
916 2831301 
917 2831304 
918 2831304 
919 2831315 
920 2831317 
921 2831319 
922 2831320 
923 2831324 
924 2831329 
925 2831332 
926 2831334 
927 2831336 
928 2831337 
929 2831338 
930 2831341 
931 2831343 
932 2831344 
933 2831347 
934 2831348 
935 2831351 
936 2831352 
937 2831353 
938 2831355 
939 2831356 
940 2831357 
941 2831358 
942 2831360 
943 2831361 
944 2831362 
945 2831363 
946 2831369 
947 2831371 
948 2831371 
949 2831373 
950 2831373 
951 2831374 
952 2831374 
953 2831374 
954 2831374 
955 2831375 
956 2831376 
957 2831376 
958 2831378 
959 2831381 
960 2831383 
961 2831398 
962 2831402 
963 2831404 
964 2831404 
965 2831404 
966 2831405 
967 2831405 
968 2831405 
969 2831406 
970 2831406 
971 2831407 
972 2831407 
973 2831408 
974 2831408 
975 2831408 
976 2831410 
977 2831412 
978 2831414 
979 2831416 
980 2831417 
981 2831422 
982 2831425 
983 2831430 
984 2831433 
985 2831435 
986 2831436 
987 2831436 
988 2831438 
989 2831442 
990 2831442 
991 2831443 
992 2831443 
993 2831443 
994 2831444 
995 2831444 
996 2831446 
997 2831447 
998 2831450 
999 2831454 
1000 2831457 
1001 2831457 
1002 2831463 
1003 2831465 
1004 2831468 
1005 2831468 
1006 2831471 
1007 2831472 
1008 2831472 
1009 2831473 
1010 2831474 
1011 2831477 
1012 2831477 
1013 2831480 
1014 2831487 
1015 2831487 
1016 2831492 
1017 2831499 
1018 2831499 
1019 2831499 
1020 2831500 
1021 2831500 
1022 2831500 
1023 2831501 
1024 2831501 
1025 2831502 
1026 2831503 
1027 2831503 
1028 2831503 
1029 2831503 
1030 2831507 
1031 2831510 
1032 2831511 
1033 2831513 
1034 2831515 
1035 2831518 
1036 2831518 
1037 2831518 
1038 2831519 
1039 2831519 
1040 2831520 
1041 2831520 
1042 2831521 
1043 2831525 
1044 2831526 
1045 2831526 
1046 2831527 
1047 2831528 
1048 2831528 
1049 2831533 
1050 2831533 
1051 2831538 
1052 2831539 
1053 2831540 
1054 2831540 
1055 2831540 
1056 2831541 
1057 2831541 
1058 2831541 
1059 2831542 
1060 2831542 
1061 2831543 
1062 2831544 
1063 2831544 
1064 2831546 
1065 2831548 
1066 2831550 
1067 2831551 
1068 2831553 
1069 2831554 
1070 2831554 
1071 2831554 
1072 2831555 
1073 2831555 
1074 2831556 
1075 2831556 
1076 2831556 
1077 2831557 
1078 2831557 
1079 2831557 
1080 2831558 
1081 2831558 
1082 2831558 
1083 2831559 
1084 2831559 
1085 2831559 
1086 2831560 
1087 2831560 
1088 2831560 
1089 2831561 
1090 2831562 
1091 2831562 
1092 2831562 
1093 2831562 
1094 2831563 
1095 2831563 
1096 2831563 
1097 2831564 
1098 2831564 
1099 2831564 
1100 2831565 
1101 2831565 
1102 2831565 
1103 2831565 
1104 2831566 
1105 2831566 
1106 2831567 
1107 2831567 
1108 2831567 
1109 2831567 
1110 2831568 
1111 2831568 
1112 2831568 
1113 2831569 
1114 2831569 
1115 2831569 
1116 2831569 
1117 2831570 
1118 2831570 
1119 2831570 
1120 2831571 
1121 2831572 
1122 2831572 
1123 2831573 
1124 2831577 
1125 2831578 
1126 2831578 
1127 2831578 
1128 2831578 
1129 2831579 
1130 2831579 
1131 2831579 
1132 2831580 
1133 2831580 
1134 2831580 
1135 2831581 
1136 2831581 
1137 2831581 
1138 2831582 
1139 2831582 
1140 2831582 
1141 2831583 
1142 2831583 
1143 2831585 
1144 2831585 
1145 2831586 
1146 2831587 
1147 2831590 
1148 2831590 
1149 2831590 
1150 2831591 
1151 2831591 
1152 2831591 
1153 2831592 
1154 2831592 
1155 2831593 
1156 2831593 
1157 2831593 
1158 2831612 
1159 2831614 
1160 2831615 
1161 2831615 
1162 2831615 
1163 2831616 
1164 2831618 
1165 2831618 
1166 2831619 
1167 2831625 
1168 2831626 
1169 2831628 
1170 2831630 
1171 2831632 
1172 2831633 
1173 2831634 
1174 2831635 
1175 2831636 
1176 2831637 
1177 2831637 
1178 2831638 
1179 2831638 
1180 2831638 
1181 2831640 
1182 2831641 
1183 2831642 
1184 2831642 
1185 2831646 
1186 2831648 
1187 2831649 
1188 2831655 
1189 2831656 
1190 2831658 
1191 2831659 
1192 2831663 
1193 2831665 
1194 2831667 
1195 2831682 
1196 2831686 
1197 2831688 
1198 2831689 
1199 2831690 
1200 2831693 
1201 2831693 
1202 2831694 
1203 2831694 
1204 2831694 
1205 2831695 
1206 2831695 
1207 2831695 
1208 2831696 
1209 2831697 
1210 2831698 
1211 2831698 
1212 2831698 
1213 2831699 
1214 2831700 
1215 2831700 
1216 2831701 
1217 2831701 
1218 2831701 
1219 2831701 
1220 2831702 
1221 2831703 
1222 2831703 
1223 2831703 
1224 2831703 
1225 2831704 
1226 2831704 
1227 2831705 
1228 2831705 
1229 2831705 
1230 2831706 
1231 2831709 
1232 2831710 
1233 2831710 
1234 2831711 
1235 2831711 
1236 2831712 
1237 2831712 
1238 2831717 
1239 2831721 
1240 2831723 
1241 2831728 
1242 2831731 
1243 2831733 
1244 2831738 
1245 2831741 
1246 2831744 
1247 2831744 
1248 2831746 
1249 2831746 
1250 2831747 
1251 2831747 
1252 2831749 
1253 2831750 
1254 2831750 
1255 2831750 
1256 2831752 
1257 2831754 
1258 2831758 
1259 2831758 
1260 2831759 
1261 2831759 
1262 2831760 
1263 2831762 
1264 2831762 
1265 2831765 
1266 2831765 
1267 2831765 
1268 2831766 
1269 2831766 
1270 2831767 
1271 2831767 
1272 2831769 
1273 2831771 
1274 2831774 
1275 2831779 
1276 2831780 
1277 2831784 
1278 2831784 
1279 2831784 
1280 2831784 
1281 2831785 
1282 2831786 
1283 2831786 
1284 2831787 
1285 2831787 
1286 2831787 
1287 2831788 
1288 2831788 
1289 2831788 
1290 2831789 
1291 2831789 
1292 2831789 
1293 2831789 
1294 2831790 
1295 2831790 
1296 2831790 
1297 2831791 
1298 2831791 
1299 2831796 
1300 2831800 
1301 2831803 
1302 2831804 
1303 2831804 
1304 2831805 
1305 2831807 
1306 2831807 
1307 2831808 
1308 2831808 
1309 2831808 
1310 2831809 
1311 2831813 
1312 2831816 
1313 2831816 
1314 2831817 
1315 2831817 
1316 2831818 
1317 2831818 
1318 2831821 
1319 2831821 
1320 2831821 
1321 2831821 
1322 2831822 
1323 2831822 
1324 2831823 
1325 2831825 
1326 2831825 
1327 2831825 
1328 2831825 
1329 2831826 
1330 2831826 
1331 2831826 
1332 2831826 
1333 2831827 
1334 2831827 
1335 2831827 
1336 2831828 
1337 2831828 
1338 2831828 
1339 2831829 
1340 2831829 
1341 2831830 
1342 2831832 
1343 2831832 
1344 2831833 
1345 2831834 
1346 2831835 
1347 2831836 
1348 2831837 
1349 2831842 
1350 2831842 
1351 2831896 
1352 2831900 
1353 2831907 
1354 2831908 
1355 2831929 
1356 2831930 
1357 2831932 
1358 2831935 
1359 2831939 
1360 2831939 
1361 2831942 
1362 2831942 
1363 2831942 
1364 2831948 
1365 2831967 
1366 2831970 
1367 2831972 
1368 2831973 
1369 2831975 
1370 2831976 
1371 2831990 
1372 2831994 
1373 2831995 
1374 2831998 
1375 2832000 
1376 2832004 
1377 2832040 
1378 2832046 
1379 2832053 
1380 2832054 
1381 2832055 
1382 2832056 
1383 2832069 
1384 2832070 
1385 2832070 
1386 2832071 
1387 2832071 
1388 2832072 
1389 2832072 
1390 2832072 
1391 2832074 
1392 2832074 
1393 2832076 
1394 2832077 
1395 2832077 
1396 2832081 
1397 2832084 
1398 2832091 
1399 2832091 
1400 2832091 
1401 2832092 
1402 2832093 
1403 2832093 
1404 2832094 
1405 2832094 
1406 2832094 
1407 2832095 
1408 2832099 
1409 2832101 
1410 2832102 
1411 2832103 
1412 2832103 
1413 2832104 
1414 2832105 
1415 2832107 
1416 2832108 
1417 2832109 
1418 2832109 
1419 2832110 
1420 2832110 
1421 2832112 
1422 2832115 
1423 2832117 
1424 2832117 
1425 2832118 
1426 2832118 
1427 2832118 
1428 2832119 
1429 2832119 
1430 2832121 
1431 2832131 
1432 2832132 
1433 2832133 
1434 2832133 
1435 2832134 
1436 2832134 
1437 2832134 
1438 2832135 
1439 2832138 
1440 2832138 
1441 2832139 
1442 2832139 
1443 2832140 
1444 2832142 
1445 2832142 
1446 2832143 
1447 2832145 
1448 2832146 
1449 2832146 
1450 2832147 
1451 2832147 
1452 2832147 
1453 2832147 
1454 2832148 
1455 2832148 
1456 2832148 
1457 2832149 
1458 2832149 
1459 2832149 
1460 2832150 
1461 2832150 
1462 2832151 
1463 2832151 
1464 2832152 
1465 2832153 
1466 2832154 
1467 2832154 
1468 2832155 
1469 2832159 
1470 2832188 
1471 2832190 
1472 2832193 
1473 2832195 
1474 2832197 
1475 2832197 
1476 2832197 
1477 2832198 
1478 2832198 
1479 2832198 
1480 2832199 
1481 2832199 
1482 2832199 
1483 2832200 
1484 2832200 
1485 2832201 
1486 2832201 
1487 2832201 
1488 2832202 
1489 2832202 
1490 2832203 
1491 2832203 
1492 2832203 
1493 2832204 
1494 2832204 
1495 2832204 
1496 2832205 
1497 2832205 
1498 2832206 
1499 2832206 
1500 2832206 
1501 2832207 
1502 2832207 
1503 2832207 
1504 2832208 
1505 2832208 
1506 2832209 
1507 2832214 
1508 2832215 
1509 2832215 
1510 2832215 
1511 2832216 
1512 2832216 
1513 2832218 
1514 2832218 
1515 2832218 
1516 2832219 
1517 2832219 
1518 2832219 
1519 2832220 
1520 2832220 
1521 2832220 
1522 2832221 
1523 2832221 
1524 2832221 
1525 2832224 
1526 2832227 
1527 2832228 
1528 2832230 
1529 2832231 
1530 2832233 
1531 2832234 
1532 2832234 
1533 2832236 
1534 2832237 
1535 2832238 
1536 2832241 
1537 2832241 
1538 2832242 
1539 2832242 
1540 2832242 
1541 2832243 
1542 2832243 
1543 2832243 
1544 2832244 
1545 2832244 
1546 2832245 
1547 2832245 
1548 2832245 
1549 2832246 
1550 2832246 
1551 2832247 
1552 2832249 
1553 2832259 
1554 2832275 
1555 2832287 
1556 2832295 
1557 2832302 
1558 2832302 
1559 2832330 
1560 2832331 
1561 2832337 
1562 2832340 
1563 2832343 
1564 2832344 
1565 2832346 
1566 2832349 
1567 2832362 
1568 2832362 
1569 2832363 
1570 2832363 
1571 2832364 
1572 2832366 
1573 2832366 
1574 2832367 
1575 2832367 
1576 2832368 
1577 2832368 
1578 2832372 
1579 2832381 
1580 2832383 
1581 2832384 
1582 2832384 
1583 2832394 
1584 2832396 
1585 2832398 
1586 2832424 
1587 2832427 
1588 2832428 
1589 2832430 
1590 2832431 
1591 2832438 
1592 2832443 
1593 2832443 
1594 2832444 
1595 2832444 
1596 2832444 
1597 2832445 
1598 2832445 
1599 2832445 
1600 2832445 
1601 2832446 
1602 2832446 
1603 2832447 
1604 2832447 
1605 2832450 
1606 2832451 
1607 2832481 
1608 2832486 
1609 2832486 
1610 2832486 
1611 2832487 
1612 2832501 
1613 2832511 
1614 2832511 
1615 2832516 
1616 2832516 
1617 2832516 
1618 2832517 
1619 2832517 
1620 2832517 
1621 2832519 
1622 2832520 
1623 2832522 
1624 2832524 
1625 2832528 
1626 2832537 
1627 2832537 
1628 2832537 
1629 2832538 
1630 2832538 
1631 2832538 
1632 2832539 
1633 2832539 
1634 2832540 
1635 2832547 
1636 2832547 
1637 2832547 
1638 2832547 
1639 2832547 
1640 2832548 
1641 2832548 
1642 2832548 
1643 2832548 
1644 2832548 
1645 2832549 
1646 2832549 
1647 2832549 
1648 2832549 
1649 2832550 
1650 2832550 
1651 2832550 
1652 2832551 
1653 2832551 
1654 2832554 
1655 2832556 
1656 2832556 
1657 2832557 
1658 2832557 
1659 2832558 
1660 2832558 
1661 2832558 
1662 2832559 
1663 2832559 
1664 2832559 
1665 2832560 
1666 2832560 
1667 2832560 
1668 2832568 
1669 2832569 
1670 2832571 
1671 2832571 
1672 2832571 
1673 2832572 
1674 2832572 
1675 2832572 
1676 2832572 
1677 2832573 
1678 2832573 
1679 2832573 
1680 2832583 
1681 2832586 
1682 2832586 
1683 2832587 
1684 2832587 
1685 2832587 
1686 2832587 
1687 2832588 
1688 2832588 
1689 2832588 
1690 2832589 
1691 2832589 
1692 2832589 
1693 2832590 
1694 2832590 
1695 2832590 
1696 2832591 
1697 2832591 
1698 2832591 
1699 2832592 
1700 2832592 
1701 2832595 
1702 2832595 
1703 2832596 
1704 2832596 
1705 2832597 
1706 2832598 
1707 2832602 
1708 2832603 
1709 2832604 
1710 2832605 
1711 2832608 
1712 2832609 
1713 2832609 
1714 2832609 
1715 2832610 
1716 2832610 
1717 2832610 
1718 2832627 
1719 2832628 
1720 2832640 
1721 2832646 
1722 2832646 
1723 2832647 
1724 2832647 
1725 2832647 
1726 2832650 
1727 2832651 
1728 2832652 
1729 2832653 
1730 2832655 
1731 2832661 
1732 2832662 
1733 2832663 
1734 2832665 
1735 2832665 
1736 2832668 
1737 2832672 
1738 2832673 
1739 2832676 
1740 2832678 
1741 2832680 
1742 2832682 
1743 2832692 
1744 2832698 
1745 2832698 
1746 2832698 
1747 2832699 
1748 2832699 
1749 2832700 
1750 2832700 
1751 2832700 
1752 2832701 
1753 2832701 
1754 2832701 
1755 2832701 
1756 2832702 
1757 2832702 
1758 2832702 
1759 2832703 
1760 2832703 
1761 2832706 
1762 2832707 
1763 2832707 
1764 2832709 
1765 2832710 
1766 2832711 
1767 2832713 
1768 2832713 
1769 2832714 
1770 2832714 
1771 2832714 
1772 2832715 
1773 2832716 
1774 2832716 
1775 2832717 
1776 2832720 
1777 2832722 
1778 2832723 
1779 2832723 
1780 2832725 
1781 2832725 
1782 2832726 
1783 2832726 
1784 2832729 
1785 2832729 
1786 2832729 
1787 2832730 
1788 2832730 
1789 2832730 
1790 2832730 
1791 2832731 
1792 2832731 
1793 2832734 
1794 2832734 
1795 2832735 
1796 2832736 
1797 2832737 
1798 2832738 
1799 2832741 
1800 2832741 
1801 2832743 
1802 2832749 
1803 2832749 
1804 2832753 
1805 2832753 
1806 2832755 
1807 2832758 
1808 2832758 
1809 2832758 
1810 2832759 
1811 2832759 
1812 2832760 
1813 2832761 
1814 2832761 
1815 2832761 
1816 2832762 
1817 2832762 
1818 2832762 
1819 2832764 
1820 2832766 
1821 2832767 
1822 2832768 
1823 2832769 
1824 2832771 
1825 2832772 
1826 2832772 
1827 2832773 
1828 2832775 
1829 2832776 
1830 2832776 
1831 2832776 
1832 2832779 
1833 2832779 
1834 2832781 
1835 2832783 
1836 2832785 
1837 2832786 
1838 2832788 
1839 2832789 
1840 2832789 
1841 2832791 
1842 2832791 
1843 2832794 
1844 2832799 
1845 2832799 
1846 2832799 
1847 2832799 
1848 2832800 
1849 2832800 
1850 2832800 
1851 2832802 
1852 2832803 
1853 2832803 
1854 2832803 
1855 2832808 
1856 2832809 
1857 2832809 
1858 2832813 
1859 2832815 
1860 2832818 
1861 2832818 
1862 2832818 
1863 2832819 
1864 2832819 
1865 2832819 
1866 2832820 
1867 2832820 
1868 2832820 
1869 2832820 
1870 2832821 
1871 2832821 
1872 2832821 
1873 2832822 
1874 2832822 
1875 2832822 
1876 2832823 
1877 2832823 
1878 2832824 
1879 2832824 
1880 2832824 
1881 2832824 
1882 2832825 
1883 2832825 
1884 2832825 
1885 2832826 
1886 2832827 
1887 2832828 
1888 2832829 
1889 2832829 
1890 2832829 
1891 2832830 
1892 2832832 
1893 2832833 
1894 2832833 
1895 2832834 
1896 2832835 
1897 2832835 
1898 2832836 
1899 2832836 
1900 2832836 
1901 2832836 
1902 2832837 
1903 2832841 
1904 2832841 
1905 2832841 
1906 2832843 
1907 2832845 
1908 2832845 
1909 2832846 
1910 2832846 
1911 2832846 
1912 2832846 
1913 2832847 
1914 2832847 
1915 2832848 
1916 2832848 
1917 2832848 
1918 2832849 
1919 2832849 
1920 2832849 
1921 2832851 
1922 2832851 
1923 2832852 
1924 2832852 
1925 2832852 
1926 2832853 
1927 2832853 
1928 2832853 
1929 2832853 
1930 2832854 
1931 2832854 
1932 2832854 
1933 2832854 
1934 2832855 
1935 2832855 
1936 2832861 
1937 2832861 
1938 2832861 
1939 2832862 
1940 2832863 
1941 2832864 
1942 2832864 
1943 2832865 
1944 2832865 
1945 2832866 
1946 2832868 
1947 2832868 
1948 2832869 
1949 2832869 
1950 2832871 
1951 2832872 
1952 2832872 
1953 2832872 
1954 2832887 
1955 2832893 
1956 2832899 
1957 2832900 
1958 2832902 
1959 2832902 
1960 2832903 
1961 2832903 
1962 2832903 
1963 2832903 
1964 2832904 
1965 2832904 
1966 2832904 
1967 2832906 
1968 2832911 
1969 2832921 
1970 2832948 
1971 2832949 
1972 2832950 
1973 2832951 
1974 2832951 
1975 2832953 
1976 2832955 
1977 2832958 
1978 2832958 
1979 2832962 
1980 2832962 
1981 2832962 
1982 2832963 
1983 2832963 
1984 2832963 
1985 2832964 
1986 2832964 
1987 2832964 
1988 2832965 
1989 2832965 
1990 2832965 
1991 2832966 
1992 2832966 
1993 2832966 
1994 2832967 
1995 2832967 
1996 2832967 
1997 2832967 
1998 2832968 
1999 2832968 
2000 2832970 
2001 2832972 
2002 2832972 
2003 2832973 
2004 2832973 
2005 2832973 
2006 2832974 
2007 2832974 
2008 2832976 
2009 2832977 
2010 2832977 
2011 2832977 
2012 2832977 
2013 2832978 
2014 2832978 
2015 2832981 
2016 2832982 
2017 2832984 
2018 2832985 
2019 2832985 
2020 2832986 
2021 2832986 
2022 2832987 
2023 2832987 
2024 2832987 
2025 2832994 
2026 2832994 
2027 2832995 
2028 2832995 
2029 2832995 
2030 2832998 
2031 2833001 
2032 2833001 
2033 2833002 
2034 2833002 
2035 2833003 
2036 2833003 
2037 2833004 
2038 2833004 
2039 2833005 
2040 2833006 
2041 2833007 
2042 2833008 
2043 2833008 
2044 2833008 
2045 2833009 
2046 2833009 
2047 2833009 
2048 2833010 
2049 2833010 
2050 2833011 
2051 2833012 
2052 2833012 
2053 2833017 
2054 2833017 
2055 2833017 
2056 2833017 
2057 2833019 
2058 2833020 
2059 2833022 
2060 2833025 
2061 2833039 
2062 2833054 
2063 2833056 
2064 2833057 
2065 2833057 
2066 2833061 
2067 2833062 
2068 2833063 
2069 2833074 
2070 2833077 
2071 2833080 
2072 2833081 
2073 2833082 
2074 2833084 
2075 2833087 
2076 2833087 
2077 2833091 
2078 2833098 
2079 2833101 
2080 2833102 
2081 2833102 
2082 2833104 
2083 2833113 
2084 2833113 
2085 2833114 
2086 2833115 
2087 2833115 
2088 2833116 
2089 2833118 
2090 2833118 
2091 2833118 
2092 2833121 
2093 2833121 
2094 2833121 
2095 2833122 
2096 2833122 
2097 2833122 
2098 2833123 
2099 2833123 
2100 2833123 
2101 2833124 
2102 2833125 
2103 2833125 
2104 2833127 
2105 2833127 
2106 2833128 
2107 2833132 
2108 2833132 
2109 2833140 
2110 2833140 
2111 2833141 
2112 2833141 
2113 2833145 
2114 2833145 
2115 2833147 
2116 2833148 
2117 2833148 
2118 2833150 
2119 2833150 
2120 2833152 
2121 2833153 
2122 2833153 
2123 2833156 
2124 2833165 
2125 2833165 
2126 2833166 
2127 2833170 
2128 2833175 
2129 2833176 
2130 2833178 
2131 2833178 
2132 2833180 
2133 2833184 
2134 2833185 
2135 2833186 
2136 2833187 
2137 2833187 
2138 2833188 
2139 2833188 
2140 2833189 
2141 2833191 
2142 2833194 
2143 2833194 
2144 2833197 
