1 2397601 
2 2397603 
3 2397606 
4 2397609 
5 2397609 
6 2397613 
7 2397613 
8 2397613 
9 2397613 
10 2397614 
11 2397615 
12 2397623 
13 2397623 
14 2397623 
15 2397624 
16 2397626 
17 2397627 
18 2397628 
19 2397629 
20 2397629 
21 2397632 
22 2397637 
23 2397654 
24 2397666 
25 2397670 
26 2397673 
27 2397673 
28 2397678 
29 2397678 
30 2397679 
31 2397682 
32 2397683 
33 2397688 
34 2397704 
35 2397708 
36 2397710 
37 2397723 
38 2397728 
39 2397728 
40 2397731 
41 2397738 
42 2397738 
43 2397739 
44 2397739 
45 2397740 
46 2397745 
47 2397747 
48 2397749 
49 2397752 
50 2397753 
51 2397753 
52 2397756 
53 2397757 
54 2397757 
55 2397758 
56 2397759 
57 2397759 
58 2397759 
59 2397761 
60 2397764 
61 2397765 
62 2397768 
63 2397773 
64 2397773 
65 2397773 
66 2397774 
67 2397774 
68 2397775 
69 2397775 
70 2397775 
71 2397776 
72 2397778 
73 2397778 
74 2397781 
75 2397782 
76 2397782 
77 2397782 
78 2397783 
79 2397785 
80 2397785 
81 2397785 
82 2397787 
83 2397791 
84 2397792 
85 2397794 
86 2397794 
87 2397796 
88 2397798 
89 2397801 
90 2397803 
91 2397803 
92 2397804 
93 2397804 
94 2397804 
95 2397805 
96 2397805 
97 2397805 
98 2397808 
99 2397812 
100 2397814 
101 2397815 
102 2397816 
103 2397820 
104 2397820 
105 2397820 
106 2397830 
107 2397837 
108 2397837 
109 2397839 
110 2397839 
111 2397840 
112 2397840 
113 2397841 
114 2397841 
115 2397842 
116 2397850 
117 2397851 
118 2397851 
119 2397854 
120 2397859 
121 2397859 
122 2397865 
123 2397870 
124 2397871 
125 2397879 
126 2397883 
127 2397885 
128 2397885 
129 2397889 
130 2397892 
131 2397893 
132 2397893 
133 2397899 
134 2397899 
135 2397901 
136 2397904 
137 2397906 
138 2397907 
139 2397907 
140 2397907 
141 2397908 
142 2397908 
143 2397908 
144 2397909 
145 2397909 
146 2397910 
147 2397915 
148 2397917 
149 2397918 
150 2397918 
151 2397918 
152 2397919 
153 2397926 
154 2397928 
155 2397928 
156 2397929 
157 2397948 
158 2397955 
159 2397955 
160 2397956 
161 2397956 
162 2397956 
163 2397964 
164 2397969 
165 2397970 
166 2397971 
167 2397971 
168 2397971 
169 2397972 
170 2397972 
171 2397972 
172 2397973 
173 2397973 
174 2397976 
175 2397979 
176 2397980 
177 2397980 
178 2397980 
179 2397981 
180 2397981 
181 2397981 
182 2397982 
183 2397982 
184 2397982 
185 2397983 
186 2397983 
187 2397983 
188 2397983 
189 2397984 
190 2397984 
191 2397985 
192 2397985 
193 2397986 
194 2397986 
195 2397986 
196 2397987 
197 2397987 
198 2397989 
199 2397994 
200 2397996 
201 2398001 
202 2398002 
203 2398006 
204 2398006 
205 2398006 
206 2398006 
207 2398006 
208 2398007 
209 2398011 
210 2398011 
211 2398012 
212 2398012 
213 2398012 
214 2398017 
215 2398017 
216 2398018 
217 2398018 
218 2398019 
219 2398019 
220 2398019 
221 2398020 
222 2398021 
223 2398021 
224 2398021 
225 2398022 
226 2398022 
227 2398022 
228 2398023 
229 2398023 
230 2398023 
231 2398024 
232 2398024 
233 2398024 
234 2398035 
235 2398035 
236 2398036 
237 2398037 
238 2398037 
239 2398037 
240 2398038 
241 2398038 
242 2398040 
243 2398043 
244 2398045 
245 2398045 
246 2398046 
247 2398046 
248 2398046 
249 2398051 
250 2398052 
251 2398054 
252 2398055 
253 2398057 
254 2398060 
255 2398060 
256 2398061 
257 2398061 
258 2398062 
259 2398062 
260 2398062 
261 2398062 
262 2398063 
263 2398063 
264 2398063 
265 2398064 
266 2398064 
267 2398065 
268 2398066 
269 2398066 
270 2398068 
271 2398072 
272 2398073 
273 2398073 
274 2398074 
275 2398074 
276 2398074 
277 2398079 
278 2398080 
279 2398082 
280 2398084 
281 2398085 
282 2398085 
283 2398085 
284 2398086 
285 2398087 
286 2398090 
287 2398091 
288 2398093 
289 2398099 
290 2398099 
291 2398100 
292 2398100 
293 2398107 
294 2398108 
295 2398110 
296 2398111 
297 2398112 
298 2398112 
299 2398112 
300 2398112 
301 2398113 
302 2398113 
303 2398114 
304 2398114 
305 2398114 
306 2398133 
307 2398141 
308 2398161 
309 2398170 
310 2398170 
311 2398174 
312 2398175 
313 2398175 
314 2398176 
315 2398176 
316 2398177 
317 2398178 
318 2398191 
319 2398193 
320 2398194 
321 2398194 
322 2398194 
323 2398200 
324 2398210 
325 2398224 
326 2398252 
327 2398263 
328 2398264 
329 2398264 
330 2398269 
331 2398269 
332 2398270 
333 2398270 
334 2398270 
335 2398271 
336 2398271 
337 2398271 
338 2398271 
339 2398272 
340 2398272 
341 2398273 
342 2398273 
343 2398273 
344 2398274 
345 2398274 
346 2398274 
347 2398275 
348 2398275 
349 2398282 
350 2398291 
351 2398297 
352 2398297 
353 2398298 
354 2398298 
355 2398298 
356 2398311 
357 2398317 
358 2398318 
359 2398318 
360 2398345 
361 2398345 
362 2398345 
363 2398345 
364 2398346 
365 2398347 
366 2398358 
367 2398360 
368 2398361 
369 2398361 
370 2398361 
371 2398361 
372 2398363 
373 2398363 
374 2398371 
375 2398371 
376 2398372 
377 2398372 
378 2398372 
379 2398372 
380 2398373 
381 2398373 
382 2398374 
383 2398374 
384 2398375 
385 2398376 
386 2398378 
387 2398378 
388 2398379 
389 2398380 
390 2398381 
391 2398383 
392 2398384 
393 2398385 
394 2398385 
395 2398391 
396 2398394 
397 2398396 
398 2398396 
399 2398396 
400 2398396 
401 2398397 
402 2398397 
403 2398398 
404 2398398 
405 2398398 
406 2398399 
407 2398399 
408 2398412 
409 2398414 
410 2398414 
411 2398414 
412 2398415 
413 2398415 
414 2398415 
415 2398417 
416 2398418 
417 2398418 
418 2398422 
419 2398424 
420 2398425 
421 2398427 
422 2398427 
423 2398427 
424 2398428 
425 2398433 
426 2398439 
427 2398442 
428 2398448 
429 2398448 
430 2398450 
431 2398450 
432 2398450 
433 2398454 
434 2398454 
435 2398454 
436 2398465 
437 2398469 
438 2398470 
439 2398470 
440 2398474 
441 2398482 
442 2398482 
443 2398483 
444 2398483 
445 2398484 
446 2398492 
447 2398492 
448 2398493 
449 2398493 
450 2398493 
451 2398497 
452 2398497 
453 2398501 
454 2398501 
455 2398503 
456 2398504 
457 2398504 
458 2398505 
459 2398506 
460 2398509 
461 2398509 
462 2398510 
463 2398510 
464 2398510 
465 2398511 
466 2398511 
467 2398511 
468 2398512 
469 2398512 
470 2398513 
471 2398513 
472 2398513 
473 2398514 
474 2398514 
475 2398514 
476 2398515 
477 2398515 
478 2398516 
479 2398516 
480 2398517 
481 2398517 
482 2398520 
483 2398520 
484 2398520 
485 2398521 
486 2398521 
487 2398521 
488 2398522 
489 2398522 
490 2398522 
491 2398522 
492 2398523 
493 2398523 
494 2398523 
495 2398525 
496 2398525 
497 2398528 
498 2398530 
499 2398531 
500 2398532 
501 2398536 
502 2398541 
503 2398543 
504 2398559 
505 2398562 
506 2398570 
507 2398574 
508 2398574 
509 2398578 
510 2398583 
511 2398583 
512 2398585 
513 2398585 
514 2398586 
515 2398587 
516 2398587 
517 2398588 
518 2398595 
519 2398595 
520 2398596 
521 2398596 
522 2398597 
523 2398597 
524 2398597 
525 2398600 
526 2398602 
527 2398602 
528 2398605 
529 2398606 
530 2398606 
531 2398606 
532 2398607 
533 2398607 
534 2398607 
535 2398608 
536 2398608 
537 2398609 
538 2398609 
539 2398609 
540 2398610 
541 2398610 
542 2398610 
543 2398610 
544 2398611 
545 2398611 
546 2398611 
547 2398612 
548 2398612 
549 2398612 
550 2398613 
551 2398613 
552 2398613 
553 2398614 
554 2398614 
555 2398614 
556 2398615 
557 2398615 
558 2398615 
559 2398616 
560 2398616 
561 2398616 
562 2398617 
563 2398617 
564 2398617 
565 2398617 
566 2398618 
567 2398618 
568 2398619 
569 2398619 
570 2398620 
571 2398620 
572 2398620 
573 2398621 
574 2398621 
575 2398622 
576 2398622 
577 2398623 
578 2398623 
579 2398623 
580 2398623 
581 2398624 
582 2398625 
583 2398625 
584 2398625 
585 2398626 
586 2398626 
587 2398626 
588 2398627 
589 2398627 
590 2398628 
591 2398629 
592 2398629 
593 2398629 
594 2398630 
595 2398630 
596 2398630 
597 2398630 
598 2398630 
599 2398631 
600 2398631 
601 2398631 
602 2398636 
603 2398637 
604 2398641 
605 2398643 
606 2398643 
607 2398645 
608 2398647 
609 2398648 
610 2398653 
611 2398655 
612 2398658 
613 2398658 
614 2398662 
615 2398671 
616 2398673 
617 2398675 
618 2398675 
619 2398676 
620 2398676 
621 2398676 
622 2398684 
623 2398685 
624 2398692 
625 2398696 
626 2398696 
627 2398697 
628 2398705 
629 2398712 
630 2398716 
631 2398716 
632 2398717 
633 2398721 
634 2398727 
635 2398735 
636 2398735 
637 2398738 
638 2398746 
639 2398752 
640 2398757 
641 2398763 
642 2398764 
643 2398770 
644 2398770 
645 2398771 
646 2398771 
647 2398772 
648 2398772 
649 2398772 
650 2398773 
651 2398773 
652 2398774 
653 2398775 
654 2398775 
655 2398776 
656 2398787 
657 2398787 
658 2398787 
659 2398788 
660 2398788 
661 2398788 
662 2398788 
663 2398788 
664 2398789 
665 2398794 
666 2398795 
667 2398796 
668 2398797 
669 2398797 
670 2398798 
671 2398800 
672 2398800 
673 2398804 
674 2398805 
675 2398805 
676 2398805 
677 2398814 
678 2398828 
679 2398838 
680 2398838 
681 2398852 
682 2398852 
683 2398852 
684 2398853 
685 2398853 
686 2398854 
687 2398856 
688 2398856 
689 2398856 
690 2398858 
691 2398858 
692 2398862 
693 2398863 
694 2398864 
695 2398867 
696 2398868 
697 2398868 
698 2398868 
699 2398869 
700 2398870 
701 2398871 
702 2398871 
703 2398872 
704 2398873 
705 2398873 
706 2398878 
707 2398878 
708 2398878 
709 2398879 
710 2398879 
711 2398880 
712 2398880 
713 2398880 
714 2398881 
715 2398881 
716 2398881 
717 2398882 
718 2398882 
719 2398882 
720 2398883 
721 2398883 
722 2398883 
723 2398883 
724 2398884 
725 2398885 
726 2398885 
727 2398885 
728 2398887 
729 2398890 
730 2398891 
731 2398891 
732 2398891 
733 2398893 
734 2398893 
735 2398895 
736 2398895 
737 2398896 
738 2398896 
739 2398896 
740 2398897 
741 2398897 
742 2398901 
743 2398904 
744 2398906 
745 2398911 
746 2398911 
747 2398916 
748 2398919 
749 2398919 
750 2398920 
751 2398921 
752 2398921 
753 2398921 
754 2398922 
755 2398922 
756 2398922 
757 2398923 
758 2398923 
759 2398923 
760 2398924 
761 2398924 
762 2398924 
763 2398925 
764 2398925 
765 2398925 
766 2398925 
767 2398926 
768 2398926 
769 2398926 
770 2398927 
771 2398927 
772 2398927 
773 2398927 
774 2398928 
775 2398928 
776 2398928 
777 2398928 
778 2398929 
779 2398929 
780 2398929 
781 2398930 
782 2398930 
783 2398930 
784 2398931 
785 2398931 
786 2398931 
787 2398932 
788 2398932 
789 2398932 
790 2398933 
791 2398933 
792 2398933 
793 2398933 
794 2398934 
795 2398937 
796 2398937 
797 2398938 
798 2398938 
799 2398938 
800 2398939 
801 2398939 
802 2398939 
803 2398940 
804 2398940 
805 2398942 
806 2398943 
807 2398943 
808 2398944 
809 2398944 
810 2398945 
811 2398946 
812 2398946 
813 2398957 
814 2398963 
815 2398965 
816 2398966 
817 2398966 
818 2398967 
819 2398968 
820 2398968 
821 2398976 
822 2398980 
823 2398980 
824 2398981 
825 2398981 
826 2398983 
827 2398984 
828 2398984 
829 2398984 
830 2398985 
831 2398985 
832 2398999 
833 2398999 
834 2399004 
835 2399011 
836 2399020 
837 2399021 
838 2399021 
839 2399021 
840 2399029 
841 2399036 
842 2399038 
843 2399038 
844 2399039 
845 2399039 
846 2399039 
847 2399040 
848 2399047 
849 2399047 
850 2399048 
851 2399050 
852 2399050 
853 2399051 
854 2399051 
855 2399055 
856 2399058 
857 2399059 
858 2399068 
859 2399069 
860 2399073 
861 2399075 
862 2399075 
863 2399080 
864 2399081 
865 2399081 
866 2399085 
867 2399086 
868 2399086 
869 2399086 
870 2399086 
871 2399087 
872 2399092 
873 2399097 
874 2399100 
875 2399120 
876 2399120 
877 2399120 
878 2399120 
879 2399121 
880 2399121 
881 2399122 
882 2399125 
883 2399131 
884 2399133 
885 2399133 
886 2399138 
887 2399139 
888 2399139 
889 2399139 
890 2399139 
891 2399140 
892 2399140 
893 2399140 
894 2399141 
895 2399141 
896 2399153 
897 2399153 
898 2399154 
899 2399155 
900 2399155 
901 2399155 
902 2399156 
903 2399156 
904 2399158 
905 2399160 
906 2399163 
907 2399164 
908 2399166 
909 2399166 
910 2399167 
911 2399167 
912 2399167 
913 2399167 
914 2399170 
915 2399171 
916 2399171 
917 2399171 
918 2399178 
919 2399180 
920 2399180 
921 2399180 
922 2399181 
923 2399183 
924 2399184 
925 2399184 
926 2399184 
927 2399184 
928 2399185 
929 2399185 
930 2399186 
931 2399186 
932 2399186 
933 2399187 
934 2399187 
935 2399188 
936 2399188 
937 2399188 
938 2399189 
939 2399189 
940 2399189 
941 2399189 
942 2399190 
943 2399190 
944 2399191 
945 2399191 
946 2399191 
947 2399192 
948 2399192 
949 2399192 
950 2399193 
951 2399193 
952 2399195 
953 2399195 
954 2399196 
955 2399196 
956 2399196 
957 2399197 
958 2399197 
959 2399198 
960 2399198 
961 2399198 
962 2399199 
963 2399199 
964 2399199 
965 2399200 
966 2399200 
967 2399200 
968 2399201 
969 2399201 
970 2399201 
971 2399202 
972 2399202 
973 2399202 
974 2399202 
975 2399203 
976 2399203 
977 2399204 
978 2399204 
979 2399204 
980 2399205 
981 2399205 
982 2399205 
983 2399206 
984 2399206 
985 2399206 
986 2399207 
987 2399207 
988 2399208 
989 2399208 
990 2399209 
991 2399209 
992 2399209 
993 2399210 
994 2399210 
995 2399211 
996 2399211 
997 2399211 
998 2399212 
999 2399212 
1000 2399212 
1001 2399213 
1002 2399213 
1003 2399213 
1004 2399213 
1005 2399214 
1006 2399214 
1007 2399215 
1008 2399215 
1009 2399215 
1010 2399216 
1011 2399216 
1012 2399216 
1013 2399217 
1014 2399217 
1015 2399217 
1016 2399218 
1017 2399218 
1018 2399218 
1019 2399218 
1020 2399219 
1021 2399219 
1022 2399220 
1023 2399220 
1024 2399220 
1025 2399221 
1026 2399221 
1027 2399221 
1028 2399222 
1029 2399222 
1030 2399222 
1031 2399223 
1032 2399223 
1033 2399223 
1034 2399223 
1035 2399224 
1036 2399224 
1037 2399227 
1038 2399227 
1039 2399228 
1040 2399228 
1041 2399228 
1042 2399229 
1043 2399229 
1044 2399229 
1045 2399230 
1046 2399230 
1047 2399231 
1048 2399231 
1049 2399231 
1050 2399232 
1051 2399234 
1052 2399235 
1053 2399236 
1054 2399242 
1055 2399243 
1056 2399243 
1057 2399253 
1058 2399255 
1059 2399255 
1060 2399256 
1061 2399256 
1062 2399256 
1063 2399257 
1064 2399257 
1065 2399257 
1066 2399257 
1067 2399258 
1068 2399258 
1069 2399258 
1070 2399259 
1071 2399259 
1072 2399259 
1073 2399260 
1074 2399260 
1075 2399260 
1076 2399261 
1077 2399261 
1078 2399261 
1079 2399262 
1080 2399262 
1081 2399262 
1082 2399263 
1083 2399263 
1084 2399263 
1085 2399264 
1086 2399264 
1087 2399264 
1088 2399265 
1089 2399265 
1090 2399268 
1091 2399270 
1092 2399270 
1093 2399273 
1094 2399274 
1095 2399276 
1096 2399278 
1097 2399278 
1098 2399278 
1099 2399279 
1100 2399279 
1101 2399280 
1102 2399280 
1103 2399280 
1104 2399281 
1105 2399281 
1106 2399281 
1107 2399281 
1108 2399282 
1109 2399283 
1110 2399283 
1111 2399283 
1112 2399283 
1113 2399284 
1114 2399284 
1115 2399284 
1116 2399284 
1117 2399284 
1118 2399285 
1119 2399285 
1120 2399287 
1121 2399287 
1122 2399288 
1123 2399288 
1124 2399289 
1125 2399289 
1126 2399289 
1127 2399289 
1128 2399290 
1129 2399290 
1130 2399290 
1131 2399291 
1132 2399291 
1133 2399291 
1134 2399291 
1135 2399292 
1136 2399292 
1137 2399292 
1138 2399296 
1139 2399296 
1140 2399297 
1141 2399297 
1142 2399297 
1143 2399298 
1144 2399298 
1145 2399298 
1146 2399299 
1147 2399299 
1148 2399299 
1149 2399300 
1150 2399300 
1151 2399300 
1152 2399301 
1153 2399301 
1154 2399301 
1155 2399302 
1156 2399302 
1157 2399302 
1158 2399302 
1159 2399303 
1160 2399303 
1161 2399303 
1162 2399304 
1163 2399304 
1164 2399304 
1165 2399305 
1166 2399305 
1167 2399307 
1168 2399312 
1169 2399312 
1170 2399313 
1171 2399313 
1172 2399315 
1173 2399315 
1174 2399316 
1175 2399316 
1176 2399316 
1177 2399324 
1178 2399326 
1179 2399328 
1180 2399328 
1181 2399330 
1182 2399332 
1183 2399333 
1184 2399333 
1185 2399334 
1186 2399334 
1187 2399334 
1188 2399335 
1189 2399335 
1190 2399335 
1191 2399336 
1192 2399336 
1193 2399336 
1194 2399337 
1195 2399337 
1196 2399337 
1197 2399345 
1198 2399345 
1199 2399345 
1200 2399346 
1201 2399346 
1202 2399347 
1203 2399349 
1204 2399350 
1205 2399350 
1206 2399351 
1207 2399351 
1208 2399352 
1209 2399352 
1210 2399352 
1211 2399353 
1212 2399353 
1213 2399353 
1214 2399354 
1215 2399354 
1216 2399354 
1217 2399355 
1218 2399355 
1219 2399356 
1220 2399356 
1221 2399356 
1222 2399361 
1223 2399361 
1224 2399362 
1225 2399363 
1226 2399363 
1227 2399363 
1228 2399364 
1229 2399364 
1230 2399364 
1231 2399365 
1232 2399368 
1233 2399368 
1234 2399369 
1235 2399369 
1236 2399370 
1237 2399370 
1238 2399370 
1239 2399371 
1240 2399371 
1241 2399371 
1242 2399372 
1243 2399372 
1244 2399372 
1245 2399373 
1246 2399373 
1247 2399373 
1248 2399374 
1249 2399374 
1250 2399375 
1251 2399376 
1252 2399376 
1253 2399379 
1254 2399385 
1255 2399387 
1256 2399393 
1257 2399393 
1258 2399393 
1259 2399393 
1260 2399394 
1261 2399395 
1262 2399396 
1263 2399403 
1264 2399403 
1265 2399404 
1266 2399416 
1267 2399416 
1268 2399417 
1269 2399417 
1270 2399418 
1271 2399418 
1272 2399418 
1273 2399419 
1274 2399419 
1275 2399419 
1276 2399420 
1277 2399420 
1278 2399420 
1279 2399424 
1280 2399424 
1281 2399424 
1282 2399425 
1283 2399425 
1284 2399425 
1285 2399426 
1286 2399426 
1287 2399426 
1288 2399426 
1289 2399427 
1290 2399427 
1291 2399427 
1292 2399428 
1293 2399428 
1294 2399428 
1295 2399429 
1296 2399431 
1297 2399431 
1298 2399431 
1299 2399432 
1300 2399432 
1301 2399434 
1302 2399434 
1303 2399435 
1304 2399435 
1305 2399436 
1306 2399437 
1307 2399437 
1308 2399437 
1309 2399438 
1310 2399438 
1311 2399438 
1312 2399438 
1313 2399439 
1314 2399439 
1315 2399439 
1316 2399440 
1317 2399443 
1318 2399444 
1319 2399444 
1320 2399444 
1321 2399445 
1322 2399446 
1323 2399446 
1324 2399448 
1325 2399448 
1326 2399449 
1327 2399451 
1328 2399452 
1329 2399452 
1330 2399453 
1331 2399456 
1332 2399457 
1333 2399463 
1334 2399463 
1335 2399479 
1336 2399482 
1337 2399493 
1338 2399494 
1339 2399494 
1340 2399496 
1341 2399497 
1342 2399497 
1343 2399506 
1344 2399507 
1345 2399508 
1346 2399515 
1347 2399518 
1348 2399520 
1349 2399527 
1350 2399534 
1351 2399539 
1352 2399539 
1353 2399540 
1354 2399541 
1355 2399544 
1356 2399548 
1357 2399553 
1358 2399553 
1359 2399555 
1360 2399557 
1361 2399560 
1362 2399560 
1363 2399562 
1364 2399562 
1365 2399563 
1366 2399563 
1367 2399566 
1368 2399571 
1369 2399576 
1370 2399576 
1371 2399577 
1372 2399577 
1373 2399577 
1374 2399578 
1375 2399578 
1376 2399579 
1377 2399583 
1378 2399585 
1379 2399586 
1380 2399587 
1381 2399588 
1382 2399588 
1383 2399589 
1384 2399589 
1385 2399590 
1386 2399593 
1387 2399593 
1388 2399595 
1389 2399595 
1390 2399596 
1391 2399597 
1392 2399599 
1393 2399601 
1394 2399602 
1395 2399602 
1396 2399602 
1397 2399605 
1398 2399605 
1399 2399605 
1400 2399606 
1401 2399606 
1402 2399613 
1403 2399614 
1404 2399620 
1405 2399628 
1406 2399628 
1407 2399628 
1408 2399629 
1409 2399632 
1410 2399632 
1411 2399633 
1412 2399636 
1413 2399636 
1414 2399636 
1415 2399638 
1416 2399638 
1417 2399638 
1418 2399644 
1419 2399653 
1420 2399654 
1421 2399655 
1422 2399661 
1423 2399667 
1424 2399667 
1425 2399673 
1426 2399673 
1427 2399674 
1428 2399675 
1429 2399675 
1430 2399675 
1431 2399681 
1432 2399691 
1433 2399692 
1434 2399697 
1435 2399702 
1436 2399702 
1437 2399708 
1438 2399708 
1439 2399708 
1440 2399713 
1441 2399714 
1442 2399715 
1443 2399717 
1444 2399718 
1445 2399718 
1446 2399718 
1447 2399727 
1448 2399728 
1449 2399728 
1450 2399729 
1451 2399729 
1452 2399729 
1453 2399730 
1454 2399730 
1455 2399730 
1456 2399731 
1457 2399731 
1458 2399732 
1459 2399732 
1460 2399733 
1461 2399734 
1462 2399734 
1463 2399735 
1464 2399735 
1465 2399736 
1466 2399737 
1467 2399738 
1468 2399738 
1469 2399738 
1470 2399739 
1471 2399740 
1472 2399740 
1473 2399741 
1474 2399741 
1475 2399741 
1476 2399742 
1477 2399743 
1478 2399744 
1479 2399744 
1480 2399745 
1481 2399745 
1482 2399745 
1483 2399746 
1484 2399746 
1485 2399746 
1486 2399747 
1487 2399747 
1488 2399748 
1489 2399748 
1490 2399749 
1491 2399749 
1492 2399749 
1493 2399749 
1494 2399750 
1495 2399750 
1496 2399751 
1497 2399751 
1498 2399751 
1499 2399752 
1500 2399752 
1501 2399752 
1502 2399753 
1503 2399753 
1504 2399754 
1505 2399754 
1506 2399754 
1507 2399755 
1508 2399755 
1509 2399756 
1510 2399757 
1511 2399757 
1512 2399759 
1513 2399759 
1514 2399760 
1515 2399761 
1516 2399766 
1517 2399766 
1518 2399768 
1519 2399768 
1520 2399769 
1521 2399769 
1522 2399772 
1523 2399772 
1524 2399775 
1525 2399776 
1526 2399781 
1527 2399783 
1528 2399785 
1529 2399786 
1530 2399786 
1531 2399786 
1532 2399787 
1533 2399787 
1534 2399793 
1535 2399796 
1536 2399797 
1537 2399803 
1538 2399805 
1539 2399805 
1540 2399806 
1541 2399807 
1542 2399817 
1543 2399817 
1544 2399818 
1545 2399820 
1546 2399821 
1547 2399837 
1548 2399841 
1549 2399841 
1550 2399841 
1551 2399843 
1552 2399844 
1553 2399854 
1554 2399855 
1555 2399855 
1556 2399872 
1557 2399872 
1558 2399876 
1559 2399877 
1560 2399877 
1561 2399877 
1562 2399878 
1563 2399878 
1564 2399878 
1565 2399879 
1566 2399890 
1567 2399890 
1568 2399898 
1569 2399898 
1570 2399898 
1571 2399900 
1572 2399904 
1573 2399913 
1574 2399914 
1575 2399918 
1576 2399918 
1577 2399918 
1578 2399919 
1579 2399919 
1580 2399920 
1581 2399920 
1582 2399920 
1583 2399920 
1584 2399921 
1585 2399924 
1586 2399925 
1587 2399925 
1588 2399925 
1589 2399926 
1590 2399926 
1591 2399927 
1592 2399927 
1593 2399929 
1594 2399938 
1595 2399938 
1596 2399939 
1597 2399941 
1598 2399941 
1599 2399945 
1600 2399946 
1601 2399946 
1602 2399946 
1603 2399946 
1604 2399948 
1605 2399948 
1606 2399948 
1607 2399949 
1608 2399950 
1609 2399951 
1610 2399952 
1611 2399953 
1612 2399953 
1613 2399954 
1614 2399955 
1615 2399958 
1616 2399958 
1617 2399959 
1618 2399959 
1619 2399959 
1620 2399963 
1621 2399963 
1622 2399964 
1623 2399964 
1624 2399965 
1625 2399965 
1626 2399965 
1627 2399966 
1628 2399966 
1629 2399966 
1630 2399967 
1631 2399967 
1632 2399968 
1633 2399968 
1634 2399976 
1635 2399977 
1636 2399977 
1637 2399987 
1638 2399988 
1639 2399988 
1640 2399988 
1641 2399989 
1642 2399989 
1643 2399993 
1644 2399993 
1645 2399994 
1646 2399998 
1647 2400000 
1648 2400001 
1649 2400001 
1650 2400003 
1651 2400004 
1652 2400008 
1653 2400009 
1654 2400009 
1655 2400010 
1656 2400010 
1657 2400010 
1658 2400011 
1659 2400011 
1660 2400011 
1661 2400012 
1662 2400012 
1663 2400012 
1664 2400013 
1665 2400013 
1666 2400013 
1667 2400014 
1668 2400014 
1669 2400014 
1670 2400015 
1671 2400015 
1672 2400016 
1673 2400017 
1674 2400017 
1675 2400017 
1676 2400018 
1677 2400018 
1678 2400018 
1679 2400019 
1680 2400019 
1681 2400020 
1682 2400026 
1683 2400028 
1684 2400028 
1685 2400029 
1686 2400037 
1687 2400067 
1688 2400068 
1689 2400068 
1690 2400068 
1691 2400068 
1692 2400069 
1693 2400069 
1694 2400069 
1695 2400070 
1696 2400070 
1697 2400070 
1698 2400071 
1699 2400072 
1700 2400074 
1701 2400075 
1702 2400075 
1703 2400076 
1704 2400076 
1705 2400076 
1706 2400078 
1707 2400078 
1708 2400078 
1709 2400089 
1710 2400090 
1711 2400095 
1712 2400095 
1713 2400095 
1714 2400096 
1715 2400096 
1716 2400096 
1717 2400097 
1718 2400097 
1719 2400097 
1720 2400097 
1721 2400098 
1722 2400098 
1723 2400098 
1724 2400100 
1725 2400101 
1726 2400101 
1727 2400101 
1728 2400102 
1729 2400106 
1730 2400106 
1731 2400108 
1732 2400109 
1733 2400110 
1734 2400110 
1735 2400111 
1736 2400111 
1737 2400111 
1738 2400111 
1739 2400111 
1740 2400112 
1741 2400112 
1742 2400112 
1743 2400112 
1744 2400113 
1745 2400113 
1746 2400113 
1747 2400113 
1748 2400114 
1749 2400114 
1750 2400115 
1751 2400117 
1752 2400118 
1753 2400118 
1754 2400119 
1755 2400122 
1756 2400123 
1757 2400123 
1758 2400125 
1759 2400125 
1760 2400125 
1761 2400126 
1762 2400126 
1763 2400126 
1764 2400126 
1765 2400127 
1766 2400127 
1767 2400127 
1768 2400127 
1769 2400128 
1770 2400128 
1771 2400128 
1772 2400129 
1773 2400129 
1774 2400129 
1775 2400129 
1776 2400130 
1777 2400130 
1778 2400130 
1779 2400131 
1780 2400131 
1781 2400131 
1782 2400132 
1783 2400132 
1784 2400132 
1785 2400133 
1786 2400133 
1787 2400133 
1788 2400134 
1789 2400134 
1790 2400134 
1791 2400135 
1792 2400135 
1793 2400135 
1794 2400136 
1795 2400136 
1796 2400137 
1797 2400138 
1798 2400139 
1799 2400139 
1800 2400139 
1801 2400140 
1802 2400140 
1803 2400140 
1804 2400141 
1805 2400141 
1806 2400142 
1807 2400143 
1808 2400143 
1809 2400143 
1810 2400143 
1811 2400144 
1812 2400144 
1813 2400144 
1814 2400145 
1815 2400145 
1816 2400145 
1817 2400146 
1818 2400146 
1819 2400146 
1820 2400146 
1821 2400147 
1822 2400147 
1823 2400147 
1824 2400147 
1825 2400148 
1826 2400148 
1827 2400148 
1828 2400149 
1829 2400149 
1830 2400149 
1831 2400150 
1832 2400151 
1833 2400151 
1834 2400152 
1835 2400152 
1836 2400152 
1837 2400152 
1838 2400153 
1839 2400154 
1840 2400154 
1841 2400154 
1842 2400155 
1843 2400156 
1844 2400160 
1845 2400161 
1846 2400161 
1847 2400161 
1848 2400162 
1849 2400162 
1850 2400162 
1851 2400163 
1852 2400163 
1853 2400163 
1854 2400164 
1855 2400164 
1856 2400164 
1857 2400165 
1858 2400165 
1859 2400165 
1860 2400166 
1861 2400166 
1862 2400167 
1863 2400173 
1864 2400174 
1865 2400175 
1866 2400181 
1867 2400182 
1868 2400182 
1869 2400182 
1870 2400184 
1871 2400185 
1872 2400185 
1873 2400186 
1874 2400186 
1875 2400197 
1876 2400197 
1877 2400198 
1878 2400198 
1879 2400198 
1880 2400199 
1881 2400199 
1882 2400200 
1883 2400201 
1884 2400201 
1885 2400201 
1886 2400202 
1887 2400202 
1888 2400203 
1889 2400207 
1890 2400207 
1891 2400208 
1892 2400213 
1893 2400221 
1894 2400223 
1895 2400223 
1896 2400224 
1897 2400226 
1898 2400227 
1899 2400227 
1900 2400233 
1901 2400234 
1902 2400234 
1903 2400234 
1904 2400235 
1905 2400235 
1906 2400235 
1907 2400236 
1908 2400236 
1909 2400236 
1910 2400237 
1911 2400237 
1912 2400237 
1913 2400238 
1914 2400238 
1915 2400238 
1916 2400239 
1917 2400239 
1918 2400240 
1919 2400241 
1920 2400241 
1921 2400242 
1922 2400242 
1923 2400243 
1924 2400243 
1925 2400243 
1926 2400245 
1927 2400253 
1928 2400258 
1929 2400258 
1930 2400261 
1931 2400262 
1932 2400262 
1933 2400265 
1934 2400265 
1935 2400268 
1936 2400269 
1937 2400269 
1938 2400269 
1939 2400270 
1940 2400270 
1941 2400271 
1942 2400271 
1943 2400271 
1944 2400272 
1945 2400272 
1946 2400273 
1947 2400273 
1948 2400273 
1949 2400274 
1950 2400274 
1951 2400275 
1952 2400275 
1953 2400275 
1954 2400276 
1955 2400276 
1956 2400277 
1957 2400277 
1958 2400277 
1959 2400277 
1960 2400277 
1961 2400278 
1962 2400278 
1963 2400279 
1964 2400279 
1965 2400280 
1966 2400280 
1967 2400280 
1968 2400280 
1969 2400281 
1970 2400281 
1971 2400281 
1972 2400281 
1973 2400282 
1974 2400282 
1975 2400282 
1976 2400283 
1977 2400283 
1978 2400283 
1979 2400283 
1980 2400284 
1981 2400284 
1982 2400284 
1983 2400284 
1984 2400287 
1985 2400292 
1986 2400294 
1987 2400294 
1988 2400294 
1989 2400301 
1990 2400303 
1991 2400303 
1992 2400306 
1993 2400306 
1994 2400307 
1995 2400307 
1996 2400313 
1997 2400313 
1998 2400314 
1999 2400314 
2000 2400314 
2001 2400315 
2002 2400315 
2003 2400315 
2004 2400316 
2005 2400316 
2006 2400316 
2007 2400317 
2008 2400317 
2009 2400317 
2010 2400318 
2011 2400318 
2012 2400318 
2013 2400321 
2014 2400326 
2015 2400327 
2016 2400328 
2017 2400328 
2018 2400332 
2019 2400333 
2020 2400333 
2021 2400333 
2022 2400333 
2023 2400334 
2024 2400337 
2025 2400340 
2026 2400347 
2027 2400349 
2028 2400350 
2029 2400353 
2030 2400353 
2031 2400353 
2032 2400359 
2033 2400360 
2034 2400360 
2035 2400361 
2036 2400361 
2037 2400361 
2038 2400362 
2039 2400362 
2040 2400362 
2041 2400365 
2042 2400366 
2043 2400366 
2044 2400367 
2045 2400370 
2046 2400371 
2047 2400372 
2048 2400374 
2049 2400375 
2050 2400379 
2051 2400380 
2052 2400394 
2053 2400395 
2054 2400400 
2055 2400401 
2056 2400407 
2057 2400410 
2058 2400410 
2059 2400413 
2060 2400414 
2061 2400414 
2062 2400414 
2063 2400414 
2064 2400417 
2065 2400418 
2066 2400418 
2067 2400419 
2068 2400420 
2069 2400420 
2070 2400420 
2071 2400421 
2072 2400422 
2073 2400422 
2074 2400424 
2075 2400425 
2076 2400426 
2077 2400427 
2078 2400428 
2079 2400432 
2080 2400447 
2081 2400448 
2082 2400459 
2083 2400462 
2084 2400464 
2085 2400469 
2086 2400472 
2087 2400475 
2088 2400478 
2089 2400478 
2090 2400481 
2091 2400484 
2092 2400484 
2093 2400485 
2094 2400485 
2095 2400485 
2096 2400486 
2097 2400486 
2098 2400493 
2099 2400495 
2100 2400496 
2101 2400501 
2102 2400501 
2103 2400504 
2104 2400506 
2105 2400507 
2106 2400510 
2107 2400510 
2108 2400515 
2109 2400521 
2110 2400521 
2111 2400526 
2112 2400528 
2113 2400528 
2114 2400529 
2115 2400529 
2116 2400530 
2117 2400530 
2118 2400533 
2119 2400534 
2120 2400535 
2121 2400535 
2122 2400536 
2123 2400537 
2124 2400541 
2125 2400541 
2126 2400541 
2127 2400542 
2128 2400542 
2129 2400543 
2130 2400545 
2131 2400546 
2132 2400546 
2133 2400547 
2134 2400548 
2135 2400549 
2136 2400550 
2137 2400550 
2138 2400555 
2139 2400558 
2140 2400561 
2141 2400565 
2142 2400565 
2143 2400566 
2144 2400567 
2145 2400567 
2146 2400567 
2147 2400568 
2148 2400568 
2149 2400569 
2150 2400569 
2151 2400569 
2152 2400570 
2153 2400570 
2154 2400570 
2155 2400571 
2156 2400571 
2157 2400571 
2158 2400572 
2159 2400575 
2160 2400576 
2161 2400577 
2162 2400577 
2163 2400577 
2164 2400583 
2165 2400583 
2166 2400584 
2167 2400592 
2168 2400593 
2169 2400593 
2170 2400593 
2171 2400594 
2172 2400596 
2173 2400597 
2174 2400597 
2175 2400600 
2176 2400601 
2177 2400608 
2178 2400609 
2179 2400609 
2180 2400609 
2181 2400610 
2182 2400611 
2183 2400611 
2184 2400611 
2185 2400615 
2186 2400617 
2187 2400618 
2188 2400621 
2189 2400622 
2190 2400622 
2191 2400625 
2192 2400625 
2193 2400632 
2194 2400632 
2195 2400635 
2196 2400640 
2197 2400640 
2198 2400640 
2199 2400641 
2200 2400642 
2201 2400643 
2202 2400648 
2203 2400653 
2204 2400655 
2205 2400664 
2206 2400665 
2207 2400665 
2208 2400672 
2209 2400674 
2210 2400677 
2211 2400687 
2212 2400701 
2213 2400702 
2214 2400702 
2215 2400703 
2216 2400703 
2217 2400704 
2218 2400708 
2219 2400709 
2220 2400717 
2221 2400734 
2222 2400737 
2223 2400740 
2224 2400746 
2225 2400749 
2226 2400750 
2227 2400752 
2228 2400753 
2229 2400754 
2230 2400756 
2231 2400759 
2232 2400766 
2233 2400768 
2234 2400768 
2235 2400769 
2236 2400771 
2237 2400772 
2238 2400772 
2239 2400772 
2240 2400772 
2241 2400773 
2242 2400773 
2243 2400773 
2244 2400774 
2245 2400774 
2246 2400774 
2247 2400775 
2248 2400775 
2249 2400775 
2250 2400776 
2251 2400776 
2252 2400776 
2253 2400779 
2254 2400780 
2255 2400780 
2256 2400781 
2257 2400781 
2258 2400781 
2259 2400785 
2260 2400789 
2261 2400789 
2262 2400791 
2263 2400793 
2264 2400794 
2265 2400794 
2266 2400795 
2267 2400796 
2268 2400798 
2269 2400800 
2270 2400801 
2271 2400802 
2272 2400803 
2273 2400803 
2274 2400805 
2275 2400806 
2276 2400806 
2277 2400806 
2278 2400806 
2279 2400807 
2280 2400807 
2281 2400807 
2282 2400807 
2283 2400813 
2284 2400819 
2285 2400824 
2286 2400824 
2287 2400825 
2288 2400825 
2289 2400826 
2290 2400827 
2291 2400828 
2292 2400829 
2293 2400829 
2294 2400829 
2295 2400830 
2296 2400830 
2297 2400832 
2298 2400843 
2299 2400847 
2300 2400848 
2301 2400856 
2302 2400856 
2303 2400857 
2304 2400858 
2305 2400859 
2306 2400862 
2307 2400880 
2308 2400884 
2309 2400889 
2310 2400889 
2311 2400890 
2312 2400890 
2313 2400891 
2314 2400896 
2315 2400902 
2316 2400904 
2317 2400910 
2318 2400913 
2319 2400914 
2320 2400916 
2321 2400916 
2322 2400916 
2323 2400917 
2324 2400924 
2325 2400924 
2326 2400927 
2327 2400928 
2328 2400929 
2329 2400930 
2330 2400936 
2331 2400937 
2332 2400937 
2333 2400937 
2334 2400938 
2335 2400938 
2336 2400939 
2337 2400939 
2338 2400939 
2339 2400940 
2340 2400940 
2341 2400941 
2342 2400943 
2343 2400948 
2344 2400948 
2345 2400949 
2346 2400949 
2347 2400953 
2348 2400953 
2349 2400954 
2350 2400956 
2351 2400956 
2352 2400957 
2353 2400957 
2354 2400957 
2355 2400960 
2356 2400967 
2357 2400970 
2358 2400970 
2359 2400971 
2360 2400972 
2361 2400976 
2362 2400976 
2363 2400977 
2364 2400977 
2365 2400977 
2366 2400978 
2367 2400978 
2368 2400978 
2369 2400979 
2370 2400979 
2371 2400979 
2372 2400980 
2373 2400981 
2374 2400981 
2375 2400982 
2376 2400982 
2377 2400982 
2378 2400983 
2379 2400983 
2380 2400988 
2381 2400988 
2382 2400988 
2383 2400989 
2384 2400989 
2385 2400989 
2386 2400990 
2387 2400990 
2388 2400990 
2389 2400991 
2390 2400996 
2391 2400997 
2392 2400997 
2393 2400998 
2394 2400998 
2395 2400998 
2396 2400999 
2397 2400999 
2398 2401000 
2399 2401000 
2400 2401000 
2401 2401001 
2402 2401006 
2403 2401010 
2404 2401011 
2405 2401014 
2406 2401017 
2407 2401018 
2408 2401022 
2409 2401023 
2410 2401025 
2411 2401025 
2412 2401025 
2413 2401026 
2414 2401026 
2415 2401031 
2416 2401031 
2417 2401032 
2418 2401032 
2419 2401032 
2420 2401033 
2421 2401033 
2422 2401033 
2423 2401033 
2424 2401034 
2425 2401034 
2426 2401034 
2427 2401035 
2428 2401035 
2429 2401036 
2430 2401036 
2431 2401037 
2432 2401043 
2433 2401044 
2434 2401044 
2435 2401044 
2436 2401044 
2437 2401045 
2438 2401045 
2439 2401049 
2440 2401049 
2441 2401050 
2442 2401050 
2443 2401052 
2444 2401053 
2445 2401054 
2446 2401059 
2447 2401060 
2448 2401060 
2449 2401060 
2450 2401061 
2451 2401062 
2452 2401062 
2453 2401063 
2454 2401063 
2455 2401063 
2456 2401063 
2457 2401064 
2458 2401067 
2459 2401067 
2460 2401068 
2461 2401069 
2462 2401069 
2463 2401070 
2464 2401070 
2465 2401072 
2466 2401074 
2467 2401075 
2468 2401078 
2469 2401079 
2470 2401079 
2471 2401080 
2472 2401080 
2473 2401084 
2474 2401085 
2475 2401085 
2476 2401085 
2477 2401086 
2478 2401088 
2479 2401088 
2480 2401088 
2481 2401089 
2482 2401089 
2483 2401089 
2484 2401089 
2485 2401090 
2486 2401090 
2487 2401091 
2488 2401092 
2489 2401092 
2490 2401092 
2491 2401093 
2492 2401094 
2493 2401094 
2494 2401094 
2495 2401095 
2496 2401095 
2497 2401095 
2498 2401096 
2499 2401096 
2500 2401097 
2501 2401097 
2502 2401098 
2503 2401103 
2504 2401103 
2505 2401106 
2506 2401107 
2507 2401107 
2508 2401109 
2509 2401110 
2510 2401111 
2511 2401111 
2512 2401111 
2513 2401112 
2514 2401115 
2515 2401116 
2516 2401116 
2517 2401117 
2518 2401117 
2519 2401118 
2520 2401118 
2521 2401119 
2522 2401119 
2523 2401120 
2524 2401120 
2525 2401120 
2526 2401123 
2527 2401124 
2528 2401130 
2529 2401131 
2530 2401131 
2531 2401131 
2532 2401132 
2533 2401132 
2534 2401132 
2535 2401132 
2536 2401135 
2537 2401135 
2538 2401136 
2539 2401136 
2540 2401136 
2541 2401137 
2542 2401137 
2543 2401137 
2544 2401138 
2545 2401138 
2546 2401139 
2547 2401139 
2548 2401139 
2549 2401140 
2550 2401140 
2551 2401141 
2552 2401142 
2553 2401142 
2554 2401142 
2555 2401143 
2556 2401150 
2557 2401151 
2558 2401151 
2559 2401152 
2560 2401154 
2561 2401154 
2562 2401157 
2563 2401157 
2564 2401158 
2565 2401160 
2566 2401162 
2567 2401164 
2568 2401165 
2569 2401165 
2570 2401175 
2571 2401176 
2572 2401176 
2573 2401176 
2574 2401181 
2575 2401188 
2576 2401188 
2577 2401192 
2578 2401192 
2579 2401194 
2580 2401195 
2581 2401196 
2582 2401196 
2583 2401197 
2584 2401197 
2585 2401197 
2586 2401197 
