4957 1905 374 1179 317 391 601 559 253 391 2759 1253 391 559 685 790 559 392 391 247 1747 1287 559 949 1148 559 1282 332 248 734 937 1118 1030 391 944 823 1043 391 391 413 391 264 716 1209 391 927 420 1311 676 1008 1641 2223 1860 472 391 546 470 1500 871
1905 4957 654 1026 11 86 863 724 147 86 2433 1792 86 724 462 727 724 189 86 872 1989 1047 724 702 1437 724 1137 18 810 914 634 1058 1141 86 903 647 1210 86 86 82 86 0 417 1957 86 1351 502 1636 800 778 1460 2408 2252 86 86 241 86 1404 980
374 654 4957 0 504 616 442 1305 0 328 256 1062 860 1929 105 23 1699 298 810 1173 613 101 1175 177 1051 1241 429 508 921 715 440 115 514 639 1131 429 2 481 930 536 429 3 441 545 686 536 26 1035 1204 448 812 11 620 341 717 429 429 429 1137
1179 1026 0 4957 3 0 312 0 983 0 1248 265 0 0 45 1510 0 6 0 202 1024 869 0 354 335 0 747 28 331 1442 408 920 995 0 1074 517 537 0 0 1086 0 805 86 959 0 481 2 720 64 0 469 2160 1555 152 0 35 219 488 514
317 11 504 3 4957 1635 939 685 61 2152 674 39 2704 126 1038 34 563 1215 2383 474 117 847 170 444 39 239 2278 1637 407 192 2278 987 344 2399 39 2278 3 2349 2309 227 2359 44 2278 13 2380 4 0 151 107 2278 39 3 168 2222 2306 2278 2278 2278 39
391 86 616 0 1635 4957 694 152 0 2885 699 0 2022 53 460 22 80 1742 1978 606 172 945 690 390 0 14 1879 3083 106 142 1879 453 181 2241 0 1879 0 2010 2017 153 1879 41 1879 0 2018 98 0 56 98 1879 0 0 0 1951 2125 1879 1879 1879 0
601 863 442 312 939 694 4957 742 370 888 776 1039 924 695 771 469 723 410 869 1043 788 735 745 529 937 767 1199 770 960 716 1056 1068 675 861 905 1190 239 1069 1022 116 1069 94 972 913 932 804 365 896 987 1286 1066 436 952 1151 1022 1304 1162 1270 916
559 724 1305 0 685 152 742 4957 279 74 30 2689 340 3275 1830 133 3647 30 212 1138 931 143 3047 321 2689 3115 45 165 1239 1578 45 645 897 679 2689 45 0 326 365 3 45 2 42 1171 265 638 22 1475 2379 45 2441 11 838 45 312 45 45 45 2689
253 147 0 983 61 0 370 279 4957 0 117 55 0 23 43 2025 0 2 0 46 337 520 93 201 188 211 214 28 5 279 33 57 159 0 268 67 89 36 0 438 0 1 59 141 0 159 2 26 0 0 338 934 179 25 0 21 109 123 17
391 86 328 0 2152 2885 888 74 0 4957 699 0 2441 0 956 16 174 2101 2448 545 125 962 732 611 0 41 2367 3195 395 360 2367 949 191 2804 0 2367 0 2531 2367 78 2367 37 2367 0 2389 125 0 56 125 2367 0 0 155 2384 2715 2367 2367 2367 0
2759 2433 256 1248 674 699 776 30 117 699 4957 1267 699 30 454 961 30 504 699 158 1939 1495 30 724 883 30 1775 818 256 771 1247 1302 1134 699 175 1370 840 699 699 172 699 7 1009 1358 699 845 692 1367 102 1391 969 2841 2349 699 699 854 699 2175 286
1253 1792 1062 265 39 0 1039 2689 55 0 1267 4957 0 2707 2090 188 2707 30 0 1387 1908 734 2701 1118 3775 2697 645 161 1096 692 740 1183 906 0 2902 570 211 0 0 101 0 2 449 1680 0 734 949 2157 2447 1132 3114 1256 1925 686 0 792 0 691 2945
391 86 860 0 2704 2022 924 340 0 2441 699 0 4957 671 1448 16 177 1213 2738 544 278 962 105 669 0 438 2741 2027 527 330 2736 1013 380 2959 0 2758 0 3033 2886 232 3001 32 2731 0 2883 186 0 56 289 2744 0 0 155 2647 3237 2758 3001 2758 0
559 724 1929 0 126 53 695 3275 23 0 30 2707 671 4957 1950 133 3181 30 220 1184 944 158 2778 324 2696 3153 0 261 1305 1345 11 614 772 697 2776 0 0 223 805 3 212 2 12 1171 375 638 22 1588 2594 19 2457 11 838 64 323 0 212 0 2822
685 462 105 45 1038 460 771 1830 43 956 454 2090 1448 1950 4957 176 1782 559 1110 187 813 892 2154 888 1794 2466 1088 642 853 341 998 1621 718 989 1783 1557 13 1968 1168 48 2179 47 993 726 1252 185 0 524 1428 1006 1897 391 781 1021 1202 1345 2113 1918 1885
790 727 23 1510 34 22 469 133 2025 16 961 188 16 133 176 4957 133 25 16 212 1007 868 133 427 335 133 237 218 267 1274 272 944 1166 16 401 83 167 16 16 722 16 303 75 678 16 215 936 387 16 16 259 1496 1131 41 16 37 185 139 150
559 724 1699 0 563 80 723 3647 0 174 30 2707 177 3181 1782 133 4957 30 169 1169 931 158 2758 324 2696 3056 0 161 1292 1096 0 600 701 241 2720 0 0 180 349 3 0 2 0 1171 243 638 22 1506 2410 0 2457 11 838 0 216 0 0 0 2720
392 189 298 6 1215 1742 410 30 2 2101 504 30 1213 30 559 25 30 4957 994 4 29 705 278 147 30 30 999 1470 140 158 999 587 154 1320 30 999 97 1163 1191 80 999 0 999 219 1049 0 0 2 30 999 30 6 241 999 1124 999 999 999 30
391 86 810 0 2383 1978 869 212 0 2448 699 0 2738 220 1110 16 169 994 4957 544 268 831 597 669 0 207 2572 2194 782 220 2572 827 394 2960 0 2572 0 2615 2681 232 2817 32 2572 0 2966 186 0 56 289 2572 0 0 155 2461 2729 2572 2772 2572 0
247 872 1173 202 474 606 1043 1138 46 545 158 1387 544 1184 187 212 1169 4 544 4957 882 161 1150 374 1397 1146 924 551 884 593 704 226 594 544 1234 683 252 544 544 204 544 221 573 699 544 795 172 1282 1203 555 931 268 1050 544 544 544 544 705 1358
1747 1989 613 1024 117 172 788 931 337 125 1939 1908 278 944 813 1007 931 29 268 882 4957 1122 942 576 1693 937 964 126 952 1388 526 1447 1621 267 1247 576 359 278 278 563 278 112 595 1609 278 1216 543 1916 1159 743 1641 1966 2354 304 278 521 278 1008 1365
1287 1047 101 869 847 945 735 143 520 962 1495 734 962 158 892 868 158 705 831 161 1122 4957 155 468 486 151 1512 914 276 400 1064 1612 523 962 944 1022 196 962 962 409 962 355 1213 1079 962 429 251 946 256 1303 626 1131 1220 1020 962 1150 962 1299 452
559 724 1175 0 170 690 745 3047 93 732 30 2701 105 2778 2154 133 2758 278 597 1150 942 155 4957 315 2696 3119 40 1202 1146 905 35 650 957 458 2701 50 0 169 82 3 417 2 30 1171 210 638 22 1491 2391 43 2453 11 838 50 201 50 381 50 2701
949 702 177 354 444 390 529 321 201 611 724 1118 669 324 888 427 324 147 669 374 576 468 315 4957 666 313 857 515 352 307 915 697 310 666 362 781 643 669 669 141 669 540 1063 339 669 155 838 333 229 1618 677 679 789 1574 669 1427 669 1185 471
1148 1437 1051 335 39 0 937 2689 188 0 883 3775 0 2696 1794 335 2696 30 0 1397 1693 486 2696 666 4957 2696 762 161 1096 692 555 1370 884 0 3185 396 190 0 0 241 0 93 166 1797 0 756 520 2054 2570 704 2948 857 1664 279 0 364 161 362 2848
559 724 1241 0 239 14 767 3115 211 41 30 2697 438 3153 2466 133 3056 30 207 1146 937 151 3119 313 2696 4957 25 224 1194 1018 25 625 1244 188 2697 253 0 822 99 3 991 2 25 1171 159 638 22 1487 2387 25 2449 11 838 25 139 85 987 208 2697
1282 1137 429 747 2278 1879 1199 45 214 2367 1775 645 2741 0 1088 237 0 999 2572 924 964 1512 40 857 762 25 4957 1869 406 0 3275 1422 261 2695 526 3295 452 2741 2741 426 2741 153 3051 762 2741 667 3 623 560 3145 588 1162 1178 2655 2741 2896 2859 3413 205
332 18 508 28 1637 3083 770 165 28 3195 818 161 2027 261 642 218 161 1470 2194 551 126 914 1202 515 161 224 1869 4957 52 10 1869 635 229 2323 161 1869 0 1966 1869 107 1912 72 1869 140 1991 34 191 78 26 1869 161 135 232 1869 2267 1869 1869 1869 161
248 810 921 331 407 106 960 1239 5 395 256 1096 527 1305 853 267 1292 140 782 884 952 276 1146 352 1096 1194 406 52 4957 1201 401 817 1044 382 1096 580 50 723 717 3 580 10 396 1301 1232 921 799 1591 1198 409 902 346 809 424 770 580 580 580 1096
734 914 715 1442 192 142 716 1578 279 360 771 692 330 1345 341 1274 1096 158 220 593 1388 400 905 307 692 1018 0 10 1201 4957 0 1062 1758 684 692 0 165 46 297 3 0 159 0 1190 494 669 22 1230 692 0 692 1351 1367 0 231 0 0 0 692
937 634 440 408 2278 1879 1056 45 33 2367 1247 740 2736 11 998 272 0 999 2572 704 526 1064 35 915 555 25 3275 1869 401 0 4957 1341 290 2695 236 3397 431 2736 2736 681 2736 644 3111 469 2736 832 516 363 300 3400 247 548 758 3336 2736 3166 2829 3053 67
1118 1058 115 920 987 453 1068 645 57 949 1302 1183 1013 614 1621 944 600 587 827 226 1447 1612 650 697 1370 625 1422 635 817 1062 1341 4957 1162 950 1403 1115 286 1028 1028 185 1028 112 1382 1640 1021 228 472 1210 304 1753 1112 1296 1832 1161 1028 1302 1134 1058 943
1030 1141 514 995 344 181 675 897 159 191 1134 906 380 772 718 1166 701 154 394 594 1621 523 957 310 884 1244 261 229 1044 1758 290 1162 4957 493 761 514 190 463 191 115 993 244 191 1263 204 952 697 1110 930 330 751 1395 1766 191 287 244 969 307 667
391 86 639 0 2399 2241 861 679 0 2804 699 0 2959 697 989 16 241 1320 2960 544 267 962 458 666 0 188 2695 2323 382 684 2695 950 493 4957 0 2695 0 2795 2874 232 2695 32 2695 0 3065 186 0 56 289 2695 0 0 155 2584 2895 2695 2695 2695 0
944 903 1131 1074 39 0 905 2689 268 0 175 2902 0 2776 1783 401 2720 30 0 1234 1247 944 2701 362 3185 2697 526 161 1096 692 236 1403 761 0 4957 22 62 0 0 905 0 610 212 1646 0 638 40 1849 2671 164 2791 368 1193 85 0 1 219 5 2942
823 647 429 517 2278 1879 1190 45 67 2367 1370 570 2758 0 1557 83 0 999 2572 683 576 1022 50 781 396 253 3295 1869 580 0 3397 1115 514 2695 22 4957 704 3216 2906 243 3395 88 3109 610 2766 906 288 262 311 3032 103 606 723 2992 2920 3371 3395 3952 109
1043 1210 2 537 3 0 239 0 89 0 840 211 0 0 13 167 0 97 0 252 359 196 0 643 190 0 452 0 50 165 431 286 190 0 62 704 4957 0 0 84 0 743 78 941 0 1551 279 110 65 62 62 897 536 7 0 0 0 665 134
391 86 481 0 2349 2010 1069 326 36 2531 699 0 3033 223 1968 16 180 1163 2615 544 278 962 169 669 0 822 2741 1966 723 46 2736 1028 463 2795 0 3216 0 4957 2908 232 3723 32 2731 0 3005 186 0 110 289 2744 0 0 155 2648 2980 3083 3723 3216 0
391 86 930 0 2309 2017 1022 365 0 2367 699 0 2886 805 1168 16 349 1191 2681 544 278 962 82 669 0 99 2741 1869 717 297 2736 1028 191 2874 0 2906 0 2908 4957 232 2907 32 2731 0 3076 186 0 56 289 2744 0 0 155 2648 3264 2906 2906 2906 0
413 82 536 1086 227 153 116 3 438 78 172 101 232 3 48 722 3 80 232 204 563 409 3 141 241 3 426 107 3 3 681 185 115 232 905 243 84 232 232 4957 232 894 342 444 232 283 175 85 130 290 308 100 274 413 232 232 451 232 424
391 86 429 0 2359 1879 1069 45 0 2367 699 0 3001 212 2179 16 0 999 2817 544 278 962 417 669 0 991 2741 1912 580 0 2736 1028 993 2695 0 3395 0 3723 2907 232 4957 32 2731 0 2766 186 0 220 289 2744 0 0 155 2648 3234 3083 4412 3278 0
264 0 3 805 44 41 94 2 1 37 7 2 32 2 47 303 2 0 32 221 112 355 2 540 93 2 153 72 10 159 644 112 244 32 610 88 743 32 32 894 32 4957 32 142 32 556 227 0 2 32 129 159 326 488 32 32 251 32 23
716 417 441 86 2278 1879 972 42 59 2367 1009 449 2731 12 993 75 0 999 2572 573 595 1213 30 1063 166 25 3051 1869 396 0 3111 1382 191 2695 212 3109 78 2731 2731 342 2731 32 4957 241 2731 318 1355 263 301 3900 178 223 433 3492 2731 3976 2731 2863 193
1209 1957 545 959 13 0 913 1171 141 0 1358 1680 0 1171 726 678 1171 219 0 699 1609 1079 1171 339 1797 1171 762 140 1301 1190 469 1640 1263 0 1646 610 941 0 0 444 0 142 241 4957 0 1393 598 1640 1130 490 1626 1410 2091 74 0 229 96 357 1479
391 86 686 0 2380 2018 932 265 0 2389 699 0 2883 375 1252 16 243 1049 2966 544 278 962 210 669 0 159 2741 1991 1232 494 2736 1021 204 3065 0 2766 0 3005 3076 232 2766 32 2731 0 4957 186 0 56 289 2744 0 0 155 2648 2793 2766 2766 2766 0
927 1351 536 481 4 98 804 638 159 125 845 734 186 638 185 215 638 0 186 795 1216 429 638 155 756 638 667 34 921 669 832 228 952 186 638 906 1551 186 186 283 186 556 318 1393 186 4957 301 958 824 186 638 826 1180 183 186 186 186 937 747
420 502 26 2 0 0 365 22 2 0 692 949 0 22 0 936 22 0 0 172 543 251 22 838 520 22 3 191 799 22 516 472 697 0 40 288 279 0 0 175 0 227 1355 598 0 301 4957 598 22 1554 55 707 641 1303 0 1610 0 0 133
1311 1636 1035 720 151 56 896 1475 26 56 1367 2157 56 1588 524 387 1506 2 56 1282 1916 946 1491 333 2054 1487 623 78 1591 1230 363 1210 1110 56 1849 262 110 110 56 85 220 0 263 1640 56 958 598 4957 2350 722 2575 1109 1778 163 56 211 107 418 1727
676 800 1204 64 107 98 987 2379 0 125 102 2447 289 2594 1428 16 2410 30 289 1203 1159 256 2391 229 2570 2387 560 26 1198 692 300 304 930 289 2671 311 65 289 289 130 289 2 301 1130 289 824 22 2350 4957 308 2754 175 850 242 289 342 340 315 2703
1008 778 448 0 2278 1879 1286 45 0 2367 1391 1132 2744 19 1006 16 0 999 2572 555 743 1303 43 1618 704 25 3145 1869 409 0 3400 1753 330 2695 164 3032 62 2744 2744 290 2744 32 3900 490 2744 186 1554 722 308 4957 584 464 727 3944 2744 4312 2744 2807 150
1641 1460 812 469 39 0 1066 2441 338 0 969 3114 0 2457 1897 259 2457 30 0 931 1641 626 2453 677 2948 2449 588 161 902 692 247 1112 751 0 2791 103 62 0 0 308 0 129 178 1626 0 638 55 2575 2754 584 4957 564 1573 96 0 155 199 418 2696
2223 2408 11 2160 3 0 436 11 934 0 2841 1256 0 11 391 1496 11 6 0 268 1966 1131 11 679 857 11 1162 135 346 1351 548 1296 1395 0 368 606 897 0 0 100 0 159 223 1410 0 826 707 1109 175 464 564 4957 2379 0 0 124 0 1287 363
1860 2252 620 1555 168 0 952 838 179 155 2349 1925 155 838 781 1131 838 241 155 1050 2354 1220 838 789 1664 838 1178 232 809 1367 758 1832 1766 155 1193 723 536 155 155 274 155 326 433 2091 155 1180 641 1778 850 727 1573 2379 4957 155 155 310 166 1033 1323
472 86 341 152 2222 1951 1151 45 25 2384 699 686 2647 64 1021 41 0 999 2461 544 304 1020 50 1574 279 25 2655 1869 424 0 3336 1161 191 2584 85 2992 7 2648 2648 413 2648 488 3492 74 2648 183 1303 163 242 3944 96 0 155 4957 2648 3951 2648 2648 327
391 86 717 0 2306 2125 1022 312 0 2715 699 0 3237 323 1202 16 216 1124 2729 544 278 962 201 669 0 139 2741 2267 770 231 2736 1028 287 2895 0 2920 0 2980 3264 232 3234 32 2731 0 2793 186 0 56 289 2744 0 0 155 2648 4957 2920 3233 2920 0
546 241 429 35 2278 1879 1304 45 21 2367 854 792 2758 0 1345 37 0 999 2572 544 521 1150 50 1427 364 85 2896 1869 580 0 3166 1302 244 2695 1 3371 0 3083 2906 232 3083 32 3976 229 2766 186 1610 211 342 4312 155 124 310 3951 2920 4957 3083 3083 146
470 86 429 219 2278 1879 1162 45 109 2367 699 0 3001 212 2113 185 0 999 2772 544 278 962 381 669 161 987 2859 1869 580 0 2829 1134 969 2695 219 3395 0 3723 2906 451 4412 251 2731 96 2766 186 0 107 340 2744 199 0 166 2648 3233 3083 4957 3278 106
1500 1404 429 488 2278 1879 1270 45 123 2367 2175 691 2758 0 1918 139 0 999 2572 705 1008 1299 50 1185 362 208 3413 1869 580 0 3053 1058 307 2695 5 3952 665 3216 2906 232 3278 32 2863 357 2766 937 0 418 315 2807 418 1287 1033 2648 2920 3083 3278 4957 281
871 980 1137 514 39 0 916 2689 17 0 286 2945 0 2822 1885 150 2720 30 0 1358 1365 452 2701 471 2848 2697 205 161 1096 692 67 943 667 0 2942 109 134 0 0 424 0 23 193 1479 0 747 133 1727 2703 150 2696 363 1323 327 0 146 106 281 4957
