1 2739600 
2 2739602 
3 2739602 
4 2739603 
5 2739603 
6 2739603 
7 2739603 
8 2739604 
9 2739604 
10 2739604 
11 2739604 
12 2739605 
13 2739605 
14 2739606 
15 2739606 
16 2739607 
17 2739607 
18 2739607 
19 2739607 
20 2739608 
21 2739608 
22 2739609 
23 2739609 
24 2739609 
25 2739610 
26 2739610 
27 2739610 
28 2739610 
29 2739611 
30 2739614 
31 2739614 
32 2739615 
33 2739615 
34 2739615 
35 2739616 
36 2739616 
37 2739616 
38 2739617 
39 2739617 
40 2739617 
41 2739618 
42 2739618 
43 2739619 
44 2739620 
45 2739620 
46 2739620 
47 2739621 
48 2739621 
49 2739622 
50 2739622 
51 2739622 
52 2739624 
53 2739625 
54 2739626 
55 2739628 
56 2739629 
57 2739629 
58 2739629 
59 2739630 
60 2739630 
61 2739630 
62 2739631 
63 2739631 
64 2739631 
65 2739632 
66 2739632 
67 2739632 
68 2739633 
69 2739635 
70 2739637 
71 2739637 
72 2739638 
73 2739638 
74 2739639 
75 2739639 
76 2739639 
77 2739641 
78 2739642 
79 2739642 
80 2739642 
81 2739643 
82 2739643 
83 2739644 
84 2739645 
85 2739647 
86 2739647 
87 2739648 
88 2739650 
89 2739650 
90 2739652 
91 2739652 
92 2739652 
93 2739653 
94 2739653 
95 2739653 
96 2739654 
97 2739654 
98 2739654 
99 2739655 
100 2739655 
101 2739655 
102 2739656 
103 2739656 
104 2739656 
105 2739658 
106 2739659 
107 2739662 
108 2739662 
109 2739664 
110 2739679 
111 2739683 
112 2739686 
113 2739691 
114 2739691 
115 2739692 
116 2739692 
117 2739693 
118 2739695 
119 2739695 
120 2739700 
121 2739703 
122 2739706 
123 2739708 
124 2739709 
125 2739710 
126 2739712 
127 2739713 
128 2739713 
129 2739714 
130 2739715 
131 2739715 
132 2739717 
133 2739717 
134 2739718 
135 2739718 
136 2739718 
137 2739718 
138 2739719 
139 2739720 
140 2739721 
141 2739721 
142 2739722 
143 2739722 
144 2739722 
145 2739723 
146 2739723 
147 2739724 
148 2739724 
149 2739724 
150 2739724 
151 2739725 
152 2739725 
153 2739726 
154 2739726 
155 2739726 
156 2739727 
157 2739727 
158 2739727 
159 2739728 
160 2739728 
161 2739728 
162 2739729 
163 2739729 
164 2739729 
165 2739730 
166 2739730 
167 2739730 
168 2739731 
169 2739733 
170 2739734 
171 2739734 
172 2739734 
173 2739734 
174 2739735 
175 2739736 
176 2739736 
177 2739737 
178 2739737 
179 2739738 
180 2739738 
181 2739739 
182 2739739 
183 2739739 
184 2739739 
185 2739740 
186 2739741 
187 2739743 
188 2739750 
189 2739750 
190 2739750 
191 2739750 
192 2739751 
193 2739752 
194 2739753 
195 2739753 
196 2739754 
197 2739755 
198 2739756 
199 2739756 
200 2739760 
201 2739761 
202 2739761 
203 2739762 
204 2739763 
205 2739763 
206 2739763 
207 2739764 
208 2739765 
209 2739767 
210 2739767 
211 2739768 
212 2739769 
213 2739770 
214 2739770 
215 2739770 
216 2739771 
217 2739771 
218 2739773 
219 2739776 
220 2739776 
221 2739777 
222 2739777 
223 2739777 
224 2739778 
225 2739778 
226 2739778 
227 2739779 
228 2739779 
229 2739780 
230 2739780 
231 2739780 
232 2739781 
233 2739781 
234 2739788 
235 2739794 
236 2739794 
237 2739794 
238 2739795 
239 2739795 
240 2739795 
241 2739796 
242 2739796 
243 2739796 
244 2739797 
245 2739797 
246 2739797 
247 2739798 
248 2739798 
249 2739798 
250 2739799 
251 2739799 
252 2739800 
253 2739800 
254 2739800 
255 2739801 
256 2739801 
257 2739802 
258 2739802 
259 2739802 
260 2739803 
261 2739814 
262 2739816 
263 2739816 
264 2739817 
265 2739817 
266 2739819 
267 2739819 
268 2739819 
269 2739820 
270 2739820 
271 2739821 
272 2739822 
273 2739832 
274 2739835 
275 2739835 
276 2739844 
277 2739845 
278 2739845 
279 2739846 
280 2739846 
281 2739846 
282 2739847 
283 2739847 
284 2739847 
285 2739847 
286 2739847 
287 2739848 
288 2739849 
289 2739849 
290 2739849 
291 2739849 
292 2739850 
293 2739851 
294 2739851 
295 2739853 
296 2739854 
297 2739854 
298 2739854 
299 2739854 
300 2739855 
301 2739858 
302 2739858 
303 2739858 
304 2739858 
305 2739859 
306 2739859 
307 2739860 
308 2739860 
309 2739860 
310 2739860 
311 2739861 
312 2739861 
313 2739861 
314 2739862 
315 2739862 
316 2739862 
317 2739863 
318 2739863 
319 2739863 
320 2739864 
321 2739864 
322 2739865 
323 2739865 
324 2739865 
325 2739866 
326 2739866 
327 2739866 
328 2739869 
329 2739871 
330 2739874 
331 2739878 
332 2739882 
333 2739882 
334 2739883 
335 2739884 
336 2739884 
337 2739884 
338 2739885 
339 2739887 
340 2739887 
341 2739888 
342 2739889 
343 2739889 
344 2739890 
345 2739890 
346 2739890 
347 2739891 
348 2739891 
349 2739892 
350 2739892 
351 2739892 
352 2739893 
353 2739893 
354 2739893 
355 2739893 
356 2739894 
357 2739894 
358 2739895 
359 2739895 
360 2739895 
361 2739896 
362 2739896 
363 2739896 
364 2739897 
365 2739897 
366 2739897 
367 2739897 
368 2739898 
369 2739899 
370 2739899 
371 2739899 
372 2739900 
373 2739900 
374 2739900 
375 2739902 
376 2739902 
377 2739903 
378 2739903 
379 2739903 
380 2739904 
381 2739904 
382 2739905 
383 2739905 
384 2739905 
385 2739906 
386 2739906 
387 2739907 
388 2739907 
389 2739907 
390 2739908 
391 2739908 
392 2739908 
393 2739909 
394 2739909 
395 2739909 
396 2739909 
397 2739910 
398 2739910 
399 2739911 
400 2739911 
401 2739911 
402 2739912 
403 2739913 
404 2739913 
405 2739913 
406 2739914 
407 2739914 
408 2739915 
409 2739915 
410 2739915 
411 2739915 
412 2739916 
413 2739916 
414 2739917 
415 2739917 
416 2739917 
417 2739918 
418 2739918 
419 2739918 
420 2739918 
421 2739919 
422 2739919 
423 2739919 
424 2739920 
425 2739920 
426 2739920 
427 2739921 
428 2739921 
429 2739921 
430 2739921 
431 2739922 
432 2739922 
433 2739922 
434 2739923 
435 2739923 
436 2739923 
437 2739924 
438 2739924 
439 2739925 
440 2739925 
441 2739925 
442 2739926 
443 2739926 
444 2739926 
445 2739926 
446 2739927 
447 2739927 
448 2739927 
449 2739928 
450 2739928 
451 2739928 
452 2739928 
453 2739929 
454 2739929 
455 2739929 
456 2739929 
457 2739930 
458 2739930 
459 2739930 
460 2739931 
461 2739931 
462 2739931 
463 2739932 
464 2739932 
465 2739932 
466 2739933 
467 2739933 
468 2739933 
469 2739933 
470 2739934 
471 2739934 
472 2739934 
473 2739935 
474 2739935 
475 2739936 
476 2739936 
477 2739936 
478 2739937 
479 2739939 
480 2739940 
481 2739940 
482 2739941 
483 2739941 
484 2739941 
485 2739942 
486 2739942 
487 2739942 
488 2739942 
489 2739943 
490 2739944 
491 2739966 
492 2739966 
493 2739966 
494 2739967 
495 2739967 
496 2739968 
497 2739972 
498 2739972 
499 2739972 
500 2739973 
501 2739976 
502 2739984 
503 2739984 
504 2739984 
505 2739990 
506 2739990 
507 2739990 
508 2739991 
509 2739991 
510 2739992 
511 2739992 
512 2739992 
513 2739992 
514 2739993 
515 2739993 
516 2739994 
517 2739994 
518 2739996 
519 2739996 
520 2739996 
521 2739997 
522 2739997 
523 2739998 
524 2740004 
525 2740004 
526 2740005 
527 2740005 
528 2740006 
529 2740006 
530 2740006 
531 2740009 
532 2740009 
533 2740010 
534 2740010 
535 2740013 
536 2740016 
537 2740021 
538 2740022 
539 2740023 
540 2740024 
541 2740024 
542 2740024 
543 2740025 
544 2740049 
545 2740049 
546 2740049 
547 2740059 
548 2740059 
549 2740060 
550 2740060 
551 2740060 
552 2740061 
553 2740061 
554 2740062 
555 2740062 
556 2740062 
557 2740065 
558 2740065 
559 2740065 
560 2740066 
561 2740066 
562 2740066 
563 2740067 
564 2740067 
565 2740067 
566 2740068 
567 2740068 
568 2740068 
569 2740069 
570 2740069 
571 2740069 
572 2740069 
573 2740070 
574 2740070 
575 2740070 
576 2740071 
577 2740071 
578 2740072 
579 2740073 
580 2740074 
581 2740074 
582 2740074 
583 2740075 
584 2740076 
585 2740077 
586 2740077 
587 2740079 
588 2740080 
589 2740080 
590 2740087 
591 2740088 
592 2740089 
593 2740089 
594 2740090 
595 2740090 
596 2740091 
597 2740096 
598 2740096 
599 2740098 
600 2740098 
601 2740099 
602 2740099 
603 2740099 
604 2740100 
605 2740100 
606 2740100 
607 2740101 
608 2740101 
609 2740101 
610 2740102 
611 2740102 
612 2740102 
613 2740102 
614 2740102 
615 2740103 
616 2740103 
617 2740103 
618 2740104 
619 2740104 
620 2740104 
621 2740105 
622 2740105 
623 2740106 
624 2740108 
625 2740108 
626 2740108 
627 2740111 
628 2740112 
629 2740116 
630 2740116 
631 2740117 
632 2740124 
633 2740126 
634 2740126 
635 2740127 
636 2740131 
637 2740132 
638 2740132 
639 2740132 
640 2740132 
641 2740133 
642 2740133 
643 2740133 
644 2740134 
645 2740134 
646 2740135 
647 2740135 
648 2740135 
649 2740136 
650 2740138 
651 2740138 
652 2740138 
653 2740140 
654 2740141 
655 2740143 
656 2740144 
657 2740144 
658 2740144 
659 2740146 
660 2740147 
661 2740148 
662 2740148 
663 2740149 
664 2740154 
665 2740157 
666 2740167 
667 2740167 
668 2740168 
669 2740168 
670 2740169 
671 2740172 
672 2740173 
673 2740173 
674 2740174 
675 2740175 
676 2740176 
677 2740177 
678 2740177 
679 2740178 
680 2740178 
681 2740178 
682 2740179 
683 2740179 
684 2740179 
685 2740180 
686 2740184 
687 2740186 
688 2740187 
689 2740187 
690 2740188 
691 2740189 
692 2740191 
693 2740193 
694 2740195 
695 2740197 
696 2740200 
697 2740201 
698 2740201 
699 2740201 
700 2740202 
701 2740202 
702 2740212 
703 2740221 
704 2740229 
705 2740229 
706 2740231 
707 2740231 
708 2740231 
709 2740232 
710 2740233 
711 2740233 
712 2740234 
713 2740236 
714 2740236 
715 2740240 
716 2740241 
717 2740242 
718 2740243 
719 2740244 
720 2740244 
721 2740245 
722 2740246 
723 2740246 
724 2740248 
725 2740248 
726 2740256 
727 2740274 
728 2740275 
729 2740281 
730 2740281 
731 2740281 
732 2740281 
733 2740282 
734 2740286 
735 2740287 
736 2740287 
737 2740287 
738 2740288 
739 2740288 
740 2740289 
741 2740290 
742 2740300 
743 2740300 
744 2740301 
745 2740301 
746 2740303 
747 2740304 
748 2740304 
749 2740323 
750 2740323 
751 2740324 
752 2740333 
753 2740334 
754 2740345 
755 2740348 
756 2740348 
757 2740348 
758 2740349 
759 2740350 
760 2740350 
761 2740350 
762 2740351 
763 2740352 
764 2740352 
765 2740352 
766 2740372 
767 2740373 
768 2740374 
769 2740374 
770 2740374 
771 2740383 
772 2740384 
773 2740384 
774 2740385 
775 2740385 
776 2740399 
777 2740410 
778 2740423 
779 2740426 
780 2740428 
781 2740436 
782 2740438 
783 2740440 
784 2740443 
785 2740458 
786 2740459 
787 2740461 
788 2740466 
789 2740483 
790 2740484 
791 2740485 
792 2740486 
793 2740486 
794 2740486 
795 2740487 
796 2740487 
797 2740487 
798 2740488 
799 2740489 
800 2740489 
801 2740495 
802 2740495 
803 2740496 
804 2740496 
805 2740496 
806 2740497 
807 2740497 
808 2740497 
809 2740498 
810 2740498 
811 2740499 
812 2740509 
813 2740512 
814 2740513 
815 2740513 
816 2740514 
817 2740514 
818 2740515 
819 2740515 
820 2740524 
821 2740524 
822 2740525 
823 2740525 
824 2740526 
825 2740537 
826 2740537 
827 2740537 
828 2740538 
829 2740538 
830 2740538 
831 2740539 
832 2740539 
833 2740549 
834 2740549 
835 2740550 
836 2740551 
837 2740551 
838 2740552 
839 2740553 
840 2740554 
841 2740554 
842 2740566 
843 2740567 
844 2740567 
845 2740567 
846 2740568 
847 2740568 
848 2740570 
849 2740570 
850 2740602 
851 2740608 
852 2740608 
853 2740610 
854 2740610 
855 2740615 
856 2740619 
857 2740622 
858 2740625 
859 2740627 
860 2740629 
861 2740630 
862 2740630 
863 2740630 
864 2740631 
865 2740631 
866 2740631 
867 2740632 
868 2740632 
869 2740632 
870 2740632 
871 2740633 
872 2740633 
873 2740633 
874 2740634 
875 2740634 
876 2740634 
877 2740635 
878 2740635 
879 2740635 
880 2740637 
881 2740638 
882 2740639 
883 2740642 
884 2740643 
885 2740643 
886 2740649 
887 2740652 
888 2740653 
889 2740656 
890 2740659 
891 2740669 
892 2740674 
893 2740683 
894 2740694 
895 2740697 
896 2740698 
897 2740700 
898 2740702 
899 2740706 
900 2740710 
901 2740713 
902 2740714 
903 2740714 
904 2740723 
905 2740725 
906 2740729 
907 2740732 
908 2740756 
909 2740756 
910 2740757 
911 2740757 
912 2740758 
913 2740758 
914 2740758 
915 2740759 
916 2740759 
917 2740760 
918 2740760 
919 2740760 
920 2740761 
921 2740803 
922 2740804 
923 2740804 
924 2740806 
925 2740807 
926 2740807 
927 2740807 
928 2740808 
929 2740808 
930 2740808 
931 2740808 
932 2740809 
933 2740809 
934 2740827 
935 2740828 
936 2740828 
937 2740828 
938 2740828 
939 2740829 
940 2740829 
941 2740829 
942 2740830 
943 2740830 
944 2740830 
945 2740831 
946 2740831 
947 2740831 
948 2740832 
949 2740832 
950 2740832 
951 2740833 
952 2740833 
953 2740833 
954 2740833 
955 2740834 
956 2740841 
957 2740846 
958 2740880 
959 2740882 
960 2740883 
961 2740887 
962 2740890 
963 2740906 
964 2740908 
965 2740910 
966 2740917 
967 2740935 
968 2740944 
969 2740947 
970 2740947 
971 2740949 
972 2740950 
973 2740952 
974 2740954 
975 2740954 
976 2740956 
977 2740957 
978 2740957 
979 2740958 
980 2740958 
981 2740958 
982 2740959 
983 2740962 
984 2740968 
985 2740968 
986 2740970 
987 2740971 
988 2740973 
989 2740975 
990 2740977 
991 2740980 
992 2740995 
993 2740995 
994 2740995 
995 2740995 
996 2740996 
997 2740996 
998 2740996 
999 2740997 
1000 2740997 
1001 2740997 
1002 2740998 
1003 2740998 
1004 2740999 
1005 2740999 
1006 2740999 
1007 2740999 
1008 2741000 
1009 2741000 
1010 2741000 
1011 2741001 
1012 2741001 
1013 2741001 
1014 2741001 
1015 2741002 
1016 2741002 
1017 2741002 
1018 2741002 
1019 2741003 
1020 2741003 
1021 2741004 
1022 2741004 
1023 2741004 
1024 2741011 
1025 2741013 
1026 2741014 
1027 2741015 
1028 2741015 
1029 2741016 
1030 2741016 
1031 2741016 
1032 2741016 
1033 2741016 
1034 2741017 
1035 2741017 
1036 2741017 
1037 2741031 
1038 2741034 
1039 2741036 
1040 2741038 
1041 2741039 
1042 2741042 
1043 2741043 
1044 2741044 
1045 2741044 
1046 2741045 
1047 2741045 
1048 2741054 
1049 2741056 
1050 2741059 
1051 2741062 
1052 2741148 
1053 2741166 
1054 2741166 
1055 2741166 
1056 2741167 
1057 2741179 
1058 2741179 
1059 2741195 
1060 2741195 
1061 2741195 
1062 2741196 
1063 2741197 
1064 2741198 
1065 2741203 
1066 2741205 
1067 2741208 
1068 2741209 
1069 2741209 
1070 2741209 
1071 2741210 
1072 2741211 
1073 2741212 
1074 2741214 
1075 2741214 
1076 2741214 
1077 2741216 
1078 2741220 
1079 2741222 
1080 2741225 
1081 2741226 
1082 2741227 
1083 2741227 
1084 2741227 
1085 2741228 
1086 2741228 
1087 2741228 
1088 2741228 
1089 2741229 
1090 2741229 
1091 2741229 
1092 2741229 
1093 2741229 
1094 2741230 
1095 2741230 
1096 2741230 
1097 2741230 
1098 2741231 
1099 2741231 
1100 2741231 
1101 2741232 
1102 2741232 
1103 2741232 
1104 2741232 
1105 2741233 
1106 2741233 
1107 2741234 
1108 2741234 
1109 2741234 
1110 2741234 
1111 2741235 
1112 2741235 
1113 2741235 
1114 2741236 
1115 2741236 
1116 2741236 
1117 2741237 
1118 2741237 
1119 2741237 
1120 2741237 
1121 2741238 
1122 2741238 
1123 2741240 
1124 2741244 
1125 2741288 
1126 2741289 
1127 2741289 
1128 2741297 
1129 2741298 
1130 2741309 
1131 2741330 
1132 2741330 
1133 2741338 
1134 2741341 
1135 2741346 
1136 2741355 
1137 2741367 
1138 2741368 
1139 2741369 
1140 2741372 
1141 2741372 
1142 2741386 
1143 2741386 
1144 2741386 
1145 2741387 
1146 2741387 
1147 2741387 
1148 2741388 
1149 2741388 
1150 2741401 
1151 2741404 
1152 2741404 
1153 2741408 
1154 2741412 
1155 2741471 
1156 2741472 
1157 2741479 
1158 2741480 
1159 2741480 
1160 2741481 
1161 2741481 
1162 2741481 
1163 2741482 
1164 2741529 
1165 2741555 
1166 2741556 
1167 2741557 
1168 2741557 
1169 2741558 
1170 2741559 
1171 2741559 
1172 2741560 
1173 2741560 
1174 2741560 
1175 2741561 
1176 2741561 
1177 2741563 
1178 2741563 
1179 2741563 
1180 2741564 
1181 2741564 
1182 2741566 
1183 2741570 
1184 2741576 
1185 2741579 
1186 2741579 
1187 2741580 
1188 2741580 
1189 2741581 
1190 2741581 
1191 2741582 
1192 2741587 
1193 2741587 
1194 2741588 
1195 2741588 
1196 2741588 
1197 2741589 
1198 2741589 
1199 2741589 
1200 2741594 
1201 2741601 
1202 2741601 
1203 2741617 
1204 2741618 
1205 2741618 
1206 2741618 
1207 2741619 
1208 2741619 
1209 2741619 
1210 2741620 
1211 2741620 
1212 2741620 
1213 2741620 
1214 2741621 
1215 2741621 
1216 2741621 
1217 2741622 
1218 2741622 
1219 2741622 
1220 2741623 
1221 2741623 
1222 2741623 
1223 2741624 
1224 2741624 
1225 2741624 
1226 2741625 
1227 2741625 
1228 2741625 
1229 2741628 
1230 2741629 
1231 2741639 
1232 2741639 
1233 2741640 
1234 2741640 
1235 2741649 
1236 2741658 
1237 2741659 
1238 2741660 
1239 2741660 
1240 2741660 
1241 2741664 
1242 2741665 
1243 2741666 
1244 2741666 
1245 2741666 
1246 2741667 
1247 2741667 
1248 2741667 
1249 2741668 
1250 2741668 
1251 2741668 
1252 2741669 
1253 2741669 
1254 2741669 
1255 2741670 
1256 2741670 
1257 2741671 
1258 2741671 
1259 2741672 
1260 2741672 
1261 2741672 
1262 2741672 
1263 2741673 
1264 2741673 
1265 2741674 
1266 2741674 
1267 2741674 
1268 2741675 
1269 2741675 
1270 2741676 
1271 2741676 
1272 2741677 
1273 2741677 
1274 2741678 
1275 2741678 
1276 2741678 
1277 2741680 
1278 2741680 
1279 2741680 
1280 2741680 
1281 2741681 
1282 2741681 
1283 2741681 
1284 2741682 
1285 2741682 
1286 2741682 
1287 2741683 
1288 2741683 
1289 2741684 
1290 2741684 
1291 2741685 
1292 2741685 
1293 2741685 
1294 2741685 
1295 2741686 
1296 2741686 
1297 2741688 
1298 2741688 
1299 2741688 
1300 2741690 
1301 2741692 
1302 2741700 
1303 2741700 
1304 2741700 
1305 2741706 
1306 2741708 
1307 2741708 
1308 2741709 
1309 2741709 
1310 2741709 
1311 2741733 
1312 2741737 
1313 2741738 
1314 2741739 
1315 2741742 
1316 2741744 
1317 2741745 
1318 2741745 
1319 2741745 
1320 2741745 
1321 2741749 
1322 2741752 
1323 2741756 
1324 2741762 
1325 2741769 
1326 2741772 
1327 2741776 
1328 2741779 
1329 2741781 
1330 2741784 
1331 2741785 
1332 2741790 
1333 2741791 
1334 2741791 
1335 2741791 
1336 2741795 
1337 2741797 
1338 2741804 
1339 2741841 
1340 2741850 
1341 2741850 
1342 2741851 
1343 2741851 
1344 2741852 
1345 2741853 
1346 2741861 
1347 2741949 
1348 2741949 
1349 2741955 
1350 2741955 
1351 2741966 
1352 2741983 
1353 2741984 
1354 2741991 
1355 2741992 
1356 2741994 
1357 2741995 
1358 2741995 
1359 2741995 
1360 2741996 
1361 2741996 
1362 2741996 
1363 2741997 
1364 2741997 
1365 2741998 
1366 2741998 
1367 2741999 
1368 2742007 
1369 2742008 
1370 2742008 
1371 2742008 
1372 2742009 
1373 2742028 
1374 2742029 
1375 2742029 
1376 2742030 
1377 2742030 
1378 2742030 
1379 2742031 
1380 2742033 
1381 2742033 
1382 2742033 
1383 2742033 
1384 2742034 
1385 2742034 
1386 2742075 
1387 2742075 
1388 2742105 
1389 2742134 
1390 2742144 
1391 2742150 
1392 2742192 
1393 2742196 
1394 2742197 
1395 2742199 
1396 2742207 
1397 2742288 
1398 2742300 
1399 2742300 
1400 2742301 
1401 2742301 
1402 2742301 
1403 2742310 
1404 2742310 
1405 2742310 
1406 2742311 
1407 2742313 
1408 2742315 
1409 2742321 
1410 2742453 
1411 2742456 
1412 2742458 
1413 2742459 
1414 2742461 
1415 2742469 
1416 2742510 
1417 2742535 
1418 2742605 
1419 2742625 
1420 2742634 
1421 2742634 
1422 2742639 
1423 2742645 
1424 2742645 
1425 2742646 
1426 2742646 
1427 2742647 
1428 2742647 
1429 2742648 
1430 2742648 
1431 2742652 
1432 2742653 
1433 2742653 
1434 2742653 
1435 2742654 
1436 2742655 
1437 2742655 
1438 2742655 
1439 2742656 
1440 2742656 
1441 2742656 
1442 2742657 
1443 2742657 
1444 2742658 
1445 2742658 
1446 2742658 
1447 2742659 
1448 2742659 
1449 2742659 
1450 2742660 
1451 2742660 
1452 2742660 
1453 2742661 
1454 2742661 
1455 2742661 
1456 2742662 
1457 2742706 
1458 2742706 
1459 2742711 
1460 2742756 
1461 2742757 
1462 2742768 
1463 2742769 
1464 2742787 
1465 2742787 
1466 2742787 
1467 2742788 
1468 2742793 
1469 2742794 
1470 2742795 
1471 2742813 
1472 2742813 
1473 2742818 
1474 2742836 
1475 2742855 
1476 2742858 
1477 2742858 
1478 2742927 
1479 2742927 
1480 2742965 
1481 2742972 
1482 2742973 
1483 2742973 
1484 2742973 
1485 2743021 
1486 2743024 
1487 2743025 
1488 2743025 
1489 2743029 
1490 2743039 
1491 2743040 
1492 2743060 
1493 2743060 
1494 2743061 
1495 2743076 
1496 2743084 
1497 2743092 
1498 2743092 
1499 2743092 
1500 2743093 
1501 2743093 
1502 2743094 
1503 2743094 
1504 2743098 
1505 2743098 
1506 2743098 
1507 2743099 
1508 2743099 
1509 2743110 
1510 2743110 
1511 2743111 
1512 2743111 
1513 2743112 
1514 2743112 
1515 2743112 
1516 2743113 
1517 2743113 
1518 2743113 
1519 2743114 
1520 2743114 
1521 2743114 
1522 2743124 
1523 2743133 
1524 2743133 
1525 2743134 
1526 2743139 
1527 2743140 
1528 2743140 
1529 2743142 
1530 2743143 
1531 2743143 
1532 2743147 
1533 2743148 
1534 2743149 
1535 2743149 
1536 2743150 
1537 2743150 
1538 2743151 
1539 2743152 
1540 2743153 
1541 2743154 
1542 2743154 
1543 2743154 
1544 2743154 
1545 2743155 
1546 2743155 
1547 2743155 
1548 2743156 
1549 2743157 
1550 2743157 
1551 2743158 
1552 2743158 
1553 2743158 
1554 2743158 
1555 2743159 
1556 2743159 
1557 2743159 
1558 2743160 
1559 2743160 
1560 2743160 
1561 2743161 
1562 2743161 
1563 2743161 
1564 2743162 
1565 2743162 
1566 2743165 
1567 2743168 
1568 2743180 
1569 2743180 
1570 2743181 
1571 2743181 
1572 2743182 
1573 2743186 
1574 2743193 
1575 2743194 
