1 2714400 
2 2714400 
3 2714400 
4 2714401 
5 2714401 
6 2714403 
7 2714413 
8 2714413 
9 2714415 
10 2714418 
11 2714418 
12 2714419 
13 2714419 
14 2714420 
15 2714421 
16 2714422 
17 2714422 
18 2714423 
19 2714435 
20 2714443 
21 2714444 
22 2714444 
23 2714449 
24 2714450 
25 2714452 
26 2714453 
27 2714455 
28 2714471 
29 2714471 
30 2714472 
31 2714472 
32 2714476 
33 2714497 
34 2714499 
35 2714505 
36 2714516 
37 2714518 
38 2714519 
39 2714519 
40 2714520 
41 2714521 
42 2714521 
43 2714521 
44 2714522 
45 2714523 
46 2714523 
47 2714524 
48 2714525 
49 2714525 
50 2714526 
51 2714526 
52 2714527 
53 2714527 
54 2714529 
55 2714530 
56 2714536 
57 2714538 
58 2714550 
59 2714565 
60 2714577 
61 2714577 
62 2714582 
63 2714583 
64 2714596 
65 2714597 
66 2714600 
67 2714601 
68 2714602 
69 2714604 
70 2714613 
71 2714614 
72 2714619 
73 2714628 
74 2714629 
75 2714636 
76 2714638 
77 2714640 
78 2714642 
79 2714646 
80 2714648 
81 2714648 
82 2714649 
83 2714650 
84 2714650 
85 2714652 
86 2714652 
87 2714656 
88 2714657 
89 2714672 
90 2714681 
91 2714682 
92 2714684 
93 2714690 
94 2714690 
95 2714691 
96 2714691 
97 2714692 
98 2714702 
99 2714704 
100 2714705 
101 2714706 
102 2714711 
103 2714711 
104 2714712 
105 2714722 
106 2714723 
107 2714726 
108 2714727 
109 2714728 
110 2714728 
111 2714728 
112 2714731 
113 2714737 
114 2714740 
115 2714744 
116 2714745 
117 2714752 
118 2714753 
119 2714753 
120 2714763 
121 2714774 
122 2714784 
123 2714814 
124 2714817 
125 2714818 
126 2714819 
127 2714819 
128 2714821 
129 2714826 
130 2714828 
131 2714832 
132 2714882 
133 2714885 
134 2714886 
135 2714886 
136 2714889 
137 2714892 
138 2714894 
139 2714895 
140 2714897 
141 2714899 
142 2714900 
143 2714900 
144 2714900 
145 2714900 
146 2714901 
147 2714910 
148 2714910 
149 2714912 
150 2714919 
151 2714920 
152 2714921 
153 2714921 
154 2714925 
155 2714925 
156 2714926 
157 2714933 
158 2714937 
159 2714941 
160 2714941 
161 2714941 
162 2714941 
163 2714942 
164 2714942 
165 2714943 
166 2714943 
167 2714944 
168 2714946 
169 2714946 
170 2714948 
171 2714948 
172 2714949 
173 2714949 
174 2714950 
175 2714950 
176 2714952 
177 2714952 
178 2714952 
179 2714958 
180 2714966 
181 2714966 
182 2714966 
183 2714966 
184 2714967 
185 2714967 
186 2714967 
187 2714968 
188 2714974 
189 2714976 
190 2714982 
191 2714982 
192 2714983 
193 2714983 
194 2714996 
195 2714998 
196 2715017 
197 2715018 
198 2715018 
199 2715022 
200 2715023 
201 2715025 
202 2715026 
203 2715026 
204 2715027 
205 2715027 
206 2715030 
207 2715030 
208 2715032 
209 2715034 
210 2715040 
211 2715058 
212 2715061 
213 2715062 
214 2715062 
215 2715065 
216 2715065 
217 2715065 
218 2715066 
219 2715066 
220 2715066 
221 2715067 
222 2715067 
223 2715068 
224 2715068 
225 2715068 
226 2715068 
227 2715069 
228 2715069 
229 2715069 
230 2715069 
231 2715070 
232 2715070 
233 2715070 
234 2715070 
235 2715071 
236 2715071 
237 2715071 
238 2715071 
239 2715073 
240 2715074 
241 2715077 
242 2715082 
243 2715083 
244 2715083 
245 2715083 
246 2715084 
247 2715084 
248 2715084 
249 2715085 
250 2715085 
251 2715085 
252 2715086 
253 2715086 
254 2715086 
255 2715086 
256 2715087 
257 2715087 
258 2715087 
259 2715087 
260 2715088 
261 2715091 
262 2715093 
263 2715095 
264 2715097 
265 2715103 
266 2715104 
267 2715104 
268 2715105 
269 2715105 
270 2715105 
271 2715105 
272 2715106 
273 2715106 
274 2715106 
275 2715107 
276 2715107 
277 2715107 
278 2715108 
279 2715108 
280 2715108 
281 2715108 
282 2715109 
283 2715109 
284 2715109 
285 2715110 
286 2715110 
287 2715110 
288 2715111 
289 2715112 
290 2715112 
291 2715112 
292 2715113 
293 2715114 
294 2715114 
295 2715115 
296 2715115 
297 2715115 
298 2715120 
299 2715121 
300 2715124 
301 2715124 
302 2715125 
303 2715125 
304 2715130 
305 2715130 
306 2715132 
307 2715132 
308 2715135 
309 2715135 
310 2715136 
311 2715138 
312 2715143 
313 2715145 
314 2715146 
315 2715149 
316 2715151 
317 2715151 
318 2715152 
319 2715152 
320 2715153 
321 2715153 
322 2715153 
323 2715153 
324 2715154 
325 2715154 
326 2715157 
327 2715159 
328 2715160 
329 2715160 
330 2715162 
331 2715163 
332 2715166 
333 2715168 
334 2715172 
335 2715180 
336 2715181 
337 2715182 
338 2715182 
339 2715182 
340 2715183 
341 2715183 
342 2715183 
343 2715184 
344 2715184 
345 2715184 
346 2715185 
347 2715185 
348 2715185 
349 2715186 
350 2715186 
351 2715187 
352 2715187 
353 2715187 
354 2715188 
355 2715188 
356 2715188 
357 2715189 
358 2715189 
359 2715190 
360 2715190 
361 2715190 
362 2715191 
363 2715193 
364 2715193 
365 2715197 
366 2715197 
367 2715198 
368 2715198 
369 2715198 
370 2715199 
371 2715199 
372 2715200 
373 2715200 
374 2715200 
375 2715201 
376 2715201 
377 2715201 
378 2715201 
379 2715202 
380 2715202 
381 2715203 
382 2715203 
383 2715203 
384 2715204 
385 2715205 
386 2715205 
387 2715206 
388 2715214 
389 2715214 
390 2715214 
391 2715215 
392 2715225 
393 2715225 
394 2715229 
395 2715240 
396 2715246 
397 2715247 
398 2715247 
399 2715248 
400 2715248 
401 2715249 
402 2715249 
403 2715249 
404 2715250 
405 2715250 
406 2715251 
407 2715251 
408 2715251 
409 2715252 
410 2715252 
411 2715254 
412 2715255 
413 2715260 
414 2715262 
415 2715267 
416 2715268 
417 2715269 
418 2715269 
419 2715269 
420 2715287 
421 2715287 
422 2715287 
423 2715287 
424 2715288 
425 2715289 
426 2715289 
427 2715290 
428 2715291 
429 2715291 
430 2715292 
431 2715292 
432 2715292 
433 2715293 
434 2715293 
435 2715300 
436 2715308 
437 2715308 
438 2715308 
439 2715309 
440 2715309 
441 2715309 
442 2715310 
443 2715310 
444 2715311 
445 2715311 
446 2715312 
447 2715312 
448 2715315 
449 2715315 
450 2715316 
451 2715319 
452 2715323 
453 2715338 
454 2715340 
455 2715346 
456 2715346 
457 2715347 
458 2715348 
459 2715349 
460 2715349 
461 2715349 
462 2715350 
463 2715350 
464 2715350 
465 2715351 
466 2715351 
467 2715351 
468 2715352 
469 2715352 
470 2715352 
471 2715353 
472 2715360 
473 2715360 
474 2715361 
475 2715361 
476 2715361 
477 2715372 
478 2715372 
479 2715377 
480 2715379 
481 2715385 
482 2715387 
483 2715388 
484 2715393 
485 2715394 
486 2715406 
487 2715408 
488 2715418 
489 2715424 
490 2715424 
491 2715429 
492 2715429 
493 2715477 
494 2715481 
495 2715483 
496 2715483 
497 2715484 
498 2715484 
499 2715488 
500 2715488 
501 2715489 
502 2715512 
503 2715516 
504 2715518 
505 2715518 
506 2715520 
507 2715523 
508 2715524 
509 2715526 
510 2715527 
511 2715530 
512 2715536 
513 2715538 
514 2715539 
515 2715539 
516 2715539 
517 2715540 
518 2715550 
519 2715550 
520 2715552 
521 2715555 
522 2715556 
523 2715556 
524 2715557 
525 2715561 
526 2715563 
527 2715563 
528 2715564 
529 2715566 
530 2715566 
531 2715566 
532 2715568 
533 2715568 
534 2715569 
535 2715569 
536 2715572 
537 2715592 
538 2715594 
539 2715595 
540 2715596 
541 2715597 
542 2715601 
543 2715602 
544 2715604 
545 2715605 
546 2715608 
547 2715615 
548 2715615 
549 2715616 
550 2715620 
551 2715621 
552 2715623 
553 2715625 
554 2715628 
555 2715631 
556 2715631 
557 2715633 
558 2715636 
559 2715637 
560 2715637 
561 2715638 
562 2715648 
563 2715652 
564 2715658 
565 2715672 
566 2715674 
567 2715677 
568 2715678 
569 2715678 
570 2715679 
571 2715680 
572 2715680 
573 2715682 
574 2715682 
575 2715686 
576 2715687 
577 2715689 
578 2715690 
579 2715693 
580 2715705 
581 2715705 
582 2715706 
583 2715708 
584 2715710 
585 2715711 
586 2715711 
587 2715713 
588 2715717 
589 2715719 
590 2715719 
591 2715720 
592 2715722 
593 2715724 
594 2715725 
595 2715728 
596 2715731 
597 2715733 
598 2715736 
599 2715740 
600 2715742 
601 2715746 
602 2715747 
603 2715749 
604 2715750 
605 2715751 
606 2715751 
607 2715751 
608 2715752 
609 2715752 
610 2715752 
611 2715753 
612 2715753 
613 2715754 
614 2715754 
615 2715754 
616 2715755 
617 2715755 
618 2715758 
619 2715764 
620 2715764 
621 2715766 
622 2715769 
623 2715779 
624 2715779 
625 2715780 
626 2715780 
627 2715783 
628 2715783 
629 2715784 
630 2715784 
631 2715784 
632 2715785 
633 2715786 
634 2715789 
635 2715790 
636 2715790 
637 2715792 
638 2715795 
639 2715796 
640 2715796 
641 2715797 
642 2715798 
643 2715799 
644 2715799 
645 2715800 
646 2715803 
647 2715810 
648 2715812 
649 2715815 
650 2715816 
651 2715816 
652 2715817 
653 2715824 
654 2715830 
655 2715839 
656 2715840 
657 2715845 
658 2715851 
659 2715853 
660 2715853 
661 2715855 
662 2715856 
663 2715858 
664 2715858 
665 2715859 
666 2715860 
667 2715860 
668 2715862 
669 2715864 
670 2715866 
671 2715867 
672 2715867 
673 2715870 
674 2715872 
675 2715874 
676 2715876 
677 2715877 
678 2715879 
679 2715882 
680 2715885 
681 2715889 
682 2715892 
683 2715892 
684 2715893 
685 2715894 
686 2715895 
687 2715896 
688 2715896 
689 2715897 
690 2715897 
691 2715898 
692 2715899 
693 2715899 
694 2715901 
695 2715904 
696 2715905 
697 2715906 
698 2715907 
699 2715907 
700 2715907 
701 2715909 
702 2715910 
703 2715911 
704 2715911 
705 2715911 
706 2715912 
707 2715913 
708 2715914 
709 2715915 
710 2715918 
711 2715923 
712 2715923 
713 2715924 
714 2715924 
715 2715924 
716 2715925 
717 2715930 
718 2715932 
719 2715932 
720 2715933 
721 2715935 
722 2715939 
723 2715944 
724 2715944 
725 2715945 
726 2715945 
727 2715945 
728 2715947 
729 2715947 
730 2715948 
731 2715961 
732 2715968 
733 2715969 
734 2715970 
735 2715995 
736 2715995 
737 2715997 
738 2715997 
739 2715998 
740 2716004 
741 2716006 
742 2716009 
743 2716012 
744 2716013 
745 2716013 
746 2716015 
747 2716018 
748 2716019 
749 2716020 
750 2716022 
751 2716023 
752 2716026 
753 2716032 
754 2716033 
755 2716038 
756 2716039 
757 2716042 
758 2716043 
759 2716048 
760 2716054 
761 2716061 
762 2716064 
763 2716071 
764 2716072 
765 2716072 
766 2716072 
767 2716072 
768 2716073 
769 2716073 
770 2716074 
771 2716074 
772 2716074 
773 2716075 
774 2716076 
775 2716083 
776 2716091 
777 2716093 
778 2716093 
779 2716103 
780 2716108 
781 2716109 
782 2716110 
783 2716114 
784 2716116 
785 2716116 
786 2716118 
787 2716119 
788 2716122 
789 2716122 
790 2716123 
791 2716124 
792 2716124 
793 2716124 
794 2716125 
795 2716127 
796 2716127 
797 2716127 
798 2716131 
799 2716132 
800 2716133 
801 2716135 
802 2716137 
803 2716137 
804 2716139 
805 2716139 
806 2716141 
807 2716142 
808 2716145 
809 2716152 
810 2716156 
811 2716156 
812 2716158 
813 2716158 
814 2716158 
815 2716159 
816 2716159 
817 2716159 
818 2716160 
819 2716160 
820 2716160 
821 2716161 
822 2716161 
823 2716161 
824 2716162 
825 2716163 
826 2716165 
827 2716166 
828 2716167 
829 2716169 
830 2716170 
831 2716172 
832 2716173 
833 2716174 
834 2716175 
835 2716177 
836 2716177 
837 2716179 
838 2716182 
839 2716184 
840 2716188 
841 2716188 
842 2716191 
843 2716191 
844 2716192 
845 2716193 
846 2716193 
847 2716195 
848 2716198 
849 2716199 
850 2716200 
851 2716201 
852 2716201 
853 2716201 
854 2716202 
855 2716202 
856 2716202 
857 2716203 
858 2716204 
859 2716205 
860 2716205 
861 2716205 
862 2716209 
863 2716211 
864 2716211 
865 2716211 
866 2716214 
867 2716214 
868 2716216 
869 2716217 
870 2716217 
871 2716220 
872 2716220 
873 2716220 
874 2716221 
875 2716221 
876 2716221 
877 2716227 
878 2716230 
879 2716231 
880 2716233 
881 2716234 
882 2716239 
883 2716241 
884 2716241 
885 2716241 
886 2716242 
887 2716244 
888 2716247 
889 2716248 
890 2716248 
891 2716249 
892 2716249 
893 2716249 
894 2716250 
895 2716251 
896 2716251 
897 2716255 
898 2716257 
899 2716264 
900 2716266 
901 2716271 
902 2716294 
903 2716296 
904 2716297 
905 2716297 
906 2716303 
907 2716347 
908 2716348 
909 2716348 
910 2716348 
911 2716349 
912 2716352 
913 2716355 
914 2716357 
915 2716360 
916 2716364 
917 2716365 
918 2716365 
919 2716367 
920 2716371 
921 2716372 
922 2716374 
923 2716375 
924 2716378 
925 2716380 
926 2716392 
927 2716395 
928 2716396 
929 2716396 
930 2716397 
931 2716399 
932 2716399 
933 2716400 
934 2716402 
935 2716402 
936 2716403 
937 2716405 
938 2716405 
939 2716405 
940 2716406 
941 2716406 
942 2716407 
943 2716407 
944 2716409 
945 2716413 
946 2716413 
947 2716414 
948 2716415 
949 2716421 
950 2716424 
951 2716425 
952 2716425 
953 2716428 
954 2716430 
955 2716430 
956 2716431 
957 2716433 
958 2716433 
959 2716435 
960 2716435 
961 2716436 
962 2716440 
963 2716442 
964 2716444 
965 2716446 
966 2716448 
967 2716451 
968 2716452 
969 2716454 
970 2716455 
971 2716459 
972 2716462 
973 2716462 
974 2716464 
975 2716465 
976 2716469 
977 2716472 
978 2716476 
979 2716484 
980 2716496 
981 2716498 
982 2716509 
983 2716511 
984 2716512 
985 2716512 
986 2716513 
987 2716516 
988 2716517 
989 2716518 
990 2716520 
991 2716520 
992 2716522 
993 2716527 
994 2716528 
995 2716530 
996 2716531 
997 2716531 
998 2716532 
999 2716532 
1000 2716534 
1001 2716534 
1002 2716534 
1003 2716535 
1004 2716536 
1005 2716537 
1006 2716546 
1007 2716547 
1008 2716547 
1009 2716547 
1010 2716548 
1011 2716549 
1012 2716552 
1013 2716555 
1014 2716557 
1015 2716558 
1016 2716560 
1017 2716561 
1018 2716563 
1019 2716563 
1020 2716565 
1021 2716565 
1022 2716565 
1023 2716566 
1024 2716566 
1025 2716567 
1026 2716567 
1027 2716567 
1028 2716568 
1029 2716568 
1030 2716569 
1031 2716570 
1032 2716570 
1033 2716572 
1034 2716573 
1035 2716573 
1036 2716574 
1037 2716575 
1038 2716575 
1039 2716577 
1040 2716577 
1041 2716577 
1042 2716579 
1043 2716582 
1044 2716587 
1045 2716587 
1046 2716587 
1047 2716587 
1048 2716588 
1049 2716588 
1050 2716588 
1051 2716591 
1052 2716592 
1053 2716592 
1054 2716594 
1055 2716596 
1056 2716597 
1057 2716597 
1058 2716598 
1059 2716598 
1060 2716599 
1061 2716599 
1062 2716600 
1063 2716600 
1064 2716600 
1065 2716601 
1066 2716602 
1067 2716602 
1068 2716602 
1069 2716603 
1070 2716603 
1071 2716603 
1072 2716604 
1073 2716604 
1074 2716604 
1075 2716606 
1076 2716606 
1077 2716607 
1078 2716610 
1079 2716611 
1080 2716611 
1081 2716612 
1082 2716612 
1083 2716612 
1084 2716613 
1085 2716613 
1086 2716614 
1087 2716614 
1088 2716617 
1089 2716621 
1090 2716622 
1091 2716622 
1092 2716624 
1093 2716625 
1094 2716630 
1095 2716632 
1096 2716632 
1097 2716635 
1098 2716637 
1099 2716640 
1100 2716644 
1101 2716645 
1102 2716646 
1103 2716647 
1104 2716649 
1105 2716650 
1106 2716650 
1107 2716650 
1108 2716651 
1109 2716651 
1110 2716651 
1111 2716652 
1112 2716652 
1113 2716652 
1114 2716653 
1115 2716653 
1116 2716653 
1117 2716654 
1118 2716654 
1119 2716654 
1120 2716655 
1121 2716655 
1122 2716656 
1123 2716667 
1124 2716670 
1125 2716670 
1126 2716671 
1127 2716671 
1128 2716672 
1129 2716673 
1130 2716673 
1131 2716674 
1132 2716676 
1133 2716677 
1134 2716678 
1135 2716678 
1136 2716680 
1137 2716681 
1138 2716683 
1139 2716683 
1140 2716685 
1141 2716688 
1142 2716688 
1143 2716689 
1144 2716690 
1145 2716690 
1146 2716690 
1147 2716691 
1148 2716691 
1149 2716691 
1150 2716692 
1151 2716692 
1152 2716692 
1153 2716696 
1154 2716696 
1155 2716698 
1156 2716698 
1157 2716699 
1158 2716706 
1159 2716708 
1160 2716710 
1161 2716711 
1162 2716713 
1163 2716714 
1164 2716715 
1165 2716715 
1166 2716715 
1167 2716716 
1168 2716716 
1169 2716716 
1170 2716717 
1171 2716718 
1172 2716718 
1173 2716718 
1174 2716719 
1175 2716719 
1176 2716719 
1177 2716720 
1178 2716721 
1179 2716721 
1180 2716726 
1181 2716726 
1182 2716727 
1183 2716730 
1184 2716731 
1185 2716732 
1186 2716733 
1187 2716733 
1188 2716734 
1189 2716735 
1190 2716735 
1191 2716737 
1192 2716737 
1193 2716741 
1194 2716744 
1195 2716744 
1196 2716744 
1197 2716761 
1198 2716774 
1199 2716774 
1200 2716774 
1201 2716776 
1202 2716778 
1203 2716779 
1204 2716779 
1205 2716781 
1206 2716781 
1207 2716784 
1208 2716786 
1209 2716794 
1210 2716794 
1211 2716796 
1212 2716797 
1213 2716797 
1214 2716797 
1215 2716798 
1216 2716801 
1217 2716802 
1218 2716803 
1219 2716805 
1220 2716805 
1221 2716816 
1222 2716819 
1223 2716820 
1224 2716820 
1225 2716821 
1226 2716826 
1227 2716827 
1228 2716827 
1229 2716827 
1230 2716828 
1231 2716828 
1232 2716829 
1233 2716830 
1234 2716834 
1235 2716835 
1236 2716837 
1237 2716842 
1238 2716861 
1239 2716862 
1240 2716862 
1241 2716864 
1242 2716876 
1243 2716876 
1244 2716877 
1245 2716877 
1246 2716878 
1247 2716879 
1248 2716879 
1249 2716882 
1250 2716884 
1251 2716884 
1252 2716889 
1253 2716889 
1254 2716890 
1255 2716890 
1256 2716890 
1257 2716893 
1258 2716893 
1259 2716894 
1260 2716894 
1261 2716895 
1262 2716896 
1263 2716897 
1264 2716897 
1265 2716897 
1266 2716900 
1267 2716900 
1268 2716901 
1269 2716901 
1270 2716901 
1271 2716901 
1272 2716902 
1273 2716903 
1274 2716904 
1275 2716904 
1276 2716904 
1277 2716905 
1278 2716905 
1279 2716907 
1280 2716911 
1281 2716914 
1282 2716915 
1283 2716918 
1284 2716919 
1285 2716919 
1286 2716919 
1287 2716926 
1288 2716926 
1289 2716928 
1290 2716929 
1291 2716931 
1292 2716934 
1293 2716935 
1294 2716935 
1295 2716935 
1296 2716937 
1297 2716938 
1298 2716939 
1299 2716939 
1300 2716939 
1301 2716939 
1302 2716940 
1303 2716940 
1304 2716940 
1305 2716940 
1306 2716941 
1307 2716941 
1308 2716941 
1309 2716942 
1310 2716942 
1311 2716944 
1312 2716946 
1313 2716947 
1314 2716952 
1315 2716952 
1316 2716953 
1317 2716954 
1318 2716957 
1319 2716958 
1320 2716961 
1321 2716961 
1322 2716966 
1323 2716966 
1324 2716967 
1325 2716967 
1326 2716967 
1327 2716973 
1328 2716981 
1329 2716983 
1330 2716984 
1331 2716985 
1332 2716986 
1333 2716988 
1334 2716989 
1335 2716990 
1336 2716991 
1337 2716992 
1338 2716992 
1339 2716992 
1340 2716993 
1341 2716993 
1342 2716994 
1343 2716994 
1344 2716995 
1345 2716996 
1346 2716997 
1347 2716997 
1348 2716998 
1349 2716998 
1350 2716999 
1351 2717000 
1352 2717000 
1353 2717000 
1354 2717000 
1355 2717001 
1356 2717002 
1357 2717003 
1358 2717005 
1359 2717005 
1360 2717008 
1361 2717015 
1362 2717018 
1363 2717019 
1364 2717020 
1365 2717021 
1366 2717021 
1367 2717023 
1368 2717024 
1369 2717026 
1370 2717028 
1371 2717028 
1372 2717029 
1373 2717030 
1374 2717030 
1375 2717030 
1376 2717030 
1377 2717031 
1378 2717031 
1379 2717031 
1380 2717032 
1381 2717032 
1382 2717033 
1383 2717034 
1384 2717034 
1385 2717035 
1386 2717036 
1387 2717036 
1388 2717039 
1389 2717039 
1390 2717048 
1391 2717051 
1392 2717052 
1393 2717052 
1394 2717052 
1395 2717053 
1396 2717054 
1397 2717054 
1398 2717056 
1399 2717058 
1400 2717058 
1401 2717059 
1402 2717059 
1403 2717059 
1404 2717059 
1405 2717108 
1406 2717109 
1407 2717109 
1408 2717109 
1409 2717110 
1410 2717110 
1411 2717110 
1412 2717111 
1413 2717111 
1414 2717111 
1415 2717112 
1416 2717112 
1417 2717112 
1418 2717112 
1419 2717113 
1420 2717113 
1421 2717113 
1422 2717113 
1423 2717114 
1424 2717114 
1425 2717114 
1426 2717114 
1427 2717115 
1428 2717115 
1429 2717115 
1430 2717115 
1431 2717116 
1432 2717116 
1433 2717116 
1434 2717117 
1435 2717117 
1436 2717117 
1437 2717118 
1438 2717118 
1439 2717118 
1440 2717119 
1441 2717119 
1442 2717121 
1443 2717123 
1444 2717124 
1445 2717124 
1446 2717124 
1447 2717125 
1448 2717125 
1449 2717125 
1450 2717125 
1451 2717126 
1452 2717126 
1453 2717126 
1454 2717126 
1455 2717126 
1456 2717127 
1457 2717127 
1458 2717127 
1459 2717127 
1460 2717128 
1461 2717128 
1462 2717128 
1463 2717128 
1464 2717129 
1465 2717129 
1466 2717130 
1467 2717130 
1468 2717130 
1469 2717131 
1470 2717131 
1471 2717131 
1472 2717132 
1473 2717132 
1474 2717132 
1475 2717132 
1476 2717133 
1477 2717133 
1478 2717133 
1479 2717134 
1480 2717134 
1481 2717134 
1482 2717134 
1483 2717135 
1484 2717135 
1485 2717135 
1486 2717136 
1487 2717136 
1488 2717136 
1489 2717137 
1490 2717137 
1491 2717137 
1492 2717139 
1493 2717140 
1494 2717142 
1495 2717144 
1496 2717144 
1497 2717145 
1498 2717145 
1499 2717145 
1500 2717145 
1501 2717146 
1502 2717147 
1503 2717148 
1504 2717148 
1505 2717152 
1506 2717152 
1507 2717154 
1508 2717155 
1509 2717156 
1510 2717161 
1511 2717161 
1512 2717162 
1513 2717164 
1514 2717166 
1515 2717166 
1516 2717167 
1517 2717169 
1518 2717170 
1519 2717172 
1520 2717174 
1521 2717175 
1522 2717175 
1523 2717177 
1524 2717177 
1525 2717177 
1526 2717178 
1527 2717178 
1528 2717178 
1529 2717179 
1530 2717179 
1531 2717179 
1532 2717179 
1533 2717188 
1534 2717188 
1535 2717190 
1536 2717190 
1537 2717191 
1538 2717191 
1539 2717191 
1540 2717191 
1541 2717192 
1542 2717192 
1543 2717192 
1544 2717193 
1545 2717193 
1546 2717194 
1547 2717194 
1548 2717194 
1549 2717194 
1550 2717195 
1551 2717195 
1552 2717196 
1553 2717196 
1554 2717197 
1555 2717197 
1556 2717200 
1557 2717200 
1558 2717200 
1559 2717201 
1560 2717205 
1561 2717206 
1562 2717206 
1563 2717206 
1564 2717207 
1565 2717208 
1566 2717208 
1567 2717209 
1568 2717209 
1569 2717210 
1570 2717214 
1571 2717219 
1572 2717220 
1573 2717222 
1574 2717222 
1575 2717223 
1576 2717223 
1577 2717224 
1578 2717224 
1579 2717229 
1580 2717229 
1581 2717239 
1582 2717239 
1583 2717240 
1584 2717240 
1585 2717241 
1586 2717241 
1587 2717249 
1588 2717249 
1589 2717250 
1590 2717250 
1591 2717250 
1592 2717251 
1593 2717252 
1594 2717256 
1595 2717257 
1596 2717257 
1597 2717257 
1598 2717258 
1599 2717258 
1600 2717258 
1601 2717258 
1602 2717259 
1603 2717259 
1604 2717259 
1605 2717260 
1606 2717260 
1607 2717262 
1608 2717266 
1609 2717266 
1610 2717271 
1611 2717272 
1612 2717272 
1613 2717273 
1614 2717273 
1615 2717275 
1616 2717276 
1617 2717279 
1618 2717281 
1619 2717281 
1620 2717282 
1621 2717284 
1622 2717287 
1623 2717294 
1624 2717298 
1625 2717302 
1626 2717302 
1627 2717303 
1628 2717306 
1629 2717307 
1630 2717307 
1631 2717308 
1632 2717314 
1633 2717316 
1634 2717316 
1635 2717318 
1636 2717320 
1637 2717322 
1638 2717337 
1639 2717341 
1640 2717342 
1641 2717342 
1642 2717344 
1643 2717349 
1644 2717350 
1645 2717351 
1646 2717352 
1647 2717352 
1648 2717354 
1649 2717357 
1650 2717366 
1651 2717366 
1652 2717368 
1653 2717371 
1654 2717373 
1655 2717374 
1656 2717376 
1657 2717380 
1658 2717382 
1659 2717384 
1660 2717385 
1661 2717385 
1662 2717386 
1663 2717386 
1664 2717387 
1665 2717387 
1666 2717387 
1667 2717388 
1668 2717388 
1669 2717395 
1670 2717395 
1671 2717402 
1672 2717403 
1673 2717412 
1674 2717412 
1675 2717412 
1676 2717413 
1677 2717413 
1678 2717415 
1679 2717415 
1680 2717422 
1681 2717423 
1682 2717423 
1683 2717424 
1684 2717424 
1685 2717440 
1686 2717442 
1687 2717445 
1688 2717445 
1689 2717447 
1690 2717451 
1691 2717453 
1692 2717454 
1693 2717456 
1694 2717459 
1695 2717464 
1696 2717469 
1697 2717472 
1698 2717474 
1699 2717474 
1700 2717474 
1701 2717474 
1702 2717476 
1703 2717477 
1704 2717481 
1705 2717483 
1706 2717483 
1707 2717485 
1708 2717487 
1709 2717496 
1710 2717497 
1711 2717497 
1712 2717497 
1713 2717498 
1714 2717499 
1715 2717499 
1716 2717500 
1717 2717520 
1718 2717520 
1719 2717520 
1720 2717521 
1721 2717522 
1722 2717523 
1723 2717523 
1724 2717523 
1725 2717523 
1726 2717524 
1727 2717525 
1728 2717525 
1729 2717525 
1730 2717525 
1731 2717526 
1732 2717526 
1733 2717526 
1734 2717526 
1735 2717527 
1736 2717528 
1737 2717529 
1738 2717529 
1739 2717530 
1740 2717530 
1741 2717530 
1742 2717533 
1743 2717534 
1744 2717535 
1745 2717535 
1746 2717535 
1747 2717537 
1748 2717538 
1749 2717538 
1750 2717549 
1751 2717562 
1752 2717565 
1753 2717567 
1754 2717568 
1755 2717570 
1756 2717574 
1757 2717576 
1758 2717576 
1759 2717576 
1760 2717579 
1761 2717581 
1762 2717594 
1763 2717597 
1764 2717599 
1765 2717599 
1766 2717605 
1767 2717614 
1768 2717615 
1769 2717661 
1770 2717663 
1771 2717664 
1772 2717665 
1773 2717667 
1774 2717670 
1775 2717671 
1776 2717672 
1777 2717672 
1778 2717672 
1779 2717673 
1780 2717673 
1781 2717675 
1782 2717676 
1783 2717677 
1784 2717679 
1785 2717681 
1786 2717681 
1787 2717681 
1788 2717682 
1789 2717682 
1790 2717682 
1791 2717683 
1792 2717683 
1793 2717683 
1794 2717684 
1795 2717684 
1796 2717684 
1797 2717685 
1798 2717685 
1799 2717685 
1800 2717686 
1801 2717686 
1802 2717686 
1803 2717686 
1804 2717687 
1805 2717687 
1806 2717687 
1807 2717688 
1808 2717689 
1809 2717690 
1810 2717690 
1811 2717691 
1812 2717693 
1813 2717693 
1814 2717693 
1815 2717694 
1816 2717694 
1817 2717694 
1818 2717694 
1819 2717695 
1820 2717695 
1821 2717695 
1822 2717696 
1823 2717698 
1824 2717702 
1825 2717704 
1826 2717704 
1827 2717707 
1828 2717711 
1829 2717713 
1830 2717713 
1831 2717714 
1832 2717714 
1833 2717715 
1834 2717715 
1835 2717715 
1836 2717715 
1837 2717716 
1838 2717716 
1839 2717716 
1840 2717720 
1841 2717723 
1842 2717731 
1843 2717743 
1844 2717745 
1845 2717747 
1846 2717747 
1847 2717749 
1848 2717750 
1849 2717750 
1850 2717751 
1851 2717753 
1852 2717754 
1853 2717758 
1854 2717758 
1855 2717759 
1856 2717759 
1857 2717761 
1858 2717762 
1859 2717765 
1860 2717766 
1861 2717766 
1862 2717770 
1863 2717771 
1864 2717772 
1865 2717773 
1866 2717774 
1867 2717776 
1868 2717777 
1869 2717778 
1870 2717779 
1871 2717780 
1872 2717781 
1873 2717785 
1874 2717785 
1875 2717786 
1876 2717787 
1877 2717788 
1878 2717790 
1879 2717790 
1880 2717792 
1881 2717794 
1882 2717794 
1883 2717797 
1884 2717799 
1885 2717799 
1886 2717800 
1887 2717807 
1888 2717810 
1889 2717810 
1890 2717810 
1891 2717811 
1892 2717817 
1893 2717826 
1894 2717826 
1895 2717827 
1896 2717827 
1897 2717827 
1898 2717828 
1899 2717828 
1900 2717828 
1901 2717829 
1902 2717829 
1903 2717830 
1904 2717830 
1905 2717833 
1906 2717835 
1907 2717835 
1908 2717837 
1909 2717842 
1910 2717843 
1911 2717845 
1912 2717846 
1913 2717846 
1914 2717850 
1915 2717851 
1916 2717855 
1917 2717858 
1918 2717858 
1919 2717858 
1920 2717859 
1921 2717859 
1922 2717861 
1923 2717862 
1924 2717863 
1925 2717863 
1926 2717865 
1927 2717867 
1928 2717867 
1929 2717868 
1930 2717868 
1931 2717871 
1932 2717872 
1933 2717873 
1934 2717875 
1935 2717876 
1936 2717876 
1937 2717878 
1938 2717878 
1939 2717878 
1940 2717879 
1941 2717881 
1942 2717882 
1943 2717883 
1944 2717883 
1945 2717885 
1946 2717885 
1947 2717886 
1948 2717889 
1949 2717890 
1950 2717895 
1951 2717913 
1952 2717913 
1953 2717913 
1954 2717914 
1955 2717914 
1956 2717920 
1957 2717921 
1958 2717925 
1959 2717928 
1960 2717928 
1961 2717928 
1962 2717929 
1963 2717929 
1964 2717929 
1965 2717930 
1966 2717930 
1967 2717932 
1968 2717932 
1969 2717934 
1970 2717935 
1971 2717935 
1972 2717936 
1973 2717936 
1974 2717938 
1975 2717938 
1976 2717943 
1977 2717945 
1978 2717946 
1979 2717946 
1980 2717947 
1981 2717947 
1982 2717948 
1983 2717948 
1984 2717951 
1985 2717951 
1986 2717952 
1987 2717952 
1988 2717952 
1989 2717953 
1990 2717953 
1991 2717954 
1992 2717954 
1993 2717955 
1994 2717956 
1995 2717956 
1996 2717957 
1997 2717960 
1998 2717961 
1999 2717962 
2000 2717965 
2001 2717966 
2002 2717966 
2003 2717966 
2004 2717967 
2005 2717967 
2006 2717967 
2007 2717968 
2008 2717968 
2009 2717968 
2010 2717968 
2011 2717969 
2012 2717969 
2013 2717972 
2014 2717972 
2015 2717972 
2016 2717973 
2017 2717973 
2018 2717973 
2019 2717974 
2020 2717974 
2021 2717974 
2022 2717975 
2023 2717975 
2024 2717976 
2025 2717976 
2026 2717977 
2027 2717977 
2028 2717977 
2029 2717978 
2030 2717978 
2031 2717980 
2032 2717980 
2033 2717980 
2034 2717980 
2035 2717981 
2036 2717982 
2037 2717982 
2038 2717982 
2039 2717982 
2040 2717983 
2041 2717983 
2042 2717983 
2043 2717983 
2044 2717983 
2045 2717984 
2046 2717984 
2047 2717985 
2048 2717985 
2049 2717985 
2050 2717986 
2051 2717987 
2052 2717987 
2053 2717988 
2054 2717991 
2055 2717992 
2056 2717992 
2057 2717992 
2058 2717993 
2059 2717993 
2060 2717994 
2061 2717995 
2062 2717996 
2063 2717996 
2064 2717999 
2065 2718000 
