1 2574003 
2 2574003 
3 2574007 
4 2574008 
5 2574008 
6 2574008 
7 2574009 
8 2574012 
9 2574013 
10 2574013 
11 2574013 
12 2574014 
13 2574014 
14 2574014 
15 2574015 
16 2574015 
17 2574015 
18 2574015 
19 2574016 
20 2574016 
21 2574016 
22 2574016 
23 2574017 
24 2574017 
25 2574017 
26 2574017 
27 2574018 
28 2574019 
29 2574019 
30 2574019 
31 2574019 
32 2574020 
33 2574020 
34 2574021 
35 2574021 
36 2574021 
37 2574021 
38 2574021 
39 2574022 
40 2574022 
41 2574022 
42 2574025 
43 2574035 
44 2574040 
45 2574040 
46 2574040 
47 2574043 
48 2574054 
49 2574054 
50 2574071 
51 2574071 
52 2574071 
53 2574072 
54 2574072 
55 2574072 
56 2574073 
57 2574073 
58 2574073 
59 2574074 
60 2574074 
61 2574074 
62 2574075 
63 2574075 
64 2574078 
65 2574083 
66 2574084 
67 2574084 
68 2574084 
69 2574085 
70 2574086 
71 2574086 
72 2574088 
73 2574089 
74 2574089 
75 2574090 
76 2574091 
77 2574092 
78 2574092 
79 2574092 
80 2574093 
81 2574093 
82 2574093 
83 2574094 
84 2574094 
85 2574094 
86 2574095 
87 2574095 
88 2574095 
89 2574096 
90 2574096 
91 2574096 
92 2574097 
93 2574097 
94 2574098 
95 2574098 
96 2574098 
97 2574098 
98 2574099 
99 2574099 
100 2574100 
101 2574100 
102 2574100 
103 2574101 
104 2574101 
105 2574101 
106 2574101 
107 2574102 
108 2574102 
109 2574103 
110 2574103 
111 2574103 
112 2574104 
113 2574104 
114 2574104 
115 2574105 
116 2574105 
117 2574106 
118 2574106 
119 2574106 
120 2574107 
121 2574107 
122 2574107 
123 2574108 
124 2574108 
125 2574108 
126 2574109 
127 2574109 
128 2574110 
129 2574110 
130 2574110 
131 2574111 
132 2574111 
133 2574129 
134 2574129 
135 2574129 
136 2574136 
137 2574144 
138 2574147 
139 2574165 
140 2574168 
141 2574168 
142 2574169 
143 2574169 
144 2574169 
145 2574170 
146 2574170 
147 2574170 
148 2574170 
149 2574171 
150 2574172 
151 2574172 
152 2574173 
153 2574174 
154 2574180 
155 2574180 
156 2574180 
157 2574181 
158 2574183 
159 2574183 
160 2574184 
161 2574184 
162 2574184 
163 2574185 
164 2574185 
165 2574186 
166 2574186 
167 2574187 
168 2574187 
169 2574187 
170 2574188 
171 2574188 
172 2574188 
173 2574189 
174 2574189 
175 2574189 
176 2574189 
177 2574190 
178 2574190 
179 2574190 
180 2574190 
181 2574191 
182 2574191 
183 2574191 
184 2574191 
185 2574192 
186 2574192 
187 2574192 
188 2574192 
189 2574193 
190 2574193 
191 2574193 
192 2574193 
193 2574194 
194 2574194 
195 2574195 
196 2574195 
197 2574195 
198 2574196 
199 2574196 
200 2574197 
201 2574197 
202 2574197 
203 2574197 
204 2574198 
205 2574198 
206 2574198 
207 2574199 
208 2574199 
209 2574200 
210 2574200 
211 2574200 
212 2574200 
213 2574201 
214 2574201 
215 2574207 
216 2574207 
217 2574207 
218 2574208 
219 2574208 
220 2574211 
221 2574212 
222 2574212 
223 2574212 
224 2574213 
225 2574213 
226 2574213 
227 2574214 
228 2574214 
229 2574214 
230 2574216 
231 2574216 
232 2574216 
233 2574217 
234 2574217 
235 2574218 
236 2574218 
237 2574218 
238 2574219 
239 2574219 
240 2574219 
241 2574220 
242 2574220 
243 2574220 
244 2574221 
245 2574221 
246 2574221 
247 2574222 
248 2574222 
249 2574222 
250 2574223 
251 2574223 
252 2574224 
253 2574224 
254 2574224 
255 2574225 
256 2574225 
257 2574226 
258 2574228 
259 2574228 
260 2574228 
261 2574229 
262 2574229 
263 2574230 
264 2574230 
265 2574235 
266 2574237 
267 2574237 
268 2574238 
269 2574238 
270 2574238 
271 2574238 
272 2574239 
273 2574239 
274 2574239 
275 2574240 
276 2574240 
277 2574240 
278 2574240 
279 2574241 
280 2574241 
281 2574241 
282 2574242 
283 2574242 
284 2574250 
285 2574250 
286 2574250 
287 2574254 
288 2574254 
289 2574255 
290 2574256 
291 2574256 
292 2574257 
293 2574257 
294 2574258 
295 2574258 
296 2574258 
297 2574259 
298 2574260 
299 2574262 
300 2574262 
301 2574262 
302 2574263 
303 2574263 
304 2574264 
305 2574277 
306 2574278 
307 2574278 
308 2574280 
309 2574281 
310 2574281 
311 2574282 
312 2574290 
313 2574290 
314 2574293 
315 2574294 
316 2574294 
317 2574303 
318 2574303 
319 2574306 
320 2574306 
321 2574308 
322 2574312 
323 2574312 
324 2574316 
325 2574317 
326 2574317 
327 2574317 
328 2574320 
329 2574320 
330 2574329 
331 2574329 
332 2574330 
333 2574334 
334 2574334 
335 2574335 
336 2574335 
337 2574335 
338 2574337 
339 2574337 
340 2574342 
341 2574354 
342 2574366 
343 2574367 
344 2574367 
345 2574371 
346 2574376 
347 2574376 
348 2574377 
349 2574377 
350 2574377 
351 2574377 
352 2574396 
353 2574399 
354 2574401 
355 2574405 
356 2574411 
357 2574413 
358 2574415 
359 2574416 
360 2574418 
361 2574419 
362 2574419 
363 2574419 
364 2574420 
365 2574420 
366 2574421 
367 2574441 
368 2574443 
369 2574446 
370 2574448 
371 2574450 
372 2574451 
373 2574452 
374 2574452 
375 2574452 
376 2574453 
377 2574453 
378 2574457 
379 2574458 
380 2574460 
381 2574470 
382 2574484 
383 2574486 
384 2574488 
385 2574491 
386 2574492 
387 2574496 
388 2574497 
389 2574501 
390 2574504 
391 2574533 
392 2574536 
393 2574538 
394 2574538 
395 2574538 
396 2574539 
397 2574541 
398 2574542 
399 2574543 
400 2574543 
401 2574544 
402 2574547 
403 2574548 
404 2574550 
405 2574551 
406 2574553 
407 2574554 
408 2574555 
409 2574555 
410 2574557 
411 2574560 
412 2574572 
413 2574582 
414 2574601 
415 2574602 
416 2574602 
417 2574613 
418 2574616 
419 2574618 
420 2574623 
421 2574651 
422 2574652 
423 2574652 
424 2574670 
425 2574677 
426 2574686 
427 2574686 
428 2574686 
429 2574687 
430 2574687 
431 2574687 
432 2574688 
433 2574688 
434 2574688 
435 2574694 
436 2574697 
437 2574697 
438 2574699 
439 2574699 
440 2574700 
441 2574704 
442 2574704 
443 2574717 
444 2574718 
445 2574729 
446 2574736 
447 2574745 
448 2574755 
449 2574765 
450 2574797 
451 2574799 
452 2574802 
453 2574802 
454 2574805 
455 2574818 
456 2574819 
457 2574821 
458 2574821 
459 2574852 
460 2574876 
461 2574879 
462 2574879 
463 2574880 
464 2574880 
465 2574880 
466 2574880 
467 2574881 
468 2574885 
469 2574885 
470 2574914 
471 2574915 
472 2574915 
473 2574915 
474 2574921 
475 2574922 
476 2574932 
477 2574940 
478 2574964 
479 2574964 
480 2575000 
481 2575012 
482 2575015 
483 2575034 
484 2575034 
485 2575035 
486 2575035 
487 2575036 
488 2575036 
489 2575038 
490 2575040 
491 2575041 
492 2575043 
493 2575043 
494 2575047 
495 2575047 
496 2575051 
497 2575055 
498 2575055 
499 2575055 
500 2575055 
501 2575064 
502 2575066 
503 2575066 
504 2575066 
505 2575070 
506 2575073 
507 2575076 
508 2575079 
509 2575080 
510 2575093 
511 2575096 
512 2575103 
513 2575103 
514 2575113 
515 2575118 
516 2575120 
517 2575121 
518 2575122 
519 2575122 
520 2575128 
521 2575128 
522 2575130 
523 2575132 
524 2575132 
525 2575133 
526 2575133 
527 2575133 
528 2575134 
529 2575134 
530 2575134 
531 2575135 
532 2575136 
533 2575137 
534 2575142 
535 2575145 
536 2575147 
537 2575148 
538 2575151 
539 2575151 
540 2575151 
541 2575152 
542 2575155 
543 2575155 
544 2575161 
545 2575161 
546 2575169 
547 2575170 
548 2575170 
549 2575173 
550 2575176 
551 2575180 
552 2575183 
553 2575186 
554 2575188 
555 2575191 
556 2575192 
557 2575193 
558 2575193 
559 2575194 
560 2575195 
561 2575197 
562 2575197 
563 2575200 
564 2575206 
565 2575206 
566 2575206 
567 2575208 
568 2575212 
569 2575212 
570 2575215 
571 2575215 
572 2575217 
573 2575218 
574 2575219 
575 2575220 
576 2575222 
577 2575222 
578 2575223 
579 2575226 
580 2575227 
581 2575228 
582 2575231 
583 2575234 
584 2575237 
585 2575237 
586 2575245 
587 2575246 
588 2575249 
589 2575268 
590 2575272 
591 2575275 
592 2575275 
593 2575276 
594 2575276 
595 2575276 
596 2575280 
597 2575285 
598 2575291 
599 2575291 
600 2575294 
601 2575296 
602 2575311 
603 2575312 
604 2575315 
605 2575315 
606 2575317 
607 2575317 
608 2575319 
609 2575319 
610 2575323 
611 2575328 
612 2575336 
613 2575336 
614 2575339 
615 2575342 
616 2575343 
617 2575344 
618 2575344 
619 2575344 
620 2575345 
621 2575345 
622 2575346 
623 2575349 
624 2575349 
625 2575349 
626 2575350 
627 2575350 
628 2575350 
629 2575354 
630 2575358 
631 2575360 
632 2575362 
633 2575368 
634 2575376 
635 2575378 
636 2575379 
637 2575380 
638 2575383 
639 2575383 
640 2575391 
641 2575392 
642 2575402 
643 2575403 
644 2575404 
645 2575404 
646 2575412 
647 2575421 
648 2575422 
649 2575424 
650 2575424 
651 2575425 
652 2575425 
653 2575426 
654 2575428 
655 2575429 
656 2575431 
657 2575442 
658 2575444 
659 2575444 
660 2575445 
661 2575445 
662 2575445 
663 2575446 
664 2575446 
665 2575446 
666 2575447 
667 2575448 
668 2575448 
669 2575449 
670 2575449 
671 2575450 
672 2575450 
673 2575450 
674 2575451 
675 2575451 
676 2575464 
677 2575469 
678 2575479 
679 2575479 
680 2575479 
681 2575480 
682 2575485 
683 2575489 
684 2575489 
685 2575491 
686 2575492 
687 2575492 
688 2575492 
689 2575493 
690 2575493 
691 2575494 
692 2575499 
693 2575500 
694 2575502 
695 2575505 
696 2575505 
697 2575505 
698 2575507 
699 2575507 
700 2575508 
701 2575508 
702 2575510 
703 2575513 
704 2575517 
705 2575519 
706 2575523 
707 2575524 
708 2575526 
709 2575528 
710 2575528 
711 2575529 
712 2575530 
713 2575531 
714 2575532 
715 2575532 
716 2575542 
717 2575543 
718 2575548 
719 2575553 
720 2575553 
721 2575560 
722 2575563 
723 2575564 
724 2575572 
725 2575572 
726 2575572 
727 2575575 
728 2575577 
729 2575577 
730 2575577 
731 2575579 
732 2575580 
733 2575582 
734 2575583 
735 2575584 
736 2575584 
737 2575584 
738 2575586 
739 2575586 
740 2575588 
741 2575596 
742 2575601 
743 2575615 
744 2575620 
745 2575622 
746 2575622 
747 2575628 
748 2575633 
749 2575636 
750 2575642 
751 2575645 
752 2575652 
753 2575658 
754 2575658 
755 2575662 
756 2575669 
757 2575670 
758 2575674 
759 2575677 
760 2575677 
761 2575684 
762 2575694 
763 2575700 
764 2575700 
765 2575700 
766 2575710 
767 2575710 
768 2575711 
769 2575711 
770 2575711 
771 2575711 
772 2575713 
773 2575713 
774 2575718 
775 2575720 
776 2575724 
777 2575724 
778 2575724 
779 2575732 
780 2575732 
781 2575734 
782 2575735 
783 2575736 
784 2575736 
785 2575739 
786 2575741 
787 2575743 
788 2575744 
789 2575745 
790 2575747 
791 2575752 
792 2575753 
793 2575756 
794 2575757 
795 2575758 
796 2575758 
797 2575768 
798 2575768 
799 2575772 
800 2575778 
801 2575778 
802 2575780 
803 2575783 
804 2575793 
805 2575793 
806 2575793 
807 2575795 
808 2575797 
809 2575797 
810 2575801 
811 2575811 
812 2575815 
813 2575815 
814 2575818 
815 2575821 
816 2575827 
817 2575828 
818 2575828 
819 2575828 
820 2575847 
821 2575849 
822 2575851 
823 2575855 
824 2575860 
825 2575868 
826 2575868 
827 2575876 
828 2575880 
829 2575891 
830 2575896 
831 2575898 
832 2575900 
833 2575900 
834 2575901 
835 2575901 
836 2575901 
837 2575902 
838 2575902 
839 2575903 
840 2575903 
841 2575903 
842 2575904 
843 2575904 
844 2575906 
845 2575906 
846 2575907 
847 2575908 
848 2575915 
849 2575916 
850 2575916 
851 2575917 
852 2575926 
853 2575927 
854 2575927 
855 2575929 
856 2575930 
857 2575932 
858 2575943 
859 2575944 
860 2575948 
861 2575949 
862 2575949 
863 2575949 
864 2575954 
865 2575957 
866 2575958 
867 2575958 
868 2575959 
869 2575959 
870 2575966 
871 2575967 
872 2575967 
873 2575968 
874 2575971 
875 2575972 
876 2575972 
877 2575973 
878 2575973 
879 2575974 
880 2575974 
881 2575975 
882 2575975 
883 2575975 
884 2575976 
885 2575976 
886 2575978 
887 2575980 
888 2575980 
889 2575980 
890 2575981 
891 2575981 
892 2575981 
893 2575981 
894 2575982 
895 2575982 
896 2575982 
897 2575983 
898 2575983 
899 2575983 
900 2575983 
901 2575984 
902 2575984 
903 2575986 
904 2575992 
905 2575992 
906 2575992 
907 2575993 
908 2575995 
909 2575996 
910 2575996 
911 2576006 
912 2576012 
913 2576012 
914 2576016 
915 2576016 
916 2576017 
917 2576017 
918 2576018 
919 2576018 
920 2576019 
921 2576019 
922 2576023 
923 2576025 
924 2576027 
925 2576027 
926 2576027 
927 2576027 
928 2576028 
929 2576028 
930 2576029 
931 2576029 
932 2576030 
933 2576030 
934 2576030 
935 2576030 
936 2576031 
937 2576031 
938 2576032 
939 2576033 
940 2576035 
941 2576036 
942 2576039 
943 2576040 
944 2576041 
945 2576041 
946 2576044 
947 2576044 
948 2576044 
949 2576045 
950 2576045 
951 2576045 
952 2576046 
953 2576046 
954 2576046 
955 2576046 
956 2576047 
957 2576047 
958 2576047 
959 2576048 
960 2576048 
961 2576054 
962 2576058 
963 2576058 
964 2576064 
965 2576067 
966 2576070 
967 2576071 
968 2576077 
969 2576077 
970 2576078 
971 2576078 
972 2576078 
973 2576079 
974 2576079 
975 2576083 
976 2576085 
977 2576085 
978 2576088 
979 2576103 
980 2576108 
981 2576108 
982 2576108 
983 2576115 
984 2576115 
985 2576128 
986 2576130 
987 2576137 
988 2576145 
989 2576148 
990 2576149 
991 2576154 
992 2576160 
993 2576167 
994 2576167 
995 2576169 
996 2576172 
997 2576173 
998 2576175 
999 2576176 
1000 2576180 
1001 2576181 
1002 2576182 
1003 2576184 
1004 2576192 
1005 2576193 
1006 2576194 
1007 2576195 
1008 2576196 
1009 2576197 
1010 2576197 
1011 2576197 
1012 2576198 
1013 2576198 
1014 2576198 
1015 2576199 
1016 2576199 
1017 2576200 
1018 2576206 
1019 2576206 
1020 2576208 
1021 2576209 
1022 2576209 
1023 2576209 
1024 2576210 
1025 2576210 
1026 2576210 
1027 2576211 
1028 2576211 
1029 2576211 
1030 2576212 
1031 2576216 
1032 2576217 
1033 2576217 
1034 2576218 
1035 2576218 
1036 2576219 
1037 2576219 
1038 2576220 
1039 2576221 
1040 2576224 
1041 2576225 
1042 2576226 
1043 2576226 
1044 2576226 
1045 2576227 
1046 2576227 
1047 2576240 
1048 2576259 
1049 2576259 
1050 2576262 
1051 2576263 
1052 2576263 
1053 2576287 
1054 2576287 
1055 2576313 
1056 2576315 
1057 2576317 
1058 2576317 
1059 2576317 
1060 2576320 
1061 2576329 
1062 2576335 
1063 2576339 
1064 2576347 
1065 2576351 
1066 2576351 
1067 2576358 
1068 2576358 
1069 2576365 
1070 2576378 
1071 2576378 
1072 2576379 
1073 2576382 
1074 2576382 
1075 2576412 
1076 2576413 
1077 2576413 
1078 2576414 
1079 2576414 
1080 2576415 
1081 2576416 
1082 2576417 
1083 2576420 
1084 2576420 
1085 2576421 
1086 2576444 
1087 2576448 
1088 2576451 
1089 2576454 
1090 2576455 
1091 2576457 
1092 2576472 
1093 2576475 
1094 2576475 
1095 2576476 
1096 2576478 
1097 2576484 
1098 2576488 
1099 2576500 
1100 2576501 
1101 2576501 
1102 2576501 
1103 2576502 
1104 2576508 
1105 2576526 
1106 2576531 
1107 2576534 
1108 2576535 
1109 2576539 
1110 2576539 
1111 2576539 
1112 2576539 
1113 2576539 
1114 2576559 
1115 2576567 
1116 2576568 
1117 2576568 
1118 2576569 
1119 2576569 
1120 2576569 
1121 2576570 
1122 2576570 
1123 2576570 
1124 2576571 
1125 2576571 
1126 2576572 
1127 2576572 
1128 2576579 
1129 2576580 
1130 2576583 
1131 2576589 
1132 2576589 
1133 2576591 
1134 2576593 
1135 2576594 
1136 2576597 
1137 2576610 
1138 2576614 
1139 2576618 
1140 2576621 
1141 2576626 
1142 2576626 
1143 2576628 
1144 2576630 
1145 2576630 
1146 2576631 
1147 2576631 
1148 2576632 
1149 2576634 
1150 2576634 
1151 2576635 
1152 2576635 
1153 2576640 
1154 2576642 
1155 2576645 
1156 2576648 
1157 2576648 
1158 2576648 
1159 2576649 
1160 2576649 
1161 2576650 
1162 2576650 
1163 2576652 
1164 2576652 
1165 2576652 
1166 2576653 
1167 2576653 
1168 2576653 
1169 2576661 
1170 2576663 
1171 2576663 
1172 2576666 
1173 2576666 
1174 2576670 
1175 2576670 
1176 2576671 
1177 2576673 
1178 2576674 
1179 2576675 
1180 2576677 
1181 2576685 
1182 2576685 
1183 2576685 
1184 2576686 
1185 2576686 
1186 2576686 
1187 2576686 
1188 2576687 
1189 2576687 
1190 2576687 
1191 2576690 
1192 2576690 
1193 2576690 
1194 2576691 
1195 2576691 
1196 2576691 
1197 2576691 
1198 2576692 
1199 2576702 
1200 2576702 
1201 2576702 
1202 2576703 
1203 2576703 
1204 2576703 
1205 2576704 
1206 2576705 
1207 2576705 
1208 2576706 
1209 2576708 
1210 2576709 
1211 2576710 
1212 2576716 
1213 2576724 
1214 2576727 
1215 2576730 
1216 2576730 
1217 2576734 
1218 2576740 
1219 2576741 
1220 2576741 
1221 2576742 
1222 2576742 
1223 2576744 
1224 2576745 
1225 2576749 
1226 2576752 
1227 2576753 
1228 2576753 
1229 2576753 
1230 2576754 
1231 2576754 
1232 2576758 
1233 2576759 
1234 2576760 
1235 2576760 
1236 2576760 
1237 2576760 
1238 2576761 
1239 2576761 
1240 2576762 
1241 2576762 
1242 2576762 
1243 2576763 
1244 2576764 
1245 2576765 
1246 2576769 
1247 2576769 
1248 2576770 
1249 2576770 
1250 2576771 
1251 2576771 
1252 2576771 
1253 2576773 
1254 2576773 
1255 2576774 
1256 2576775 
1257 2576776 
1258 2576776 
1259 2576777 
1260 2576785 
1261 2576789 
1262 2576790 
1263 2576791 
1264 2576795 
1265 2576801 
1266 2576805 
1267 2576819 
1268 2576822 
1269 2576837 
1270 2576838 
1271 2576840 
1272 2576840 
1273 2576851 
1274 2576852 
1275 2576852 
1276 2576859 
1277 2576864 
1278 2576870 
1279 2576874 
1280 2576876 
1281 2576878 
1282 2576879 
1283 2576882 
1284 2576886 
1285 2576886 
1286 2576891 
1287 2576892 
1288 2576892 
1289 2576894 
1290 2576897 
1291 2576897 
1292 2576907 
1293 2576909 
1294 2576910 
1295 2576912 
1296 2576912 
1297 2576912 
1298 2576922 
1299 2576923 
1300 2576923 
1301 2576924 
1302 2576924 
1303 2576928 
1304 2576929 
1305 2576930 
1306 2576932 
1307 2576932 
1308 2576933 
1309 2576934 
1310 2576934 
1311 2576934 
1312 2576935 
1313 2576935 
1314 2576936 
1315 2576936 
1316 2576936 
1317 2576936 
1318 2576937 
1319 2576937 
1320 2576937 
1321 2576938 
1322 2576938 
1323 2576938 
1324 2576939 
1325 2576939 
1326 2576939 
1327 2576940 
1328 2576940 
1329 2576940 
1330 2576941 
1331 2576941 
1332 2576941 
1333 2576941 
1334 2576942 
1335 2576942 
1336 2576942 
1337 2576944 
1338 2576946 
1339 2576947 
1340 2576947 
1341 2576947 
1342 2576947 
1343 2576949 
1344 2576965 
1345 2576968 
1346 2576978 
1347 2576978 
1348 2576979 
1349 2576981 
1350 2576995 
1351 2576996 
1352 2576996 
1353 2576997 
1354 2576997 
1355 2576997 
1356 2576997 
1357 2576998 
1358 2576998 
1359 2576999 
1360 2576999 
1361 2577001 
1362 2577002 
1363 2577002 
1364 2577003 
1365 2577003 
1366 2577003 
1367 2577004 
1368 2577005 
1369 2577007 
1370 2577009 
1371 2577009 
1372 2577009 
1373 2577013 
1374 2577014 
1375 2577014 
1376 2577017 
1377 2577021 
1378 2577022 
1379 2577022 
1380 2577022 
1381 2577024 
1382 2577024 
1383 2577028 
1384 2577033 
1385 2577034 
1386 2577037 
1387 2577040 
1388 2577040 
1389 2577041 
1390 2577043 
1391 2577043 
1392 2577044 
1393 2577044 
1394 2577044 
1395 2577045 
1396 2577045 
1397 2577045 
1398 2577048 
1399 2577050 
1400 2577053 
1401 2577058 
1402 2577058 
1403 2577059 
1404 2577060 
1405 2577060 
1406 2577062 
1407 2577065 
1408 2577066 
1409 2577070 
1410 2577071 
1411 2577071 
1412 2577072 
1413 2577074 
1414 2577075 
1415 2577076 
1416 2577077 
1417 2577077 
1418 2577079 
1419 2577080 
1420 2577080 
1421 2577080 
1422 2577081 
1423 2577083 
1424 2577087 
1425 2577091 
1426 2577095 
1427 2577095 
1428 2577096 
1429 2577100 
1430 2577101 
1431 2577101 
1432 2577101 
1433 2577102 
1434 2577104 
1435 2577106 
1436 2577108 
1437 2577109 
1438 2577109 
1439 2577110 
1440 2577112 
1441 2577112 
1442 2577113 
1443 2577113 
1444 2577114 
1445 2577114 
1446 2577114 
1447 2577115 
1448 2577115 
1449 2577116 
1450 2577116 
1451 2577116 
1452 2577116 
1453 2577120 
1454 2577120 
1455 2577121 
1456 2577123 
1457 2577124 
1458 2577124 
1459 2577124 
1460 2577125 
1461 2577125 
1462 2577126 
1463 2577127 
1464 2577127 
1465 2577127 
1466 2577128 
1467 2577128 
1468 2577130 
1469 2577130 
1470 2577132 
1471 2577134 
1472 2577134 
1473 2577135 
1474 2577135 
1475 2577136 
1476 2577136 
1477 2577138 
1478 2577140 
1479 2577140 
1480 2577140 
1481 2577141 
1482 2577143 
1483 2577143 
1484 2577144 
1485 2577145 
1486 2577145 
1487 2577146 
1488 2577146 
1489 2577147 
1490 2577148 
1491 2577149 
1492 2577149 
1493 2577149 
1494 2577150 
1495 2577152 
1496 2577153 
1497 2577157 
1498 2577162 
1499 2577163 
1500 2577165 
1501 2577168 
1502 2577169 
1503 2577170 
1504 2577172 
1505 2577173 
1506 2577173 
1507 2577173 
1508 2577174 
1509 2577174 
1510 2577174 
1511 2577175 
1512 2577175 
1513 2577175 
1514 2577176 
1515 2577176 
1516 2577176 
1517 2577176 
1518 2577177 
1519 2577177 
1520 2577177 
1521 2577178 
1522 2577178 
1523 2577179 
1524 2577179 
1525 2577179 
1526 2577180 
1527 2577180 
1528 2577181 
1529 2577181 
1530 2577181 
1531 2577182 
1532 2577182 
1533 2577182 
1534 2577183 
1535 2577183 
1536 2577183 
1537 2577184 
1538 2577184 
1539 2577184 
1540 2577185 
1541 2577185 
1542 2577185 
1543 2577185 
1544 2577186 
1545 2577186 
1546 2577186 
1547 2577187 
1548 2577187 
1549 2577188 
1550 2577188 
1551 2577188 
1552 2577189 
1553 2577192 
1554 2577194 
1555 2577199 
1556 2577200 
1557 2577202 
1558 2577203 
1559 2577204 
1560 2577206 
1561 2577221 
1562 2577221 
1563 2577224 
1564 2577224 
1565 2577225 
1566 2577225 
1567 2577227 
1568 2577229 
1569 2577230 
1570 2577230 
1571 2577231 
1572 2577232 
1573 2577232 
1574 2577232 
1575 2577233 
1576 2577233 
1577 2577233 
1578 2577234 
1579 2577234 
1580 2577234 
1581 2577234 
1582 2577236 
1583 2577237 
1584 2577238 
1585 2577238 
1586 2577242 
1587 2577242 
1588 2577243 
1589 2577246 
1590 2577246 
1591 2577247 
1592 2577248 
1593 2577249 
1594 2577249 
1595 2577249 
1596 2577258 
1597 2577261 
1598 2577264 
1599 2577265 
1600 2577266 
1601 2577277 
1602 2577287 
1603 2577291 
1604 2577291 
1605 2577296 
1606 2577312 
1607 2577312 
1608 2577314 
1609 2577314 
1610 2577314 
1611 2577318 
1612 2577320 
1613 2577321 
1614 2577323 
1615 2577324 
1616 2577325 
1617 2577327 
1618 2577329 
1619 2577330 
1620 2577331 
1621 2577337 
1622 2577340 
1623 2577340 
1624 2577344 
1625 2577344 
1626 2577344 
1627 2577344 
1628 2577346 
1629 2577346 
1630 2577348 
1631 2577349 
1632 2577349 
1633 2577351 
1634 2577354 
1635 2577358 
1636 2577363 
1637 2577367 
1638 2577370 
1639 2577371 
1640 2577372 
1641 2577373 
1642 2577373 
1643 2577374 
1644 2577374 
1645 2577375 
1646 2577375 
1647 2577377 
1648 2577377 
1649 2577378 
1650 2577378 
1651 2577378 
1652 2577378 
1653 2577378 
1654 2577379 
1655 2577382 
1656 2577382 
1657 2577384 
1658 2577385 
1659 2577385 
1660 2577385 
1661 2577386 
1662 2577387 
1663 2577387 
1664 2577387 
1665 2577388 
1666 2577388 
1667 2577388 
1668 2577389 
1669 2577389 
1670 2577389 
1671 2577390 
1672 2577391 
1673 2577392 
1674 2577393 
1675 2577396 
1676 2577397 
1677 2577397 
1678 2577398 
1679 2577398 
1680 2577398 
1681 2577399 
1682 2577399 
1683 2577399 
1684 2577403 
1685 2577408 
1686 2577410 
1687 2577417 
1688 2577419 
1689 2577419 
1690 2577422 
1691 2577423 
1692 2577423 
1693 2577424 
1694 2577424 
1695 2577425 
1696 2577425 
1697 2577425 
1698 2577426 
1699 2577426 
1700 2577426 
1701 2577427 
1702 2577428 
1703 2577428 
1704 2577428 
1705 2577429 
1706 2577430 
1707 2577430 
1708 2577430 
1709 2577431 
1710 2577431 
1711 2577431 
1712 2577431 
1713 2577432 
1714 2577432 
1715 2577432 
1716 2577433 
1717 2577434 
1718 2577434 
1719 2577434 
1720 2577434 
1721 2577436 
1722 2577436 
1723 2577437 
1724 2577437 
1725 2577438 
1726 2577438 
1727 2577439 
1728 2577439 
1729 2577449 
1730 2577473 
1731 2577473 
1732 2577474 
1733 2577474 
1734 2577474 
1735 2577475 
1736 2577475 
1737 2577475 
1738 2577475 
1739 2577476 
1740 2577476 
1741 2577477 
1742 2577480 
1743 2577480 
1744 2577480 
1745 2577481 
1746 2577481 
1747 2577484 
1748 2577489 
1749 2577493 
1750 2577496 
1751 2577502 
1752 2577504 
1753 2577512 
1754 2577517 
1755 2577518 
1756 2577523 
1757 2577523 
1758 2577524 
1759 2577525 
1760 2577526 
1761 2577528 
1762 2577529 
1763 2577531 
1764 2577532 
1765 2577533 
1766 2577540 
1767 2577543 
1768 2577543 
1769 2577543 
1770 2577546 
1771 2577549 
1772 2577549 
1773 2577550 
1774 2577558 
1775 2577562 
1776 2577564 
1777 2577564 
1778 2577565 
1779 2577567 
1780 2577567 
1781 2577567 
1782 2577568 
1783 2577568 
1784 2577568 
1785 2577569 
1786 2577570 
1787 2577582 
1788 2577584 
1789 2577588 
1790 2577595 
1791 2577597 
