1 2610005 
2 2610006 
3 2610006 
4 2610007 
5 2610007 
6 2610007 
7 2610007 
8 2610008 
9 2610008 
10 2610008 
11 2610008 
12 2610009 
13 2610009 
14 2610010 
15 2610010 
16 2610010 
17 2610013 
18 2610017 
19 2610017 
20 2610018 
21 2610019 
22 2610019 
23 2610020 
24 2610023 
25 2610024 
26 2610026 
27 2610028 
28 2610029 
29 2610031 
30 2610031 
31 2610031 
32 2610033 
33 2610033 
34 2610033 
35 2610034 
36 2610034 
37 2610034 
38 2610037 
39 2610042 
40 2610044 
41 2610046 
42 2610047 
43 2610047 
44 2610047 
45 2610056 
46 2610056 
47 2610065 
48 2610066 
49 2610067 
50 2610069 
51 2610070 
52 2610070 
53 2610070 
54 2610071 
55 2610071 
56 2610071 
57 2610072 
58 2610072 
59 2610073 
60 2610076 
61 2610076 
62 2610076 
63 2610079 
64 2610080 
65 2610080 
66 2610080 
67 2610081 
68 2610081 
69 2610081 
70 2610082 
71 2610082 
72 2610083 
73 2610083 
74 2610083 
75 2610084 
76 2610084 
77 2610085 
78 2610086 
79 2610088 
80 2610088 
81 2610088 
82 2610090 
83 2610090 
84 2610090 
85 2610090 
86 2610091 
87 2610092 
88 2610096 
89 2610098 
90 2610099 
91 2610101 
92 2610103 
93 2610104 
94 2610105 
95 2610109 
96 2610109 
97 2610110 
98 2610110 
99 2610111 
100 2610111 
101 2610111 
102 2610112 
103 2610112 
104 2610112 
105 2610112 
106 2610112 
107 2610113 
108 2610113 
109 2610114 
110 2610114 
111 2610114 
112 2610114 
113 2610116 
114 2610117 
115 2610117 
116 2610117 
117 2610118 
118 2610118 
119 2610119 
120 2610119 
121 2610119 
122 2610121 
123 2610122 
124 2610122 
125 2610123 
126 2610124 
127 2610124 
128 2610125 
129 2610128 
130 2610128 
131 2610129 
132 2610129 
133 2610130 
134 2610131 
135 2610132 
136 2610132 
137 2610135 
138 2610135 
139 2610136 
140 2610136 
141 2610137 
142 2610138 
143 2610138 
144 2610139 
145 2610141 
146 2610141 
147 2610141 
148 2610144 
149 2610145 
150 2610145 
151 2610146 
152 2610147 
153 2610147 
154 2610147 
155 2610148 
156 2610148 
157 2610148 
158 2610150 
159 2610152 
160 2610153 
161 2610156 
162 2610156 
163 2610156 
164 2610157 
165 2610158 
166 2610159 
167 2610159 
168 2610160 
169 2610160 
170 2610161 
171 2610161 
172 2610163 
173 2610163 
174 2610163 
175 2610164 
176 2610164 
177 2610164 
178 2610164 
179 2610165 
180 2610165 
181 2610165 
182 2610166 
183 2610166 
184 2610169 
185 2610170 
186 2610170 
187 2610172 
188 2610172 
189 2610172 
190 2610173 
191 2610173 
192 2610176 
193 2610176 
194 2610178 
195 2610179 
196 2610179 
197 2610180 
198 2610182 
199 2610183 
200 2610184 
201 2610188 
202 2610189 
203 2610190 
204 2610191 
205 2610191 
206 2610192 
207 2610192 
208 2610192 
209 2610192 
210 2610193 
211 2610195 
212 2610196 
213 2610199 
214 2610199 
215 2610202 
216 2610202 
217 2610205 
218 2610207 
219 2610207 
220 2610210 
221 2610213 
222 2610214 
223 2610215 
224 2610216 
225 2610216 
226 2610216 
227 2610216 
228 2610217 
229 2610217 
230 2610218 
231 2610218 
232 2610218 
233 2610223 
234 2610223 
235 2610225 
236 2610225 
237 2610225 
238 2610225 
239 2610226 
240 2610226 
241 2610226 
242 2610226 
243 2610227 
244 2610227 
245 2610228 
246 2610228 
247 2610228 
248 2610228 
249 2610234 
250 2610238 
251 2610239 
252 2610239 
253 2610240 
254 2610241 
255 2610241 
256 2610243 
257 2610243 
258 2610244 
259 2610246 
260 2610249 
261 2610253 
262 2610257 
263 2610260 
264 2610265 
265 2610267 
266 2610267 
267 2610270 
268 2610275 
269 2610278 
270 2610278 
271 2610279 
272 2610282 
273 2610283 
274 2610283 
275 2610283 
276 2610283 
277 2610284 
278 2610286 
279 2610287 
280 2610288 
281 2610288 
282 2610289 
283 2610290 
284 2610291 
285 2610291 
286 2610292 
287 2610302 
288 2610302 
289 2610305 
290 2610307 
291 2610308 
292 2610308 
293 2610308 
294 2610308 
295 2610309 
296 2610309 
297 2610310 
298 2610312 
299 2610318 
300 2610322 
301 2610324 
302 2610325 
303 2610325 
304 2610328 
305 2610329 
306 2610329 
307 2610335 
308 2610337 
309 2610337 
310 2610338 
311 2610338 
312 2610338 
313 2610340 
314 2610342 
315 2610342 
316 2610345 
317 2610346 
318 2610346 
319 2610347 
320 2610352 
321 2610356 
322 2610362 
323 2610364 
324 2610366 
325 2610366 
326 2610371 
327 2610374 
328 2610374 
329 2610374 
330 2610375 
331 2610375 
332 2610375 
333 2610376 
334 2610376 
335 2610377 
336 2610378 
337 2610378 
338 2610378 
339 2610379 
340 2610381 
341 2610382 
342 2610382 
343 2610383 
344 2610384 
345 2610385 
346 2610386 
347 2610386 
348 2610387 
349 2610387 
350 2610390 
351 2610395 
352 2610400 
353 2610404 
354 2610408 
355 2610413 
356 2610416 
357 2610416 
358 2610417 
359 2610417 
360 2610423 
361 2610425 
362 2610426 
363 2610435 
364 2610435 
365 2610435 
366 2610438 
367 2610442 
368 2610442 
369 2610442 
370 2610443 
371 2610444 
372 2610446 
373 2610448 
374 2610450 
375 2610451 
376 2610457 
377 2610458 
378 2610462 
379 2610462 
380 2610462 
381 2610466 
382 2610467 
383 2610468 
384 2610468 
385 2610470 
386 2610471 
387 2610471 
388 2610473 
389 2610473 
390 2610475 
391 2610477 
392 2610477 
393 2610477 
394 2610478 
395 2610479 
396 2610479 
397 2610479 
398 2610480 
399 2610480 
400 2610480 
401 2610480 
402 2610481 
403 2610481 
404 2610483 
405 2610484 
406 2610485 
407 2610489 
408 2610491 
409 2610491 
410 2610491 
411 2610495 
412 2610496 
413 2610508 
414 2610517 
415 2610520 
416 2610521 
417 2610529 
418 2610530 
419 2610542 
420 2610543 
421 2610548 
422 2610548 
423 2610548 
424 2610549 
425 2610549 
426 2610549 
427 2610550 
428 2610554 
429 2610555 
430 2610559 
431 2610563 
432 2610563 
433 2610564 
434 2610565 
435 2610568 
436 2610575 
437 2610576 
438 2610576 
439 2610577 
440 2610577 
441 2610581 
442 2610582 
443 2610585 
444 2610586 
445 2610587 
446 2610591 
447 2610591 
448 2610592 
449 2610593 
450 2610595 
451 2610599 
452 2610600 
453 2610600 
454 2610603 
455 2610607 
456 2610609 
457 2610610 
458 2610612 
459 2610616 
460 2610616 
461 2610617 
462 2610619 
463 2610619 
464 2610620 
465 2610623 
466 2610625 
467 2610626 
468 2610632 
469 2610633 
470 2610638 
471 2610641 
472 2610643 
473 2610646 
474 2610651 
475 2610655 
476 2610656 
477 2610664 
478 2610665 
479 2610675 
480 2610675 
481 2610678 
482 2610678 
483 2610678 
484 2610679 
485 2610679 
486 2610679 
487 2610680 
488 2610680 
489 2610681 
490 2610681 
491 2610681 
492 2610684 
493 2610686 
494 2610687 
495 2610687 
496 2610690 
497 2610695 
498 2610698 
499 2610703 
500 2610706 
501 2610707 
502 2610707 
503 2610708 
504 2610714 
505 2610714 
506 2610714 
507 2610715 
508 2610726 
509 2610726 
510 2610726 
511 2610727 
512 2610727 
513 2610727 
514 2610728 
515 2610728 
516 2610729 
517 2610730 
518 2610730 
519 2610732 
520 2610733 
521 2610734 
522 2610736 
523 2610736 
524 2610736 
525 2610737 
526 2610737 
527 2610739 
528 2610740 
529 2610741 
530 2610741 
531 2610741 
532 2610742 
533 2610742 
534 2610742 
535 2610742 
536 2610743 
537 2610743 
538 2610743 
539 2610747 
540 2610748 
541 2610749 
542 2610750 
543 2610751 
544 2610751 
545 2610751 
546 2610751 
547 2610752 
548 2610752 
549 2610752 
550 2610758 
551 2610759 
552 2610761 
553 2610763 
554 2610765 
555 2610766 
556 2610766 
557 2610766 
558 2610766 
559 2610772 
560 2610773 
561 2610777 
562 2610778 
563 2610779 
564 2610779 
565 2610788 
566 2610792 
567 2610795 
568 2610795 
569 2610795 
570 2610796 
571 2610796 
572 2610796 
573 2610797 
574 2610799 
575 2610799 
576 2610799 
577 2610800 
578 2610800 
579 2610800 
580 2610801 
581 2610801 
582 2610801 
583 2610802 
584 2610802 
585 2610802 
586 2610803 
587 2610803 
588 2610803 
589 2610804 
590 2610804 
591 2610804 
592 2610805 
593 2610806 
594 2610808 
595 2610810 
596 2610810 
597 2610810 
598 2610810 
599 2610811 
600 2610811 
601 2610811 
602 2610812 
603 2610812 
604 2610812 
605 2610812 
606 2610813 
607 2610817 
608 2610817 
609 2610817 
610 2610818 
611 2610822 
612 2610824 
613 2610825 
614 2610825 
615 2610827 
616 2610832 
617 2610856 
618 2610860 
619 2610861 
620 2610866 
621 2610866 
622 2610869 
623 2610869 
624 2610872 
625 2610872 
626 2610873 
627 2610874 
628 2610875 
629 2610875 
630 2610875 
631 2610876 
632 2610876 
633 2610876 
634 2610877 
635 2610877 
636 2610877 
637 2610878 
638 2610878 
639 2610878 
640 2610879 
641 2610880 
642 2610882 
643 2610884 
644 2610884 
645 2610884 
646 2610885 
647 2610885 
648 2610885 
649 2610886 
650 2610886 
651 2610887 
652 2610887 
653 2610888 
654 2610888 
655 2610889 
656 2610889 
657 2610889 
658 2610890 
659 2610890 
660 2610890 
661 2610895 
662 2610897 
663 2610898 
664 2610898 
665 2610899 
666 2610901 
667 2610918 
668 2610920 
669 2610923 
670 2610926 
671 2610926 
672 2610932 
673 2610932 
674 2610933 
675 2610934 
676 2610939 
677 2610942 
678 2610942 
679 2610945 
680 2610946 
681 2610962 
682 2610962 
683 2610964 
684 2610966 
685 2610975 
686 2610979 
687 2610979 
688 2610982 
689 2610985 
690 2610986 
691 2610988 
692 2610988 
693 2610989 
694 2610991 
695 2610995 
696 2610995 
697 2610995 
698 2610996 
699 2610996 
700 2610996 
701 2610997 
702 2610997 
703 2610998 
704 2611011 
705 2611012 
706 2611016 
707 2611018 
708 2611028 
709 2611028 
710 2611028 
711 2611029 
712 2611029 
713 2611031 
714 2611032 
715 2611032 
716 2611042 
717 2611045 
718 2611045 
719 2611049 
720 2611049 
721 2611049 
722 2611050 
723 2611050 
724 2611050 
725 2611051 
726 2611062 
727 2611063 
728 2611064 
729 2611064 
730 2611065 
731 2611065 
732 2611094 
733 2611095 
734 2611095 
735 2611095 
736 2611096 
737 2611118 
738 2611123 
739 2611125 
740 2611126 
741 2611128 
742 2611129 
743 2611129 
744 2611132 
745 2611132 
746 2611132 
747 2611133 
748 2611133 
749 2611140 
750 2611144 
751 2611150 
752 2611159 
753 2611159 
754 2611159 
755 2611159 
756 2611162 
757 2611163 
758 2611168 
759 2611168 
760 2611168 
761 2611170 
762 2611170 
763 2611171 
764 2611171 
765 2611171 
766 2611171 
767 2611172 
768 2611172 
769 2611172 
770 2611173 
771 2611179 
772 2611179 
773 2611182 
774 2611182 
775 2611186 
776 2611186 
777 2611187 
778 2611187 
779 2611188 
780 2611202 
781 2611202 
782 2611202 
783 2611204 
784 2611211 
785 2611217 
786 2611217 
787 2611218 
788 2611218 
789 2611218 
790 2611219 
791 2611219 
792 2611219 
793 2611219 
794 2611219 
795 2611220 
796 2611220 
797 2611220 
798 2611221 
799 2611222 
800 2611222 
801 2611223 
802 2611223 
803 2611223 
804 2611224 
805 2611224 
806 2611224 
807 2611235 
808 2611241 
809 2611245 
810 2611246 
811 2611247 
812 2611247 
813 2611248 
814 2611248 
815 2611248 
816 2611249 
817 2611249 
818 2611249 
819 2611250 
820 2611250 
821 2611255 
822 2611255 
823 2611255 
824 2611268 
825 2611269 
826 2611269 
827 2611271 
828 2611274 
829 2611293 
830 2611295 
831 2611296 
832 2611317 
833 2611317 
834 2611318 
835 2611319 
836 2611319 
837 2611320 
838 2611320 
839 2611326 
840 2611333 
841 2611336 
842 2611338 
843 2611338 
844 2611340 
845 2611341 
846 2611344 
847 2611349 
848 2611350 
849 2611353 
850 2611353 
851 2611354 
852 2611379 
853 2611379 
854 2611384 
855 2611384 
856 2611403 
857 2611430 
858 2611433 
859 2611433 
860 2611443 
861 2611449 
862 2611450 
863 2611450 
864 2611450 
865 2611473 
866 2611473 
867 2611474 
868 2611474 
869 2611475 
870 2611475 
871 2611475 
872 2611476 
873 2611476 
874 2611476 
875 2611477 
876 2611477 
877 2611477 
878 2611478 
879 2611478 
880 2611479 
881 2611479 
882 2611481 
883 2611485 
884 2611489 
885 2611491 
886 2611492 
887 2611492 
888 2611494 
889 2611506 
890 2611507 
891 2611507 
892 2611507 
893 2611508 
894 2611508 
895 2611514 
896 2611515 
897 2611526 
898 2611527 
899 2611527 
900 2611531 
901 2611531 
902 2611532 
903 2611532 
904 2611532 
905 2611533 
906 2611534 
907 2611541 
908 2611544 
909 2611545 
910 2611545 
911 2611550 
912 2611550 
913 2611551 
914 2611552 
915 2611552 
916 2611552 
917 2611553 
918 2611553 
919 2611553 
920 2611555 
921 2611555 
922 2611556 
923 2611559 
924 2611560 
925 2611562 
926 2611563 
927 2611572 
928 2611576 
929 2611577 
930 2611578 
931 2611578 
932 2611579 
933 2611579 
934 2611579 
935 2611580 
936 2611588 
937 2611588 
938 2611589 
939 2611589 
940 2611589 
941 2611590 
942 2611590 
943 2611593 
944 2611593 
945 2611607 
946 2611617 
947 2611617 
948 2611617 
949 2611618 
950 2611621 
951 2611621 
952 2611621 
953 2611622 
954 2611674 
955 2611674 
956 2611675 
957 2611676 
958 2611677 
959 2611677 
960 2611682 
961 2611687 
962 2611689 
963 2611694 
964 2611695 
965 2611703 
966 2611703 
967 2611708 
968 2611709 
969 2611712 
970 2611737 
971 2611738 
972 2611738 
973 2611738 
974 2611739 
975 2611739 
976 2611744 
977 2611744 
978 2611791 
979 2611792 
980 2611792 
981 2611826 
982 2611880 
983 2611880 
984 2611880 
985 2611880 
986 2611881 
987 2611881 
988 2611881 
989 2611889 
990 2611889 
991 2611903 
992 2611906 
993 2611943 
994 2611960 
995 2611961 
996 2611961 
997 2611961 
998 2611976 
999 2611978 
1000 2612038 
1001 2612051 
1002 2612054 
1003 2612060 
1004 2612108 
1005 2612111 
1006 2612113 
1007 2612113 
1008 2612115 
1009 2612124 
1010 2612126 
1011 2612128 
1012 2612130 
1013 2612131 
1014 2612133 
1015 2612133 
1016 2612136 
1017 2612137 
1018 2612140 
1019 2612147 
1020 2612187 
1021 2612196 
1022 2612198 
1023 2612200 
1024 2612201 
1025 2612205 
1026 2612206 
1027 2612210 
1028 2612213 
1029 2612214 
1030 2612235 
1031 2612243 
1032 2612245 
1033 2612247 
1034 2612247 
1035 2612248 
1036 2612254 
1037 2612259 
1038 2612281 
1039 2612284 
1040 2612286 
1041 2612292 
1042 2612304 
1043 2612304 
1044 2612305 
1045 2612305 
1046 2612305 
1047 2612306 
1048 2612306 
1049 2612306 
1050 2612309 
1051 2612310 
1052 2612311 
1053 2612313 
1054 2612313 
1055 2612314 
1056 2612316 
1057 2612325 
1058 2612326 
1059 2612326 
1060 2612337 
1061 2612339 
1062 2612343 
1063 2612344 
1064 2612344 
1065 2612345 
1066 2612351 
1067 2612353 
1068 2612355 
1069 2612356 
1070 2612358 
1071 2612358 
1072 2612359 
1073 2612379 
1074 2612380 
1075 2612380 
1076 2612381 
1077 2612381 
1078 2612389 
1079 2612392 
1080 2612393 
1081 2612394 
1082 2612431 
1083 2612489 
1084 2612489 
1085 2612490 
1086 2612492 
1087 2612493 
1088 2612540 
1089 2612543 
1090 2612544 
1091 2612544 
1092 2612552 
1093 2612553 
1094 2612556 
1095 2612557 
1096 2612557 
1097 2612559 
1098 2612559 
1099 2612560 
1100 2612562 
1101 2612564 
1102 2612567 
1103 2612567 
1104 2612569 
1105 2612571 
1106 2612574 
1107 2612576 
1108 2612581 
1109 2612581 
1110 2612589 
1111 2612590 
1112 2612593 
1113 2612594 
1114 2612594 
1115 2612594 
1116 2612595 
1117 2612595 
1118 2612595 
1119 2612596 
1120 2612599 
1121 2612599 
1122 2612602 
1123 2612602 
1124 2612602 
1125 2612603 
1126 2612603 
1127 2612603 
1128 2612606 
1129 2612608 
1130 2612612 
1131 2612612 
1132 2612613 
1133 2612613 
1134 2612617 
1135 2612622 
1136 2612622 
1137 2612623 
1138 2612630 
1139 2612631 
1140 2612633 
1141 2612634 
1142 2612634 
1143 2612635 
1144 2612635 
1145 2612636 
1146 2612637 
1147 2612637 
1148 2612637 
1149 2612642 
1150 2612643 
1151 2612643 
1152 2612643 
1153 2612644 
1154 2612644 
1155 2612645 
1156 2612645 
1157 2612645 
1158 2612646 
1159 2612646 
1160 2612647 
1161 2612647 
1162 2612647 
1163 2612648 
1164 2612648 
1165 2612655 
1166 2612656 
1167 2612656 
1168 2612659 
1169 2612659 
1170 2612712 
1171 2612712 
1172 2612713 
1173 2612725 
1174 2612726 
1175 2612729 
1176 2612730 
1177 2612730 
1178 2612731 
1179 2612731 
1180 2612740 
1181 2612741 
1182 2612808 
1183 2612808 
1184 2612809 
1185 2612809 
1186 2612825 
1187 2612840 
1188 2612841 
1189 2612841 
1190 2612841 
1191 2612919 
1192 2612920 
1193 2612923 
1194 2612951 
1195 2612951 
1196 2612952 
1197 2612961 
1198 2612962 
1199 2612962 
1200 2612962 
1201 2612967 
1202 2612971 
1203 2613002 
1204 2613014 
1205 2613016 
1206 2613020 
1207 2613020 
1208 2613024 
1209 2613027 
1210 2613038 
1211 2613038 
1212 2613042 
1213 2613059 
1214 2613060 
1215 2613064 
1216 2613069 
1217 2613072 
1218 2613072 
1219 2613076 
1220 2613096 
1221 2613097 
1222 2613098 
1223 2613099 
1224 2613099 
1225 2613106 
1226 2613106 
1227 2613106 
1228 2613108 
1229 2613108 
1230 2613109 
1231 2613118 
1232 2613120 
1233 2613122 
1234 2613124 
1235 2613127 
1236 2613142 
1237 2613164 
1238 2613164 
1239 2613168 
1240 2613196 
1241 2613196 
1242 2613196 
1243 2613197 
1244 2613200 
1245 2613213 
1246 2613216 
1247 2613216 
1248 2613216 
1249 2613217 
1250 2613217 
1251 2613218 
1252 2613220 
1253 2613221 
1254 2613224 
1255 2613224 
1256 2613238 
1257 2613259 
1258 2613264 
1259 2613267 
1260 2613271 
1261 2613271 
1262 2613271 
1263 2613272 
1264 2613272 
1265 2613273 
1266 2613273 
1267 2613276 
1268 2613288 
1269 2613288 
1270 2613288 
1271 2613309 
1272 2613319 
1273 2613319 
1274 2613329 
1275 2613329 
1276 2613330 
1277 2613336 
1278 2613343 
1279 2613345 
1280 2613348 
1281 2613351 
1282 2613358 
1283 2613364 
1284 2613376 
1285 2613379 
1286 2613379 
1287 2613380 
1288 2613380 
1289 2613386 
1290 2613386 
1291 2613387 
1292 2613395 
1293 2613417 
1294 2613422 
1295 2613437 
1296 2613438 
1297 2613441 
1298 2613443 
1299 2613447 
1300 2613456 
1301 2613484 
1302 2613493 
1303 2613494 
1304 2613494 
1305 2613494 
1306 2613495 
1307 2613495 
1308 2613500 
1309 2613500 
1310 2613501 
1311 2613505 
1312 2613511 
1313 2613525 
1314 2613529 
1315 2613568 
