1 2667622 
2 2667735 
3 2667750 
4 2667752 
5 2667752 
6 2667755 
7 2667755 
8 2667757 
9 2667758 
10 2667760 
11 2667764 
12 2667766 
13 2667771 
14 2667817 
15 2667823 
16 2667825 
17 2667827 
18 2667828 
19 2667833 
20 2667897 
21 2667898 
22 2667898 
23 2667899 
24 2667899 
25 2667899 
26 2667900 
27 2667900 
28 2667900 
29 2667901 
30 2667901 
31 2667902 
32 2667902 
33 2667902 
34 2667903 
35 2667903 
36 2667912 
37 2667919 
38 2667921 
39 2667923 
40 2667946 
41 2667948 
42 2667952 
43 2667963 
44 2667964 
45 2667971 
46 2667972 
47 2667974 
48 2667979 
49 2667980 
50 2667980 
51 2667980 
52 2667981 
53 2667981 
54 2667981 
55 2667981 
56 2667982 
57 2668010 
58 2668010 
59 2668010 
60 2668011 
61 2668011 
62 2668011 
63 2668012 
64 2668012 
65 2668012 
66 2668015 
67 2668015 
68 2668048 
69 2668048 
70 2668048 
71 2668049 
72 2668049 
73 2668050 
74 2668050 
75 2668050 
76 2668051 
77 2668051 
78 2668051 
79 2668052 
80 2668052 
81 2668052 
82 2668052 
83 2668053 
84 2668053 
85 2668053 
86 2668054 
87 2668054 
88 2668054 
89 2668055 
90 2668055 
91 2668055 
92 2668056 
93 2668056 
94 2668056 
95 2668057 
96 2668057 
97 2668057 
98 2668057 
99 2668058 
100 2668058 
101 2668059 
102 2668059 
103 2668081 
104 2668081 
105 2668082 
106 2668082 
107 2668082 
108 2668082 
109 2668083 
110 2668083 
111 2668083 
112 2668084 
113 2668084 
114 2668084 
115 2668085 
116 2668085 
117 2668085 
118 2668086 
119 2668086 
120 2668086 
121 2668087 
122 2668087 
123 2668101 
124 2668102 
125 2668103 
126 2668105 
127 2668107 
128 2668122 
129 2668131 
130 2668132 
131 2668134 
132 2668136 
133 2668145 
134 2668146 
135 2668146 
136 2668146 
137 2668147 
138 2668147 
139 2668147 
140 2668148 
141 2668148 
142 2668157 
143 2668159 
144 2668159 
145 2668159 
146 2668160 
147 2668161 
148 2668164 
149 2668166 
150 2668168 
151 2668177 
152 2668180 
153 2668182 
154 2668184 
155 2668186 
156 2668190 
157 2668191 
158 2668191 
159 2668192 
160 2668192 
161 2668193 
162 2668196 
163 2668204 
164 2668205 
165 2668207 
166 2668210 
167 2668211 
168 2668219 
169 2668220 
170 2668220 
171 2668224 
172 2668226 
173 2668229 
174 2668230 
175 2668231 
176 2668232 
177 2668235 
178 2668249 
179 2668249 
180 2668250 
181 2668250 
182 2668250 
183 2668251 
184 2668251 
185 2668252 
186 2668253 
187 2668253 
188 2668255 
189 2668256 
190 2668257 
191 2668257 
192 2668258 
193 2668262 
194 2668265 
195 2668275 
196 2668278 
197 2668279 
198 2668279 
199 2668279 
200 2668280 
201 2668280 
202 2668280 
203 2668280 
204 2668281 
205 2668281 
206 2668281 
207 2668281 
208 2668282 
209 2668282 
210 2668282 
211 2668283 
212 2668283 
213 2668284 
214 2668284 
215 2668284 
216 2668284 
217 2668285 
218 2668286 
219 2668290 
220 2668292 
221 2668293 
222 2668294 
223 2668296 
224 2668299 
225 2668302 
226 2668313 
227 2668313 
228 2668314 
229 2668315 
230 2668315 
231 2668316 
232 2668316 
233 2668316 
234 2668317 
235 2668317 
236 2668317 
237 2668318 
238 2668319 
239 2668319 
240 2668320 
241 2668323 
242 2668329 
243 2668329 
244 2668330 
245 2668330 
246 2668330 
247 2668330 
248 2668331 
249 2668331 
250 2668331 
251 2668331 
252 2668332 
253 2668332 
254 2668332 
255 2668332 
256 2668333 
257 2668333 
258 2668333 
259 2668334 
260 2668334 
261 2668334 
262 2668335 
263 2668338 
264 2668339 
265 2668340 
266 2668344 
267 2668344 
268 2668345 
269 2668345 
270 2668346 
271 2668346 
272 2668346 
273 2668347 
274 2668347 
275 2668347 
276 2668348 
277 2668348 
278 2668348 
279 2668349 
280 2668349 
281 2668350 
282 2668353 
283 2668354 
284 2668355 
285 2668357 
286 2668358 
287 2668358 
288 2668359 
289 2668361 
290 2668361 
291 2668362 
292 2668362 
293 2668362 
294 2668363 
295 2668363 
296 2668363 
297 2668364 
298 2668364 
299 2668364 
300 2668365 
301 2668365 
302 2668369 
303 2668384 
304 2668386 
305 2668388 
306 2668389 
307 2668390 
308 2668390 
309 2668393 
310 2668397 
311 2668401 
312 2668405 
313 2668405 
314 2668405 
315 2668409 
316 2668410 
317 2668410 
318 2668410 
319 2668411 
320 2668411 
321 2668411 
322 2668412 
323 2668412 
324 2668412 
325 2668413 
326 2668413 
327 2668413 
328 2668414 
329 2668414 
330 2668414 
331 2668415 
332 2668415 
333 2668416 
334 2668416 
335 2668416 
336 2668416 
337 2668417 
338 2668417 
339 2668417 
340 2668418 
341 2668418 
342 2668425 
343 2668426 
344 2668426 
345 2668426 
346 2668427 
347 2668427 
348 2668427 
349 2668428 
350 2668428 
351 2668428 
352 2668429 
353 2668429 
354 2668429 
355 2668430 
356 2668430 
357 2668430 
358 2668430 
359 2668431 
360 2668431 
361 2668431 
362 2668432 
363 2668435 
364 2668435 
365 2668435 
366 2668436 
367 2668436 
368 2668436 
369 2668437 
370 2668437 
371 2668437 
372 2668438 
373 2668438 
374 2668439 
375 2668439 
376 2668440 
377 2668440 
378 2668440 
379 2668443 
380 2668444 
381 2668446 
382 2668450 
383 2668450 
384 2668450 
385 2668453 
386 2668461 
387 2668462 
388 2668462 
389 2668462 
390 2668463 
391 2668463 
392 2668464 
393 2668464 
394 2668464 
395 2668465 
396 2668465 
397 2668466 
398 2668466 
399 2668466 
400 2668467 
401 2668467 
402 2668467 
403 2668468 
404 2668469 
405 2668473 
406 2668478 
407 2668478 
408 2668478 
409 2668479 
410 2668479 
411 2668479 
412 2668480 
413 2668480 
414 2668480 
415 2668481 
416 2668481 
417 2668481 
418 2668481 
419 2668482 
420 2668482 
421 2668485 
422 2668487 
423 2668487 
424 2668488 
425 2668489 
426 2668492 
427 2668496 
428 2668497 
429 2668499 
430 2668500 
431 2668500 
432 2668500 
433 2668501 
434 2668504 
435 2668506 
436 2668506 
437 2668506 
438 2668506 
439 2668507 
440 2668507 
441 2668510 
442 2668511 
443 2668511 
444 2668511 
445 2668513 
446 2668513 
447 2668514 
448 2668514 
449 2668515 
450 2668515 
451 2668515 
452 2668516 
453 2668516 
454 2668518 
455 2668518 
456 2668519 
457 2668519 
458 2668520 
459 2668520 
460 2668524 
461 2668524 
462 2668524 
463 2668526 
464 2668526 
465 2668527 
466 2668527 
467 2668527 
468 2668528 
469 2668530 
470 2668531 
471 2668531 
472 2668532 
473 2668534 
474 2668538 
475 2668538 
476 2668538 
477 2668539 
478 2668539 
479 2668539 
480 2668540 
481 2668543 
482 2668545 
483 2668546 
484 2668547 
485 2668547 
486 2668548 
487 2668550 
488 2668552 
489 2668554 
490 2668554 
491 2668554 
492 2668555 
493 2668557 
494 2668559 
495 2668560 
496 2668560 
497 2668562 
498 2668562 
499 2668563 
500 2668563 
501 2668563 
502 2668564 
503 2668564 
504 2668567 
505 2668569 
506 2668570 
507 2668570 
508 2668571 
509 2668571 
510 2668571 
511 2668572 
512 2668572 
513 2668572 
514 2668573 
515 2668573 
516 2668573 
517 2668574 
518 2668574 
519 2668574 
520 2668575 
521 2668575 
522 2668575 
523 2668575 
524 2668576 
525 2668576 
526 2668576 
527 2668577 
528 2668577 
529 2668577 
530 2668578 
531 2668578 
532 2668578 
533 2668578 
534 2668579 
535 2668579 
536 2668579 
537 2668579 
538 2668579 
539 2668580 
540 2668580 
541 2668580 
542 2668580 
543 2668580 
544 2668581 
545 2668581 
546 2668581 
547 2668582 
548 2668582 
549 2668583 
550 2668583 
551 2668583 
552 2668584 
553 2668584 
554 2668584 
555 2668584 
556 2668585 
557 2668585 
558 2668585 
559 2668585 
560 2668586 
561 2668586 
562 2668586 
563 2668587 
564 2668587 
565 2668587 
566 2668587 
567 2668588 
568 2668588 
569 2668588 
570 2668589 
571 2668589 
572 2668590 
573 2668590 
574 2668590 
575 2668593 
576 2668595 
577 2668597 
578 2668602 
579 2668602 
580 2668606 
581 2668606 
582 2668609 
583 2668610 
584 2668617 
585 2668620 
586 2668621 
587 2668623 
588 2668625 
589 2668629 
590 2668630 
591 2668632 
592 2668633 
593 2668633 
594 2668634 
595 2668634 
596 2668634 
597 2668635 
598 2668635 
599 2668636 
600 2668644 
601 2668650 
602 2668650 
603 2668650 
604 2668651 
605 2668651 
606 2668651 
607 2668652 
608 2668652 
609 2668652 
610 2668653 
611 2668654 
612 2668654 
613 2668654 
614 2668654 
615 2668655 
616 2668655 
617 2668655 
618 2668656 
619 2668657 
620 2668657 
621 2668657 
622 2668658 
623 2668658 
624 2668658 
625 2668659 
626 2668659 
627 2668659 
628 2668660 
629 2668660 
630 2668660 
631 2668660 
632 2668661 
633 2668661 
634 2668662 
635 2668667 
636 2668668 
637 2668668 
638 2668669 
639 2668669 
640 2668669 
641 2668670 
642 2668670 
643 2668671 
644 2668671 
645 2668671 
646 2668671 
647 2668672 
648 2668672 
649 2668673 
650 2668674 
651 2668674 
652 2668674 
653 2668675 
654 2668675 
655 2668675 
656 2668676 
657 2668676 
658 2668677 
659 2668677 
660 2668678 
661 2668678 
662 2668681 
663 2668681 
664 2668681 
665 2668682 
666 2668682 
667 2668683 
668 2668687 
669 2668689 
670 2668692 
671 2668694 
672 2668694 
673 2668694 
674 2668695 
675 2668695 
676 2668695 
677 2668695 
678 2668696 
679 2668696 
680 2668696 
681 2668697 
682 2668697 
683 2668697 
684 2668698 
685 2668702 
686 2668702 
687 2668705 
688 2668707 
689 2668707 
690 2668708 
691 2668708 
692 2668712 
693 2668712 
694 2668717 
695 2668718 
696 2668718 
697 2668719 
698 2668719 
699 2668719 
700 2668720 
701 2668720 
702 2668720 
703 2668721 
704 2668721 
705 2668722 
706 2668722 
707 2668724 
708 2668724 
709 2668724 
710 2668725 
711 2668734 
712 2668755 
713 2668755 
714 2668756 
715 2668756 
716 2668757 
717 2668757 
718 2668757 
719 2668758 
720 2668758 
721 2668759 
722 2668759 
723 2668760 
724 2668760 
725 2668760 
726 2668761 
727 2668761 
728 2668761 
729 2668762 
730 2668762 
731 2668762 
732 2668767 
733 2668777 
734 2668777 
735 2668778 
736 2668778 
737 2668778 
738 2668779 
739 2668779 
740 2668779 
741 2668780 
742 2668780 
743 2668780 
744 2668781 
745 2668781 
746 2668782 
747 2668783 
748 2668783 
749 2668783 
750 2668784 
751 2668785 
752 2668785 
753 2668785 
754 2668786 
755 2668811 
756 2668811 
757 2668811 
758 2668811 
759 2668812 
760 2668813 
761 2668816 
762 2668819 
763 2668819 
764 2668820 
765 2668820 
766 2668821 
767 2668821 
768 2668822 
769 2668822 
770 2668822 
771 2668838 
772 2668850 
773 2668889 
774 2668900 
775 2668908 
776 2668910 
777 2668910 
778 2668910 
779 2668941 
780 2668941 
781 2668941 
782 2668942 
783 2668942 
784 2668942 
785 2668943 
786 2668943 
787 2668958 
788 2668963 
789 2668963 
790 2668964 
791 2668965 
792 2668965 
793 2668965 
794 2668965 
795 2668966 
796 2668966 
797 2668966 
798 2668966 
799 2668967 
800 2668969 
801 2668970 
802 2668970 
803 2668970 
804 2668972 
805 2668973 
806 2668973 
807 2668973 
808 2668974 
809 2668974 
810 2668975 
811 2668975 
812 2668975 
813 2668976 
814 2668976 
815 2668976 
816 2668979 
817 2668979 
818 2668989 
819 2668989 
820 2668990 
821 2668995 
822 2668998 
823 2669010 
824 2669010 
825 2669013 
826 2669013 
827 2669014 
828 2669014 
829 2669014 
830 2669016 
831 2669016 
832 2669019 
833 2669039 
834 2669040 
835 2669057 
836 2669063 
837 2669065 
838 2669067 
839 2669068 
840 2669071 
841 2669075 
842 2669094 
843 2669097 
844 2669103 
845 2669116 
846 2669116 
847 2669116 
848 2669131 
849 2669133 
850 2669135 
851 2669136 
852 2669137 
853 2669140 
854 2669141 
855 2669152 
856 2669153 
857 2669153 
858 2669153 
859 2669153 
860 2669154 
861 2669154 
862 2669156 
863 2669157 
864 2669157 
865 2669157 
866 2669158 
867 2669160 
868 2669160 
869 2669161 
870 2669162 
871 2669163 
872 2669163 
873 2669163 
874 2669164 
875 2669168 
876 2669169 
877 2669173 
878 2669173 
879 2669178 
880 2669179 
881 2669179 
882 2669179 
883 2669180 
884 2669180 
885 2669180 
886 2669180 
887 2669181 
888 2669181 
889 2669181 
890 2669182 
891 2669182 
892 2669183 
893 2669184 
894 2669184 
895 2669185 
896 2669185 
897 2669185 
898 2669191 
899 2669196 
900 2669197 
901 2669197 
902 2669197 
903 2669198 
904 2669198 
905 2669199 
906 2669200 
907 2669202 
908 2669204 
909 2669204 
910 2669206 
911 2669207 
912 2669218 
913 2669219 
914 2669219 
915 2669220 
916 2669220 
917 2669220 
918 2669221 
919 2669221 
920 2669221 
921 2669222 
922 2669222 
923 2669222 
924 2669222 
925 2669223 
926 2669238 
927 2669238 
928 2669238 
929 2669239 
930 2669239 
931 2669242 
932 2669242 
933 2669242 
934 2669252 
935 2669253 
936 2669253 
937 2669259 
938 2669260 
939 2669264 
940 2669267 
941 2669269 
942 2669272 
943 2669273 
944 2669274 
945 2669274 
946 2669274 
947 2669275 
948 2669275 
949 2669275 
950 2669276 
951 2669276 
952 2669276 
953 2669277 
954 2669282 
955 2669286 
956 2669288 
957 2669291 
958 2669292 
959 2669292 
960 2669293 
961 2669293 
962 2669293 
963 2669293 
964 2669294 
965 2669294 
966 2669294 
967 2669294 
968 2669295 
969 2669295 
970 2669295 
971 2669296 
972 2669296 
973 2669296 
974 2669297 
975 2669297 
976 2669298 
977 2669298 
978 2669301 
979 2669301 
980 2669302 
981 2669302 
982 2669302 
983 2669302 
984 2669303 
985 2669303 
986 2669303 
987 2669304 
988 2669304 
989 2669304 
990 2669305 
991 2669305 
992 2669307 
993 2669308 
994 2669308 
995 2669309 
996 2669309 
997 2669309 
998 2669310 
999 2669312 
1000 2669312 
1001 2669313 
1002 2669314 
1003 2669314 
1004 2669314 
1005 2669315 
1006 2669315 
1007 2669316 
1008 2669316 
1009 2669316 
1010 2669316 
1011 2669317 
1012 2669317 
1013 2669317 
1014 2669318 
1015 2669318 
1016 2669318 
1017 2669319 
1018 2669319 
1019 2669319 
1020 2669320 
1021 2669328 
1022 2669328 
1023 2669329 
1024 2669329 
1025 2669329 
1026 2669330 
1027 2669330 
1028 2669330 
1029 2669330 
1030 2669331 
1031 2669331 
1032 2669331 
1033 2669332 
1034 2669333 
1035 2669337 
1036 2669339 
1037 2669343 
1038 2669345 
1039 2669346 
1040 2669349 
1041 2669354 
1042 2669354 
1043 2669359 
1044 2669359 
1045 2669360 
1046 2669360 
1047 2669361 
1048 2669361 
1049 2669361 
1050 2669362 
1051 2669362 
1052 2669362 
1053 2669363 
1054 2669363 
1055 2669363 
1056 2669364 
1057 2669364 
1058 2669364 
1059 2669365 
1060 2669365 
1061 2669365 
1062 2669365 
1063 2669366 
1064 2669366 
1065 2669366 
1066 2669366 
1067 2669367 
1068 2669367 
1069 2669367 
1070 2669368 
1071 2669371 
1072 2669372 
1073 2669372 
1074 2669372 
1075 2669372 
1076 2669373 
1077 2669373 
1078 2669373 
1079 2669374 
1080 2669374 
1081 2669374 
1082 2669375 
1083 2669375 
1084 2669375 
1085 2669376 
1086 2669376 
1087 2669376 
1088 2669377 
1089 2669377 
1090 2669377 
1091 2669377 
1092 2669378 
1093 2669378 
1094 2669379 
1095 2669379 
1096 2669380 
1097 2669384 
1098 2669384 
1099 2669384 
1100 2669385 
1101 2669385 
1102 2669385 
1103 2669386 
1104 2669386 
1105 2669386 
1106 2669387 
1107 2669387 
1108 2669387 
1109 2669387 
1110 2669388 
1111 2669388 
1112 2669388 
1113 2669389 
1114 2669389 
1115 2669389 
1116 2669390 
1117 2669390 
1118 2669390 
1119 2669391 
1120 2669391 
1121 2669391 
1122 2669392 
1123 2669392 
1124 2669392 
1125 2669401 
1126 2669401 
1127 2669406 
1128 2669411 
1129 2669415 
1130 2669416 
1131 2669416 
1132 2669416 
1133 2669417 
1134 2669417 
1135 2669417 
1136 2669418 
1137 2669418 
1138 2669418 
1139 2669419 
1140 2669419 
1141 2669419 
1142 2669420 
1143 2669420 
1144 2669420 
1145 2669421 
1146 2669421 
1147 2669421 
1148 2669422 
1149 2669423 
1150 2669423 
1151 2669423 
1152 2669423 
1153 2669424 
1154 2669424 
1155 2669424 
1156 2669424 
1157 2669425 
1158 2669425 
1159 2669425 
1160 2669425 
1161 2669426 
1162 2669426 
1163 2669427 
1164 2669431 
1165 2669431 
1166 2669431 
1167 2669431 
1168 2669432 
1169 2669432 
1170 2669432 
1171 2669433 
1172 2669433 
1173 2669433 
1174 2669433 
1175 2669434 
1176 2669434 
1177 2669434 
1178 2669435 
1179 2669435 
1180 2669435 
1181 2669435 
1182 2669436 
1183 2669436 
1184 2669437 
1185 2669437 
1186 2669451 
1187 2669452 
1188 2669452 
1189 2669460 
1190 2669463 
1191 2669465 
1192 2669466 
1193 2669466 
1194 2669467 
1195 2669479 
1196 2669479 
1197 2669482 
1198 2669482 
1199 2669482 
1200 2669483 
1201 2669483 
1202 2669506 
1203 2669507 
1204 2669509 
1205 2669509 
1206 2669509 
1207 2669510 
1208 2669510 
1209 2669510 
1210 2669510 
1211 2669511 
1212 2669511 
1213 2669525 
1214 2669528 
1215 2669530 
1216 2669532 
1217 2669533 
1218 2669534 
1219 2669534 
1220 2669535 
1221 2669535 
1222 2669545 
1223 2669555 
1224 2669556 
1225 2669556 
1226 2669557 
1227 2669557 
1228 2669557 
1229 2669569 
1230 2669570 
1231 2669570 
1232 2669570 
1233 2669571 
1234 2669571 
1235 2669572 
1236 2669572 
1237 2669572 
1238 2669573 
1239 2669573 
1240 2669573 
1241 2669574 
1242 2669574 
1243 2669574 
1244 2669575 
1245 2669575 
1246 2669575 
1247 2669576 
1248 2669581 
1249 2669586 
1250 2669594 
1251 2669595 
1252 2669597 
1253 2669597 
1254 2669597 
1255 2669597 
1256 2669598 
1257 2669598 
1258 2669598 
1259 2669599 
1260 2669599 
1261 2669600 
1262 2669600 
1263 2669600 
1264 2669601 
1265 2669601 
1266 2669601 
1267 2669602 
1268 2669602 
1269 2669602 
1270 2669606 
1271 2669607 
1272 2669607 
1273 2669607 
1274 2669608 
1275 2669608 
1276 2669609 
1277 2669611 
1278 2669611 
1279 2669612 
1280 2669612 
1281 2669612 
1282 2669613 
1283 2669613 
1284 2669613 
1285 2669614 
1286 2669614 
1287 2669614 
1288 2669615 
1289 2669615 
1290 2669615 
1291 2669616 
1292 2669616 
1293 2669616 
1294 2669616 
1295 2669617 
1296 2669617 
1297 2669617 
1298 2669617 
1299 2669618 
1300 2669618 
1301 2669618 
1302 2669619 
1303 2669619 
1304 2669619 
1305 2669620 
1306 2669620 
1307 2669620 
1308 2669621 
1309 2669622 
1310 2669622 
1311 2669623 
1312 2669623 
1313 2669624 
1314 2669624 
1315 2669625 
1316 2669625 
1317 2669625 
1318 2669626 
1319 2669626 
1320 2669626 
1321 2669627 
1322 2669627 
1323 2669627 
1324 2669628 
1325 2669628 
1326 2669628 
1327 2669629 
1328 2669629 
1329 2669629 
1330 2669629 
1331 2669630 
1332 2669630 
1333 2669630 
1334 2669631 
1335 2669631 
1336 2669631 
1337 2669632 
1338 2669632 
1339 2669632 
1340 2669639 
1341 2669640 
1342 2669640 
1343 2669640 
1344 2669640 
1345 2669641 
1346 2669641 
1347 2669641 
1348 2669642 
1349 2669642 
1350 2669642 
1351 2669642 
1352 2669643 
1353 2669643 
1354 2669643 
1355 2669643 
1356 2669644 
1357 2669644 
1358 2669644 
1359 2669645 
1360 2669645 
1361 2669648 
1362 2669648 
1363 2669650 
1364 2669650 
1365 2669651 
1366 2669651 
1367 2669652 
1368 2669652 
1369 2669652 
1370 2669653 
1371 2669653 
1372 2669658 
1373 2669658 
1374 2669659 
1375 2669659 
1376 2669670 
1377 2669670 
1378 2669670 
1379 2669670 
1380 2669671 
1381 2669671 
1382 2669671 
1383 2669672 
1384 2669672 
1385 2669672 
1386 2669673 
1387 2669673 
1388 2669673 
1389 2669673 
1390 2669674 
1391 2669674 
1392 2669678 
1393 2669678 
1394 2669679 
1395 2669679 
1396 2669681 
1397 2669689 
1398 2669690 
1399 2669692 
1400 2669693 
1401 2669696 
1402 2669700 
1403 2669700 
1404 2669700 
1405 2669701 
1406 2669701 
1407 2669701 
1408 2669702 
1409 2669702 
1410 2669703 
1411 2669709 
1412 2669715 
1413 2669716 
1414 2669716 
1415 2669716 
1416 2669717 
1417 2669717 
1418 2669718 
1419 2669718 
1420 2669724 
1421 2669724 
1422 2669724 
1423 2669725 
1424 2669725 
1425 2669726 
1426 2669726 
1427 2669734 
1428 2669734 
1429 2669740 
1430 2669744 
1431 2669768 
1432 2669769 
1433 2669769 
1434 2669769 
1435 2669771 
1436 2669780 
1437 2669781 
1438 2669782 
1439 2669782 
1440 2669787 
1441 2669809 
1442 2669810 
1443 2669810 
1444 2669810 
1445 2669811 
1446 2669811 
1447 2669821 
1448 2669829 
1449 2669844 
1450 2669850 
1451 2669851 
1452 2669851 
1453 2669851 
1454 2669852 
1455 2669852 
1456 2669853 
1457 2669853 
1458 2669853 
1459 2669854 
1460 2669854 
1461 2669856 
1462 2669857 
1463 2669857 
1464 2669858 
1465 2669858 
1466 2669858 
1467 2669859 
1468 2669919 
1469 2669919 
1470 2669920 
1471 2669925 
1472 2669925 
1473 2669926 
1474 2669926 
1475 2669926 
1476 2669927 
1477 2669927 
1478 2669927 
1479 2669928 
1480 2669928 
1481 2669929 
1482 2669929 
1483 2669929 
1484 2669930 
1485 2669930 
1486 2669930 
1487 2669931 
1488 2669950 
1489 2669956 
1490 2669959 
1491 2669963 
1492 2669964 
1493 2669964 
1494 2669964 
1495 2669965 
1496 2669965 
1497 2669966 
1498 2669966 
1499 2669966 
1500 2669966 
1501 2669967 
1502 2669967 
1503 2669968 
1504 2669973 
1505 2669973 
1506 2669973 
1507 2669976 
1508 2669991 
1509 2669999 
1510 2670000 
1511 2670003 
1512 2670003 
1513 2670004 
1514 2670004 
1515 2670004 
1516 2670005 
1517 2670005 
1518 2670005 
1519 2670006 
1520 2670006 
1521 2670006 
1522 2670007 
1523 2670007 
1524 2670008 
1525 2670008 
1526 2670015 
1527 2670021 
1528 2670024 
1529 2670025 
1530 2670025 
1531 2670026 
1532 2670026 
1533 2670028 
1534 2670033 
1535 2670034 
1536 2670034 
1537 2670035 
1538 2670035 
1539 2670035 
1540 2670036 
1541 2670036 
1542 2670036 
1543 2670037 
1544 2670037 
1545 2670038 
1546 2670039 
1547 2670039 
1548 2670042 
1549 2670042 
1550 2670042 
1551 2670043 
1552 2670043 
1553 2670043 
1554 2670044 
1555 2670044 
1556 2670045 
1557 2670045 
1558 2670045 
1559 2670046 
1560 2670048 
1561 2670048 
1562 2670053 
1563 2670057 
1564 2670062 
1565 2670062 
1566 2670072 
1567 2670072 
1568 2670075 
1569 2670076 
1570 2670076 
1571 2670077 
1572 2670077 
1573 2670077 
1574 2670078 
1575 2670078 
1576 2670078 
1577 2670079 
1578 2670079 
1579 2670079 
1580 2670080 
1581 2670089 
1582 2670090 
1583 2670090 
1584 2670093 
1585 2670093 
1586 2670094 
1587 2670094 
1588 2670097 
1589 2670098 
1590 2670098 
1591 2670099 
1592 2670099 
1593 2670099 
1594 2670099 
1595 2670100 
1596 2670100 
1597 2670100 
1598 2670101 
1599 2670101 
1600 2670101 
1601 2670102 
1602 2670102 
1603 2670103 
1604 2670103 
1605 2670103 
1606 2670112 
1607 2670121 
1608 2670122 
1609 2670148 
1610 2670154 
1611 2670163 
1612 2670167 
1613 2670167 
1614 2670168 
1615 2670183 
1616 2670207 
1617 2670207 
1618 2670208 
1619 2670208 
1620 2670208 
1621 2670209 
1622 2670209 
1623 2670246 
1624 2670253 
1625 2670260 
1626 2670283 
1627 2670285 
1628 2670286 
1629 2670290 
1630 2670290 
1631 2670294 
1632 2670297 
1633 2670298 
1634 2670298 
1635 2670299 
1636 2670299 
1637 2670299 
1638 2670341 
1639 2670342 
1640 2670376 
1641 2670376 
1642 2670376 
1643 2670382 
1644 2670384 
1645 2670385 
1646 2670399 
1647 2670399 
1648 2670399 
1649 2670400 
1650 2670400 
1651 2670400 
1652 2670400 
1653 2670401 
1654 2670401 
1655 2670422 
1656 2670436 
1657 2670443 
1658 2670443 
1659 2670444 
1660 2670457 
1661 2670458 
1662 2670464 
1663 2670479 
1664 2670479 
1665 2670483 
1666 2670485 
1667 2670488 
1668 2670502 
1669 2670508 
1670 2670527 
1671 2670527 
1672 2670527 
1673 2670528 
1674 2670528 
1675 2670529 
1676 2670529 
1677 2670529 
1678 2670530 
1679 2670530 
1680 2670530 
1681 2670543 
1682 2670586 
1683 2670601 
1684 2670601 
1685 2670604 
1686 2670604 
1687 2670604 
1688 2670605 
1689 2670605 
1690 2670605 
1691 2670618 
1692 2670618 
1693 2670618 
1694 2670618 
1695 2670619 
1696 2670619 
1697 2670620 
1698 2670620 
1699 2670620 
1700 2670621 
1701 2670621 
1702 2670622 
1703 2670632 
1704 2670633 
1705 2670633 
1706 2670637 
1707 2670638 
1708 2670638 
1709 2670639 
1710 2670649 
1711 2670654 
1712 2670654 
1713 2670655 
1714 2670655 
1715 2670663 
1716 2670664 
1717 2670666 
1718 2670688 
1719 2670691 
1720 2670712 
1721 2670765 
1722 2670766 
1723 2670766 
1724 2670767 
1725 2670779 
1726 2670783 
1727 2670800 
1728 2670801 
1729 2670803 
1730 2670805 
1731 2670819 
1732 2670849 
1733 2670862 
1734 2670866 
1735 2670870 
1736 2670879 
1737 2670879 
1738 2670887 
1739 2670889 
1740 2670889 
1741 2670891 
1742 2670894 
1743 2670941 
1744 2670942 
1745 2670945 
1746 2670946 
1747 2670949 
1748 2670952 
1749 2670955 
1750 2670956 
1751 2670957 
1752 2670958 
1753 2670960 
1754 2670962 
1755 2670965 
1756 2670970 
1757 2670971 
1758 2670979 
1759 2670979 
1760 2670980 
1761 2670986 
1762 2670989 
1763 2670990 
1764 2671001 
1765 2671001 
1766 2671002 
1767 2671002 
1768 2671002 
1769 2671018 
1770 2671020 
1771 2671020 
1772 2671021 
1773 2671021 
1774 2671024 
1775 2671029 
1776 2671030 
1777 2671031 
1778 2671033 
1779 2671035 
1780 2671057 
1781 2671058 
1782 2671061 
1783 2671062 
1784 2671067 
1785 2671067 
1786 2671145 
1787 2671145 
1788 2671146 
1789 2671163 
1790 2671164 
1791 2671164 
1792 2671168 
1793 2671182 
1794 2671183 
