1 2685615 
2 2685647 
3 2685648 
4 2685649 
5 2685653 
6 2685655 
7 2685656 
8 2685656 
9 2685664 
10 2685664 
11 2685665 
12 2685669 
13 2685680 
14 2685699 
15 2685701 
16 2685710 
17 2685776 
18 2685776 
19 2685777 
20 2685777 
21 2685778 
22 2685790 
23 2685804 
24 2685820 
25 2685824 
26 2685853 
27 2685853 
28 2685854 
29 2685854 
30 2685854 
31 2685855 
32 2685855 
33 2685855 
34 2685856 
35 2685856 
36 2685856 
37 2685864 
38 2685876 
39 2685877 
40 2685877 
41 2685880 
42 2685882 
43 2685883 
44 2685885 
45 2685886 
46 2685889 
47 2685919 
48 2685919 
49 2685919 
50 2685922 
51 2685923 
52 2685923 
53 2685923 
54 2685924 
55 2685925 
56 2685952 
57 2685952 
58 2685954 
59 2685955 
60 2685955 
61 2685955 
62 2685956 
63 2685964 
64 2685965 
65 2685965 
66 2686002 
67 2686009 
68 2686018 
69 2686018 
70 2686019 
71 2686019 
72 2686039 
73 2686047 
74 2686055 
75 2686056 
76 2686058 
77 2686125 
78 2686147 
79 2686151 
80 2686153 
81 2686161 
82 2686185 
83 2686186 
84 2686186 
85 2686187 
86 2686188 
87 2686193 
88 2686194 
89 2686211 
90 2686219 
91 2686232 
92 2686232 
93 2686235 
94 2686237 
95 2686253 
96 2686255 
97 2686258 
98 2686258 
99 2686260 
100 2686260 
101 2686264 
102 2686285 
103 2686289 
104 2686300 
105 2686305 
106 2686306 
107 2686308 
108 2686314 
109 2686319 
110 2686328 
111 2686339 
112 2686356 
113 2686360 
114 2686375 
115 2686379 
116 2686383 
117 2686392 
118 2686395 
119 2686401 
120 2686440 
121 2686467 
122 2686470 
123 2686470 
124 2686470 
125 2686476 
126 2686477 
127 2686477 
128 2686477 
129 2686477 
130 2686484 
131 2686509 
132 2686510 
133 2686510 
134 2686510 
135 2686511 
136 2686511 
137 2686514 
138 2686515 
139 2686515 
140 2686515 
141 2686516 
142 2686516 
143 2686516 
144 2686526 
145 2686536 
146 2686536 
147 2686537 
148 2686537 
149 2686537 
150 2686538 
151 2686538 
152 2686538 
153 2686539 
154 2686539 
155 2686539 
156 2686540 
157 2686540 
158 2686540 
159 2686541 
160 2686541 
161 2686541 
162 2686542 
163 2686542 
164 2686542 
165 2686542 
166 2686543 
167 2686543 
168 2686544 
169 2686544 
170 2686545 
171 2686545 
172 2686545 
173 2686545 
174 2686546 
175 2686546 
176 2686546 
177 2686547 
178 2686547 
179 2686547 
180 2686548 
181 2686548 
182 2686548 
183 2686549 
184 2686549 
185 2686549 
186 2686550 
187 2686550 
188 2686550 
189 2686551 
190 2686551 
191 2686552 
192 2686553 
193 2686553 
194 2686553 
195 2686553 
196 2686554 
197 2686554 
198 2686554 
199 2686555 
200 2686555 
201 2686555 
202 2686555 
203 2686556 
204 2686556 
205 2686557 
206 2686557 
207 2686557 
208 2686558 
209 2686558 
210 2686558 
211 2686559 
212 2686564 
213 2686565 
214 2686576 
215 2686576 
216 2686576 
217 2686588 
218 2686588 
219 2686588 
220 2686588 
221 2686589 
222 2686589 
223 2686589 
224 2686605 
225 2686613 
226 2686646 
227 2686647 
228 2686647 
229 2686647 
230 2686648 
231 2686648 
232 2686648 
233 2686648 
234 2686649 
235 2686649 
236 2686653 
237 2686654 
238 2686654 
239 2686654 
240 2686655 
241 2686655 
242 2686662 
243 2686671 
244 2686677 
245 2686711 
246 2686712 
247 2686736 
248 2686736 
249 2686738 
250 2686740 
251 2686740 
252 2686740 
253 2686742 
254 2686742 
255 2686745 
256 2686745 
257 2686746 
258 2686746 
259 2686746 
260 2686747 
261 2686748 
262 2686751 
263 2686753 
264 2686754 
265 2686754 
266 2686754 
267 2686755 
268 2686755 
269 2686758 
270 2686762 
271 2686781 
272 2686790 
273 2686793 
274 2686798 
275 2686804 
276 2686813 
277 2686874 
278 2686881 
279 2686912 
280 2686920 
281 2686936 
282 2686949 
283 2686959 
284 2686983 
285 2687000 
286 2687001 
287 2687012 
288 2687018 
289 2687019 
290 2687021 
291 2687024 
292 2687026 
293 2687028 
294 2687028 
295 2687031 
296 2687044 
297 2687052 
298 2687053 
299 2687056 
300 2687056 
301 2687056 
302 2687057 
303 2687057 
304 2687057 
305 2687058 
306 2687058 
307 2687064 
308 2687064 
309 2687064 
310 2687065 
311 2687065 
312 2687067 
313 2687069 
314 2687070 
315 2687074 
316 2687082 
317 2687091 
318 2687093 
319 2687094 
320 2687098 
321 2687099 
322 2687104 
323 2687107 
324 2687108 
325 2687110 
326 2687114 
327 2687148 
328 2687155 
329 2687168 
330 2687169 
331 2687170 
332 2687171 
333 2687171 
334 2687174 
335 2687175 
336 2687175 
337 2687177 
338 2687181 
339 2687183 
340 2687185 
341 2687186 
342 2687187 
343 2687187 
344 2687188 
345 2687188 
346 2687189 
347 2687189 
348 2687190 
349 2687199 
350 2687199 
351 2687199 
352 2687200 
353 2687200 
354 2687200 
355 2687201 
356 2687201 
357 2687207 
358 2687209 
359 2687212 
360 2687215 
361 2687221 
362 2687234 
363 2687234 
364 2687235 
365 2687239 
366 2687242 
367 2687243 
368 2687244 
369 2687255 
370 2687260 
371 2687267 
372 2687269 
373 2687270 
374 2687271 
375 2687271 
376 2687273 
377 2687275 
378 2687275 
379 2687277 
380 2687285 
381 2687302 
382 2687303 
383 2687303 
384 2687304 
385 2687304 
386 2687305 
387 2687305 
388 2687305 
389 2687306 
390 2687306 
391 2687307 
392 2687307 
393 2687307 
394 2687308 
395 2687308 
396 2687309 
397 2687309 
398 2687309 
399 2687310 
400 2687311 
401 2687311 
402 2687311 
403 2687312 
404 2687313 
405 2687313 
406 2687324 
407 2687325 
408 2687327 
409 2687329 
410 2687336 
411 2687337 
412 2687341 
413 2687343 
414 2687343 
415 2687345 
416 2687347 
417 2687348 
418 2687350 
419 2687352 
420 2687356 
421 2687357 
422 2687357 
423 2687364 
424 2687364 
425 2687364 
426 2687366 
427 2687378 
428 2687381 
429 2687382 
430 2687383 
431 2687385 
432 2687387 
433 2687390 
434 2687393 
435 2687396 
436 2687396 
437 2687396 
438 2687398 
439 2687400 
440 2687425 
441 2687437 
442 2687438 
443 2687438 
444 2687440 
445 2687444 
446 2687446 
447 2687448 
448 2687449 
449 2687452 
450 2687457 
451 2687459 
452 2687460 
453 2687460 
454 2687460 
455 2687461 
456 2687461 
457 2687462 
458 2687462 
459 2687462 
460 2687463 
461 2687463 
462 2687464 
463 2687464 
464 2687470 
465 2687471 
466 2687472 
467 2687472 
468 2687488 
469 2687490 
470 2687492 
471 2687493 
472 2687514 
473 2687516 
474 2687517 
475 2687519 
476 2687520 
477 2687522 
478 2687532 
479 2687533 
480 2687533 
481 2687534 
482 2687535 
483 2687535 
484 2687542 
485 2687542 
486 2687542 
487 2687543 
488 2687543 
489 2687549 
490 2687550 
491 2687553 
492 2687564 
493 2687566 
494 2687566 
495 2687568 
496 2687571 
497 2687580 
498 2687583 
499 2687585 
500 2687592 
501 2687592 
502 2687593 
503 2687596 
504 2687600 
505 2687603 
506 2687603 
507 2687603 
508 2687604 
509 2687604 
510 2687605 
511 2687605 
512 2687608 
513 2687609 
514 2687610 
515 2687613 
516 2687613 
517 2687618 
518 2687618 
519 2687625 
520 2687629 
521 2687635 
522 2687653 
523 2687655 
524 2687657 
525 2687663 
526 2687667 
527 2687668 
528 2687670 
529 2687672 
530 2687683 
531 2687691 
532 2687696 
533 2687700 
534 2687704 
535 2687704 
536 2687709 
537 2687721 
538 2687721 
539 2687722 
540 2687722 
541 2687722 
542 2687723 
543 2687731 
544 2687731 
545 2687732 
546 2687732 
547 2687732 
548 2687733 
549 2687736 
550 2687744 
551 2687748 
552 2687749 
553 2687749 
554 2687749 
555 2687753 
556 2687763 
557 2687763 
558 2687764 
559 2687769 
560 2687769 
561 2687769 
562 2687770 
563 2687770 
564 2687770 
565 2687773 
566 2687775 
567 2687775 
568 2687776 
569 2687776 
570 2687777 
571 2687777 
572 2687777 
573 2687780 
574 2687781 
575 2687781 
576 2687783 
577 2687783 
578 2687788 
579 2687788 
580 2687789 
581 2687790 
582 2687791 
583 2687794 
584 2687801 
585 2687806 
586 2687809 
587 2687809 
588 2687810 
589 2687811 
590 2687816 
591 2687817 
592 2687817 
593 2687819 
594 2687819 
595 2687820 
596 2687821 
597 2687822 
598 2687824 
599 2687824 
600 2687826 
601 2687826 
602 2687855 
603 2687855 
604 2687856 
605 2687856 
606 2687856 
607 2687857 
608 2687857 
609 2687859 
610 2687859 
611 2687859 
612 2687860 
613 2687860 
614 2687860 
615 2687861 
616 2687861 
617 2687861 
618 2687863 
619 2687869 
620 2687883 
621 2687885 
622 2687886 
623 2687890 
624 2687897 
625 2687897 
626 2687898 
627 2687898 
628 2687898 
629 2687899 
630 2687899 
631 2687899 
632 2687900 
633 2687900 
634 2687900 
635 2687901 
636 2687901 
637 2687901 
638 2687901 
639 2687902 
640 2687906 
641 2687907 
642 2687911 
643 2687912 
644 2687915 
645 2687915 
646 2687916 
647 2687916 
648 2687917 
649 2687917 
650 2687917 
651 2687918 
652 2687918 
653 2687918 
654 2687918 
655 2687920 
656 2687920 
657 2687920 
658 2687922 
659 2687924 
660 2687924 
661 2687925 
662 2687936 
663 2687937 
664 2687941 
665 2687945 
666 2687949 
667 2687949 
668 2687950 
669 2687950 
670 2687950 
671 2687951 
672 2687951 
673 2687951 
674 2687951 
675 2687952 
676 2687953 
677 2687954 
678 2687955 
679 2687955 
680 2687956 
681 2687956 
682 2687962 
683 2687963 
684 2687965 
685 2687969 
686 2687971 
687 2687973 
688 2687983 
689 2687986 
690 2688001 
691 2688001 
692 2688001 
693 2688002 
694 2688002 
695 2688002 
696 2688003 
697 2688003 
698 2688003 
699 2688004 
700 2688005 
701 2688010 
702 2688013 
703 2688013 
704 2688023 
705 2688023 
706 2688023 
707 2688024 
708 2688027 
709 2688029 
710 2688036 
711 2688037 
712 2688053 
713 2688053 
714 2688053 
715 2688054 
716 2688054 
717 2688054 
718 2688055 
719 2688055 
720 2688055 
721 2688056 
722 2688056 
723 2688056 
724 2688057 
725 2688057 
726 2688057 
727 2688058 
728 2688058 
729 2688058 
730 2688058 
731 2688059 
732 2688061 
733 2688062 
734 2688062 
735 2688062 
736 2688063 
737 2688063 
738 2688063 
739 2688064 
740 2688064 
741 2688064 
742 2688065 
743 2688065 
744 2688065 
745 2688066 
746 2688066 
747 2688066 
748 2688067 
749 2688067 
750 2688067 
751 2688068 
752 2688068 
753 2688068 
754 2688069 
755 2688069 
756 2688070 
757 2688103 
758 2688104 
759 2688107 
760 2688109 
761 2688114 
762 2688118 
763 2688119 
764 2688119 
765 2688119 
766 2688120 
767 2688120 
768 2688120 
769 2688121 
770 2688121 
771 2688121 
772 2688122 
773 2688122 
774 2688123 
775 2688123 
776 2688123 
777 2688124 
778 2688124 
779 2688125 
780 2688125 
781 2688125 
782 2688126 
783 2688126 
784 2688126 
785 2688127 
786 2688127 
787 2688127 
788 2688128 
789 2688128 
790 2688128 
791 2688129 
792 2688129 
793 2688129 
794 2688130 
795 2688130 
796 2688136 
797 2688136 
798 2688136 
799 2688137 
800 2688137 
801 2688137 
802 2688138 
803 2688138 
804 2688138 
805 2688139 
806 2688139 
807 2688139 
808 2688142 
809 2688142 
810 2688143 
811 2688143 
812 2688143 
813 2688143 
814 2688144 
815 2688144 
816 2688144 
817 2688145 
818 2688145 
819 2688145 
820 2688146 
821 2688146 
822 2688146 
823 2688147 
824 2688147 
825 2688147 
826 2688148 
827 2688148 
828 2688148 
829 2688148 
830 2688149 
831 2688149 
832 2688149 
833 2688150 
834 2688150 
835 2688150 
836 2688151 
837 2688151 
838 2688152 
839 2688152 
840 2688152 
841 2688156 
842 2688156 
843 2688157 
844 2688157 
845 2688157 
846 2688158 
847 2688158 
848 2688163 
849 2688164 
850 2688168 
851 2688169 
852 2688169 
853 2688169 
854 2688170 
855 2688170 
856 2688172 
857 2688173 
858 2688173 
859 2688174 
860 2688174 
861 2688174 
862 2688175 
863 2688183 
864 2688192 
865 2688193 
866 2688194 
867 2688195 
868 2688196 
869 2688196 
870 2688196 
871 2688197 
872 2688197 
873 2688197 
874 2688198 
875 2688198 
876 2688199 
877 2688199 
878 2688199 
879 2688202 
880 2688202 
881 2688203 
882 2688203 
883 2688203 
884 2688203 
885 2688204 
886 2688204 
887 2688204 
888 2688205 
889 2688205 
890 2688206 
891 2688206 
892 2688207 
893 2688208 
894 2688209 
895 2688211 
896 2688213 
897 2688213 
898 2688213 
899 2688213 
900 2688219 
901 2688223 
902 2688223 
903 2688224 
904 2688224 
905 2688226 
906 2688230 
907 2688231 
908 2688233 
909 2688242 
910 2688246 
911 2688252 
912 2688253 
913 2688253 
914 2688254 
915 2688261 
916 2688263 
917 2688264 
918 2688266 
919 2688267 
920 2688269 
921 2688272 
922 2688272 
923 2688273 
924 2688274 
925 2688274 
926 2688276 
927 2688280 
928 2688282 
929 2688284 
930 2688284 
931 2688285 
932 2688286 
933 2688289 
934 2688290 
935 2688292 
936 2688292 
937 2688295 
938 2688297 
939 2688299 
940 2688300 
941 2688303 
942 2688305 
943 2688305 
944 2688305 
945 2688305 
946 2688307 
947 2688307 
948 2688307 
949 2688308 
950 2688308 
951 2688312 
952 2688314 
953 2688314 
954 2688316 
955 2688321 
956 2688326 
957 2688328 
958 2688330 
959 2688332 
960 2688335 
961 2688336 
962 2688340 
963 2688340 
964 2688345 
965 2688347 
966 2688349 
967 2688351 
968 2688357 
969 2688359 
970 2688361 
971 2688362 
972 2688369 
973 2688371 
974 2688373 
975 2688378 
976 2688380 
977 2688382 
978 2688391 
979 2688392 
980 2688392 
981 2688393 
982 2688398 
983 2688401 
984 2688403 
985 2688415 
986 2688417 
987 2688418 
988 2688419 
989 2688423 
990 2688440 
991 2688445 
992 2688446 
993 2688453 
994 2688467 
995 2688475 
996 2688476 
997 2688480 
998 2688481 
999 2688481 
1000 2688484 
1001 2688488 
1002 2688490 
1003 2688492 
1004 2688493 
1005 2688496 
1006 2688497 
1007 2688497 
1008 2688501 
1009 2688506 
1010 2688507 
1011 2688507 
1012 2688507 
1013 2688507 
1014 2688508 
1015 2688509 
1016 2688511 
1017 2688521 
1018 2688521 
1019 2688523 
1020 2688525 
1021 2688541 
1022 2688541 
1023 2688541 
1024 2688542 
1025 2688544 
1026 2688546 
1027 2688548 
1028 2688551 
1029 2688561 
1030 2688561 
1031 2688571 
1032 2688572 
1033 2688578 
1034 2688600 
1035 2688601 
1036 2688601 
1037 2688601 
1038 2688602 
1039 2688604 
1040 2688623 
1041 2688631 
1042 2688647 
1043 2688661 
1044 2688665 
1045 2688678 
1046 2688679 
1047 2688679 
1048 2688684 
1049 2688687 
1050 2688687 
1051 2688688 
1052 2688690 
1053 2688694 
1054 2688699 
1055 2688703 
1056 2688703 
1057 2688703 
1058 2688704 
1059 2688713 
1060 2688715 
1061 2688718 
1062 2688719 
1063 2688720 
1064 2688725 
1065 2688729 
1066 2688732 
1067 2688737 
1068 2688739 
1069 2688741 
1070 2688743 
1071 2688745 
1072 2688750 
1073 2688754 
1074 2688756 
1075 2688756 
1076 2688757 
1077 2688758 
1078 2688760 
1079 2688762 
1080 2688764 
1081 2688766 
1082 2688766 
1083 2688769 
1084 2688774 
1085 2688774 
1086 2688775 
1087 2688776 
1088 2688776 
1089 2688777 
1090 2688777 
1091 2688777 
1092 2688779 
1093 2688780 
1094 2688780 
1095 2688780 
1096 2688781 
1097 2688784 
1098 2688787 
1099 2688794 
1100 2688795 
1101 2688797 
1102 2688798 
1103 2688798 
1104 2688798 
1105 2688799 
1106 2688799 
1107 2688800 
1108 2688801 
1109 2688801 
1110 2688801 
1111 2688802 
1112 2688802 
1113 2688802 
1114 2688813 
1115 2688814 
1116 2688814 
1117 2688814 
1118 2688814 
1119 2688815 
1120 2688815 
1121 2688816 
1122 2688816 
1123 2688816 
1124 2688817 
1125 2688817 
1126 2688818 
1127 2688819 
1128 2688819 
1129 2688820 
1130 2688820 
1131 2688821 
1132 2688824 
1133 2688825 
1134 2688825 
1135 2688825 
1136 2688826 
1137 2688826 
1138 2688829 
1139 2688829 
1140 2688831 
1141 2688831 
1142 2688832 
1143 2688832 
1144 2688832 
1145 2688832 
1146 2688833 
1147 2688833 
1148 2688833 
1149 2688833 
1150 2688834 
1151 2688834 
1152 2688835 
1153 2688838 
1154 2688838 
1155 2688839 
1156 2688841 
1157 2688844 
1158 2688848 
1159 2688849 
1160 2688851 
1161 2688851 
1162 2688852 
1163 2688852 
1164 2688853 
1165 2688855 
1166 2688856 
1167 2688856 
1168 2688856 
1169 2688865 
1170 2688866 
1171 2688868 
1172 2688868 
1173 2688869 
1174 2688869 
1175 2688870 
1176 2688870 
1177 2688870 
1178 2688871 
1179 2688871 
1180 2688872 
1181 2688872 
1182 2688872 
1183 2688872 
1184 2688873 
1185 2688873 
1186 2688873 
1187 2688874 
1188 2688874 
1189 2688874 
1190 2688876 
1191 2688878 
1192 2688878 
1193 2688879 
1194 2688881 
1195 2688881 
1196 2688881 
1197 2688882 
1198 2688883 
1199 2688883 
1200 2688883 
1201 2688883 
1202 2688884 
1203 2688884 
1204 2688884 
1205 2688885 
1206 2688885 
1207 2688886 
1208 2688898 
1209 2688900 
1210 2688901 
1211 2688902 
1212 2688906 
1213 2688906 
1214 2688906 
1215 2688907 
1216 2688907 
1217 2688911 
1218 2688912 
1219 2688912 
1220 2688914 
1221 2688917 
1222 2688922 
1223 2688922 
1224 2688922 
1225 2688923 
1226 2688923 
1227 2688924 
1228 2688924 
1229 2688924 
1230 2688926 
1231 2688927 
1232 2688930 
1233 2688931 
1234 2688936 
1235 2688940 
1236 2688941 
1237 2688943 
1238 2688947 
1239 2688949 
1240 2688949 
1241 2688960 
1242 2688984 
1243 2688985 
1244 2688986 
1245 2688986 
1246 2688986 
1247 2688987 
1248 2688987 
1249 2688990 
1250 2688995 
1251 2689001 
1252 2689002 
1253 2689005 
1254 2689016 
1255 2689016 
1256 2689022 
1257 2689023 
1258 2689023 
1259 2689024 
1260 2689024 
1261 2689024 
1262 2689025 
1263 2689025 
1264 2689025 
1265 2689025 
1266 2689026 
1267 2689026 
1268 2689026 
1269 2689028 
1270 2689028 
1271 2689029 
1272 2689029 
1273 2689029 
1274 2689029 
1275 2689030 
1276 2689030 
1277 2689030 
1278 2689031 
1279 2689031 
1280 2689031 
1281 2689032 
1282 2689032 
1283 2689032 
1284 2689033 
1285 2689033 
1286 2689033 
1287 2689033 
1288 2689034 
1289 2689034 
1290 2689034 
1291 2689035 
1292 2689035 
1293 2689035 
1294 2689036 
1295 2689036 
1296 2689036 
1297 2689037 
1298 2689037 
1299 2689038 
1300 2689038 
1301 2689038 
1302 2689039 
1303 2689039 
1304 2689039 
1305 2689040 
1306 2689040 
1307 2689040 
1308 2689041 
1309 2689041 
1310 2689041 
1311 2689042 
1312 2689042 
1313 2689043 
1314 2689043 
1315 2689043 
1316 2689043 
1317 2689044 
1318 2689044 
1319 2689044 
1320 2689044 
1321 2689045 
1322 2689045 
1323 2689045 
1324 2689045 
1325 2689048 
1326 2689048 
1327 2689048 
1328 2689049 
1329 2689049 
1330 2689049 
1331 2689049 
1332 2689055 
1333 2689055 
1334 2689055 
1335 2689056 
1336 2689056 
1337 2689056 
1338 2689057 
1339 2689057 
1340 2689057 
1341 2689058 
1342 2689058 
1343 2689058 
1344 2689059 
1345 2689059 
1346 2689059 
1347 2689059 
1348 2689060 
1349 2689060 
1350 2689061 
1351 2689061 
1352 2689061 
1353 2689062 
1354 2689062 
1355 2689062 
1356 2689063 
1357 2689063 
1358 2689063 
1359 2689063 
1360 2689064 
1361 2689064 
1362 2689065 
1363 2689066 
1364 2689066 
1365 2689066 
1366 2689066 
1367 2689067 
1368 2689067 
1369 2689067 
1370 2689068 
1371 2689068 
1372 2689068 
1373 2689069 
1374 2689069 
1375 2689069 
1376 2689070 
1377 2689070 
1378 2689070 
1379 2689071 
1380 2689071 
1381 2689071 
1382 2689072 
1383 2689072 
1384 2689072 
1385 2689073 
1386 2689073 
1387 2689073 
1388 2689074 
1389 2689074 
1390 2689074 
1391 2689075 
1392 2689075 
1393 2689075 
1394 2689076 
1395 2689076 
1396 2689076 
1397 2689077 
1398 2689077 
1399 2689077 
1400 2689077 
1401 2689078 
1402 2689078 
1403 2689078 
1404 2689079 
1405 2689079 
1406 2689079 
1407 2689080 
1408 2689080 
1409 2689080 
1410 2689081 
1411 2689081 
1412 2689081 
1413 2689082 
1414 2689082 
1415 2689082 
1416 2689082 
1417 2689083 
1418 2689083 
1419 2689083 
1420 2689083 
1421 2689084 
1422 2689084 
1423 2689084 
1424 2689085 
1425 2689085 
1426 2689085 
1427 2689085 
1428 2689086 
1429 2689086 
1430 2689086 
1431 2689086 
1432 2689087 
1433 2689087 
1434 2689087 
1435 2689087 
1436 2689087 
1437 2689088 
1438 2689088 
1439 2689088 
1440 2689089 
1441 2689089 
1442 2689089 
1443 2689090 
1444 2689090 
1445 2689090 
1446 2689091 
1447 2689091 
1448 2689091 
1449 2689091 
1450 2689092 
1451 2689092 
1452 2689092 
1453 2689093 
1454 2689093 
1455 2689093 
1456 2689094 
1457 2689094 
1458 2689094 
1459 2689095 
1460 2689096 
1461 2689096 
1462 2689097 
1463 2689097 
1464 2689097 
1465 2689098 
1466 2689098 
1467 2689098 
1468 2689098 
1469 2689100 
1470 2689103 
1471 2689105 
1472 2689105 
1473 2689105 
1474 2689106 
1475 2689106 
1476 2689107 
1477 2689107 
1478 2689108 
1479 2689108 
1480 2689109 
1481 2689109 
1482 2689109 
1483 2689110 
1484 2689111 
1485 2689112 
1486 2689112 
1487 2689112 
1488 2689113 
1489 2689113 
1490 2689113 
1491 2689113 
1492 2689114 
1493 2689114 
1494 2689114 
1495 2689115 
1496 2689115 
1497 2689115 
1498 2689116 
1499 2689116 
1500 2689116 
1501 2689116 
1502 2689117 
1503 2689117 
1504 2689117 
1505 2689117 
1506 2689118 
1507 2689119 
1508 2689119 
1509 2689121 
1510 2689121 
1511 2689121 
1512 2689121 
1513 2689122 
1514 2689122 
1515 2689122 
1516 2689122 
1517 2689123 
1518 2689124 
1519 2689124 
1520 2689124 
1521 2689125 
1522 2689126 
1523 2689126 
1524 2689127 
1525 2689127 
1526 2689129 
1527 2689130 
1528 2689130 
1529 2689131 
1530 2689136 
1531 2689136 
1532 2689139 
1533 2689139 
1534 2689140 
1535 2689140 
1536 2689140 
1537 2689141 
1538 2689141 
1539 2689141 
1540 2689141 
1541 2689142 
1542 2689142 
1543 2689142 
1544 2689143 
1545 2689143 
1546 2689145 
1547 2689147 
1548 2689147 
1549 2689147 
1550 2689150 
1551 2689153 
1552 2689159 
1553 2689159 
1554 2689162 
1555 2689166 
1556 2689166 
1557 2689166 
1558 2689169 
1559 2689169 
1560 2689169 
1561 2689170 
1562 2689170 
1563 2689170 
1564 2689171 
1565 2689174 
1566 2689176 
1567 2689176 
1568 2689178 
1569 2689179 
1570 2689182 
1571 2689183 
1572 2689185 
1573 2689186 
1574 2689188 
1575 2689189 
1576 2689189 
1577 2689196 
1578 2689196 
1579 2689198 
1580 2689199 
