1 2930401 
2 2930420 
3 2930422 
4 2930424 
5 2930439 
6 2930442 
7 2930444 
8 2930446 
9 2930446 
10 2930446 
11 2930446 
12 2930447 
13 2930447 
14 2930447 
15 2930448 
16 2930448 
17 2930449 
18 2930450 
19 2930455 
20 2930455 
21 2930462 
22 2930464 
23 2930465 
24 2930468 
25 2930471 
26 2930472 
27 2930477 
28 2930479 
29 2930483 
30 2930487 
31 2930489 
32 2930494 
33 2930495 
34 2930495 
35 2930496 
36 2930496 
37 2930499 
38 2930499 
39 2930500 
40 2930500 
41 2930507 
42 2930507 
43 2930515 
44 2930516 
45 2930517 
46 2930517 
47 2930518 
48 2930518 
49 2930518 
50 2930519 
51 2930519 
52 2930520 
53 2930520 
54 2930522 
55 2930522 
56 2930524 
57 2930528 
58 2930536 
59 2930539 
60 2930547 
61 2930547 
62 2930557 
63 2930557 
64 2930560 
65 2930560 
66 2930560 
67 2930561 
68 2930562 
69 2930563 
70 2930563 
71 2930564 
72 2930564 
73 2930564 
74 2930583 
75 2930584 
76 2930584 
77 2930584 
78 2930585 
79 2930585 
80 2930592 
81 2930600 
82 2930600 
83 2930607 
84 2930608 
85 2930608 
86 2930608 
87 2930608 
88 2930617 
89 2930617 
90 2930618 
91 2930618 
92 2930618 
93 2930619 
94 2930619 
95 2930620 
96 2930620 
97 2930628 
98 2930633 
99 2930635 
100 2930635 
101 2930636 
102 2930636 
103 2930658 
104 2930659 
105 2930659 
106 2930660 
107 2930660 
108 2930660 
109 2930665 
110 2930665 
111 2930666 
112 2930666 
113 2930668 
114 2930672 
115 2930672 
116 2930673 
117 2930673 
118 2930673 
119 2930674 
120 2930674 
121 2930674 
122 2930675 
123 2930677 
124 2930677 
125 2930678 
126 2930678 
127 2930679 
128 2930679 
129 2930681 
130 2930683 
131 2930683 
132 2930684 
133 2930684 
134 2930685 
135 2930686 
136 2930686 
137 2930686 
138 2930687 
139 2930687 
140 2930687 
141 2930687 
142 2930691 
143 2930692 
144 2930693 
145 2930694 
146 2930695 
147 2930695 
148 2930695 
149 2930696 
150 2930696 
151 2930696 
152 2930696 
153 2930698 
154 2930698 
155 2930698 
156 2930699 
157 2930703 
158 2930705 
159 2930705 
160 2930706 
161 2930706 
162 2930706 
163 2930708 
164 2930711 
165 2930712 
166 2930718 
167 2930719 
168 2930719 
169 2930719 
170 2930720 
171 2930722 
172 2930722 
173 2930723 
174 2930723 
175 2930724 
176 2930724 
177 2930724 
178 2930724 
179 2930725 
180 2930725 
181 2930725 
182 2930726 
183 2930726 
184 2930726 
185 2930727 
186 2930727 
187 2930728 
188 2930730 
189 2930733 
190 2930733 
191 2930736 
192 2930738 
193 2930740 
194 2930740 
195 2930743 
196 2930749 
197 2930755 
198 2930756 
199 2930788 
200 2930798 
201 2930823 
202 2930828 
203 2930829 
204 2930829 
205 2930830 
206 2930833 
207 2930837 
208 2930837 
209 2930838 
210 2930838 
211 2930838 
212 2930839 
213 2930839 
214 2930840 
215 2930840 
216 2930840 
217 2930841 
218 2930841 
219 2930841 
220 2930842 
221 2930842 
222 2930842 
223 2930843 
224 2930843 
225 2930843 
226 2930849 
227 2930859 
228 2930861 
229 2930862 
230 2930863 
231 2930863 
232 2930879 
233 2930890 
234 2930897 
235 2930907 
236 2930910 
237 2930914 
238 2930914 
239 2930914 
240 2930916 
241 2930916 
242 2930916 
243 2930917 
244 2930917 
245 2930918 
246 2930919 
247 2930921 
248 2930926 
249 2930929 
250 2930930 
251 2930930 
252 2930930 
253 2930931 
254 2930931 
255 2930932 
256 2930932 
257 2930932 
258 2930933 
259 2930933 
260 2930933 
261 2930934 
262 2930934 
263 2930934 
264 2930935 
265 2930936 
266 2930936 
267 2930936 
268 2930937 
269 2930937 
270 2930937 
271 2930938 
272 2930938 
273 2930938 
274 2930939 
275 2930939 
276 2930939 
277 2930939 
278 2930940 
279 2930940 
280 2930940 
281 2930945 
282 2930947 
283 2930948 
284 2930949 
285 2930949 
286 2930953 
287 2930954 
288 2930955 
289 2930956 
290 2930956 
291 2930956 
292 2930957 
293 2930957 
294 2930957 
295 2930958 
296 2930958 
297 2930981 
298 2930981 
299 2930982 
300 2930982 
301 2930982 
302 2930983 
303 2930983 
304 2930983 
305 2930984 
306 2930984 
307 2930984 
308 2930985 
309 2930985 
310 2930985 
311 2930986 
312 2930986 
313 2930987 
314 2930987 
315 2930987 
316 2930987 
317 2930988 
318 2930988 
319 2930988 
320 2930989 
321 2930989 
322 2930992 
323 2931004 
324 2931012 
325 2931017 
326 2931017 
327 2931022 
328 2931027 
329 2931054 
330 2931057 
331 2931058 
332 2931059 
333 2931060 
334 2931060 
335 2931065 
336 2931066 
337 2931067 
338 2931068 
339 2931068 
340 2931069 
341 2931069 
342 2931069 
343 2931070 
344 2931070 
345 2931071 
346 2931071 
347 2931072 
348 2931072 
349 2931072 
350 2931073 
351 2931073 
352 2931074 
353 2931074 
354 2931074 
355 2931076 
356 2931079 
357 2931079 
358 2931080 
359 2931080 
360 2931080 
361 2931081 
362 2931084 
363 2931084 
364 2931086 
365 2931090 
366 2931090 
367 2931091 
368 2931091 
369 2931092 
370 2931094 
371 2931119 
372 2931127 
373 2931137 
374 2931142 
375 2931148 
376 2931156 
377 2931188 
378 2931205 
379 2931205 
380 2931205 
381 2931222 
382 2931223 
383 2931224 
384 2931273 
385 2931273 
386 2931274 
387 2931279 
388 2931279 
389 2931280 
390 2931280 
391 2931281 
392 2931308 
393 2931359 
394 2931363 
395 2931370 
396 2931370 
397 2931401 
398 2931401 
399 2931427 
400 2931434 
401 2931438 
402 2931439 
403 2931455 
404 2931455 
405 2931457 
406 2931458 
407 2931458 
408 2931458 
409 2931459 
410 2931459 
411 2931460 
412 2931460 
413 2931460 
414 2931461 
415 2931466 
416 2931466 
417 2931467 
418 2931469 
419 2931469 
420 2931469 
421 2931470 
422 2931470 
423 2931472 
424 2931473 
425 2931495 
426 2931495 
427 2931496 
428 2931496 
429 2931497 
430 2931497 
431 2931498 
432 2931498 
433 2931498 
434 2931501 
435 2931507 
436 2931508 
437 2931537 
438 2931561 
439 2931568 
440 2931576 
441 2931576 
442 2931577 
443 2931577 
444 2931578 
445 2931578 
446 2931578 
447 2931579 
448 2931579 
449 2931579 
450 2931580 
451 2931580 
452 2931580 
453 2931581 
454 2931587 
455 2931589 
456 2931608 
457 2931611 
458 2931612 
459 2931616 
460 2931616 
461 2931619 
462 2931623 
463 2931637 
464 2931638 
465 2931644 
466 2931656 
467 2931657 
468 2931659 
469 2931662 
470 2931663 
471 2931663 
472 2931665 
473 2931670 
474 2931723 
475 2931725 
476 2931725 
477 2931804 
478 2931809 
479 2931811 
480 2931830 
481 2931831 
482 2931841 
483 2931872 
484 2931975 
485 2931979 
486 2931981 
487 2932032 
488 2932037 
489 2932056 
490 2932056 
491 2932056 
492 2932057 
493 2932057 
494 2932057 
495 2932058 
496 2932058 
497 2932058 
498 2932059 
499 2932059 
500 2932059 
501 2932060 
502 2932060 
503 2932061 
504 2932078 
505 2932109 
506 2932114 
507 2932116 
508 2932116 
509 2932127 
510 2932127 
511 2932130 
512 2932131 
513 2932133 
514 2932142 
515 2932149 
516 2932219 
517 2932236 
518 2932237 
519 2932238 
520 2932239 
521 2932258 
522 2932259 
523 2932264 
524 2932265 
525 2932266 
526 2932358 
527 2932386 
528 2932408 
529 2932408 
530 2932433 
531 2932433 
532 2932434 
533 2932434 
534 2932434 
535 2932435 
536 2932456 
537 2932465 
538 2932466 
539 2932470 
540 2932497 
541 2932501 
542 2932508 
543 2932508 
544 2932508 
545 2932510 
546 2932515 
547 2932590 
548 2932709 
549 2932710 
550 2932710 
551 2932710 
552 2932748 
553 2932750 
554 2932755 
555 2932757 
556 2932767 
557 2932785 
558 2932787 
559 2932789 
560 2932790 
561 2932791 
562 2932801 
563 2932807 
564 2932820 
565 2932830 
566 2932831 
567 2932837 
568 2932838 
569 2932838 
570 2932838 
571 2932839 
572 2932839 
573 2932839 
574 2932840 
575 2932852 
576 2932852 
577 2932857 
578 2932859 
579 2932861 
580 2932864 
581 2932870 
582 2932870 
583 2932878 
584 2932878 
585 2932882 
586 2932896 
587 2932898 
588 2932900 
589 2932903 
590 2932940 
591 2932952 
592 2932960 
593 2932960 
594 2932963 
595 2932963 
596 2932968 
597 2933015 
598 2933015 
599 2933029 
600 2933033 
601 2933034 
602 2933034 
603 2933039 
604 2933040 
605 2933042 
606 2933047 
607 2933064 
608 2933064 
609 2933064 
610 2933065 
611 2933066 
612 2933066 
613 2933066 
614 2933075 
615 2933076 
616 2933115 
617 2933124 
618 2933124 
619 2933125 
620 2933125 
621 2933126 
622 2933126 
623 2933127 
624 2933127 
625 2933139 
626 2933139 
627 2933147 
628 2933147 
629 2933152 
630 2933176 
631 2933180 
632 2933187 
633 2933188 
634 2933188 
635 2933189 
636 2933189 
637 2933190 
638 2933190 
639 2933191 
640 2933194 
641 2933195 
642 2933195 
643 2933196 
644 2933196 
645 2933197 
646 2933197 
647 2933198 
648 2933198 
649 2933198 
650 2933199 
651 2933199 
652 2933199 
653 2933220 
654 2933220 
655 2933224 
656 2933235 
657 2933247 
658 2933251 
659 2933262 
660 2933263 
661 2933264 
662 2933270 
663 2933270 
664 2933276 
665 2933281 
666 2933286 
667 2933293 
668 2933302 
669 2933302 
670 2933302 
671 2933303 
672 2933303 
673 2933309 
674 2933312 
675 2933325 
676 2933328 
677 2933329 
678 2933332 
679 2933337 
680 2933349 
681 2933349 
682 2933349 
683 2933350 
684 2933350 
685 2933353 
686 2933354 
687 2933362 
688 2933377 
689 2933378 
690 2933389 
691 2933396 
692 2933400 
693 2933400 
694 2933403 
695 2933404 
696 2933406 
697 2933412 
698 2933415 
699 2933418 
700 2933418 
701 2933432 
702 2933464 
703 2933465 
704 2933465 
705 2933465 
706 2933466 
707 2933466 
708 2933466 
709 2933467 
710 2933467 
711 2933467 
712 2933468 
713 2933470 
714 2933471 
715 2933544 
716 2933550 
717 2933555 
718 2933555 
719 2933556 
720 2933556 
721 2933571 
722 2933573 
723 2933577 
724 2933584 
725 2933584 
726 2933585 
727 2933585 
728 2933585 
729 2933590 
730 2933593 
731 2933604 
732 2933605 
733 2933610 
734 2933621 
735 2933662 
736 2933668 
737 2933669 
738 2933669 
739 2933669 
740 2933670 
741 2933678 
742 2933683 
743 2933684 
744 2933721 
745 2933722 
746 2933723 
747 2933730 
748 2933731 
749 2933731 
750 2933731 
751 2933743 
752 2933745 
753 2933754 
754 2933755 
755 2933757 
756 2933763 
757 2933766 
758 2933766 
759 2933773 
760 2933787 
761 2933788 
762 2933788 
763 2933788 
764 2933793 
765 2933797 
766 2933815 
767 2933825 
768 2933825 
769 2933826 
