1 2412001 
2 2412001 
3 2412004 
4 2412004 
5 2412008 
6 2412009 
7 2412011 
8 2412012 
9 2412012 
10 2412013 
11 2412013 
12 2412014 
13 2412014 
14 2412014 
15 2412023 
16 2412024 
17 2412024 
18 2412028 
19 2412039 
20 2412040 
21 2412041 
22 2412041 
23 2412041 
24 2412042 
25 2412043 
26 2412048 
27 2412053 
28 2412053 
29 2412054 
30 2412054 
31 2412054 
32 2412055 
33 2412055 
34 2412058 
35 2412060 
36 2412060 
37 2412064 
38 2412066 
39 2412066 
40 2412070 
41 2412071 
42 2412072 
43 2412075 
44 2412076 
45 2412086 
46 2412088 
47 2412089 
48 2412093 
49 2412095 
50 2412099 
51 2412099 
52 2412100 
53 2412100 
54 2412100 
55 2412101 
56 2412101 
57 2412102 
58 2412102 
59 2412103 
60 2412103 
61 2412104 
62 2412104 
63 2412105 
64 2412107 
65 2412109 
66 2412111 
67 2412111 
68 2412114 
69 2412114 
70 2412114 
71 2412120 
72 2412120 
73 2412128 
74 2412134 
75 2412136 
76 2412147 
77 2412148 
78 2412150 
79 2412151 
80 2412151 
81 2412156 
82 2412159 
83 2412160 
84 2412160 
85 2412163 
86 2412163 
87 2412163 
88 2412164 
89 2412164 
90 2412167 
91 2412175 
92 2412176 
93 2412176 
94 2412189 
95 2412193 
96 2412203 
97 2412203 
98 2412211 
99 2412211 
100 2412211 
101 2412212 
102 2412213 
103 2412214 
104 2412214 
105 2412215 
106 2412227 
107 2412230 
108 2412245 
109 2412249 
110 2412250 
111 2412252 
112 2412252 
113 2412261 
114 2412264 
115 2412271 
116 2412271 
117 2412272 
118 2412272 
119 2412272 
120 2412273 
121 2412273 
122 2412273 
123 2412274 
124 2412275 
125 2412276 
126 2412276 
127 2412277 
128 2412277 
129 2412278 
130 2412279 
131 2412279 
132 2412280 
133 2412286 
134 2412290 
135 2412302 
136 2412302 
137 2412306 
138 2412306 
139 2412307 
140 2412307 
141 2412307 
142 2412320 
143 2412321 
144 2412327 
145 2412340 
146 2412359 
147 2412372 
148 2412383 
149 2412384 
150 2412386 
151 2412386 
152 2412392 
153 2412392 
154 2412393 
155 2412394 
156 2412400 
157 2412448 
158 2412463 
159 2412463 
160 2412469 
161 2412471 
162 2412471 
163 2412474 
164 2412483 
165 2412487 
166 2412487 
167 2412488 
168 2412488 
169 2412491 
170 2412495 
171 2412495 
172 2412500 
173 2412501 
174 2412556 
175 2412556 
176 2412560 
177 2412560 
178 2412563 
179 2412607 
180 2412612 
181 2412614 
182 2412629 
183 2412635 
184 2412647 
185 2412665 
186 2412666 
187 2412666 
188 2412667 
189 2412672 
190 2412672 
191 2412672 
192 2412673 
193 2412703 
194 2412711 
195 2412728 
196 2412736 
197 2412742 
198 2412742 
199 2412743 
200 2412743 
201 2412743 
202 2412744 
203 2412744 
204 2412744 
205 2412744 
206 2412745 
207 2412745 
208 2412746 
209 2412746 
210 2412768 
211 2412813 
212 2412815 
213 2412816 
214 2412816 
215 2412817 
216 2412817 
217 2412817 
218 2412818 
219 2412818 
220 2412819 
221 2412820 
222 2412820 
223 2412820 
224 2412821 
225 2412821 
226 2412825 
227 2412826 
228 2412826 
229 2412826 
230 2412827 
231 2412827 
232 2412827 
233 2412827 
234 2412832 
235 2412832 
236 2412833 
237 2412846 
238 2412847 
239 2412848 
240 2412849 
241 2412851 
242 2412851 
243 2412851 
244 2412853 
245 2412853 
246 2412856 
247 2412856 
248 2412858 
249 2412862 
250 2412871 
251 2412871 
252 2412877 
253 2412880 
254 2412892 
255 2412896 
256 2412897 
257 2412901 
258 2412903 
259 2412909 
260 2412909 
261 2412909 
262 2412911 
263 2412913 
264 2412913 
265 2412913 
266 2412914 
267 2412914 
268 2412917 
269 2412918 
270 2412919 
271 2412923 
272 2412927 
273 2412927 
274 2412929 
275 2412934 
276 2412934 
277 2412935 
278 2412935 
279 2412935 
280 2412939 
281 2412943 
282 2412948 
283 2412948 
284 2412949 
285 2412952 
286 2412952 
287 2412954 
288 2412955 
289 2412955 
290 2412956 
291 2412958 
292 2412958 
293 2412964 
294 2412965 
295 2412965 
296 2412965 
297 2412966 
298 2412966 
299 2412966 
300 2412967 
301 2412967 
302 2412970 
303 2412970 
304 2412975 
305 2412975 
306 2412975 
307 2412976 
308 2412976 
309 2412977 
310 2412979 
311 2412986 
312 2412991 
313 2412991 
314 2412992 
315 2412992 
316 2412992 
317 2412993 
318 2412993 
319 2412994 
320 2412994 
321 2412995 
322 2412996 
323 2412996 
324 2412997 
325 2413000 
326 2413004 
327 2413010 
328 2413014 
329 2413014 
330 2413015 
331 2413017 
332 2413018 
333 2413024 
334 2413025 
335 2413025 
336 2413026 
337 2413026 
338 2413026 
339 2413027 
340 2413027 
341 2413027 
342 2413027 
343 2413028 
344 2413028 
345 2413028 
346 2413028 
347 2413029 
348 2413029 
349 2413029 
350 2413030 
351 2413030 
352 2413030 
353 2413031 
354 2413031 
355 2413031 
356 2413032 
357 2413038 
358 2413073 
359 2413076 
360 2413098 
361 2413106 
362 2413107 
363 2413110 
364 2413114 
365 2413120 
366 2413120 
367 2413120 
368 2413121 
369 2413121 
370 2413125 
371 2413134 
372 2413140 
373 2413148 
374 2413155 
375 2413156 
376 2413156 
377 2413157 
378 2413157 
379 2413157 
380 2413158 
381 2413158 
382 2413158 
383 2413159 
384 2413159 
385 2413159 
386 2413160 
387 2413160 
388 2413160 
389 2413161 
390 2413161 
391 2413161 
392 2413162 
393 2413162 
394 2413163 
395 2413168 
396 2413168 
397 2413168 
398 2413169 
399 2413169 
400 2413169 
401 2413170 
402 2413170 
403 2413170 
404 2413171 
405 2413171 
406 2413171 
407 2413177 
408 2413181 
409 2413217 
410 2413222 
411 2413223 
412 2413224 
413 2413225 
414 2413225 
415 2413225 
416 2413226 
417 2413226 
418 2413226 
419 2413227 
420 2413227 
421 2413228 
422 2413228 
423 2413228 
424 2413229 
425 2413229 
426 2413229 
427 2413245 
428 2413250 
429 2413250 
430 2413250 
431 2413266 
432 2413269 
433 2413269 
434 2413269 
435 2413270 
436 2413270 
437 2413270 
438 2413270 
439 2413271 
440 2413271 
441 2413272 
442 2413272 
443 2413272 
444 2413273 
445 2413273 
446 2413273 
447 2413292 
448 2413293 
449 2413296 
450 2413297 
451 2413300 
452 2413303 
453 2413304 
454 2413305 
455 2413305 
456 2413305 
457 2413308 
458 2413313 
459 2413319 
460 2413319 
461 2413328 
462 2413328 
463 2413332 
464 2413334 
465 2413334 
466 2413339 
467 2413341 
468 2413344 
469 2413344 
470 2413344 
471 2413345 
472 2413356 
473 2413358 
474 2413358 
475 2413362 
476 2413362 
477 2413367 
478 2413368 
479 2413369 
480 2413376 
481 2413377 
482 2413388 
483 2413399 
484 2413403 
485 2413405 
486 2413424 
487 2413424 
488 2413428 
489 2413430 
490 2413438 
491 2413439 
492 2413450 
493 2413462 
494 2413491 
495 2413494 
496 2413499 
497 2413502 
498 2413510 
499 2413520 
500 2413525 
501 2413535 
502 2413538 
503 2413543 
504 2413545 
505 2413546 
506 2413548 
507 2413557 
508 2413557 
509 2413558 
510 2413558 
511 2413558 
512 2413559 
513 2413559 
514 2413581 
515 2413582 
516 2413588 
517 2413589 
518 2413598 
519 2413603 
520 2413604 
521 2413614 
522 2413619 
523 2413622 
524 2413622 
525 2413622 
526 2413623 
527 2413629 
528 2413637 
529 2413637 
530 2413638 
531 2413638 
532 2413641 
533 2413641 
534 2413642 
535 2413645 
536 2413650 
537 2413678 
538 2413679 
539 2413679 
540 2413679 
541 2413680 
542 2413680 
543 2413684 
544 2413688 
545 2413697 
546 2413699 
547 2413700 
548 2413701 
549 2413702 
550 2413704 
551 2413714 
552 2413718 
553 2413732 
554 2413732 
555 2413733 
556 2413733 
557 2413733 
558 2413734 
559 2413739 
560 2413739 
561 2413740 
562 2413741 
563 2413748 
564 2413748 
565 2413748 
566 2413754 
567 2413769 
568 2413780 
569 2413780 
570 2413780 
571 2413786 
572 2413790 
573 2413790 
574 2413796 
575 2413797 
576 2413802 
577 2413803 
578 2413808 
579 2413809 
580 2413810 
581 2413811 
582 2413811 
583 2413822 
584 2413831 
585 2413848 
586 2413859 
587 2413860 
588 2413862 
589 2413864 
590 2413866 
591 2413876 
592 2413880 
593 2413885 
594 2413909 
595 2413909 
596 2413910 
597 2413910 
598 2413919 
599 2413920 
600 2413920 
601 2413921 
602 2413921 
603 2413921 
604 2413921 
605 2413922 
606 2413926 
607 2413927 
608 2413927 
609 2413927 
610 2413928 
611 2413928 
612 2413928 
613 2413934 
614 2413935 
615 2413935 
616 2413940 
617 2413942 
618 2413943 
619 2413943 
620 2413943 
621 2413953 
622 2413965 
623 2413966 
624 2413970 
625 2413976 
626 2413978 
627 2413978 
628 2413993 
629 2414001 
630 2414001 
631 2414003 
632 2414003 
633 2414004 
634 2414009 
635 2414013 
636 2414018 
637 2414018 
638 2414054 
639 2414066 
640 2414089 
641 2414094 
642 2414095 
643 2414102 
644 2414102 
645 2414102 
646 2414103 
647 2414106 
648 2414107 
649 2414107 
650 2414107 
651 2414108 
652 2414108 
653 2414108 
654 2414109 
655 2414109 
656 2414112 
657 2414115 
658 2414137 
659 2414156 
660 2414157 
661 2414157 
662 2414158 
663 2414164 
664 2414165 
665 2414165 
666 2414165 
667 2414166 
668 2414188 
669 2414188 
670 2414189 
671 2414196 
672 2414196 
673 2414201 
674 2414201 
675 2414211 
676 2414213 
677 2414213 
678 2414214 
679 2414214 
680 2414214 
681 2414215 
682 2414215 
683 2414216 
684 2414216 
685 2414216 
686 2414217 
687 2414217 
688 2414221 
689 2414232 
690 2414234 
691 2414237 
692 2414241 
693 2414242 
694 2414246 
695 2414248 
696 2414251 
697 2414255 
698 2414256 
699 2414256 
700 2414256 
701 2414257 
702 2414259 
703 2414262 
704 2414265 
705 2414265 
706 2414268 
707 2414273 
708 2414278 
709 2414278 
710 2414281 
711 2414291 
712 2414291 
713 2414295 
714 2414309 
715 2414310 
716 2414312 
717 2414318 
718 2414319 
719 2414322 
720 2414331 
721 2414332 
722 2414338 
723 2414349 
724 2414375 
725 2414375 
726 2414376 
727 2414391 
728 2414395 
729 2414414 
730 2414421 
731 2414433 
732 2414434 
733 2414434 
734 2414434 
735 2414445 
736 2414446 
737 2414446 
738 2414446 
739 2414447 
740 2414448 
741 2414448 
742 2414477 
743 2414482 
744 2414483 
745 2414486 
746 2414500 
747 2414508 
748 2414550 
749 2414550 
750 2414556 
751 2414557 
752 2414561 
753 2414567 
754 2414567 
755 2414568 
756 2414568 
757 2414568 
758 2414569 
759 2414569 
760 2414573 
761 2414574 
762 2414575 
763 2414576 
764 2414577 
765 2414578 
766 2414581 
767 2414585 
768 2414586 
769 2414587 
770 2414587 
771 2414590 
772 2414594 
773 2414602 
774 2414602 
775 2414605 
776 2414606 
777 2414606 
778 2414606 
779 2414607 
780 2414608 
781 2414608 
782 2414610 
783 2414611 
784 2414611 
785 2414616 
786 2414618 
787 2414624 
788 2414625 
789 2414625 
790 2414630 
791 2414630 
792 2414631 
793 2414635 
794 2414663 
795 2414670 
796 2414674 
797 2414678 
798 2414678 
799 2414678 
800 2414679 
801 2414679 
802 2414680 
803 2414680 
804 2414680 
805 2414681 
806 2414681 
807 2414681 
808 2414682 
809 2414682 
810 2414682 
811 2414683 
812 2414683 
813 2414683 
814 2414684 
815 2414684 
816 2414684 
817 2414685 
818 2414685 
819 2414685 
820 2414686 
821 2414686 
822 2414686 
823 2414687 
824 2414687 
825 2414688 
826 2414688 
827 2414693 
828 2414697 
829 2414708 
830 2414709 
831 2414709 
832 2414722 
833 2414727 
834 2414727 
835 2414728 
836 2414728 
837 2414728 
838 2414729 
839 2414729 
840 2414729 
841 2414730 
842 2414730 
843 2414731 
844 2414731 
845 2414731 
846 2414732 
847 2414732 
848 2414732 
849 2414733 
850 2414733 
851 2414734 
852 2414735 
853 2414736 
854 2414736 
855 2414737 
856 2414739 
857 2414739 
858 2414739 
859 2414739 
860 2414740 
861 2414740 
862 2414740 
863 2414741 
864 2414741 
865 2414741 
866 2414742 
867 2414742 
868 2414742 
869 2414743 
870 2414743 
871 2414743 
872 2414743 
873 2414743 
874 2414744 
875 2414744 
876 2414744 
877 2414745 
878 2414745 
879 2414745 
880 2414745 
881 2414746 
882 2414746 
883 2414747 
884 2414748 
885 2414749 
886 2414750 
887 2414750 
888 2414751 
889 2414751 
890 2414751 
891 2414752 
892 2414752 
893 2414752 
894 2414753 
895 2414753 
896 2414754 
897 2414754 
898 2414754 
899 2414755 
900 2414755 
901 2414755 
902 2414756 
903 2414756 
904 2414756 
905 2414757 
906 2414757 
907 2414757 
908 2414758 
909 2414758 
910 2414759 
911 2414759 
912 2414760 
913 2414760 
914 2414760 
915 2414761 
916 2414761 
917 2414761 
918 2414762 
919 2414763 
920 2414763 
921 2414763 
922 2414764 
923 2414764 
924 2414764 
925 2414765 
926 2414766 
927 2414766 
928 2414767 
929 2414767 
930 2414770 
931 2414770 
932 2414770 
933 2414771 
934 2414771 
935 2414771 
936 2414772 
937 2414772 
938 2414772 
939 2414773 
940 2414773 
941 2414773 
942 2414774 
943 2414774 
944 2414774 
945 2414775 
946 2414775 
947 2414775 
948 2414776 
949 2414776 
950 2414776 
951 2414777 
952 2414777 
953 2414778 
954 2414778 
955 2414778 
956 2414779 
957 2414779 
958 2414779 
959 2414780 
960 2414784 
961 2414784 
962 2414785 
963 2414785 
964 2414785 
965 2414786 
966 2414786 
967 2414786 
968 2414787 
969 2414800 
970 2414801 
971 2414817 
972 2414818 
973 2414824 
974 2414825 
975 2414827 
976 2414828 
977 2414840 
978 2414840 
979 2414846 
980 2414854 
981 2414855 
982 2414855 
983 2414856 
984 2414856 
985 2414856 
986 2414857 
987 2414857 
988 2414857 
989 2414857 
990 2414859 
991 2414874 
992 2414881 
993 2414882 
994 2414899 
995 2414900 
996 2414900 
997 2414905 
998 2414905 
999 2414907 
1000 2414914 
1001 2414917 
1002 2414918 
1003 2414919 
1004 2414921 
1005 2414923 
1006 2414965 
1007 2414988 
1008 2414997 
1009 2414997 
1010 2415003 
1011 2415010 
1012 2415010 
1013 2415022 
1014 2415040 
1015 2415040 
1016 2415040 
1017 2415044 
1018 2415044 
1019 2415057 
1020 2415057 
1021 2415063 
1022 2415075 
1023 2415088 
1024 2415114 
1025 2415114 
1026 2415114 
1027 2415120 
1028 2415120 
1029 2415120 
1030 2415121 
1031 2415121 
1032 2415121 
1033 2415122 
1034 2415122 
1035 2415122 
1036 2415123 
1037 2415123 
1038 2415123 
1039 2415123 
1040 2415128 
1041 2415128 
1042 2415128 
1043 2415128 
1044 2415129 
1045 2415129 
1046 2415129 
1047 2415156 
1048 2415156 
1049 2415159 
1050 2415159 
1051 2415159 
1052 2415160 
1053 2415160 
1054 2415178 
1055 2415178 
1056 2415191 
1057 2415193 
1058 2415193 
1059 2415203 
1060 2415209 
1061 2415211 
1062 2415214 
1063 2415214 
1064 2415214 
1065 2415227 
1066 2415232 
1067 2415239 
1068 2415243 
1069 2415247 
1070 2415247 
1071 2415247 
1072 2415253 
1073 2415253 
1074 2415256 
1075 2415267 
1076 2415273 
1077 2415278 
1078 2415278 
1079 2415278 
1080 2415281 
1081 2415281 
1082 2415281 
1083 2415281 
1084 2415282 
1085 2415287 
1086 2415289 
1087 2415290 
1088 2415290 
1089 2415290 
1090 2415290 
1091 2415291 
1092 2415291 
1093 2415291 
1094 2415292 
1095 2415292 
1096 2415293 
1097 2415294 
1098 2415294 
1099 2415295 
1100 2415295 
1101 2415296 
1102 2415296 
1103 2415297 
1104 2415297 
1105 2415297 
1106 2415298 
1107 2415298 
1108 2415298 
1109 2415299 
1110 2415299 
1111 2415299 
1112 2415300 
1113 2415300 
1114 2415301 
1115 2415301 
1116 2415301 
1117 2415303 
1118 2415303 
1119 2415304 
1120 2415304 
1121 2415304 
1122 2415305 
1123 2415305 
1124 2415305 
1125 2415306 
1126 2415306 
1127 2415306 
1128 2415307 
1129 2415307 
1130 2415307 
1131 2415308 
1132 2415308 
1133 2415309 
1134 2415310 
1135 2415310 
1136 2415321 
1137 2415323 
1138 2415347 
1139 2415373 
1140 2415373 
1141 2415373 
1142 2415374 
1143 2415374 
1144 2415401 
1145 2415402 
1146 2415402 
1147 2415402 
1148 2415403 
1149 2415403 
1150 2415418 
1151 2415426 
1152 2415442 
1153 2415446 
1154 2415446 
1155 2415451 
1156 2415455 
1157 2415456 
1158 2415458 
1159 2415461 
1160 2415461 
1161 2415462 
1162 2415462 
1163 2415463 
1164 2415464 
1165 2415464 
1166 2415464 
1167 2415465 
1168 2415465 
1169 2415467 
1170 2415467 
1171 2415468 
1172 2415468 
1173 2415468 
1174 2415469 
1175 2415469 
1176 2415469 
1177 2415471 
1178 2415472 
1179 2415475 
1180 2415476 
1181 2415476 
1182 2415477 
1183 2415477 
1184 2415477 
1185 2415478 
1186 2415480 
1187 2415480 
1188 2415481 
1189 2415481 
1190 2415481 
1191 2415482 
1192 2415482 
1193 2415483 
1194 2415483 
1195 2415483 
1196 2415484 
1197 2415485 
1198 2415490 
1199 2415491 
1200 2415491 
1201 2415491 
1202 2415492 
1203 2415499 
1204 2415499 
1205 2415499 
1206 2415501 
1207 2415506 
1208 2415507 
1209 2415507 
1210 2415510 
1211 2415514 
1212 2415517 
1213 2415517 
1214 2415517 
1215 2415517 
1216 2415518 
1217 2415518 
1218 2415518 
1219 2415519 
1220 2415519 
1221 2415519 
1222 2415520 
1223 2415520 
1224 2415520 
1225 2415521 
1226 2415521 
1227 2415522 
1228 2415523 
1229 2415523 
1230 2415523 
1231 2415523 
1232 2415523 
1233 2415524 
1234 2415524 
1235 2415524 
1236 2415524 
1237 2415524 
1238 2415525 
1239 2415527 
1240 2415527 
1241 2415535 
1242 2415537 
1243 2415542 
1244 2415543 
1245 2415543 
1246 2415543 
1247 2415544 
1248 2415551 
1249 2415552 
1250 2415555 
1251 2415558 
1252 2415559 
1253 2415560 
1254 2415561 
1255 2415561 
1256 2415562 
1257 2415563 
1258 2415563 
1259 2415565 
1260 2415565 
1261 2415569 
1262 2415570 
1263 2415570 
1264 2415572 
1265 2415572 
1266 2415572 
1267 2415573 
1268 2415573 
1269 2415574 
1270 2415575 
1271 2415580 
1272 2415585 
1273 2415586 
1274 2415587 
1275 2415590 
1276 2415590 
1277 2415592 
1278 2415592 
1279 2415593 
1280 2415598 
1281 2415598 
1282 2415598 
1283 2415599 
1284 2415599 
1285 2415600 
1286 2415600 
1287 2415600 
1288 2415600 
