2238 0 1 2238 0 2238 2238 1850 0 0 0 2238 2238 0 0 0 46 28 2238 2238 2238 1617 0 0 2205 1335 0 94 228 0 2238 14 0 2238 0 0 14 4 2238 4 870 0 0 2238 0 0 18 0 10 2238 2238 2238 2238 0 0 0 2238 0 2238
0 2238 0 0 0 0 0 388 0 2238 2238 0 0 0 2238 2117 117 540 0 0 0 0 2238 2238 0 88 2238 26 97 0 0 705 2238 0 2238 2238 150 271 0 0 1368 2238 2238 0 2238 2238 68 2238 5 0 0 0 0 0 2238 2238 0 2077 0
1 0 2238 1 2 1 1 0 0 0 0 1 1 0 0 121 25 651 1 1 1 184 0 0 1 239 0 2 0 123 1 116 0 1 0 0 151 105 1 810 0 0 0 1 0 0 0 0 584 1 1 1 1 123 0 0 1 0 1
2238 0 1 2238 0 2238 2238 1850 0 0 0 2238 2238 0 0 0 46 28 2238 2238 2238 1617 0 0 2205 1335 0 94 228 0 2238 14 0 2238 0 0 14 4 2238 4 870 0 0 2238 0 0 18 0 10 2238 2238 2238 2238 0 0 0 2238 0 2238
0 0 2 0 2238 0 0 0 0 0 0 0 0 4 0 0 41 4 0 0 0 132 0 0 0 36 0 105 59 0 0 482 0 0 0 0 19 176 0 176 0 0 0 0 0 0 203 0 214 0 0 0 0 0 0 0 0 0 0
2238 0 1 2238 0 2238 2238 1850 0 0 0 2238 2238 0 0 0 46 28 2238 2238 2238 1617 0 0 2205 1335 0 94 228 0 2238 14 0 2238 0 0 14 4 2238 4 870 0 0 2238 0 0 18 0 10 2238 2238 2238 2238 0 0 0 2238 0 2238
2238 0 1 2238 0 2238 2238 1850 0 0 0 2238 2238 0 0 0 46 28 2238 2238 2238 1617 0 0 2205 1335 0 94 228 0 2238 14 0 2238 0 0 14 4 2238 4 870 0 0 2238 0 0 18 0 10 2238 2238 2238 2238 0 0 0 2238 0 2238
1850 388 0 1850 0 1850 1850 2238 0 388 388 1850 1850 0 388 267 39 309 1850 1850 1850 1617 388 388 1817 947 388 94 228 0 1850 76 388 1850 388 388 13 4 1850 0 1258 388 388 1850 388 388 18 388 10 1850 1850 1850 1850 0 388 388 1850 388 1850
0 0 0 0 0 0 0 0 2238 0 0 0 0 0 0 0 0 11 0 0 0 0 0 0 0 0 0 21 0 0 0 0 0 0 0 0 0 0 0 0 0 0 0 0 0 0 0 0 0 0 0 0 0 0 0 0 0 0 0
0 2238 0 0 0 0 0 388 0 2238 2238 0 0 0 2238 2117 117 540 0 0 0 0 2238 2238 0 88 2238 26 97 0 0 705 2238 0 2238 2238 150 271 0 0 1368 2238 2238 0 2238 2238 68 2238 5 0 0 0 0 0 2238 2238 0 2077 0
0 2238 0 0 0 0 0 388 0 2238 2238 0 0 0 2238 2117 117 540 0 0 0 0 2238 2238 0 88 2238 26 97 0 0 705 2238 0 2238 2238 150 271 0 0 1368 2238 2238 0 2238 2238 68 2238 5 0 0 0 0 0 2238 2238 0 2077 0
2238 0 1 2238 0 2238 2238 1850 0 0 0 2238 2238 0 0 0 46 28 2238 2238 2238 1617 0 0 2205 1335 0 94 228 0 2238 14 0 2238 0 0 14 4 2238 4 870 0 0 2238 0 0 18 0 10 2238 2238 2238 2238 0 0 0 2238 0 2238
2238 0 1 2238 0 2238 2238 1850 0 0 0 2238 2238 0 0 0 46 28 2238 2238 2238 1617 0 0 2205 1335 0 94 228 0 2238 14 0 2238 0 0 14 4 2238 4 870 0 0 2238 0 0 18 0 10 2238 2238 2238 2238 0 0 0 2238 0 2238
0 0 0 0 4 0 0 0 0 0 0 0 0 2238 0 0 1 14 0 0 0 207 0 0 1 9 0 75 17 0 0 4 0 0 0 0 0 0 0 82 0 0 0 0 0 0 0 0 18 0 0 0 0 0 0 0 0 0 0
0 2238 0 0 0 0 0 388 0 2238 2238 0 0 0 2238 2117 117 540 0 0 0 0 2238 2238 0 88 2238 26 97 0 0 705 2238 0 2238 2238 150 271 0 0 1368 2238 2238 0 2238 2238 68 2238 5 0 0 0 0 0 2238 2238 0 2077 0
0 2117 121 0 0 0 0 267 0 2117 2117 0 0 0 2117 2238 116 419 0 0 0 0 2117 2117 0 88 2117 26 97 121 0 812 2117 0 2117 2117 271 271 0 0 1247 2117 2117 0 2117 2117 68 2117 5 0 0 0 0 121 2117 2117 0 1956 0
46 117 25 46 41 46 46 39 0 117 117 46 46 1 117 116 2238 109 46 46 46 31 117 117 35 220 117 378 50 717 46 550 117 46 117 117 200 515 46 291 52 117 117 46 117 117 632 117 292 46 46 46 46 717 117 117 46 156 46
28 540 651 28 4 28 28 309 11 540 540 28 28 14 540 419 109 2238 28 28 28 30 540 540 28 221 540 204 268 393 28 374 540 28 540 540 174 161 28 453 381 540 540 28 540 540 354 540 220 28 28 28 28 393 540 540 28 540 28
2238 0 1 2238 0 2238 2238 1850 0 0 0 2238 2238 0 0 0 46 28 2238 2238 2238 1617 0 0 2205 1335 0 94 228 0 2238 14 0 2238 0 0 14 4 2238 4 870 0 0 2238 0 0 18 0 10 2238 2238 2238 2238 0 0 0 2238 0 2238
2238 0 1 2238 0 2238 2238 1850 0 0 0 2238 2238 0 0 0 46 28 2238 2238 2238 1617 0 0 2205 1335 0 94 228 0 2238 14 0 2238 0 0 14 4 2238 4 870 0 0 2238 0 0 18 0 10 2238 2238 2238 2238 0 0 0 2238 0 2238
2238 0 1 2238 0 2238 2238 1850 0 0 0 2238 2238 0 0 0 46 28 2238 2238 2238 1617 0 0 2205 1335 0 94 228 0 2238 14 0 2238 0 0 14 4 2238 4 870 0 0 2238 0 0 18 0 10 2238 2238 2238 2238 0 0 0 2238 0 2238
1617 0 184 1617 132 1617 1617 1617 0 0 0 1617 1617 207 0 0 31 30 1617 1617 1617 2238 0 0 1584 714 0 166 228 0 1617 26 0 1617 0 0 10 5 1617 0 870 0 0 1617 0 0 47 0 141 1617 1617 1617 1617 0 0 0 1617 0 1617
0 2238 0 0 0 0 0 388 0 2238 2238 0 0 0 2238 2117 117 540 0 0 0 0 2238 2238 0 88 2238 26 97 0 0 705 2238 0 2238 2238 150 271 0 0 1368 2238 2238 0 2238 2238 68 2238 5 0 0 0 0 0 2238 2238 0 2077 0
0 2238 0 0 0 0 0 388 0 2238 2238 0 0 0 2238 2117 117 540 0 0 0 0 2238 2238 0 88 2238 26 97 0 0 705 2238 0 2238 2238 150 271 0 0 1368 2238 2238 0 2238 2238 68 2238 5 0 0 0 0 0 2238 2238 0 2077 0
2205 0 1 2205 0 2205 2205 1817 0 0 0 2205 2205 1 0 0 35 28 2205 2205 2205 1584 0 0 2238 1302 0 94 228 0 2205 14 0 2205 0 0 14 7 2205 5 870 0 0 2205 0 0 18 0 10 2205 2205 2205 2205 0 0 0 2205 0 2205
1335 88 239 1335 36 1335 1335 947 0 88 88 1335 1335 9 88 88 220 221 1335 1335 1335 714 88 88 1302 2238 88 84 42 283 1335 78 88 1335 88 88 184 133 1335 250 64 88 88 1335 88 88 258 88 190 1335 1335 1335 1335 283 88 88 1335 90 1335
0 2238 0 0 0 0 0 388 0 2238 2238 0 0 0 2238 2117 117 540 0 0 0 0 2238 2238 0 88 2238 26 97 0 0 705 2238 0 2238 2238 150 271 0 0 1368 2238 2238 0 2238 2238 68 2238 5 0 0 0 0 0 2238 2238 0 2077 0
94 26 2 94 105 94 94 94 21 26 26 94 94 75 26 26 378 204 94 94 94 166 26 26 94 84 26 2238 109 670 94 327 26 94 26 26 158 117 94 1 71 26 26 94 26 26 657 26 3 94 94 94 94 670 26 26 94 65 94
228 97 0 228 59 228 228 228 0 97 97 228 228 17 97 97 50 268 228 228 228 228 97 97 228 42 97 109 2238 474 228 263 97 228 97 97 54 0 228 29 242 97 97 228 97 97 0 97 22 228 228 228 228 474 97 97 228 97 228
0 0 123 0 0 0 0 0 0 0 0 0 0 0 0 121 717 393 0 0 0 0 0 0 0 283 0 670 474 2238 0 841 0 0 0 0 750 391 0 0 0 0 0 0 0 0 1333 0 55 0 0 0 0 2238 0 0 0 39 0
2238 0 1 2238 0 2238 2238 1850 0 0 0 2238 2238 0 0 0 46 28 2238 2238 2238 1617 0 0 2205 1335 0 94 228 0 2238 14 0 2238 0 0 14 4 2238 4 870 0 0 2238 0 0 18 0 10 2238 2238 2238 2238 0 0 0 2238 0 2238
14 705 116 14 482 14 14 76 0 705 705 14 14 4 705 812 550 374 14 14 14 26 705 705 14 78 705 327 263 841 14 2238 705 14 705 705 368 609 14 84 126 705 705 14 705 705 686 705 5 14 14 14 14 841 705 705 14 744 14
0 2238 0 0 0 0 0 388 0 2238 2238 0 0 0 2238 2117 117 540 0 0 0 0 2238 2238 0 88 2238 26 97 0 0 705 2238 0 2238 2238 150 271 0 0 1368 2238 2238 0 2238 2238 68 2238 5 0 0 0 0 0 2238 2238 0 2077 0
2238 0 1 2238 0 2238 2238 1850 0 0 0 2238 2238 0 0 0 46 28 2238 2238 2238 1617 0 0 2205 1335 0 94 228 0 2238 14 0 2238 0 0 14 4 2238 4 870 0 0 2238 0 0 18 0 10 2238 2238 2238 2238 0 0 0 2238 0 2238
0 2238 0 0 0 0 0 388 0 2238 2238 0 0 0 2238 2117 117 540 0 0 0 0 2238 2238 0 88 2238 26 97 0 0 705 2238 0 2238 2238 150 271 0 0 1368 2238 2238 0 2238 2238 68 2238 5 0 0 0 0 0 2238 2238 0 2077 0
0 2238 0 0 0 0 0 388 0 2238 2238 0 0 0 2238 2117 117 540 0 0 0 0 2238 2238 0 88 2238 26 97 0 0 705 2238 0 2238 2238 150 271 0 0 1368 2238 2238 0 2238 2238 68 2238 5 0 0 0 0 0 2238 2238 0 2077 0
14 150 151 14 19 14 14 13 0 150 150 14 14 0 150 271 200 174 14 14 14 10 150 150 14 184 150 158 54 750 14 368 150 14 150 150 2238 501 14 71 37 150 150 14 150 150 606 150 19 14 14 14 14 750 150 150 14 22 14
4 271 105 4 176 4 4 4 0 271 271 4 4 0 271 271 515 161 4 4 4 5 271 271 7 133 271 117 0 391 4 609 271 4 271 271 501 2238 4 303 9 271 271 4 271 271 485 271 126 4 4 4 4 391 271 271 4 393 4
2238 0 1 2238 0 2238 2238 1850 0 0 0 2238 2238 0 0 0 46 28 2238 2238 2238 1617 0 0 2205 1335 0 94 228 0 2238 14 0 2238 0 0 14 4 2238 4 870 0 0 2238 0 0 18 0 10 2238 2238 2238 2238 0 0 0 2238 0 2238
4 0 810 4 176 4 4 0 0 0 0 4 4 82 0 0 291 453 4 4 4 0 0 0 5 250 0 1 29 0 4 84 0 4 0 0 71 303 4 2238 0 0 0 4 0 0 0 0 551 4 4 4 4 0 0 0 4 0 4
870 1368 0 870 0 870 870 1258 0 1368 1368 870 870 0 1368 1247 52 381 870 870 870 870 1368 1368 870 64 1368 71 242 0 870 126 1368 870 1368 1368 37 9 870 0 2238 1368 1368 870 1368 1368 25 1368 10 870 870 870 870 0 1368 1368 870 1340 870
0 2238 0 0 0 0 0 388 0 2238 2238 0 0 0 2238 2117 117 540 0 0 0 0 2238 2238 0 88 2238 26 97 0 0 705 2238 0 2238 2238 150 271 0 0 1368 2238 2238 0 2238 2238 68 2238 5 0 0 0 0 0 2238 2238 0 2077 0
0 2238 0 0 0 0 0 388 0 2238 2238 0 0 0 2238 2117 117 540 0 0 0 0 2238 2238 0 88 2238 26 97 0 0 705 2238 0 2238 2238 150 271 0 0 1368 2238 2238 0 2238 2238 68 2238 5 0 0 0 0 0 2238 2238 0 2077 0
2238 0 1 2238 0 2238 2238 1850 0 0 0 2238 2238 0 0 0 46 28 2238 2238 2238 1617 0 0 2205 1335 0 94 228 0 2238 14 0 2238 0 0 14 4 2238 4 870 0 0 2238 0 0 18 0 10 2238 2238 2238 2238 0 0 0 2238 0 2238
0 2238 0 0 0 0 0 388 0 2238 2238 0 0 0 2238 2117 117 540 0 0 0 0 2238 2238 0 88 2238 26 97 0 0 705 2238 0 2238 2238 150 271 0 0 1368 2238 2238 0 2238 2238 68 2238 5 0 0 0 0 0 2238 2238 0 2077 0
0 2238 0 0 0 0 0 388 0 2238 2238 0 0 0 2238 2117 117 540 0 0 0 0 2238 2238 0 88 2238 26 97 0 0 705 2238 0 2238 2238 150 271 0 0 1368 2238 2238 0 2238 2238 68 2238 5 0 0 0 0 0 2238 2238 0 2077 0
18 68 0 18 203 18 18 18 0 68 68 18 18 0 68 68 632 354 18 18 18 47 68 68 18 258 68 657 0 1333 18 686 68 18 68 68 606 485 18 0 25 68 68 18 68 68 2238 68 55 18 18 18 18 1333 68 68 18 107 18
0 2238 0 0 0 0 0 388 0 2238 2238 0 0 0 2238 2117 117 540 0 0 0 0 2238 2238 0 88 2238 26 97 0 0 705 2238 0 2238 2238 150 271 0 0 1368 2238 2238 0 2238 2238 68 2238 5 0 0 0 0 0 2238 2238 0 2077 0
10 5 584 10 214 10 10 10 0 5 5 10 10 18 5 5 292 220 10 10 10 141 5 5 10 190 5 3 22 55 10 5 5 10 5 5 19 126 10 551 10 5 5 10 5 5 55 5 2238 10 10 10 10 55 5 5 10 5 10
2238 0 1 2238 0 2238 2238 1850 0 0 0 2238 2238 0 0 0 46 28 2238 2238 2238 1617 0 0 2205 1335 0 94 228 0 2238 14 0 2238 0 0 14 4 2238 4 870 0 0 2238 0 0 18 0 10 2238 2238 2238 2238 0 0 0 2238 0 2238
2238 0 1 2238 0 2238 2238 1850 0 0 0 2238 2238 0 0 0 46 28 2238 2238 2238 1617 0 0 2205 1335 0 94 228 0 2238 14 0 2238 0 0 14 4 2238 4 870 0 0 2238 0 0 18 0 10 2238 2238 2238 2238 0 0 0 2238 0 2238
2238 0 1 2238 0 2238 2238 1850 0 0 0 2238 2238 0 0 0 46 28 2238 2238 2238 1617 0 0 2205 1335 0 94 228 0 2238 14 0 2238 0 0 14 4 2238 4 870 0 0 2238 0 0 18 0 10 2238 2238 2238 2238 0 0 0 2238 0 2238
2238 0 1 2238 0 2238 2238 1850 0 0 0 2238 2238 0 0 0 46 28 2238 2238 2238 1617 0 0 2205 1335 0 94 228 0 2238 14 0 2238 0 0 14 4 2238 4 870 0 0 2238 0 0 18 0 10 2238 2238 2238 2238 0 0 0 2238 0 2238
0 0 123 0 0 0 0 0 0 0 0 0 0 0 0 121 717 393 0 0 0 0 0 0 0 283 0 670 474 2238 0 841 0 0 0 0 750 391 0 0 0 0 0 0 0 0 1333 0 55 0 0 0 0 2238 0 0 0 39 0
0 2238 0 0 0 0 0 388 0 2238 2238 0 0 0 2238 2117 117 540 0 0 0 0 2238 2238 0 88 2238 26 97 0 0 705 2238 0 2238 2238 150 271 0 0 1368 2238 2238 0 2238 2238 68 2238 5 0 0 0 0 0 2238 2238 0 2077 0
0 2238 0 0 0 0 0 388 0 2238 2238 0 0 0 2238 2117 117 540 0 0 0 0 2238 2238 0 88 2238 26 97 0 0 705 2238 0 2238 2238 150 271 0 0 1368 2238 2238 0 2238 2238 68 2238 5 0 0 0 0 0 2238 2238 0 2077 0
2238 0 1 2238 0 2238 2238 1850 0 0 0 2238 2238 0 0 0 46 28 2238 2238 2238 1617 0 0 2205 1335 0 94 228 0 2238 14 0 2238 0 0 14 4 2238 4 870 0 0 2238 0 0 18 0 10 2238 2238 2238 2238 0 0 0 2238 0 2238
0 2077 0 0 0 0 0 388 0 2077 2077 0 0 0 2077 1956 156 540 0 0 0 0 2077 2077 0 90 2077 65 97 39 0 744 2077 0 2077 2077 22 393 0 0 1340 2077 2077 0 2077 2077 107 2077 5 0 0 0 0 39 2077 2077 0 2238 0
2238 0 1 2238 0 2238 2238 1850 0 0 0 2238 2238 0 0 0 46 28 2238 2238 2238 1617 0 0 2205 1335 0 94 228 0 2238 14 0 2238 0 0 14 4 2238 4 870 0 0 2238 0 0 18 0 10 2238 2238 2238 2238 0 0 0 2238 0 2238
