1 2595600 
2 2595602 
3 2595603 
4 2595603 
5 2595603 
6 2595604 
7 2595606 
8 2595608 
9 2595612 
10 2595615 
11 2595623 
12 2595628 
13 2595629 
14 2595629 
15 2595630 
16 2595630 
17 2595630 
18 2595631 
19 2595631 
20 2595633 
21 2595633 
22 2595633 
23 2595634 
24 2595636 
25 2595636 
26 2595637 
27 2595637 
28 2595638 
29 2595641 
30 2595642 
31 2595648 
32 2595649 
33 2595649 
34 2595649 
35 2595653 
36 2595658 
37 2595660 
38 2595660 
39 2595664 
40 2595664 
41 2595664 
42 2595664 
43 2595665 
44 2595665 
45 2595665 
46 2595666 
47 2595666 
48 2595666 
49 2595671 
50 2595672 
51 2595673 
52 2595680 
53 2595680 
54 2595681 
55 2595682 
56 2595683 
57 2595684 
58 2595684 
59 2595685 
60 2595685 
61 2595685 
62 2595688 
63 2595697 
64 2595701 
65 2595702 
66 2595704 
67 2595708 
68 2595708 
69 2595711 
70 2595712 
71 2595712 
72 2595712 
73 2595713 
74 2595713 
75 2595714 
76 2595714 
77 2595716 
78 2595717 
79 2595718 
80 2595719 
81 2595720 
82 2595721 
83 2595722 
84 2595723 
85 2595723 
86 2595723 
87 2595724 
88 2595724 
89 2595724 
90 2595724 
91 2595725 
92 2595725 
93 2595725 
94 2595726 
95 2595726 
96 2595726 
97 2595729 
98 2595731 
99 2595732 
100 2595733 
101 2595733 
102 2595736 
103 2595743 
104 2595743 
105 2595744 
106 2595744 
107 2595744 
108 2595745 
109 2595745 
110 2595746 
111 2595749 
112 2595749 
113 2595750 
114 2595752 
115 2595753 
116 2595754 
117 2595754 
118 2595754 
119 2595755 
120 2595755 
121 2595755 
122 2595756 
123 2595756 
124 2595756 
125 2595757 
126 2595757 
127 2595757 
128 2595758 
129 2595758 
130 2595758 
131 2595759 
132 2595760 
133 2595760 
134 2595761 
135 2595761 
136 2595761 
137 2595764 
138 2595764 
139 2595765 
140 2595766 
141 2595768 
142 2595768 
143 2595770 
144 2595770 
145 2595772 
146 2595776 
147 2595777 
148 2595780 
149 2595781 
150 2595783 
151 2595783 
152 2595783 
153 2595784 
154 2595784 
155 2595785 
156 2595785 
157 2595785 
158 2595786 
159 2595786 
160 2595790 
161 2595790 
162 2595792 
163 2595793 
164 2595793 
165 2595793 
166 2595793 
167 2595794 
168 2595795 
169 2595795 
170 2595799 
171 2595800 
172 2595805 
173 2595808 
174 2595817 
175 2595817 
176 2595818 
177 2595821 
178 2595822 
179 2595822 
180 2595822 
181 2595824 
182 2595830 
183 2595830 
184 2595832 
185 2595832 
186 2595837 
187 2595838 
188 2595840 
189 2595851 
190 2595861 
191 2595861 
192 2595864 
193 2595864 
194 2595864 
195 2595866 
196 2595866 
197 2595869 
198 2595870 
199 2595871 
200 2595871 
201 2595872 
202 2595872 
203 2595872 
204 2595873 
205 2595873 
206 2595874 
207 2595874 
208 2595875 
209 2595878 
210 2595878 
211 2595878 
212 2595884 
213 2595885 
214 2595885 
215 2595888 
216 2595888 
217 2595889 
218 2595891 
219 2595891 
220 2595892 
221 2595895 
222 2595897 
223 2595899 
224 2595900 
225 2595902 
226 2595902 
227 2595902 
228 2595903 
229 2595903 
230 2595903 
231 2595904 
232 2595904 
233 2595905 
234 2595905 
235 2595905 
236 2595906 
237 2595906 
238 2595906 
239 2595907 
240 2595907 
241 2595908 
242 2595910 
243 2595912 
244 2595919 
245 2595924 
246 2595927 
247 2595928 
248 2595928 
249 2595931 
250 2595931 
251 2595932 
252 2595934 
253 2595936 
254 2595940 
255 2595948 
256 2595950 
257 2595952 
258 2595953 
259 2595955 
260 2595958 
261 2595965 
262 2595968 
263 2595968 
264 2595971 
265 2595971 
266 2595972 
267 2595972 
268 2595973 
269 2595973 
270 2595974 
271 2595975 
272 2595977 
273 2595980 
274 2595981 
275 2595983 
276 2595992 
277 2595992 
278 2595993 
279 2595993 
280 2595993 
281 2595994 
282 2595997 
283 2595999 
284 2596002 
285 2596002 
286 2596013 
287 2596013 
288 2596018 
289 2596025 
290 2596025 
291 2596026 
292 2596027 
293 2596030 
294 2596032 
295 2596034 
296 2596036 
297 2596037 
298 2596038 
299 2596039 
300 2596040 
301 2596042 
302 2596043 
303 2596043 
304 2596046 
305 2596050 
306 2596053 
307 2596055 
308 2596060 
309 2596060 
310 2596067 
311 2596068 
312 2596068 
313 2596068 
314 2596069 
315 2596069 
316 2596069 
317 2596069 
318 2596069 
319 2596070 
320 2596070 
321 2596070 
322 2596071 
323 2596071 
324 2596071 
325 2596072 
326 2596073 
327 2596075 
328 2596075 
329 2596075 
330 2596076 
331 2596076 
332 2596077 
333 2596077 
334 2596077 
335 2596078 
336 2596078 
337 2596078 
338 2596079 
339 2596079 
340 2596079 
341 2596080 
342 2596083 
343 2596093 
344 2596093 
345 2596093 
346 2596096 
347 2596101 
348 2596104 
349 2596104 
350 2596104 
351 2596105 
352 2596105 
353 2596105 
354 2596109 
355 2596110 
356 2596116 
357 2596122 
358 2596123 
359 2596126 
360 2596134 
361 2596148 
362 2596149 
363 2596155 
364 2596170 
365 2596186 
366 2596188 
367 2596193 
368 2596203 
369 2596206 
370 2596215 
371 2596224 
372 2596230 
373 2596231 
374 2596242 
375 2596249 
376 2596255 
377 2596258 
378 2596260 
379 2596265 
380 2596287 
381 2596287 
382 2596287 
383 2596288 
384 2596288 
385 2596289 
386 2596295 
387 2596296 
388 2596303 
389 2596314 
390 2596315 
391 2596321 
392 2596324 
393 2596324 
394 2596326 
395 2596331 
396 2596333 
397 2596335 
398 2596352 
399 2596357 
400 2596362 
401 2596363 
402 2596363 
403 2596364 
404 2596364 
405 2596372 
406 2596373 
407 2596373 
408 2596384 
409 2596387 
410 2596387 
411 2596387 
412 2596388 
413 2596392 
414 2596398 
415 2596407 
416 2596407 
417 2596414 
418 2596414 
419 2596415 
420 2596415 
421 2596415 
422 2596419 
423 2596425 
424 2596426 
425 2596426 
426 2596426 
427 2596427 
428 2596429 
429 2596430 
430 2596432 
431 2596433 
432 2596436 
433 2596447 
434 2596457 
435 2596460 
436 2596470 
437 2596475 
438 2596476 
439 2596476 
440 2596512 
441 2596516 
442 2596517 
443 2596519 
444 2596523 
445 2596534 
446 2596534 
447 2596535 
448 2596535 
449 2596536 
450 2596536 
451 2596545 
452 2596546 
453 2596546 
454 2596546 
455 2596547 
456 2596547 
457 2596547 
458 2596552 
459 2596553 
460 2596573 
461 2596573 
462 2596574 
463 2596574 
464 2596575 
465 2596577 
466 2596577 
467 2596578 
468 2596578 
469 2596578 
470 2596579 
471 2596579 
472 2596579 
473 2596580 
474 2596580 
475 2596581 
476 2596581 
477 2596581 
478 2596582 
479 2596582 
480 2596582 
481 2596583 
482 2596583 
483 2596607 
484 2596608 
485 2596613 
486 2596619 
487 2596619 
488 2596635 
489 2596635 
490 2596640 
491 2596663 
492 2596666 
493 2596679 
494 2596680 
495 2596680 
496 2596681 
497 2596685 
498 2596691 
499 2596694 
500 2596694 
501 2596694 
502 2596694 
503 2596695 
504 2596695 
505 2596695 
506 2596696 
507 2596696 
508 2596697 
509 2596700 
510 2596700 
511 2596701 
512 2596701 
513 2596703 
514 2596703 
515 2596704 
516 2596705 
517 2596716 
518 2596716 
519 2596718 
520 2596719 
521 2596719 
522 2596719 
523 2596719 
524 2596720 
525 2596721 
526 2596721 
527 2596721 
528 2596722 
529 2596723 
530 2596723 
531 2596724 
532 2596724 
533 2596727 
534 2596728 
535 2596731 
536 2596735 
537 2596741 
538 2596743 
539 2596743 
540 2596743 
541 2596744 
542 2596744 
543 2596744 
544 2596745 
545 2596745 
546 2596746 
547 2596746 
548 2596746 
549 2596747 
550 2596747 
551 2596747 
552 2596749 
553 2596758 
554 2596760 
555 2596760 
556 2596762 
557 2596763 
558 2596763 
559 2596763 
560 2596764 
561 2596766 
562 2596766 
563 2596767 
564 2596768 
565 2596768 
566 2596768 
567 2596769 
568 2596769 
569 2596775 
570 2596776 
571 2596780 
572 2596781 
573 2596783 
574 2596783 
575 2596784 
576 2596784 
577 2596784 
578 2596785 
579 2596785 
580 2596785 
581 2596786 
582 2596786 
583 2596787 
584 2596787 
585 2596789 
586 2596789 
587 2596790 
588 2596790 
589 2596790 
590 2596791 
591 2596791 
592 2596792 
593 2596793 
594 2596793 
595 2596799 
596 2596811 
597 2596812 
598 2596815 
599 2596817 
600 2596817 
601 2596820 
602 2596820 
603 2596825 
604 2596834 
605 2596836 
606 2596837 
607 2596838 
608 2596839 
609 2596839 
610 2596839 
611 2596840 
612 2596840 
613 2596840 
614 2596841 
615 2596841 
616 2596843 
617 2596844 
618 2596845 
619 2596847 
620 2596847 
621 2596847 
622 2596848 
623 2596848 
624 2596848 
625 2596849 
626 2596851 
627 2596852 
628 2596852 
629 2596852 
630 2596853 
631 2596853 
632 2596860 
633 2596863 
634 2596863 
635 2596869 
636 2596870 
637 2596871 
638 2596871 
639 2596871 
640 2596874 
641 2596874 
642 2596875 
643 2596878 
644 2596878 
645 2596878 
646 2596878 
647 2596886 
648 2596888 
649 2596888 
650 2596889 
651 2596889 
652 2596891 
653 2596895 
654 2596899 
655 2596900 
656 2596900 
657 2596901 
658 2596901 
659 2596903 
660 2596904 
661 2596904 
662 2596905 
663 2596906 
664 2596910 
665 2596912 
666 2596916 
667 2596916 
668 2596917 
669 2596918 
670 2596919 
671 2596920 
672 2596920 
673 2596920 
674 2596921 
675 2596922 
676 2596922 
677 2596923 
678 2596923 
679 2596923 
680 2596923 
681 2596924 
682 2596924 
683 2596924 
684 2596925 
685 2596925 
686 2596928 
687 2596931 
688 2596931 
689 2596931 
690 2596932 
691 2596935 
692 2596935 
693 2596936 
694 2596936 
695 2596937 
696 2596937 
697 2596938 
698 2596938 
699 2596938 
700 2596939 
701 2596939 
702 2596939 
703 2596940 
704 2596940 
705 2596940 
706 2596940 
707 2596941 
708 2596941 
709 2596941 
710 2596942 
711 2596942 
712 2596942 
713 2596942 
714 2596943 
715 2596943 
716 2596944 
717 2596944 
718 2596945 
719 2596945 
720 2596945 
721 2596946 
722 2596946 
723 2596946 
724 2596946 
725 2596947 
726 2596947 
727 2596947 
728 2596948 
729 2596948 
730 2596948 
731 2596948 
732 2596949 
733 2596949 
734 2596949 
735 2596950 
736 2596950 
737 2596950 
738 2596951 
739 2596951 
740 2596951 
741 2596951 
742 2596952 
743 2596952 
744 2596952 
745 2596953 
746 2596953 
747 2596954 
748 2596954 
749 2596958 
750 2596963 
751 2596964 
752 2596964 
753 2596964 
754 2596968 
755 2596971 
756 2596971 
757 2596971 
758 2596972 
759 2596972 
760 2596972 
761 2596973 
762 2596973 
763 2596973 
764 2596974 
765 2596974 
766 2596983 
767 2596983 
768 2596984 
769 2596985 
770 2596985 
771 2596985 
772 2596987 
773 2596989 
774 2596990 
775 2596991 
776 2596993 
777 2596996 
778 2596998 
779 2596998 
780 2596998 
781 2597000 
782 2597000 
783 2597002 
784 2597002 
785 2597002 
786 2597004 
787 2597005 
788 2597010 
789 2597013 
790 2597013 
791 2597013 
792 2597016 
793 2597018 
794 2597023 
795 2597023 
796 2597026 
797 2597029 
798 2597031 
799 2597032 
800 2597032 
801 2597032 
802 2597033 
803 2597033 
804 2597038 
805 2597039 
806 2597041 
807 2597042 
808 2597045 
809 2597046 
810 2597048 
811 2597050 
812 2597052 
813 2597052 
814 2597054 
815 2597061 
816 2597061 
817 2597062 
818 2597062 
819 2597063 
820 2597063 
821 2597063 
822 2597064 
823 2597064 
824 2597064 
825 2597067 
826 2597067 
827 2597067 
828 2597068 
829 2597069 
830 2597069 
831 2597070 
832 2597070 
833 2597071 
834 2597071 
835 2597072 
836 2597072 
837 2597074 
838 2597074 
839 2597075 
840 2597079 
841 2597082 
842 2597082 
843 2597087 
844 2597087 
845 2597087 
846 2597088 
847 2597088 
848 2597089 
849 2597090 
850 2597090 
851 2597090 
852 2597093 
853 2597094 
854 2597094 
855 2597094 
856 2597094 
857 2597095 
858 2597095 
859 2597095 
860 2597097 
861 2597099 
862 2597099 
863 2597100 
864 2597100 
865 2597101 
866 2597105 
867 2597105 
868 2597106 
869 2597107 
870 2597109 
871 2597110 
872 2597111 
873 2597113 
874 2597114 
875 2597117 
876 2597117 
877 2597120 
878 2597121 
879 2597121 
880 2597123 
881 2597124 
882 2597125 
883 2597125 
884 2597125 
885 2597127 
886 2597133 
887 2597137 
888 2597140 
889 2597140 
890 2597140 
891 2597141 
892 2597142 
893 2597143 
894 2597143 
895 2597144 
896 2597145 
897 2597145 
898 2597146 
899 2597146 
900 2597146 
901 2597147 
902 2597147 
903 2597147 
904 2597147 
905 2597149 
906 2597149 
907 2597150 
908 2597151 
909 2597152 
910 2597152 
911 2597152 
912 2597153 
913 2597153 
914 2597153 
915 2597154 
916 2597157 
917 2597172 
918 2597172 
919 2597173 
920 2597173 
921 2597174 
922 2597177 
923 2597179 
924 2597180 
925 2597180 
926 2597183 
927 2597183 
928 2597184 
929 2597184 
930 2597184 
931 2597184 
932 2597190 
933 2597194 
934 2597194 
935 2597196 
936 2597198 
937 2597211 
938 2597218 
939 2597220 
940 2597221 
941 2597221 
942 2597222 
943 2597223 
944 2597225 
945 2597228 
946 2597234 
947 2597234 
948 2597235 
949 2597236 
950 2597236 
951 2597237 
952 2597238 
953 2597238 
954 2597239 
955 2597239 
956 2597240 
957 2597241 
958 2597243 
959 2597244 
960 2597244 
961 2597245 
962 2597247 
963 2597250 
964 2597254 
965 2597254 
966 2597259 
967 2597259 
968 2597259 
969 2597260 
970 2597260 
971 2597261 
972 2597262 
973 2597263 
974 2597266 
975 2597267 
976 2597268 
977 2597271 
978 2597274 
979 2597274 
980 2597276 
981 2597278 
982 2597278 
983 2597279 
984 2597279 
985 2597279 
986 2597281 
987 2597286 
988 2597286 
989 2597290 
990 2597291 
991 2597292 
992 2597292 
993 2597292 
994 2597292 
995 2597293 
996 2597293 
997 2597293 
998 2597294 
999 2597294 
1000 2597296 
1001 2597297 
1002 2597299 
1003 2597301 
1004 2597303 
1005 2597303 
1006 2597305 
1007 2597305 
1008 2597306 
1009 2597307 
1010 2597308 
1011 2597310 
1012 2597311 
1013 2597311 
1014 2597312 
1015 2597313 
1016 2597313 
1017 2597313 
1018 2597313 
1019 2597314 
1020 2597315 
1021 2597319 
1022 2597319 
1023 2597321 
1024 2597321 
1025 2597322 
1026 2597324 
1027 2597325 
1028 2597325 
1029 2597327 
1030 2597327 
1031 2597327 
1032 2597329 
1033 2597331 
1034 2597331 
1035 2597331 
1036 2597332 
1037 2597332 
1038 2597333 
1039 2597333 
1040 2597333 
1041 2597333 
1042 2597334 
1043 2597334 
1044 2597334 
1045 2597335 
1046 2597335 
1047 2597336 
1048 2597336 
1049 2597336 
1050 2597337 
1051 2597337 
1052 2597337 
1053 2597337 
1054 2597338 
1055 2597340 
1056 2597340 
1057 2597340 
1058 2597341 
1059 2597341 
1060 2597341 
1061 2597341 
1062 2597342 
1063 2597342 
1064 2597343 
1065 2597343 
1066 2597343 
1067 2597344 
1068 2597344 
1069 2597344 
1070 2597345 
1071 2597345 
1072 2597345 
1073 2597346 
1074 2597348 
1075 2597352 
1076 2597354 
1077 2597354 
1078 2597355 
1079 2597355 
1080 2597355 
1081 2597358 
1082 2597358 
1083 2597360 
1084 2597360 
1085 2597363 
1086 2597365 
1087 2597366 
1088 2597366 
1089 2597366 
1090 2597366 
1091 2597368 
1092 2597369 
1093 2597369 
1094 2597369 
1095 2597371 
1096 2597372 
1097 2597375 
1098 2597375 
1099 2597376 
1100 2597376 
1101 2597376 
1102 2597377 
1103 2597384 
1104 2597384 
1105 2597388 
1106 2597388 
1107 2597389 
1108 2597389 
1109 2597390 
1110 2597390 
1111 2597391 
1112 2597392 
1113 2597393 
1114 2597393 
1115 2597393 
1116 2597396 
1117 2597397 
1118 2597398 
1119 2597399 
1120 2597400 
1121 2597400 
1122 2597401 
1123 2597401 
1124 2597401 
1125 2597402 
1126 2597406 
1127 2597414 
1128 2597417 
1129 2597417 
1130 2597418 
1131 2597418 
1132 2597420 
1133 2597426 
1134 2597427 
1135 2597429 
1136 2597430 
1137 2597431 
1138 2597434 
1139 2597435 
1140 2597435 
1141 2597436 
1142 2597437 
1143 2597437 
1144 2597438 
1145 2597441 
1146 2597441 
1147 2597443 
1148 2597443 
1149 2597443 
1150 2597446 
1151 2597450 
1152 2597453 
1153 2597453 
1154 2597454 
1155 2597454 
1156 2597456 
1157 2597457 
1158 2597458 
1159 2597458 
1160 2597458 
1161 2597459 
1162 2597459 
1163 2597459 
1164 2597460 
1165 2597464 
1166 2597466 
1167 2597473 
1168 2597476 
1169 2597478 
1170 2597480 
1171 2597483 
1172 2597488 
1173 2597489 
1174 2597489 
1175 2597491 
1176 2597492 
1177 2597496 
1178 2597497 
1179 2597502 
1180 2597503 
1181 2597504 
1182 2597505 
1183 2597506 
1184 2597506 
1185 2597507 
1186 2597509 
1187 2597510 
1188 2597513 
1189 2597517 
1190 2597520 
1191 2597521 
1192 2597521 
1193 2597521 
1194 2597521 
1195 2597522 
1196 2597524 
1197 2597524 
1198 2597529 
1199 2597530 
1200 2597530 
1201 2597530 
1202 2597531 
1203 2597532 
1204 2597532 
1205 2597533 
1206 2597533 
1207 2597535 
1208 2597535 
1209 2597537 
1210 2597538 
1211 2597541 
1212 2597541 
1213 2597541 
1214 2597542 
1215 2597542 
1216 2597543 
1217 2597543 
1218 2597543 
1219 2597543 
1220 2597543 
1221 2597544 
1222 2597544 
1223 2597549 
1224 2597549 
1225 2597550 
1226 2597550 
1227 2597551 
1228 2597551 
1229 2597551 
1230 2597552 
1231 2597552 
1232 2597553 
1233 2597553 
1234 2597554 
1235 2597554 
1236 2597555 
1237 2597555 
1238 2597557 
1239 2597557 
1240 2597558 
1241 2597558 
1242 2597558 
1243 2597559 
1244 2597559 
1245 2597559 
1246 2597559 
1247 2597560 
1248 2597560 
1249 2597560 
1250 2597561 
1251 2597561 
1252 2597561 
1253 2597562 
1254 2597562 
1255 2597562 
1256 2597563 
1257 2597563 
1258 2597564 
1259 2597564 
1260 2597564 
1261 2597565 
1262 2597565 
1263 2597565 
1264 2597566 
1265 2597566 
1266 2597567 
1267 2597568 
1268 2597568 
1269 2597568 
1270 2597569 
1271 2597569 
1272 2597570 
1273 2597570 
1274 2597572 
1275 2597580 
1276 2597582 
1277 2597583 
1278 2597583 
1279 2597586 
1280 2597588 
1281 2597589 
1282 2597590 
1283 2597590 
1284 2597592 
1285 2597592 
1286 2597592 
1287 2597593 
1288 2597593 
1289 2597598 
1290 2597598 
1291 2597598 
1292 2597599 
1293 2597599 
1294 2597599 
1295 2597600 
1296 2597600 
1297 2597600 
1298 2597601 
1299 2597601 
1300 2597601 
1301 2597602 
1302 2597602 
1303 2597602 
1304 2597603 
1305 2597605 
1306 2597605 
1307 2597606 
1308 2597606 
1309 2597606 
1310 2597607 
1311 2597607 
1312 2597608 
1313 2597608 
1314 2597608 
1315 2597609 
1316 2597609 
1317 2597609 
1318 2597610 
1319 2597610 
1320 2597614 
1321 2597619 
1322 2597622 
1323 2597627 
1324 2597628 
1325 2597630 
1326 2597632 
1327 2597632 
1328 2597632 
1329 2597634 
1330 2597641 
1331 2597648 
1332 2597651 
1333 2597651 
1334 2597653 
1335 2597655 
1336 2597658 
1337 2597658 
1338 2597659 
1339 2597659 
1340 2597659 
1341 2597659 
1342 2597660 
1343 2597662 
1344 2597666 
1345 2597668 
1346 2597669 
1347 2597669 
1348 2597669 
1349 2597671 
1350 2597674 
1351 2597674 
1352 2597678 
1353 2597680 
1354 2597683 
1355 2597683 
1356 2597685 
1357 2597687 
1358 2597688 
1359 2597705 
1360 2597709 
1361 2597710 
1362 2597710 
1363 2597712 
1364 2597713 
1365 2597719 
1366 2597723 
1367 2597724 
1368 2597726 
1369 2597726 
1370 2597728 
1371 2597729 
1372 2597730 
1373 2597731 
1374 2597731 
1375 2597732 
1376 2597732 
1377 2597735 
1378 2597738 
1379 2597738 
1380 2597738 
1381 2597739 
1382 2597739 
1383 2597739 
1384 2597740 
1385 2597740 
1386 2597740 
1387 2597741 
1388 2597741 
1389 2597744 
1390 2597747 
1391 2597752 
1392 2597754 
1393 2597758 
1394 2597760 
1395 2597761 
1396 2597761 
1397 2597763 
1398 2597764 
1399 2597766 
1400 2597766 
1401 2597766 
1402 2597768 
1403 2597768 
1404 2597768 
1405 2597771 
1406 2597771 
1407 2597772 
1408 2597772 
1409 2597772 
1410 2597773 
1411 2597773 
1412 2597773 
1413 2597773 
1414 2597773 
1415 2597774 
1416 2597774 
1417 2597774 
1418 2597774 
1419 2597774 
1420 2597780 
1421 2597780 
1422 2597780 
1423 2597803 
1424 2597808 
1425 2597811 
1426 2597816 
1427 2597816 
1428 2597817 
1429 2597822 
1430 2597826 
1431 2597826 
1432 2597827 
1433 2597827 
1434 2597828 
1435 2597828 
1436 2597828 
1437 2597829 
1438 2597829 
1439 2597830 
1440 2597830 
1441 2597831 
1442 2597837 
1443 2597839 
1444 2597840 
1445 2597843 
1446 2597843 
1447 2597845 
1448 2597847 
1449 2597847 
1450 2597847 
1451 2597849 
1452 2597849 
1453 2597856 
1454 2597856 
1455 2597856 
1456 2597861 
1457 2597863 
1458 2597863 
1459 2597866 
1460 2597868 
1461 2597869 
1462 2597869 
1463 2597869 
1464 2597873 
1465 2597874 
1466 2597877 
1467 2597893 
1468 2597893 
1469 2597914 
1470 2597915 
1471 2597917 
1472 2597918 
1473 2597920 
1474 2597921 
1475 2597921 
1476 2597921 
1477 2597923 
1478 2597926 
1479 2597930 
1480 2597937 
1481 2597939 
1482 2597939 
1483 2597939 
1484 2597941 
1485 2597942 
1486 2597944 
1487 2597950 
1488 2597959 
1489 2597961 
1490 2597965 
1491 2597967 
1492 2597967 
1493 2597967 
1494 2597968 
1495 2597968 
1496 2597968 
1497 2597969 
1498 2597969 
1499 2597969 
1500 2597970 
1501 2597970 
1502 2597970 
1503 2597971 
1504 2597971 
1505 2597971 
1506 2597972 
1507 2597973 
1508 2597973 
1509 2597977 
1510 2597980 
1511 2597980 
1512 2597980 
1513 2597980 
1514 2597981 
1515 2597981 
1516 2597981 
1517 2597982 
1518 2597982 
1519 2597982 
1520 2597983 
1521 2597983 
1522 2597983 
1523 2597983 
1524 2597984 
1525 2597984 
1526 2597984 
1527 2597985 
1528 2597985 
1529 2597988 
1530 2597988 
1531 2597989 
1532 2597989 
1533 2597989 
1534 2597991 
1535 2597991 
1536 2597991 
1537 2597993 
1538 2597997 
1539 2598008 
1540 2598008 
1541 2598009 
1542 2598009 
1543 2598009 
1544 2598010 
1545 2598010 
1546 2598013 
1547 2598013 
1548 2598013 
1549 2598014 
1550 2598015 
1551 2598016 
1552 2598034 
1553 2598037 
1554 2598038 
1555 2598038 
1556 2598040 
1557 2598043 
1558 2598056 
1559 2598058 
1560 2598058 
1561 2598060 
1562 2598062 
1563 2598066 
1564 2598067 
1565 2598077 
1566 2598079 
1567 2598080 
1568 2598080 
1569 2598082 
1570 2598093 
1571 2598094 
1572 2598096 
1573 2598096 
1574 2598098 
1575 2598100 
1576 2598119 
1577 2598121 
1578 2598122 
1579 2598122 
1580 2598128 
1581 2598128 
1582 2598129 
1583 2598129 
1584 2598132 
1585 2598141 
1586 2598142 
1587 2598143 
1588 2598147 
1589 2598147 
1590 2598148 
1591 2598149 
1592 2598151 
1593 2598153 
1594 2598155 
1595 2598155 
1596 2598156 
1597 2598156 
1598 2598157 
1599 2598157 
1600 2598157 
1601 2598158 
1602 2598158 
1603 2598158 
1604 2598162 
1605 2598163 
1606 2598163 
1607 2598164 
1608 2598164 
1609 2598165 
1610 2598167 
1611 2598168 
1612 2598168 
1613 2598170 
1614 2598175 
1615 2598176 
1616 2598176 
1617 2598177 
1618 2598179 
1619 2598180 
1620 2598184 
1621 2598188 
1622 2598191 
1623 2598191 
1624 2598193 
1625 2598194 
1626 2598197 
1627 2598197 
1628 2598209 
1629 2598215 
1630 2598217 
1631 2598220 
1632 2598227 
1633 2598228 
1634 2598228 
1635 2598230 
1636 2598230 
1637 2598231 
1638 2598234 
1639 2598235 
1640 2598235 
1641 2598235 
1642 2598236 
1643 2598236 
1644 2598237 
1645 2598241 
1646 2598244 
1647 2598245 
1648 2598245 
1649 2598246 
1650 2598247 
1651 2598251 
1652 2598253 
1653 2598257 
1654 2598257 
1655 2598257 
1656 2598258 
1657 2598262 
1658 2598262 
1659 2598262 
1660 2598263 
1661 2598263 
1662 2598263 
1663 2598267 
1664 2598269 
1665 2598269 
1666 2598272 
1667 2598272 
1668 2598272 
1669 2598273 
1670 2598273 
1671 2598276 
1672 2598278 
1673 2598282 
1674 2598282 
1675 2598287 
1676 2598291 
1677 2598304 
1678 2598304 
1679 2598308 
1680 2598309 
1681 2598313 
1682 2598323 
1683 2598324 
1684 2598328 
1685 2598331 
1686 2598334 
1687 2598335 
1688 2598335 
1689 2598337 
1690 2598338 
1691 2598343 
1692 2598344 
1693 2598345 
1694 2598347 
1695 2598348 
1696 2598349 
1697 2598350 
1698 2598354 
1699 2598360 
1700 2598364 
1701 2598367 
1702 2598369 
1703 2598388 
1704 2598391 
1705 2598393 
1706 2598397 
1707 2598400 
1708 2598403 
1709 2598403 
1710 2598406 
1711 2598407 
1712 2598416 
1713 2598416 
1714 2598417 
1715 2598417 
1716 2598422 
1717 2598425 
1718 2598426 
1719 2598427 
1720 2598429 
1721 2598432 
1722 2598434 
1723 2598435 
1724 2598436 
1725 2598438 
1726 2598439 
1727 2598443 
1728 2598443 
1729 2598443 
1730 2598443 
1731 2598445 
1732 2598445 
1733 2598446 
1734 2598446 
1735 2598446 
1736 2598446 
1737 2598453 
1738 2598455 
1739 2598457 
1740 2598458 
1741 2598458 
1742 2598460 
1743 2598461 
1744 2598462 
1745 2598464 
1746 2598465 
1747 2598466 
1748 2598467 
1749 2598468 
1750 2598469 
1751 2598470 
1752 2598471 
1753 2598472 
1754 2598475 
1755 2598477 
1756 2598477 
1757 2598478 
1758 2598480 
1759 2598481 
1760 2598481 
1761 2598482 
1762 2598482 
1763 2598483 
1764 2598486 
1765 2598487 
1766 2598489 
1767 2598492 
1768 2598497 
1769 2598498 
1770 2598498 
1771 2598506 
1772 2598508 
1773 2598510 
1774 2598512 
1775 2598514 
1776 2598516 
1777 2598518 
1778 2598520 
1779 2598529 
1780 2598529 
1781 2598530 
1782 2598535 
1783 2598535 
1784 2598538 
1785 2598538 
1786 2598539 
1787 2598539 
1788 2598539 
1789 2598542 
1790 2598549 
1791 2598553 
1792 2598554 
1793 2598554 
1794 2598555 
1795 2598557 
1796 2598558 
1797 2598558 
1798 2598562 
1799 2598564 
1800 2598565 
1801 2598565 
1802 2598565 
1803 2598566 
1804 2598566 
1805 2598566 
1806 2598567 
1807 2598582 
1808 2598586 
1809 2598588 
1810 2598589 
1811 2598590 
1812 2598590 
1813 2598592 
1814 2598602 
1815 2598602 
1816 2598604 
1817 2598605 
1818 2598605 
1819 2598606 
1820 2598608 
1821 2598608 
1822 2598610 
1823 2598610 
1824 2598612 
1825 2598616 
1826 2598617 
1827 2598622 
1828 2598624 
1829 2598628 
1830 2598630 
1831 2598632 
1832 2598633 
1833 2598634 
1834 2598634 
1835 2598634 
1836 2598637 
1837 2598642 
1838 2598645 
1839 2598645 
1840 2598647 
1841 2598648 
1842 2598650 
1843 2598650 
1844 2598652 
1845 2598653 
1846 2598653 
1847 2598654 
1848 2598654 
1849 2598657 
1850 2598659 
1851 2598661 
1852 2598665 
1853 2598667 
1854 2598668 
1855 2598671 
1856 2598675 
1857 2598677 
1858 2598678 
1859 2598678 
1860 2598680 
1861 2598681 
1862 2598683 
1863 2598683 
1864 2598683 
1865 2598684 
1866 2598684 
1867 2598685 
1868 2598685 
1869 2598686 
1870 2598687 
1871 2598693 
1872 2598696 
1873 2598698 
1874 2598700 
1875 2598705 
1876 2598706 
1877 2598706 
1878 2598711 
1879 2598712 
1880 2598713 
1881 2598716 
1882 2598717 
1883 2598719 
1884 2598720 
1885 2598720 
1886 2598723 
1887 2598730 
1888 2598731 
1889 2598731 
1890 2598731 
1891 2598734 
1892 2598736 
1893 2598736 
1894 2598737 
1895 2598738 
1896 2598738 
1897 2598741 
1898 2598741 
1899 2598741 
1900 2598742 
1901 2598743 
1902 2598747 
1903 2598747 
1904 2598747 
1905 2598747 
1906 2598748 
1907 2598750 
1908 2598751 
1909 2598753 
1910 2598754 
1911 2598754 
1912 2598754 
1913 2598754 
1914 2598760 
1915 2598761 
1916 2598764 
1917 2598764 
1918 2598767 
1919 2598767 
1920 2598768 
1921 2598768 
1922 2598768 
1923 2598769 
1924 2598769 
1925 2598771 
1926 2598772 
1927 2598772 
1928 2598772 
1929 2598777 
1930 2598778 
1931 2598778 
1932 2598780 
1933 2598782 
1934 2598784 
1935 2598786 
1936 2598786 
1937 2598786 
1938 2598787 
1939 2598791 
1940 2598805 
1941 2598805 
1942 2598810 
1943 2598813 
1944 2598820 
1945 2598820 
1946 2598820 
1947 2598821 
1948 2598827 
1949 2598830 
1950 2598830 
1951 2598831 
1952 2598834 
1953 2598835 
1954 2598835 
1955 2598835 
1956 2598836 
1957 2598836 
1958 2598836 
1959 2598837 
1960 2598837 
1961 2598843 
1962 2598843 
1963 2598845 
1964 2598847 
1965 2598858 
1966 2598858 
1967 2598860 
1968 2598861 
1969 2598864 
1970 2598864 
1971 2598865 
1972 2598867 
1973 2598867 
1974 2598867 
1975 2598870 
1976 2598870 
1977 2598871 
1978 2598874 
1979 2598878 
1980 2598878 
1981 2598879 
1982 2598879 
1983 2598882 
1984 2598886 
1985 2598896 
1986 2598896 
1987 2598896 
1988 2598897 
1989 2598901 
1990 2598901 
1991 2598911 
1992 2598911 
1993 2598912 
1994 2598914 
1995 2598922 
1996 2598923 
1997 2598923 
1998 2598923 
1999 2598924 
2000 2598924 
2001 2598924 
2002 2598924 
2003 2598925 
2004 2598925 
2005 2598926 
2006 2598926 
2007 2598926 
2008 2598929 
2009 2598936 
2010 2598939 
2011 2598939 
2012 2598939 
2013 2598949 
2014 2598950 
2015 2598950 
2016 2598950 
2017 2598951 
2018 2598951 
2019 2598951 
2020 2598952 
2021 2598952 
2022 2598952 
2023 2598955 
2024 2598955 
2025 2598956 
2026 2598956 
2027 2598956 
2028 2598961 
2029 2598961 
2030 2598964 
2031 2598967 
2032 2598967 
2033 2598967 
2034 2598969 
2035 2598972 
2036 2598982 
2037 2598983 
2038 2598983 
2039 2598984 
2040 2598985 
2041 2598989 
2042 2598989 
2043 2598989 
2044 2599033 
2045 2599037 
2046 2599038 
2047 2599038 
2048 2599038 
2049 2599039 
2050 2599041 
2051 2599045 
2052 2599047 
2053 2599047 
2054 2599050 
2055 2599052 
2056 2599053 
2057 2599053 
2058 2599054 
2059 2599055 
2060 2599056 
2061 2599058 
2062 2599060 
2063 2599062 
2064 2599064 
2065 2599065 
2066 2599066 
2067 2599067 
2068 2599071 
2069 2599077 
2070 2599091 
2071 2599099 
2072 2599101 
2073 2599101 
2074 2599102 
2075 2599102 
2076 2599103 
2077 2599103 
2078 2599104 
2079 2599104 
2080 2599104 
2081 2599105 
2082 2599105 
2083 2599105 
2084 2599108 
2085 2599108 
2086 2599109 
2087 2599113 
2088 2599113 
2089 2599116 
2090 2599118 
2091 2599119 
2092 2599123 
2093 2599127 
2094 2599128 
2095 2599128 
2096 2599129 
2097 2599133 
2098 2599134 
2099 2599136 
2100 2599142 
2101 2599145 
2102 2599147 
2103 2599148 
2104 2599149 
2105 2599149 
2106 2599149 
2107 2599155 
2108 2599155 
2109 2599155 
2110 2599156 
2111 2599156 
2112 2599157 
2113 2599163 
2114 2599167 
2115 2599167 
2116 2599172 
2117 2599181 
2118 2599182 
2119 2599183 
2120 2599185 
2121 2599185 
2122 2599186 
2123 2599186 
2124 2599187 
2125 2599189 
2126 2599190 
2127 2599193 
2128 2599197 
