1 2480400 
2 2480401 
3 2480402 
4 2480402 
5 2480402 
6 2480403 
7 2480403 
8 2480403 
9 2480404 
10 2480404 
11 2480405 
12 2480405 
13 2480405 
14 2480406 
15 2480406 
16 2480406 
17 2480406 
18 2480407 
19 2480407 
20 2480408 
21 2480408 
22 2480409 
23 2480409 
24 2480409 
25 2480410 
26 2480410 
27 2480410 
28 2480410 
29 2480411 
30 2480411 
31 2480411 
32 2480412 
33 2480412 
34 2480412 
35 2480413 
36 2480413 
37 2480414 
38 2480414 
39 2480415 
40 2480415 
41 2480416 
42 2480416 
43 2480418 
44 2480419 
45 2480419 
46 2480420 
47 2480420 
48 2480420 
49 2480421 
50 2480422 
51 2480422 
52 2480422 
53 2480423 
54 2480423 
55 2480423 
56 2480424 
57 2480424 
58 2480424 
59 2480425 
60 2480425 
61 2480425 
62 2480426 
63 2480426 
64 2480426 
65 2480427 
66 2480427 
67 2480427 
68 2480428 
69 2480428 
70 2480428 
71 2480428 
72 2480429 
73 2480432 
74 2480433 
75 2480433 
76 2480434 
77 2480434 
78 2480435 
79 2480436 
80 2480436 
81 2480437 
82 2480438 
83 2480438 
84 2480439 
85 2480439 
86 2480439 
87 2480440 
88 2480440 
89 2480440 
90 2480441 
91 2480441 
92 2480441 
93 2480443 
94 2480443 
95 2480443 
96 2480444 
97 2480444 
98 2480444 
99 2480445 
100 2480446 
101 2480446 
102 2480446 
103 2480447 
104 2480447 
105 2480447 
106 2480448 
107 2480448 
108 2480448 
109 2480449 
110 2480449 
111 2480452 
112 2480452 
113 2480452 
114 2480453 
115 2480453 
116 2480453 
117 2480454 
118 2480454 
119 2480454 
120 2480455 
121 2480455 
122 2480455 
123 2480456 
124 2480457 
125 2480457 
126 2480458 
127 2480463 
128 2480466 
129 2480466 
130 2480470 
131 2480475 
132 2480476 
133 2480476 
134 2480476 
135 2480477 
136 2480477 
137 2480477 
138 2480478 
139 2480482 
140 2480482 
141 2480483 
142 2480485 
143 2480487 
144 2480487 
145 2480488 
146 2480488 
147 2480488 
148 2480489 
149 2480489 
150 2480489 
151 2480490 
152 2480491 
153 2480492 
154 2480494 
155 2480494 
156 2480497 
157 2480501 
158 2480507 
159 2480508 
160 2480508 
161 2480508 
162 2480509 
163 2480512 
164 2480512 
165 2480513 
166 2480514 
167 2480515 
168 2480515 
169 2480515 
170 2480518 
171 2480518 
172 2480527 
173 2480527 
174 2480528 
175 2480531 
176 2480532 
177 2480534 
178 2480537 
179 2480539 
180 2480539 
181 2480540 
182 2480540 
183 2480540 
184 2480541 
185 2480541 
186 2480541 
187 2480542 
188 2480542 
189 2480542 
190 2480542 
191 2480543 
192 2480543 
193 2480546 
194 2480547 
195 2480548 
196 2480548 
197 2480550 
198 2480551 
199 2480556 
200 2480556 
201 2480556 
202 2480556 
203 2480557 
204 2480557 
205 2480557 
206 2480558 
207 2480558 
208 2480558 
209 2480559 
210 2480559 
211 2480559 
212 2480559 
213 2480560 
214 2480561 
215 2480564 
216 2480569 
217 2480570 
218 2480570 
219 2480571 
220 2480571 
221 2480572 
222 2480573 
223 2480573 
224 2480574 
225 2480574 
226 2480574 
227 2480575 
228 2480575 
229 2480575 
230 2480576 
231 2480576 
232 2480577 
233 2480578 
234 2480578 
235 2480580 
236 2480581 
237 2480581 
238 2480582 
239 2480588 
240 2480589 
241 2480589 
242 2480589 
243 2480590 
244 2480590 
245 2480590 
246 2480591 
247 2480594 
248 2480594 
249 2480596 
250 2480596 
251 2480599 
252 2480599 
253 2480599 
254 2480600 
255 2480601 
256 2480602 
257 2480602 
258 2480603 
259 2480603 
260 2480603 
261 2480604 
262 2480604 
263 2480608 
264 2480608 
265 2480609 
266 2480609 
267 2480609 
268 2480610 
269 2480610 
270 2480615 
271 2480615 
272 2480617 
273 2480617 
274 2480622 
275 2480630 
276 2480637 
277 2480642 
278 2480642 
279 2480642 
280 2480643 
281 2480643 
282 2480643 
283 2480645 
284 2480645 
285 2480645 
286 2480650 
287 2480652 
288 2480653 
289 2480653 
290 2480653 
291 2480654 
292 2480654 
293 2480655 
294 2480655 
295 2480655 
296 2480656 
297 2480659 
298 2480659 
299 2480660 
300 2480660 
301 2480661 
302 2480661 
303 2480666 
304 2480667 
305 2480667 
306 2480667 
307 2480668 
308 2480668 
309 2480668 
310 2480669 
311 2480669 
312 2480669 
313 2480670 
314 2480670 
315 2480670 
316 2480670 
317 2480671 
318 2480671 
319 2480671 
320 2480672 
321 2480672 
322 2480672 
323 2480673 
324 2480681 
325 2480681 
326 2480681 
327 2480682 
328 2480682 
329 2480683 
330 2480685 
331 2480686 
332 2480690 
333 2480694 
334 2480696 
335 2480696 
336 2480696 
337 2480699 
338 2480700 
339 2480708 
340 2480722 
341 2480723 
342 2480723 
343 2480723 
344 2480724 
345 2480725 
346 2480725 
347 2480725 
348 2480726 
349 2480726 
350 2480727 
351 2480758 
352 2480758 
353 2480759 
354 2480760 
355 2480761 
356 2480761 
357 2480762 
358 2480762 
359 2480763 
360 2480763 
361 2480763 
362 2480763 
363 2480764 
364 2480764 
365 2480764 
366 2480765 
367 2480765 
368 2480765 
369 2480765 
370 2480767 
371 2480768 
372 2480768 
373 2480768 
374 2480769 
375 2480769 
376 2480770 
377 2480770 
378 2480770 
379 2480770 
380 2480779 
381 2480780 
382 2480787 
383 2480788 
384 2480788 
385 2480788 
386 2480789 
387 2480790 
388 2480791 
389 2480792 
390 2480792 
391 2480793 
392 2480800 
393 2480800 
394 2480863 
395 2480867 
396 2480867 
397 2480868 
398 2480868 
399 2480868 
400 2480869 
401 2480869 
402 2480870 
403 2480870 
404 2480870 
405 2480871 
406 2480871 
407 2480871 
408 2480872 
409 2480872 
410 2480873 
411 2480873 
412 2480873 
413 2480873 
414 2480874 
415 2480874 
416 2480874 
417 2480875 
418 2480876 
419 2480876 
420 2480878 
421 2480878 
422 2480879 
423 2480879 
424 2480879 
425 2480880 
426 2480880 
427 2480880 
428 2480881 
429 2480881 
430 2480881 
431 2480882 
432 2480882 
433 2480882 
434 2480883 
435 2480883 
436 2480883 
437 2480884 
438 2480884 
439 2480884 
440 2480885 
441 2480885 
442 2480885 
443 2480885 
444 2480886 
445 2480886 
446 2480886 
447 2480887 
448 2480887 
449 2480887 
450 2480887 
451 2480889 
452 2480890 
453 2480890 
454 2480891 
455 2480891 
456 2480891 
457 2480892 
458 2480892 
459 2480892 
460 2480893 
461 2480893 
462 2480893 
463 2480894 
464 2480894 
465 2480895 
466 2480895 
467 2480895 
468 2480896 
469 2480896 
470 2480897 
471 2480897 
472 2480898 
473 2480898 
474 2480899 
475 2480900 
476 2480901 
477 2480901 
478 2480902 
479 2480902 
480 2480903 
481 2480903 
482 2480903 
483 2480904 
484 2480904 
485 2480904 
486 2480905 
487 2480905 
488 2480906 
489 2480907 
490 2480907 
491 2480907 
492 2480910 
493 2480910 
494 2480911 
495 2480911 
496 2480911 
497 2480912 
498 2480912 
499 2480912 
500 2480913 
501 2480913 
502 2480913 
503 2480914 
504 2480914 
505 2480914 
506 2480915 
507 2480915 
508 2480931 
509 2480931 
510 2480931 
511 2480932 
512 2480933 
513 2480933 
514 2480934 
515 2480935 
516 2480935 
517 2480937 
518 2480937 
519 2480939 
520 2480939 
521 2480940 
522 2480941 
523 2480941 
524 2480941 
525 2480942 
526 2480942 
527 2480943 
528 2480943 
529 2480944 
530 2480950 
531 2480950 
532 2480950 
533 2480950 
534 2480950 
535 2480951 
536 2480951 
537 2480951 
538 2480951 
539 2480952 
540 2480952 
541 2480952 
542 2480952 
543 2480953 
544 2480953 
545 2480953 
546 2480953 
547 2480954 
548 2480954 
549 2480954 
550 2480954 
551 2480954 
552 2480955 
553 2480955 
554 2480955 
555 2480955 
556 2480955 
557 2480956 
558 2480956 
559 2480956 
560 2480956 
561 2480958 
562 2480959 
563 2480959 
564 2480960 
565 2480960 
566 2480961 
567 2480961 
568 2480961 
569 2480961 
570 2480962 
571 2480962 
572 2480962 
573 2480963 
574 2480963 
575 2480963 
576 2480963 
577 2480964 
578 2480964 
579 2480964 
580 2480964 
581 2480965 
582 2480965 
583 2480965 
584 2480965 
585 2480966 
586 2480966 
587 2480966 
588 2480966 
589 2480966 
590 2480966 
591 2480966 
592 2480967 
593 2480967 
594 2480967 
595 2480967 
596 2480967 
597 2480968 
598 2480968 
599 2480968 
600 2480968 
601 2480968 
602 2480968 
603 2480969 
604 2480969 
605 2480969 
606 2480969 
607 2480970 
608 2480970 
609 2480970 
610 2480970 
611 2480970 
612 2480970 
613 2480971 
614 2480971 
615 2480971 
616 2480971 
617 2480971 
618 2480971 
619 2480972 
620 2480972 
621 2480972 
622 2480972 
623 2480972 
624 2480972 
625 2480973 
626 2480973 
627 2480973 
628 2480974 
629 2480974 
630 2480974 
631 2480974 
632 2480975 
633 2480975 
634 2480975 
635 2480975 
636 2480975 
637 2480976 
638 2480976 
639 2480977 
640 2480977 
641 2480977 
642 2480977 
643 2480978 
644 2480978 
645 2480978 
646 2480979 
647 2480979 
648 2480979 
649 2480979 
650 2480979 
651 2480980 
652 2480980 
653 2480980 
654 2480980 
655 2480981 
656 2480981 
657 2480981 
658 2480981 
659 2480982 
660 2480982 
661 2480982 
662 2480983 
663 2480983 
664 2480983 
665 2480983 
666 2480983 
667 2480984 
668 2480984 
669 2480984 
670 2480984 
671 2480985 
672 2480985 
673 2480985 
674 2480985 
675 2480986 
676 2480986 
677 2480987 
678 2480987 
679 2480987 
680 2480988 
681 2480988 
682 2480988 
683 2480988 
684 2480988 
685 2480989 
686 2480989 
687 2480989 
688 2480989 
689 2480989 
690 2480989 
691 2480989 
692 2480990 
693 2480990 
694 2480990 
695 2480990 
696 2480991 
697 2480991 
698 2480992 
699 2480992 
700 2480992 
701 2480992 
702 2480993 
703 2480994 
704 2480994 
705 2480994 
706 2480994 
707 2480995 
708 2480995 
709 2480995 
710 2480996 
711 2480996 
712 2480996 
713 2480996 
714 2480997 
715 2480997 
716 2480997 
717 2480998 
718 2480998 
719 2480998 
720 2480999 
721 2480999 
722 2480999 
723 2481001 
724 2481002 
725 2481003 
726 2481003 
727 2481003 
728 2481003 
729 2481003 
730 2481004 
731 2481004 
732 2481004 
733 2481004 
734 2481004 
735 2481005 
736 2481005 
737 2481005 
738 2481005 
739 2481005 
740 2481005 
741 2481006 
742 2481006 
743 2481006 
744 2481006 
745 2481006 
746 2481006 
747 2481007 
748 2481007 
749 2481007 
750 2481007 
751 2481007 
752 2481008 
753 2481008 
754 2481008 
755 2481008 
756 2481008 
757 2481009 
758 2481009 
759 2481009 
760 2481009 
761 2481009 
762 2481010 
763 2481010 
764 2481010 
765 2481010 
766 2481011 
767 2481011 
768 2481012 
769 2481012 
770 2481012 
771 2481012 
772 2481013 
773 2481013 
774 2481013 
775 2481014 
776 2481014 
777 2481014 
778 2481015 
779 2481015 
780 2481015 
781 2481016 
782 2481016 
783 2481016 
784 2481016 
785 2481016 
786 2481017 
787 2481017 
788 2481017 
789 2481018 
790 2481018 
791 2481018 
792 2481020 
793 2481020 
794 2481021 
795 2481021 
796 2481021 
797 2481021 
798 2481021 
799 2481022 
800 2481022 
801 2481022 
802 2481023 
803 2481023 
804 2481023 
805 2481023 
806 2481024 
807 2481024 
808 2481024 
809 2481024 
810 2481025 
811 2481025 
812 2481025 
813 2481025 
814 2481025 
815 2481025 
816 2481025 
817 2481026 
818 2481026 
819 2481026 
820 2481026 
821 2481026 
822 2481027 
823 2481027 
824 2481027 
825 2481027 
826 2481027 
827 2481028 
828 2481028 
829 2481028 
830 2481028 
831 2481028 
832 2481029 
833 2481029 
834 2481029 
835 2481029 
836 2481029 
837 2481030 
838 2481030 
839 2481030 
840 2481030 
841 2481030 
842 2481031 
843 2481031 
844 2481031 
845 2481031 
846 2481031 
847 2481032 
848 2481032 
849 2481032 
850 2481032 
851 2481032 
852 2481033 
853 2481033 
854 2481033 
855 2481033 
856 2481033 
857 2481034 
858 2481034 
859 2481034 
860 2481034 
861 2481034 
862 2481035 
863 2481035 
864 2481035 
865 2481035 
866 2481035 
867 2481035 
868 2481036 
869 2481036 
870 2481036 
871 2481036 
872 2481036 
873 2481036 
874 2481036 
875 2481037 
876 2481037 
877 2481037 
878 2481037 
879 2481037 
880 2481038 
881 2481038 
882 2481038 
883 2481038 
884 2481038 
885 2481038 
886 2481038 
887 2481039 
888 2481039 
889 2481039 
890 2481039 
891 2481039 
892 2481039 
893 2481040 
894 2481040 
895 2481040 
896 2481040 
897 2481040 
898 2481040 
899 2481041 
900 2481041 
901 2481041 
902 2481041 
903 2481041 
904 2481042 
905 2481042 
906 2481042 
907 2481042 
908 2481042 
909 2481043 
910 2481043 
911 2481043 
912 2481043 
913 2481043 
914 2481043 
915 2481044 
916 2481044 
917 2481044 
918 2481044 
919 2481045 
920 2481045 
921 2481045 
922 2481046 
923 2481046 
924 2481047 
925 2481047 
926 2481047 
927 2481048 
928 2481048 
929 2481048 
930 2481049 
931 2481049 
932 2481049 
933 2481049 
934 2481050 
935 2481050 
936 2481050 
937 2481050 
938 2481050 
939 2481050 
940 2481051 
941 2481051 
942 2481051 
943 2481051 
944 2481052 
945 2481052 
946 2481052 
947 2481052 
948 2481053 
949 2481053 
950 2481053 
951 2481053 
952 2481053 
953 2481054 
954 2481054 
955 2481054 
956 2481054 
957 2481055 
958 2481055 
959 2481055 
960 2481055 
961 2481056 
962 2481056 
963 2481057 
964 2481057 
965 2481057 
966 2481057 
967 2481058 
968 2481058 
969 2481059 
970 2481059 
971 2481059 
972 2481059 
973 2481059 
974 2481059 
975 2481060 
976 2481060 
977 2481061 
978 2481061 
979 2481061 
980 2481062 
981 2481062 
982 2481062 
983 2481062 
984 2481063 
985 2481063 
986 2481063 
987 2481063 
988 2481064 
989 2481064 
990 2481064 
991 2481064 
992 2481065 
993 2481065 
994 2481065 
995 2481065 
996 2481065 
997 2481066 
998 2481066 
999 2481066 
1000 2481066 
1001 2481067 
1002 2481067 
1003 2481067 
1004 2481067 
1005 2481067 
1006 2481068 
1007 2481068 
1008 2481068 
1009 2481068 
1010 2481069 
1011 2481069 
1012 2481069 
1013 2481069 
1014 2481070 
1015 2481070 
1016 2481070 
1017 2481070 
1018 2481070 
1019 2481070 
1020 2481071 
1021 2481071 
1022 2481071 
1023 2481071 
1024 2481072 
1025 2481072 
1026 2481072 
1027 2481072 
1028 2481072 
1029 2481073 
1030 2481073 
1031 2481073 
1032 2481073 
1033 2481073 
1034 2481074 
1035 2481074 
1036 2481074 
1037 2481074 
1038 2481075 
1039 2481075 
1040 2481075 
1041 2481075 
1042 2481076 
1043 2481076 
1044 2481076 
1045 2481076 
1046 2481076 
1047 2481076 
1048 2481077 
1049 2481077 
1050 2481077 
1051 2481077 
1052 2481078 
1053 2481078 
1054 2481078 
1055 2481078 
1056 2481078 
1057 2481079 
1058 2481079 
1059 2481079 
1060 2481079 
1061 2481079 
1062 2481080 
1063 2481080 
1064 2481080 
1065 2481080 
1066 2481080 
1067 2481080 
1068 2481081 
1069 2481081 
1070 2481081 
1071 2481081 
1072 2481082 
1073 2481082 
1074 2481082 
1075 2481082 
1076 2481082 
1077 2481083 
1078 2481083 
1079 2481083 
1080 2481083 
1081 2481083 
1082 2481084 
1083 2481084 
1084 2481084 
1085 2481084 
1086 2481085 
1087 2481085 
1088 2481085 
1089 2481086 
1090 2481086 
1091 2481086 
1092 2481086 
1093 2481087 
1094 2481087 
1095 2481087 
1096 2481088 
1097 2481088 
1098 2481088 
1099 2481089 
1100 2481089 
1101 2481089 
1102 2481089 
1103 2481090 
1104 2481090 
1105 2481090 
1106 2481090 
1107 2481091 
1108 2481091 
1109 2481091 
1110 2481091 
1111 2481092 
1112 2481092 
1113 2481092 
1114 2481092 
1115 2481093 
1116 2481093 
1117 2481093 
1118 2481093 
1119 2481094 
1120 2481094 
1121 2481094 
1122 2481095 
1123 2481095 
1124 2481095 
1125 2481096 
1126 2481096 
1127 2481096 
1128 2481096 
1129 2481097 
1130 2481097 
1131 2481097 
1132 2481097 
1133 2481098 
1134 2481099 
1135 2481100 
1136 2481100 
1137 2481100 
1138 2481100 
1139 2481101 
1140 2481101 
1141 2481101 
1142 2481102 
1143 2481102 
1144 2481102 
1145 2481102 
1146 2481103 
1147 2481103 
1148 2481103 
1149 2481104 
1150 2481105 
1151 2481105 
1152 2481105 
1153 2481106 
1154 2481106 
1155 2481106 
1156 2481107 
1157 2481107 
1158 2481107 
1159 2481107 
1160 2481108 
1161 2481108 
1162 2481108 
1163 2481108 
1164 2481108 
1165 2481108 
1166 2481109 
1167 2481109 
1168 2481109 
1169 2481109 
1170 2481109 
1171 2481110 
1172 2481110 
1173 2481110 
1174 2481111 
1175 2481111 
1176 2481111 
1177 2481112 
1178 2481112 
1179 2481112 
1180 2481112 
1181 2481113 
1182 2481113 
1183 2481113 
1184 2481114 
1185 2481114 
1186 2481114 
1187 2481114 
1188 2481114 
1189 2481114 
1190 2481115 
1191 2481115 
1192 2481115 
1193 2481115 
1194 2481116 
1195 2481116 
1196 2481116 
1197 2481117 
1198 2481117 
1199 2481117 
1200 2481118 
1201 2481118 
1202 2481119 
1203 2481119 
1204 2481119 
1205 2481119 
1206 2481120 
1207 2481120 
1208 2481120 
1209 2481121 
1210 2481121 
1211 2481121 
1212 2481122 
1213 2481122 
1214 2481122 
1215 2481123 
1216 2481123 
1217 2481124 
1218 2481124 
1219 2481124 
1220 2481125 
1221 2481125 
1222 2481125 
1223 2481125 
1224 2481126 
1225 2481127 
1226 2481127 
1227 2481127 
1228 2481127 
1229 2481127 
1230 2481128 
1231 2481128 
1232 2481128 
1233 2481128 
1234 2481128 
1235 2481128 
1236 2481129 
1237 2481129 
1238 2481129 
1239 2481129 
1240 2481129 
1241 2481130 
1242 2481130 
1243 2481130 
1244 2481131 
1245 2481131 
1246 2481131 
1247 2481132 
1248 2481132 
1249 2481132 
1250 2481132 
1251 2481132 
1252 2481133 
1253 2481133 
1254 2481133 
1255 2481134 
1256 2481134 
1257 2481134 
1258 2481134 
1259 2481135 
1260 2481135 
1261 2481135 
1262 2481135 
1263 2481136 
1264 2481136 
1265 2481136 
1266 2481136 
1267 2481137 
1268 2481137 
1269 2481137 
1270 2481138 
1271 2481138 
1272 2481138 
1273 2481138 
1274 2481138 
1275 2481139 
1276 2481139 
1277 2481139 
1278 2481139 
1279 2481139 
1280 2481140 
1281 2481140 
1282 2481140 
1283 2481140 
1284 2481141 
1285 2481141 
1286 2481141 
1287 2481141 
1288 2481141 
1289 2481141 
1290 2481142 
1291 2481142 
1292 2481142 
1293 2481142 
1294 2481142 
1295 2481143 
1296 2481143 
1297 2481143 
1298 2481143 
1299 2481143 
1300 2481144 
1301 2481144 
1302 2481144 
1303 2481144 
1304 2481144 
1305 2481144 
1306 2481145 
1307 2481145 
1308 2481145 
1309 2481145 
1310 2481145 
1311 2481146 
1312 2481146 
1313 2481146 
1314 2481146 
1315 2481146 
1316 2481146 
1317 2481146 
1318 2481147 
1319 2481147 
1320 2481147 
1321 2481147 
1322 2481147 
1323 2481148 
1324 2481148 
1325 2481148 
1326 2481148 
1327 2481148 
1328 2481149 
1329 2481149 
1330 2481149 
1331 2481149 
1332 2481150 
1333 2481150 
1334 2481150 
1335 2481150 
1336 2481150 
1337 2481151 
1338 2481151 
1339 2481151 
1340 2481152 
1341 2481152 
1342 2481152 
1343 2481152 
1344 2481152 
1345 2481153 
1346 2481153 
1347 2481153 
1348 2481153 
1349 2481154 
1350 2481154 
1351 2481154 
1352 2481154 
1353 2481154 
1354 2481155 
1355 2481155 
1356 2481155 
1357 2481155 
1358 2481155 
1359 2481155 
1360 2481156 
1361 2481156 
1362 2481156 
1363 2481156 
1364 2481157 
1365 2481157 
1366 2481157 
1367 2481157 
1368 2481157 
1369 2481158 
1370 2481158 
1371 2481158 
1372 2481158 
1373 2481159 
1374 2481159 
1375 2481159 
1376 2481159 
1377 2481159 
1378 2481160 
1379 2481160 
1380 2481160 
1381 2481160 
1382 2481160 
1383 2481161 
1384 2481161 
1385 2481161 
1386 2481162 
1387 2481162 
1388 2481162 
1389 2481163 
1390 2481163 
1391 2481163 
1392 2481163 
1393 2481163 
1394 2481164 
1395 2481164 
1396 2481164 
1397 2481164 
1398 2481164 
1399 2481165 
1400 2481165 
1401 2481165 
1402 2481165 
1403 2481165 
1404 2481166 
1405 2481168 
1406 2481168 
1407 2481168 
1408 2481169 
1409 2481169 
1410 2481169 
1411 2481169 
1412 2481170 
1413 2481170 
1414 2481170 
1415 2481171 
1416 2481171 
1417 2481171 
1418 2481171 
1419 2481172 
1420 2481172 
1421 2481172 
1422 2481173 
1423 2481173 
1424 2481173 
1425 2481173 
1426 2481173 
1427 2481174 
1428 2481174 
1429 2481174 
1430 2481175 
1431 2481175 
1432 2481175 
1433 2481175 
1434 2481176 
1435 2481176 
1436 2481176 
1437 2481176 
1438 2481177 
1439 2481177 
1440 2481177 
1441 2481177 
1442 2481177 
1443 2481178 
1444 2481178 
1445 2481178 
1446 2481178 
1447 2481179 
1448 2481179 
1449 2481179 
1450 2481180 
1451 2481180 
1452 2481181 
1453 2481181 
1454 2481181 
1455 2481181 
1456 2481182 
1457 2481182 
1458 2481183 
1459 2481183 
1460 2481184 
1461 2481185 
1462 2481185 
1463 2481185 
1464 2481186 
1465 2481187 
1466 2481187 
1467 2481189 
1468 2481190 
1469 2481190 
1470 2481191 
1471 2481191 
1472 2481192 
1473 2481192 
1474 2481192 
1475 2481192 
1476 2481192 
1477 2481193 
1478 2481193 
1479 2481193 
1480 2481194 
1481 2481194 
1482 2481195 
1483 2481195 
1484 2481195 
1485 2481196 
1486 2481196 
1487 2481196 
1488 2481196 
1489 2481197 
1490 2481197 
1491 2481197 
1492 2481198 
1493 2481198 
1494 2481198 
1495 2481198 
1496 2481198 
1497 2481199 
1498 2481199 
1499 2481199 
1500 2481199 
1501 2481200 
1502 2481200 
1503 2481200 
1504 2481200 
1505 2481201 
1506 2481201 
1507 2481201 
1508 2481201 
1509 2481202 
1510 2481202 
1511 2481202 
1512 2481203 
1513 2481203 
1514 2481203 
1515 2481204 
1516 2481204 
1517 2481204 
1518 2481205 
1519 2481205 
1520 2481205 
1521 2481205 
1522 2481206 
1523 2481206 
1524 2481206 
1525 2481206 
1526 2481206 
1527 2481207 
1528 2481207 
1529 2481207 
1530 2481208 
1531 2481208 
1532 2481208 
1533 2481208 
1534 2481208 
1535 2481209 
1536 2481209 
1537 2481209 
1538 2481209 
1539 2481209 
1540 2481210 
1541 2481210 
1542 2481210 
1543 2481211 
1544 2481211 
1545 2481211 
1546 2481211 
1547 2481211 
1548 2481211 
1549 2481212 
1550 2481212 
1551 2481212 
1552 2481213 
1553 2481213 
1554 2481213 
1555 2481214 
1556 2481214 
1557 2481214 
1558 2481215 
1559 2481215 
1560 2481216 
1561 2481216 
1562 2481217 
1563 2481217 
1564 2481217 
1565 2481217 
1566 2481217 
1567 2481218 
1568 2481218 
1569 2481218 
1570 2481218 
1571 2481218 
1572 2481219 
1573 2481219 
1574 2481219 
1575 2481220 
1576 2481220 
1577 2481220 
1578 2481221 
1579 2481221 
1580 2481221 
1581 2481222 
1582 2481223 
1583 2481223 
1584 2481224 
1585 2481224 
1586 2481224 
1587 2481225 
1588 2481225 
1589 2481226 
1590 2481226 
1591 2481226 
1592 2481226 
1593 2481227 
1594 2481227 
1595 2481228 
1596 2481228 
1597 2481229 
1598 2481229 
1599 2481230 
1600 2481230 
1601 2481231 
1602 2481231 
1603 2481231 
1604 2481232 
1605 2481232 
1606 2481232 
1607 2481233 
1608 2481233 
1609 2481233 
1610 2481234 
1611 2481234 
1612 2481234 
1613 2481235 
1614 2481235 
1615 2481235 
1616 2481236 
1617 2481236 
1618 2481236 
1619 2481236 
1620 2481236 
1621 2481237 
1622 2481237 
1623 2481237 
1624 2481238 
1625 2481238 
1626 2481238 
1627 2481239 
1628 2481239 
1629 2481239 
1630 2481239 
1631 2481239 
1632 2481240 
1633 2481240 
1634 2481240 
1635 2481240 
1636 2481241 
1637 2481241 
1638 2481241 
1639 2481242 
1640 2481242 
1641 2481242 
1642 2481242 
1643 2481243 
1644 2481243 
1645 2481243 
1646 2481244 
1647 2481244 
1648 2481244 
1649 2481245 
1650 2481245 
1651 2481245 
1652 2481245 
1653 2481245 
1654 2481246 
1655 2481246 
1656 2481246 
1657 2481246 
1658 2481247 
1659 2481247 
1660 2481247 
1661 2481248 
1662 2481248 
1663 2481248 
1664 2481249 
1665 2481249 
1666 2481250 
1667 2481250 
1668 2481250 
1669 2481250 
1670 2481251 
1671 2481251 
1672 2481251 
1673 2481251 
1674 2481251 
1675 2481252 
1676 2481252 
1677 2481252 
1678 2481253 
1679 2481253 
1680 2481253 
1681 2481254 
1682 2481254 
1683 2481254 
1684 2481254 
1685 2481255 
1686 2481255 
1687 2481255 
1688 2481256 
1689 2481256 
1690 2481256 
1691 2481256 
1692 2481256 
1693 2481257 
1694 2481257 
1695 2481257 
1696 2481258 
1697 2481258 
1698 2481259 
1699 2481259 
1700 2481260 
1701 2481260 
1702 2481260 
1703 2481260 
1704 2481261 
1705 2481261 
1706 2481261 
1707 2481261 
1708 2481261 
1709 2481261 
1710 2481261 
1711 2481262 
1712 2481262 
1713 2481262 
1714 2481262 
1715 2481262 
1716 2481263 
1717 2481263 
1718 2481263 
1719 2481263 
1720 2481263 
1721 2481264 
1722 2481264 
1723 2481264 
1724 2481264 
1725 2481265 
1726 2481265 
1727 2481265 
1728 2481265 
1729 2481265 
1730 2481266 
1731 2481266 
1732 2481266 
1733 2481266 
1734 2481267 
1735 2481267 
1736 2481267 
1737 2481267 
1738 2481268 
1739 2481268 
1740 2481268 
1741 2481268 
1742 2481269 
1743 2481269 
1744 2481269 
1745 2481269 
1746 2481269 
1747 2481270 
1748 2481270 
1749 2481270 
1750 2481271 
1751 2481271 
1752 2481271 
1753 2481272 
1754 2481272 
1755 2481272 
1756 2481272 
1757 2481273 
1758 2481273 
1759 2481273 
1760 2481273 
1761 2481273 
1762 2481274 
1763 2481274 
1764 2481274 
1765 2481275 
1766 2481275 
1767 2481275 
1768 2481275 
1769 2481275 
1770 2481276 
1771 2481276 
1772 2481276 
1773 2481276 
1774 2481276 
1775 2481276 
1776 2481277 
1777 2481277 
1778 2481277 
1779 2481277 
1780 2481277 
1781 2481277 
1782 2481278 
1783 2481278 
1784 2481278 
1785 2481278 
1786 2481279 
1787 2481279 
1788 2481279 
1789 2481279 
1790 2481280 
1791 2481280 
1792 2481281 
1793 2481281 
1794 2481282 
1795 2481282 
1796 2481283 
1797 2481284 
1798 2481284 
1799 2481284 
1800 2481285 
1801 2481285 
1802 2481285 
1803 2481286 
1804 2481286 
1805 2481286 
1806 2481287 
1807 2481287 
1808 2481287 
1809 2481288 
1810 2481288 
1811 2481288 
1812 2481288 
1813 2481289 
1814 2481289 
1815 2481289 
1816 2481290 
1817 2481290 
1818 2481290 
1819 2481290 
1820 2481291 
1821 2481291 
1822 2481291 
1823 2481291 
1824 2481292 
1825 2481292 
1826 2481292 
1827 2481293 
1828 2481293 
1829 2481293 
1830 2481294 
1831 2481294 
1832 2481294 
1833 2481294 
1834 2481295 
1835 2481295 
1836 2481295 
1837 2481295 
1838 2481295 
1839 2481296 
1840 2481296 
1841 2481296 
1842 2481296 
1843 2481297 
1844 2481297 
1845 2481297 
1846 2481297 
1847 2481297 
1848 2481298 
1849 2481298 
1850 2481298 
1851 2481298 
1852 2481299 
1853 2481299 
1854 2481299 
1855 2481299 
1856 2481299 
1857 2481299 
1858 2481300 
1859 2481300 
1860 2481300 
1861 2481300 
1862 2481300 
1863 2481300 
1864 2481301 
1865 2481301 
1866 2481301 
1867 2481301 
1868 2481301 
1869 2481302 
1870 2481302 
1871 2481302 
1872 2481302 
1873 2481302 
1874 2481302 
1875 2481302 
1876 2481303 
1877 2481303 
1878 2481303 
1879 2481303 
1880 2481303 
1881 2481303 
1882 2481304 
1883 2481304 
1884 2481304 
1885 2481304 
1886 2481304 
1887 2481305 
1888 2481305 
1889 2481305 
1890 2481305 
1891 2481305 
1892 2481306 
1893 2481306 
1894 2481306 
1895 2481306 
1896 2481306 
1897 2481306 
1898 2481306 
1899 2481307 
1900 2481307 
1901 2481307 
1902 2481307 
1903 2481308 
1904 2481308 
1905 2481308 
1906 2481308 
1907 2481309 
1908 2481309 
1909 2481309 
1910 2481309 
1911 2481310 
1912 2481310 
1913 2481310 
1914 2481310 
1915 2481311 
1916 2481311 
1917 2481311 
1918 2481312 
1919 2481312 
1920 2481312 
1921 2481312 
1922 2481313 
1923 2481313 
1924 2481313 
1925 2481313 
1926 2481314 
1927 2481314 
1928 2481314 
1929 2481314 
1930 2481315 
1931 2481315 
1932 2481315 
1933 2481315 
1934 2481315 
1935 2481315 
1936 2481316 
1937 2481316 
1938 2481316 
1939 2481316 
1940 2481316 
1941 2481317 
1942 2481317 
1943 2481317 
1944 2481317 
1945 2481317 
1946 2481318 
1947 2481318 
1948 2481318 
1949 2481318 
1950 2481318 
1951 2481318 
1952 2481319 
1953 2481319 
1954 2481319 
1955 2481319 
1956 2481320 
1957 2481320 
1958 2481320 
1959 2481320 
1960 2481321 
1961 2481321 
1962 2481321 
1963 2481321 
1964 2481322 
1965 2481322 
1966 2481322 
1967 2481322 
1968 2481322 
1969 2481323 
1970 2481323 
1971 2481323 
1972 2481324 
1973 2481324 
1974 2481324 
1975 2481324 
1976 2481324 
1977 2481324 
1978 2481325 
1979 2481325 
1980 2481325 
1981 2481325 
1982 2481325 
1983 2481325 
1984 2481326 
1985 2481326 
1986 2481326 
1987 2481327 
1988 2481327 
1989 2481327 
1990 2481327 
1991 2481328 
1992 2481328 
1993 2481328 
1994 2481329 
1995 2481329 
1996 2481329 
1997 2481329 
1998 2481330 
1999 2481330 
2000 2481330 
2001 2481331 
2002 2481331 
2003 2481331 
2004 2481332 
2005 2481332 
2006 2481333 
2007 2481333 
2008 2481333 
2009 2481334 
2010 2481334 
2011 2481334 
2012 2481335 
2013 2481335 
2014 2481335 
2015 2481335 
2016 2481335 
2017 2481336 
2018 2481336 
2019 2481336 
2020 2481337 
2021 2481337 
2022 2481337 
2023 2481338 
2024 2481338 
2025 2481338 
2026 2481338 
2027 2481339 
2028 2481339 
2029 2481339 
2030 2481339 
2031 2481339 
2032 2481340 
2033 2481340 
2034 2481340 
2035 2481340 
2036 2481341 
2037 2481341 
2038 2481341 
2039 2481342 
2040 2481342 
2041 2481342 
2042 2481342 
2043 2481342 
2044 2481343 
2045 2481343 
2046 2481343 
2047 2481343 
2048 2481344 
2049 2481344 
2050 2481344 
2051 2481344 
2052 2481344 
2053 2481345 
2054 2481345 
2055 2481345 
2056 2481345 
2057 2481346 
2058 2481346 
2059 2481346 
2060 2481347 
2061 2481347 
2062 2481347 
2063 2481348 
2064 2481348 
2065 2481349 
2066 2481349 
2067 2481350 
2068 2481350 
2069 2481351 
2070 2481351 
2071 2481352 
2072 2481352 
2073 2481353 
2074 2481353 
2075 2481354 
2076 2481354 
2077 2481355 
2078 2481355 
2079 2481355 
2080 2481356 
2081 2481356 
2082 2481356 
2083 2481357 
2084 2481357 
2085 2481357 
2086 2481358 
2087 2481358 
2088 2481358 
2089 2481358 
2090 2481359 
2091 2481359 
2092 2481359 
2093 2481359 
2094 2481360 
2095 2481360 
2096 2481360 
2097 2481360 
2098 2481361 
2099 2481361 
2100 2481361 
2101 2481362 
2102 2481362 
2103 2481362 
2104 2481363 
2105 2481363 
2106 2481363 
2107 2481364 
2108 2481364 
2109 2481365 
2110 2481365 
2111 2481365 
2112 2481365 
2113 2481366 
2114 2481366 
2115 2481366 
2116 2481366 
2117 2481366 
2118 2481366 
2119 2481367 
2120 2481367 
2121 2481367 
2122 2481367 
2123 2481368 
2124 2481368 
2125 2481368 
2126 2481368 
2127 2481368 
2128 2481369 
2129 2481369 
2130 2481369 
2131 2481369 
2132 2481369 
2133 2481369 
2134 2481370 
2135 2481370 
2136 2481370 
2137 2481370 
2138 2481370 
2139 2481371 
2140 2481371 
2141 2481371 
2142 2481371 
2143 2481372 
2144 2481372 
2145 2481372 
2146 2481372 
2147 2481373 
2148 2481373 
2149 2481373 
2150 2481373 
2151 2481373 
2152 2481373 
2153 2481374 
2154 2481374 
2155 2481374 
2156 2481374 
2157 2481374 
2158 2481374 
2159 2481375 
2160 2481375 
2161 2481375 
2162 2481375 
2163 2481376 
2164 2481376 
2165 2481376 
2166 2481376 
2167 2481377 
2168 2481377 
2169 2481377 
2170 2481377 
2171 2481377 
2172 2481378 
2173 2481378 
2174 2481378 
2175 2481378 
2176 2481379 
2177 2481379 
2178 2481379 
2179 2481380 
2180 2481380 
2181 2481380 
2182 2481380 
2183 2481381 
2184 2481381 
2185 2481381 
2186 2481382 
2187 2481382 
2188 2481382 
2189 2481382 
2190 2481382 
2191 2481383 
2192 2481383 
2193 2481383 
2194 2481383 
2195 2481387 
2196 2481387 
2197 2481387 
2198 2481387 
2199 2481388 
2200 2481388 
2201 2481388 
2202 2481388 
2203 2481389 
2204 2481389 
2205 2481389 
2206 2481389 
2207 2481390 
2208 2481390 
2209 2481390 
2210 2481391 
2211 2481391 
2212 2481391 
2213 2481391 
2214 2481392 
2215 2481392 
2216 2481392 
2217 2481392 
2218 2481393 
2219 2481393 
2220 2481393 
2221 2481393 
2222 2481393 
2223 2481394 
2224 2481394 
2225 2481394 
2226 2481394 
2227 2481395 
2228 2481395 
2229 2481395 
2230 2481395 
2231 2481396 
2232 2481396 
2233 2481396 
2234 2481397 
2235 2481397 
2236 2481397 
2237 2481398 
2238 2481398 
2239 2481398 
2240 2481399 
2241 2481399 
2242 2481399 
2243 2481400 
2244 2481400 
2245 2481400 
2246 2481401 
2247 2481401 
2248 2481401 
2249 2481402 
2250 2481402 
2251 2481403 
2252 2481403 
2253 2481404 
2254 2481404 
2255 2481404 
2256 2481405 
2257 2481405 
2258 2481405 
2259 2481405 
2260 2481406 
2261 2481406 
2262 2481407 
2263 2481407 
2264 2481407 
2265 2481408 
2266 2481408 
2267 2481408 
2268 2481409 
2269 2481409 
2270 2481409 
2271 2481409 
2272 2481410 
2273 2481410 
2274 2481411 
2275 2481411 
2276 2481411 
2277 2481412 
2278 2481412 
2279 2481412 
2280 2481413 
2281 2481413 
2282 2481413 
2283 2481413 
2284 2481413 
2285 2481414 
2286 2481414 
2287 2481415 
2288 2481415 
2289 2481415 
2290 2481416 
2291 2481417 
2292 2481417 
2293 2481420 
2294 2481420 
2295 2481422 
2296 2481422 
2297 2481422 
2298 2481422 
2299 2481422 
2300 2481423 
2301 2481423 
2302 2481423 
2303 2481423 
2304 2481424 
2305 2481424 
2306 2481424 
2307 2481425 
2308 2481425 
2309 2481425 
2310 2481426 
2311 2481426 
2312 2481426 
2313 2481427 
2314 2481427 
2315 2481427 
2316 2481428 
2317 2481428 
2318 2481428 
2319 2481428 
2320 2481429 
2321 2481429 
2322 2481429 
2323 2481429 
2324 2481429 
2325 2481430 
2326 2481430 
2327 2481430 
2328 2481430 
2329 2481431 
2330 2481431 
2331 2481431 
2332 2481431 
2333 2481432 
2334 2481432 
2335 2481432 
2336 2481433 
2337 2481433 
2338 2481433 
2339 2481433 
2340 2481433 
2341 2481434 
2342 2481434 
2343 2481434 
2344 2481434 
2345 2481435 
2346 2481435 
2347 2481435 
2348 2481436 
2349 2481436 
2350 2481436 
2351 2481436 
2352 2481437 
2353 2481437 
2354 2481437 
2355 2481438 
2356 2481438 
2357 2481438 
2358 2481439 
2359 2481439 
2360 2481439 
2361 2481439 
2362 2481440 
2363 2481440 
2364 2481440 
2365 2481441 
2366 2481441 
2367 2481441 
2368 2481441 
2369 2481442 
2370 2481442 
2371 2481442 
2372 2481442 
2373 2481442 
2374 2481442 
2375 2481443 
2376 2481443 
2377 2481443 
2378 2481443 
2379 2481444 
2380 2481444 
2381 2481444 
2382 2481445 
2383 2481445 
2384 2481445 
2385 2481446 
2386 2481446 
2387 2481446 
2388 2481446 
2389 2481447 
2390 2481447 
2391 2481447 
2392 2481447 
2393 2481447 
2394 2481448 
2395 2481448 
2396 2481448 
2397 2481448 
2398 2481449 
2399 2481449 
2400 2481449 
2401 2481449 
2402 2481450 
2403 2481450 
2404 2481450 
2405 2481451 
2406 2481451 
2407 2481451 
2408 2481452 
2409 2481452 
2410 2481452 
2411 2481453 
2412 2481453 
2413 2481455 
2414 2481457 
2415 2481457 
2416 2481458 
2417 2481458 
2418 2481458 
2419 2481459 
2420 2481459 
2421 2481459 
2422 2481460 
2423 2481460 
2424 2481460 
2425 2481460 
2426 2481462 
2427 2481463 
2428 2481463 
2429 2481466 
2430 2481466 
2431 2481467 
2432 2481468 
2433 2481468 
2434 2481468 
2435 2481468 
2436 2481469 
2437 2481469 
2438 2481469 
2439 2481469 
2440 2481470 
2441 2481470 
2442 2481470 
2443 2481470 
2444 2481471 
2445 2481471 
2446 2481471 
2447 2481472 
2448 2481472 
2449 2481472 
2450 2481472 
2451 2481473 
2452 2481473 
2453 2481473 
2454 2481473 
2455 2481474 
2456 2481474 
2457 2481474 
2458 2481475 
2459 2481475 
2460 2481475 
2461 2481476 
2462 2481476 
2463 2481476 
2464 2481477 
2465 2481477 
2466 2481477 
2467 2481477 
2468 2481478 
2469 2481478 
2470 2481478 
2471 2481479 
2472 2481479 
2473 2481479 
2474 2481480 
2475 2481480 
2476 2481480 
2477 2481481 
2478 2481481 
2479 2481481 
2480 2481482 
2481 2481482 
2482 2481482 
2483 2481482 
2484 2481483 
2485 2481483 
2486 2481483 
2487 2481484 
2488 2481484 
2489 2481484 
2490 2481485 
2491 2481485 
2492 2481485 
2493 2481486 
2494 2481486 
2495 2481486 
2496 2481487 
2497 2481487 
2498 2481487 
2499 2481487 
2500 2481488 
2501 2481488 
2502 2481488 
2503 2481489 
2504 2481489 
2505 2481489 
2506 2481490 
2507 2481490 
2508 2481490 
2509 2481490 
2510 2481491 
2511 2481491 
2512 2481491 
2513 2481492 
2514 2481492 
2515 2481492 
2516 2481493 
2517 2481493 
2518 2481493 
2519 2481493 
2520 2481494 
2521 2481494 
2522 2481494 
2523 2481495 
2524 2481495 
2525 2481495 
2526 2481496 
2527 2481496 
2528 2481496 
2529 2481497 
2530 2481497 
2531 2481497 
2532 2481498 
2533 2481498 
2534 2481498 
2535 2481498 
2536 2481499 
2537 2481499 
2538 2481499 
2539 2481500 
2540 2481500 
2541 2481500 
2542 2481500 
2543 2481501 
2544 2481501 
2545 2481501 
2546 2481502 
2547 2481502 
2548 2481502 
2549 2481503 
2550 2481503 
2551 2481503 
2552 2481504 
2553 2481504 
2554 2481504 
2555 2481504 
2556 2481505 
2557 2481505 
2558 2481505 
2559 2481505 
2560 2481506 
2561 2481506 
2562 2481510 
2563 2481511 
2564 2481511 
2565 2481511 
2566 2481512 
2567 2481512 
2568 2481513 
2569 2481513 
2570 2481513 
2571 2481514 
2572 2481514 
2573 2481514 
2574 2481514 
2575 2481515 
2576 2481515 
2577 2481515 
2578 2481515 
2579 2481516 
2580 2481516 
2581 2481516 
2582 2481516 
2583 2481517 
2584 2481517 
2585 2481517 
2586 2481517 
2587 2481517 
2588 2481518 
2589 2481518 
2590 2481518 
2591 2481519 
2592 2481519 
2593 2481519 
2594 2481519 
2595 2481520 
2596 2481520 
2597 2481520 
2598 2481520 
2599 2481521 
2600 2481521 
2601 2481521 
2602 2481521 
2603 2481521 
2604 2481522 
2605 2481522 
2606 2481522 
2607 2481522 
2608 2481522 
2609 2481522 
2610 2481523 
2611 2481523 
2612 2481523 
2613 2481523 
2614 2481524 
2615 2481524 
2616 2481524 
2617 2481525 
2618 2481525 
2619 2481525 
2620 2481525 
2621 2481526 
2622 2481526 
2623 2481526 
2624 2481527 
2625 2481527 
2626 2481527 
2627 2481527 
2628 2481527 
2629 2481528 
2630 2481528 
2631 2481528 
2632 2481528 
2633 2481528 
2634 2481529 
2635 2481529 
2636 2481529 
2637 2481529 
2638 2481529 
2639 2481530 
2640 2481530 
2641 2481530 
2642 2481530 
2643 2481531 
2644 2481531 
2645 2481531 
2646 2481531 
2647 2481532 
2648 2481532 
2649 2481532 
2650 2481532 
2651 2481532 
2652 2481532 
2653 2481533 
2654 2481533 
2655 2481533 
2656 2481533 
2657 2481534 
2658 2481534 
2659 2481534 
2660 2481535 
2661 2481535 
2662 2481535 
2663 2481535 
2664 2481535 
2665 2481536 
2666 2481536 
2667 2481536 
2668 2481536 
2669 2481537 
2670 2481537 
2671 2481539 
2672 2481540 
2673 2481540 
2674 2481541 
2675 2481541 
2676 2481542 
2677 2481543 
2678 2481543 
2679 2481543 
2680 2481543 
2681 2481543 
2682 2481544 
2683 2481544 
2684 2481544 
2685 2481544 
2686 2481544 
2687 2481545 
2688 2481545 
2689 2481545 
2690 2481546 
2691 2481546 
2692 2481546 
2693 2481546 
2694 2481547 
2695 2481547 
2696 2481547 
2697 2481547 
2698 2481548 
2699 2481548 
2700 2481548 
2701 2481549 
2702 2481549 
2703 2481549 
2704 2481550 
2705 2481550 
2706 2481550 
2707 2481550 
2708 2481551 
2709 2481551 
2710 2481551 
2711 2481552 
2712 2481552 
2713 2481552 
2714 2481553 
2715 2481553 
2716 2481553 
2717 2481553 
2718 2481553 
2719 2481553 
2720 2481554 
2721 2481554 
2722 2481554 
2723 2481554 
2724 2481554 
2725 2481554 
2726 2481555 
2727 2481555 
2728 2481555 
2729 2481555 
2730 2481555 
2731 2481556 
2732 2481556 
2733 2481556 
2734 2481556 
2735 2481556 
2736 2481557 
2737 2481557 
2738 2481557 
2739 2481557 
2740 2481557 
2741 2481558 
2742 2481558 
2743 2481558 
2744 2481558 
2745 2481558 
2746 2481559 
2747 2481559 
2748 2481559 
2749 2481559 
2750 2481559 
2751 2481560 
2752 2481560 
2753 2481560 
2754 2481560 
2755 2481560 
2756 2481561 
2757 2481561 
2758 2481561 
2759 2481561 
2760 2481561 
2761 2481561 
2762 2481562 
2763 2481562 
2764 2481562 
2765 2481562 
2766 2481562 
2767 2481562 
2768 2481563 
2769 2481563 
2770 2481563 
2771 2481564 
2772 2481564 
2773 2481564 
2774 2481564 
2775 2481565 
2776 2481565 
2777 2481565 
2778 2481565 
2779 2481565 
2780 2481566 
2781 2481566 
2782 2481566 
2783 2481566 
2784 2481566 
2785 2481567 
2786 2481567 
2787 2481567 
2788 2481567 
2789 2481567 
2790 2481568 
2791 2481568 
2792 2481568 
2793 2481568 
2794 2481569 
2795 2481569 
2796 2481569 
2797 2481569 
2798 2481569 
2799 2481570 
2800 2481570 
2801 2481570 
2802 2481570 
2803 2481570 
2804 2481571 
2805 2481571 
2806 2481571 
2807 2481571 
2808 2481571 
2809 2481572 
2810 2481572 
2811 2481572 
2812 2481572 
2813 2481572 
2814 2481573 
2815 2481573 
2816 2481573 
2817 2481573 
2818 2481573 
2819 2481574 
2820 2481574 
2821 2481574 
2822 2481574 
2823 2481574 
2824 2481574 
2825 2481575 
2826 2481575 
2827 2481575 
2828 2481575 
2829 2481575 
2830 2481576 
2831 2481576 
2832 2481576 
2833 2481578 
2834 2481578 
2835 2481579 
2836 2481579 
2837 2481580 
2838 2481580 
2839 2481580 
2840 2481581 
2841 2481581 
2842 2481581 
2843 2481582 
2844 2481582 
2845 2481582 
2846 2481583 
2847 2481583 
2848 2481585 
2849 2481586 
2850 2481586 
2851 2481587 
2852 2481589 
2853 2481590 
2854 2481590 
2855 2481590 
2856 2481591 
2857 2481591 
2858 2481591 
2859 2481595 
2860 2481595 
2861 2481596 
2862 2481597 
2863 2481597 
2864 2481597 
2865 2481598 
2866 2481598 
2867 2481599 
2868 2481599 
2869 2481599 
2870 2481599 
2871 2481600 
2872 2481600 
2873 2481600 
2874 2481600 
2875 2481601 
2876 2481601 
2877 2481601 
2878 2481602 
2879 2481602 
2880 2481602 
2881 2481603 
2882 2481603 
2883 2481603 
2884 2481603 
2885 2481604 
2886 2481604 
2887 2481604 
2888 2481605 
2889 2481605 
2890 2481605 
2891 2481605 
2892 2481606 
2893 2481606 
2894 2481606 
2895 2481606 
2896 2481607 
2897 2481607 
2898 2481607 
2899 2481608 
2900 2481608 
2901 2481608 
2902 2481609 
2903 2481609 
2904 2481609 
2905 2481610 
2906 2481610 
2907 2481610 
2908 2481610 
2909 2481611 
2910 2481611 
2911 2481611 
2912 2481612 
2913 2481612 
2914 2481612 
2915 2481613 
2916 2481613 
2917 2481614 
2918 2481614 
2919 2481614 
2920 2481615 
2921 2481616 
2922 2481616 
2923 2481616 
2924 2481616 
2925 2481616 
2926 2481617 
2927 2481617 
2928 2481617 
2929 2481617 
2930 2481618 
2931 2481620 
2932 2481620 
2933 2481622 
2934 2481622 
2935 2481622 
2936 2481623 
2937 2481623 
2938 2481623 
2939 2481623 
2940 2481624 
2941 2481624 
2942 2481624 
2943 2481624 
2944 2481625 
2945 2481625 
2946 2481625 
2947 2481625 
2948 2481626 
2949 2481626 
2950 2481626 
2951 2481627 
2952 2481627 
2953 2481627 
2954 2481627 
2955 2481627 
2956 2481628 
2957 2481628 
2958 2481628 
2959 2481629 
2960 2481629 
2961 2481629 
2962 2481629 
2963 2481630 
2964 2481630 
2965 2481630 
2966 2481630 
2967 2481631 
2968 2481631 
2969 2481631 
2970 2481631 
2971 2481632 
2972 2481632 
2973 2481632 
2974 2481632 
2975 2481633 
2976 2481633 
2977 2481633 
2978 2481634 
2979 2481634 
2980 2481634 
2981 2481634 
2982 2481635 
2983 2481635 
2984 2481635 
2985 2481635 
2986 2481636 
2987 2481636 
2988 2481636 
2989 2481636 
2990 2481636 
2991 2481637 
2992 2481637 
2993 2481637 
2994 2481637 
2995 2481638 
2996 2481638 
2997 2481638 
2998 2481639 
2999 2481639 
3000 2481639 
3001 2481640 
3002 2481640 
3003 2481640 
3004 2481641 
3005 2481641 
3006 2481641 
3007 2481641 
3008 2481642 
3009 2481642 
3010 2481642 
3011 2481643 
3012 2481643 
3013 2481643 
3014 2481643 
3015 2481644 
3016 2481644 
3017 2481644 
3018 2481645 
3019 2481645 
3020 2481645 
3021 2481645 
3022 2481646 
3023 2481646 
3024 2481646 
3025 2481647 
3026 2481647 
3027 2481647 
3028 2481648 
3029 2481648 
3030 2481648 
3031 2481648 
3032 2481649 
3033 2481649 
3034 2481649 
3035 2481650 
3036 2481650 
3037 2481650 
3038 2481651 
3039 2481651 
3040 2481651 
3041 2481651 
3042 2481652 
3043 2481652 
3044 2481652 
3045 2481653 
3046 2481653 
3047 2481653 
3048 2481653 
3049 2481654 
3050 2481654 
3051 2481654 
3052 2481654 
3053 2481655 
3054 2481655 
3055 2481655 
3056 2481655 
3057 2481655 
3058 2481655 
3059 2481656 
3060 2481656 
3061 2481656 
3062 2481656 
3063 2481657 
3064 2481657 
3065 2481657 
3066 2481657 
3067 2481658 
3068 2481658 
3069 2481658 
3070 2481658 
3071 2481659 
3072 2481659 
3073 2481659 
3074 2481659 
3075 2481659 
3076 2481660 
3077 2481660 
3078 2481660 
3079 2481660 
3080 2481660 
3081 2481660 
3082 2481661 
3083 2481661 
3084 2481661 
3085 2481661 
3086 2481662 
3087 2481662 
3088 2481662 
3089 2481662 
3090 2481662 
3091 2481663 
3092 2481663 
3093 2481663 
3094 2481663 
3095 2481664 
3096 2481664 
3097 2481664 
3098 2481664 
3099 2481665 
3100 2481665 
3101 2481665 
3102 2481665 
3103 2481666 
3104 2481666 
3105 2481666 
3106 2481667 
3107 2481667 
3108 2481671 
3109 2481674 
3110 2481678 
3111 2481678 
3112 2481679 
3113 2481681 
3114 2481681 
3115 2481682 
3116 2481684 
3117 2481684 
3118 2481685 
3119 2481685 
3120 2481685 
3121 2481686 
3122 2481686 
3123 2481686 
3124 2481687 
3125 2481687 
3126 2481687 
3127 2481687 
3128 2481688 
3129 2481688 
3130 2481688 
3131 2481689 
3132 2481689 
3133 2481690 
3134 2481690 
3135 2481691 
3136 2481691 
3137 2481692 
3138 2481692 
3139 2481692 
3140 2481693 
3141 2481693 
3142 2481693 
3143 2481694 
3144 2481694 
3145 2481694 
3146 2481695 
3147 2481695 
3148 2481695 
3149 2481696 
3150 2481696 
3151 2481696 
3152 2481697 
3153 2481697 
3154 2481697 
3155 2481698 
3156 2481698 
3157 2481698 
3158 2481699 
3159 2481699 
3160 2481699 
3161 2481700 
3162 2481700 
3163 2481701 
3164 2481701 
3165 2481701 
3166 2481702 
3167 2481702 
3168 2481702 
3169 2481703 
3170 2481703 
3171 2481703 
3172 2481704 
3173 2481704 
3174 2481704 
3175 2481705 
3176 2481706 
3177 2481706 
3178 2481706 
3179 2481707 
3180 2481707 
3181 2481707 
3182 2481707 
3183 2481708 
3184 2481708 
3185 2481709 
3186 2481709 
3187 2481709 
3188 2481709 
3189 2481710 
3190 2481710 
3191 2481710 
3192 2481710 
3193 2481710 
3194 2481711 
3195 2481711 
3196 2481711 
3197 2481711 
3198 2481712 
3199 2481712 
3200 2481712 
3201 2481712 
3202 2481713 
3203 2481713 
3204 2481713 
3205 2481714 
3206 2481714 
3207 2481714 
3208 2481714 
3209 2481715 
3210 2481715 
3211 2481715 
3212 2481715 
3213 2481716 
3214 2481716 
3215 2481716 
3216 2481717 
3217 2481717 
3218 2481717 
3219 2481718 
3220 2481718 
3221 2481718 
3222 2481719 
3223 2481719 
3224 2481719 
3225 2481721 
3226 2481721 
3227 2481721 
3228 2481722 
3229 2481722 
3230 2481722 
3231 2481722 
3232 2481723 
3233 2481723 
3234 2481723 
3235 2481724 
3236 2481725 
3237 2481728 
3238 2481728 
3239 2481729 
3240 2481729 
3241 2481729 
3242 2481730 
3243 2481730 
3244 2481730 
3245 2481730 
3246 2481731 
3247 2481731 
3248 2481731 
3249 2481732 
3250 2481732 
3251 2481732 
3252 2481733 
3253 2481733 
3254 2481733 
3255 2481734 
3256 2481734 
3257 2481734 
3258 2481734 
3259 2481734 
3260 2481735 
3261 2481735 
3262 2481735 
3263 2481736 
3264 2481736 
3265 2481736 
3266 2481737 
3267 2481737 
3268 2481737 
3269 2481737 
3270 2481738 
3271 2481738 
3272 2481738 
3273 2481738 
3274 2481739 
3275 2481739 
3276 2481739 
3277 2481740 
3278 2481740 
3279 2481741 
3280 2481741 
3281 2481741 
3282 2481743 
3283 2481744 
3284 2481744 
3285 2481744 
3286 2481745 
3287 2481745 
3288 2481747 
3289 2481747 
3290 2481747 
3291 2481747 
3292 2481748 
3293 2481748 
3294 2481749 
3295 2481749 
3296 2481749 
3297 2481750 
3298 2481755 
3299 2481755 
3300 2481755 
3301 2481756 
3302 2481756 
3303 2481757 
3304 2481757 
3305 2481758 
3306 2481763 
3307 2481764 
3308 2481764 
3309 2481768 
3310 2481769 
3311 2481769 
3312 2481769 
3313 2481770 
3314 2481770 
3315 2481771 
3316 2481771 
3317 2481771 
3318 2481772 
3319 2481772 
3320 2481772 
3321 2481773 
3322 2481773 
3323 2481774 
3324 2481776 
3325 2481777 
3326 2481777 
3327 2481782 
3328 2481782 
3329 2481783 
3330 2481783 
3331 2481783 
3332 2481791 
3333 2481792 
3334 2481792 
3335 2481795 
3336 2481796 
3337 2481802 
3338 2481803 
3339 2481803 
3340 2481803 
3341 2481804 
3342 2481806 
3343 2481806 
3344 2481808 
3345 2481809 
3346 2481809 
3347 2481809 
3348 2481810 
3349 2481810 
3350 2481813 
3351 2481813 
3352 2481814 
3353 2481814 
3354 2481814 
3355 2481815 
3356 2481815 
3357 2481816 
3358 2481816 
3359 2481816 
3360 2481817 
3361 2481817 
3362 2481819 
3363 2481820 
3364 2481820 
3365 2481820 
3366 2481821 
3367 2481826 
3368 2481828 
3369 2481830 
3370 2481830 
3371 2481830 
3372 2481831 
3373 2481831 
3374 2481832 
3375 2481832 
3376 2481832 
3377 2481833 
3378 2481833 
3379 2481833 
3380 2481834 
3381 2481834 
3382 2481834 
3383 2481835 
3384 2481835 
3385 2481836 
3386 2481836 
3387 2481841 
3388 2481841 
3389 2481842 
3390 2481842 
3391 2481843 
3392 2481843 
3393 2481843 
3394 2481846 
3395 2481847 
3396 2481847 
3397 2481848 
3398 2481848 
3399 2481849 
3400 2481849 
3401 2481849 
3402 2481850 
3403 2481850 
3404 2481851 
3405 2481852 
3406 2481853 
3407 2481853 
3408 2481854 
3409 2481857 
3410 2481857 
3411 2481858 
3412 2481858 
3413 2481858 
3414 2481859 
3415 2481859 
3416 2481860 
3417 2481860 
3418 2481861 
3419 2481861 
3420 2481861 
3421 2481862 
3422 2481862 
3423 2481862 
3424 2481863 
3425 2481864 
3426 2481864 
3427 2481865 
3428 2481866 
3429 2481868 
3430 2481871 
3431 2481871 
3432 2481871 
3433 2481871 
3434 2481874 
3435 2481875 
3436 2481877 
3437 2481878 
3438 2481878 
3439 2481878 
3440 2481879 
3441 2481879 
3442 2481879 
3443 2481880 
3444 2481880 
3445 2481880 
3446 2481881 
3447 2481881 
3448 2481882 
3449 2481882 
3450 2481883 
3451 2481883 
3452 2481887 
3453 2481887 
3454 2481890 
3455 2481893 
3456 2481898 
3457 2481898 
3458 2481898 
3459 2481902 
3460 2481903 
3461 2481903 
3462 2481904 
3463 2481904 
3464 2481904 
3465 2481905 
3466 2481905 
3467 2481905 
3468 2481906 
3469 2481906 
3470 2481906 
3471 2481907 
3472 2481907 
3473 2481908 
3474 2481908 
3475 2481908 
3476 2481908 
3477 2481909 
3478 2481909 
3479 2481912 
3480 2481913 
3481 2481914 
3482 2481914 
3483 2481914 
3484 2481915 
3485 2481915 
3486 2481916 
3487 2481916 
3488 2481917 
3489 2481918 
3490 2481926 
3491 2481926 
3492 2481927 
3493 2481927 
3494 2481928 
3495 2481928 
3496 2481928 
3497 2481929 
3498 2481929 
3499 2481929 
3500 2481930 
3501 2481931 
3502 2481932 
3503 2481933 
3504 2481933 
3505 2481933 
3506 2481934 
3507 2481934 
3508 2481934 
3509 2481935 
3510 2481935 
3511 2481935 
3512 2481936 
3513 2481936 
3514 2481936 
3515 2481936 
3516 2481937 
3517 2481937 
3518 2481938 
3519 2481939 
3520 2481939 
3521 2481949 
3522 2481949 
3523 2481950 
3524 2481950 
3525 2481950 
3526 2481951 
3527 2481951 
3528 2481951 
3529 2481952 
3530 2481952 
3531 2481952 
3532 2481953 
3533 2481953 
3534 2481953 
3535 2481954 
3536 2481954 
3537 2481954 
3538 2481954 
3539 2481955 
3540 2481955 
3541 2481955 
3542 2481956 
3543 2481956 
3544 2481956 
3545 2481957 
3546 2481957 
3547 2481957 
3548 2481958 
3549 2481958 
3550 2481959 
3551 2481959 
3552 2481960 
3553 2481961 
3554 2481961 
3555 2481961 
3556 2481962 
3557 2481962 
3558 2481962 
3559 2481963 
3560 2481963 
3561 2481963 
3562 2481965 
3563 2481965 
3564 2481966 
3565 2481966 
3566 2481966 
3567 2481966 
3568 2481967 
3569 2481967 
3570 2481968 
3571 2481968 
3572 2481969 
3573 2481970 
3574 2481971 
3575 2481971 
3576 2481972 
3577 2481972 
3578 2481973 
3579 2481973 
3580 2481973 
3581 2481973 
3582 2481974 
3583 2481974 
3584 2481975 
3585 2481975 
3586 2481976 
3587 2481976 
3588 2481976 
3589 2481977 
3590 2481977 
3591 2481978 
3592 2481980 
3593 2481980 
3594 2481980 
3595 2481981 
3596 2481988 
3597 2481989 
3598 2481989 
3599 2481989 
3600 2481990 
3601 2481990 
3602 2481990 
3603 2481994 
3604 2481996 
3605 2481996 
3606 2481997 
3607 2482003 
3608 2482003 
3609 2482004 
3610 2482004 
3611 2482005 
3612 2482005 
3613 2482006 
3614 2482006 
3615 2482006 
3616 2482007 
3617 2482013 
3618 2482014 
3619 2482025 
3620 2482026 
3621 2482026 
3622 2482027 
3623 2482027 
3624 2482027 
3625 2482028 
3626 2482028 
3627 2482029 
3628 2482029 
3629 2482029 
3630 2482030 
3631 2482030 
3632 2482030 
3633 2482032 
3634 2482032 
3635 2482033 
3636 2482033 
3637 2482033 
3638 2482034 
3639 2482034 
3640 2482035 
3641 2482035 
3642 2482035 
3643 2482036 
3644 2482036 
3645 2482036 
3646 2482037 
3647 2482037 
3648 2482037 
3649 2482038 
3650 2482038 
3651 2482038 
3652 2482039 
3653 2482039 
3654 2482039 
3655 2482040 
3656 2482040 
3657 2482040 
3658 2482041 
3659 2482041 
3660 2482041 
3661 2482042 
3662 2482042 
3663 2482042 
3664 2482043 
3665 2482043 
3666 2482045 
3667 2482046 
3668 2482046 
3669 2482046 
3670 2482047 
3671 2482047 
3672 2482047 
3673 2482048 
3674 2482048 
3675 2482049 
3676 2482049 
3677 2482049 
3678 2482050 
3679 2482050 
3680 2482050 
3681 2482051 
3682 2482051 
3683 2482051 
3684 2482052 
3685 2482056 
3686 2482057 
3687 2482057 
3688 2482058 
3689 2482058 
3690 2482058 
3691 2482059 
3692 2482059 
3693 2482060 
3694 2482060 
3695 2482060 
3696 2482061 
3697 2482061 
3698 2482061 
3699 2482061 
3700 2482062 
3701 2482063 
3702 2482064 
3703 2482064 
3704 2482064 
3705 2482064 
3706 2482065 
3707 2482065 
3708 2482065 
3709 2482069 
3710 2482070 
3711 2482070 
3712 2482074 
3713 2482077 
3714 2482077 
3715 2482077 
3716 2482078 
3717 2482078 
3718 2482078 
3719 2482079 
3720 2482079 
3721 2482079 
3722 2482080 
3723 2482080 
3724 2482080 
3725 2482080 
3726 2482081 
3727 2482081 
3728 2482081 
3729 2482082 
3730 2482082 
3731 2482082 
3732 2482083 
3733 2482089 
3734 2482089 
3735 2482089 
3736 2482090 
3737 2482090 
3738 2482090 
3739 2482091 
3740 2482091 
3741 2482107 
3742 2482107 
3743 2482113 
3744 2482113 
3745 2482113 
3746 2482114 
3747 2482114 
3748 2482114 
3749 2482114 
3750 2482115 
3751 2482115 
3752 2482115 
3753 2482116 
3754 2482116 
3755 2482116 
3756 2482116 
3757 2482117 
3758 2482117 
3759 2482118 
3760 2482118 
3761 2482118 
3762 2482119 
3763 2482119 
3764 2482120 
3765 2482120 
3766 2482121 
3767 2482122 
3768 2482122 
3769 2482122 
3770 2482123 
3771 2482123 
3772 2482124 
3773 2482126 
3774 2482126 
3775 2482127 
3776 2482127 
3777 2482127 
3778 2482128 
3779 2482128 
3780 2482131 
3781 2482132 
3782 2482132 
3783 2482132 
3784 2482133 
3785 2482133 
3786 2482134 
3787 2482134 
3788 2482134 
3789 2482134 
3790 2482135 
3791 2482135 
3792 2482135 
3793 2482135 
3794 2482136 
3795 2482136 
3796 2482137 
3797 2482137 
3798 2482137 
3799 2482137 
3800 2482137 
3801 2482138 
3802 2482138 
3803 2482138 
3804 2482139 
3805 2482139 
3806 2482140 
3807 2482141 
3808 2482141 
3809 2482141 
3810 2482141 
3811 2482142 
3812 2482142 
3813 2482142 
3814 2482142 
3815 2482143 
3816 2482143 
3817 2482143 
3818 2482144 
3819 2482145 
3820 2482145 
3821 2482145 
3822 2482146 
3823 2482147 
3824 2482148 
3825 2482150 
3826 2482152 
3827 2482153 
3828 2482153 
3829 2482153 
3830 2482154 
3831 2482154 
3832 2482154 
3833 2482154 
3834 2482155 
3835 2482155 
3836 2482156 
3837 2482157 
3838 2482157 
3839 2482158 
3840 2482158 
3841 2482160 
3842 2482160 
3843 2482160 
3844 2482161 
3845 2482161 
3846 2482161 
3847 2482162 
3848 2482162 
3849 2482162 
3850 2482163 
3851 2482163 
3852 2482163 
3853 2482164 
3854 2482164 
3855 2482165 
3856 2482165 
3857 2482165 
3858 2482165 
3859 2482166 
3860 2482166 
3861 2482166 
3862 2482166 
3863 2482166 
3864 2482167 
3865 2482167 
3866 2482167 
3867 2482168 
3868 2482168 
3869 2482168 
3870 2482168 
3871 2482169 
3872 2482169 
3873 2482170 
3874 2482171 
3875 2482172 
3876 2482172 
3877 2482173 
3878 2482173 
3879 2482173 
3880 2482174 
3881 2482174 
3882 2482174 
3883 2482175 
3884 2482175 
3885 2482175 
3886 2482175 
3887 2482176 
3888 2482176 
3889 2482176 
3890 2482177 
3891 2482177 
3892 2482178 
3893 2482178 
3894 2482178 
3895 2482179 
3896 2482179 
3897 2482179 
3898 2482180 
3899 2482180 
3900 2482180 
3901 2482181 
3902 2482181 
3903 2482181 
3904 2482182 
3905 2482182 
3906 2482182 
3907 2482183 
3908 2482183 
3909 2482183 
3910 2482184 
3911 2482184 
3912 2482185 
3913 2482185 
3914 2482185 
3915 2482185 
3916 2482186 
3917 2482186 
3918 2482186 
3919 2482186 
3920 2482187 
3921 2482187 
3922 2482187 
3923 2482188 
3924 2482188 
3925 2482188 
3926 2482189 
3927 2482189 
3928 2482189 
3929 2482190 
3930 2482190 
3931 2482190 
3932 2482191 
3933 2482191 
3934 2482192 
3935 2482192 
3936 2482192 
3937 2482193 
3938 2482193 
3939 2482194 
3940 2482194 
3941 2482194 
3942 2482194 
3943 2482195 
3944 2482195 
3945 2482195 
3946 2482195 
3947 2482196 
3948 2482196 
3949 2482196 
3950 2482197 
3951 2482197 
3952 2482198 
3953 2482198 
3954 2482198 
3955 2482199 
3956 2482199 
3957 2482199 
3958 2482199 
3959 2482200 
3960 2482200 
3961 2482200 
3962 2482201 
3963 2482201 
3964 2482202 
3965 2482202 
3966 2482202 
3967 2482203 
3968 2482203 
3969 2482204 
3970 2482204 
3971 2482204 
3972 2482205 
3973 2482205 
3974 2482205 
3975 2482206 
3976 2482206 
3977 2482206 
3978 2482207 
3979 2482207 
3980 2482207 
3981 2482208 
3982 2482208 
3983 2482208 
3984 2482209 
3985 2482209 
3986 2482210 
3987 2482210 
3988 2482210 
3989 2482211 
3990 2482211 
3991 2482211 
3992 2482212 
3993 2482212 
3994 2482212 
3995 2482213 
3996 2482213 
3997 2482213 
3998 2482214 
3999 2482214 
4000 2482215 
4001 2482215 
4002 2482216 
4003 2482216 
4004 2482217 
4005 2482217 
4006 2482218 
4007 2482218 
4008 2482218 
4009 2482219 
4010 2482219 
4011 2482220 
4012 2482220 
4013 2482221 
4014 2482221 
4015 2482221 
4016 2482222 
4017 2482222 
4018 2482222 
4019 2482223 
4020 2482223 
4021 2482223 
4022 2482224 
4023 2482224 
4024 2482224 
4025 2482225 
4026 2482225 
4027 2482225 
4028 2482226 
4029 2482226 
4030 2482226 
4031 2482227 
4032 2482227 
4033 2482228 
4034 2482228 
4035 2482228 
4036 2482229 
4037 2482229 
4038 2482229 
4039 2482230 
4040 2482230 
4041 2482230 
4042 2482230 
4043 2482231 
4044 2482231 
4045 2482231 
4046 2482232 
4047 2482232 
4048 2482232 
4049 2482233 
4050 2482233 
4051 2482233 
4052 2482233 
4053 2482234 
4054 2482234 
4055 2482234 
4056 2482234 
4057 2482235 
4058 2482235 
4059 2482235 
4060 2482235 
4061 2482235 
4062 2482236 
4063 2482236 
4064 2482236 
4065 2482236 
4066 2482236 
4067 2482237 
4068 2482237 
4069 2482237 
4070 2482237 
4071 2482238 
4072 2482238 
4073 2482238 
4074 2482238 
4075 2482239 
4076 2482239 
4077 2482239 
4078 2482239 
4079 2482239 
4080 2482240 
4081 2482240 
4082 2482240 
4083 2482240 
4084 2482240 
4085 2482241 
4086 2482241 
4087 2482241 
4088 2482242 
4089 2482242 
4090 2482242 
4091 2482242 
4092 2482243 
4093 2482243 
4094 2482243 
4095 2482243 
4096 2482244 
4097 2482244 
4098 2482244 
4099 2482244 
4100 2482245 
4101 2482245 
4102 2482245 
4103 2482245 
4104 2482246 
4105 2482246 
4106 2482246 
4107 2482247 
4108 2482247 
4109 2482247 
4110 2482247 
4111 2482248 
4112 2482248 
4113 2482248 
4114 2482249 
4115 2482249 
4116 2482249 
4117 2482249 
4118 2482250 
4119 2482250 
4120 2482250 
4121 2482250 
4122 2482250 
4123 2482251 
4124 2482251 
4125 2482251 
4126 2482251 
4127 2482252 
4128 2482252 
4129 2482252 
4130 2482253 
4131 2482253 
4132 2482253 
4133 2482253 
4134 2482254 
4135 2482254 
4136 2482254 
4137 2482255 
4138 2482255 
4139 2482255 
4140 2482256 
4141 2482256 
4142 2482257 
4143 2482257 
4144 2482257 
4145 2482258 
4146 2482258 
4147 2482258 
4148 2482259 
4149 2482259 
4150 2482259 
4151 2482260 
4152 2482260 
4153 2482260 
4154 2482261 
4155 2482261 
4156 2482261 
4157 2482262 
4158 2482262 
4159 2482263 
4160 2482263 
4161 2482263 
4162 2482264 
4163 2482264 
4164 2482264 
4165 2482265 
4166 2482265 
4167 2482265 
4168 2482266 
4169 2482266 
4170 2482266 
4171 2482266 
4172 2482267 
4173 2482267 
4174 2482267 
4175 2482268 
4176 2482268 
4177 2482268 
4178 2482269 
4179 2482269 
4180 2482269 
4181 2482270 
4182 2482270 
4183 2482270 
4184 2482271 
4185 2482271 
4186 2482271 
4187 2482271 
4188 2482272 
4189 2482272 
4190 2482272 
4191 2482272 
4192 2482273 
4193 2482273 
4194 2482273 
4195 2482273 
4196 2482274 
4197 2482274 
4198 2482274 
4199 2482274 
4200 2482274 
4201 2482275 
4202 2482275 
4203 2482275 
4204 2482275 
4205 2482276 
4206 2482276 
4207 2482276 
4208 2482276 
4209 2482277 
4210 2482277 
4211 2482277 
4212 2482277 
4213 2482278 
4214 2482278 
4215 2482278 
4216 2482278 
4217 2482279 
4218 2482279 
4219 2482279 
4220 2482279 
4221 2482280 
4222 2482280 
4223 2482280 
4224 2482280 
4225 2482281 
4226 2482281 
4227 2482281 
4228 2482281 
4229 2482282 
4230 2482282 
4231 2482282 
4232 2482282 
4233 2482283 
4234 2482283 
4235 2482283 
4236 2482283 
4237 2482283 
4238 2482283 
4239 2482284 
4240 2482284 
4241 2482284 
4242 2482285 
4243 2482285 
4244 2482285 
4245 2482285 
4246 2482285 
4247 2482286 
4248 2482286 
4249 2482286 
4250 2482286 
4251 2482287 
4252 2482287 
4253 2482287 
4254 2482287 
4255 2482288 
4256 2482288 
4257 2482288 
4258 2482288 
4259 2482289 
4260 2482289 
4261 2482289 
4262 2482290 
4263 2482290 
4264 2482290 
4265 2482290 
4266 2482291 
4267 2482291 
4268 2482291 
4269 2482291 
4270 2482292 
4271 2482292 
4272 2482292 
4273 2482292 
4274 2482293 
4275 2482293 
4276 2482293 
4277 2482293 
4278 2482294 
4279 2482294 
4280 2482294 
4281 2482294 
4282 2482294 
4283 2482295 
4284 2482295 
4285 2482295 
4286 2482295 
4287 2482295 
4288 2482296 
4289 2482296 
4290 2482296 
4291 2482296 
4292 2482297 
4293 2482297 
4294 2482297 
4295 2482298 
4296 2482298 
4297 2482298 
4298 2482298 
4299 2482299 
4300 2482299 
4301 2482299 
4302 2482300 
4303 2482300 
4304 2482300 
4305 2482300 
4306 2482301 
4307 2482301 
4308 2482301 
4309 2482301 
4310 2482301 
4311 2482302 
4312 2482302 
4313 2482302 
4314 2482302 
4315 2482302 
4316 2482303 
4317 2482303 
4318 2482303 
4319 2482303 
4320 2482304 
4321 2482304 
4322 2482304 
4323 2482304 
4324 2482305 
4325 2482305 
4326 2482305 
4327 2482305 
4328 2482305 
4329 2482306 
4330 2482306 
4331 2482306 
4332 2482306 
4333 2482306 
4334 2482307 
4335 2482307 
4336 2482307 
4337 2482307 
4338 2482308 
4339 2482308 
4340 2482308 
4341 2482308 
4342 2482309 
4343 2482309 
4344 2482309 
4345 2482309 
4346 2482310 
4347 2482310 
4348 2482310 
4349 2482310 
4350 2482311 
4351 2482311 
4352 2482311 
4353 2482311 
4354 2482312 
4355 2482312 
4356 2482312 
4357 2482312 
4358 2482313 
4359 2482313 
4360 2482313 
4361 2482313 
4362 2482314 
4363 2482314 
4364 2482314 
4365 2482314 
4366 2482314 
4367 2482315 
4368 2482315 
4369 2482315 
4370 2482315 
4371 2482315 
4372 2482316 
4373 2482316 
4374 2482316 
4375 2482316 
4376 2482317 
4377 2482317 
4378 2482317 
4379 2482317 
4380 2482318 
4381 2482318 
4382 2482318 
4383 2482319 
4384 2482319 
4385 2482319 
4386 2482319 
4387 2482320 
4388 2482320 
4389 2482320 
4390 2482320 
4391 2482321 
4392 2482321 
4393 2482321 
4394 2482321 
4395 2482321 
4396 2482322 
4397 2482322 
4398 2482322 
4399 2482322 
4400 2482322 
4401 2482322 
4402 2482323 
4403 2482323 
4404 2482323 
4405 2482323 
4406 2482323 
4407 2482324 
4408 2482324 
4409 2482324 
4410 2482325 
4411 2482325 
4412 2482325 
4413 2482325 
4414 2482326 
4415 2482326 
4416 2482326 
4417 2482326 
4418 2482327 
4419 2482327 
4420 2482327 
4421 2482327 
4422 2482328 
4423 2482328 
4424 2482328 
4425 2482328 
4426 2482328 
4427 2482329 
4428 2482329 
4429 2482329 
4430 2482329 
4431 2482330 
4432 2482330 
4433 2482330 
4434 2482330 
4435 2482331 
4436 2482331 
4437 2482331 
4438 2482331 
4439 2482332 
4440 2482332 
4441 2482332 
4442 2482332 
4443 2482332 
4444 2482332 
4445 2482333 
4446 2482333 
4447 2482333 
4448 2482333 
4449 2482334 
4450 2482334 
4451 2482334 
4452 2482334 
4453 2482335 
4454 2482335 
4455 2482335 
4456 2482335 
4457 2482336 
4458 2482336 
4459 2482336 
4460 2482336 
4461 2482337 
4462 2482337 
4463 2482337 
4464 2482337 
4465 2482338 
4466 2482338 
4467 2482338 
4468 2482338 
4469 2482339 
4470 2482339 
4471 2482339 
4472 2482339 
4473 2482340 
4474 2482340 
4475 2482340 
4476 2482340 
4477 2482341 
4478 2482341 
4479 2482341 
4480 2482341 
4481 2482341 
4482 2482342 
4483 2482342 
4484 2482342 
4485 2482342 
4486 2482342 
4487 2482343 
4488 2482343 
4489 2482343 
4490 2482343 
4491 2482344 
4492 2482344 
4493 2482344 
4494 2482344 
4495 2482345 
4496 2482345 
4497 2482345 
4498 2482345 
4499 2482346 
4500 2482346 
4501 2482346 
4502 2482346 
4503 2482347 
4504 2482347 
4505 2482347 
4506 2482347 
4507 2482348 
4508 2482348 
4509 2482348 
4510 2482348 
4511 2482349 
4512 2482349 
4513 2482349 
4514 2482349 
4515 2482350 
4516 2482350 
4517 2482350 
4518 2482350 
4519 2482350 
4520 2482351 
4521 2482351 
4522 2482351 
4523 2482352 
4524 2482352 
4525 2482352 
4526 2482352 
4527 2482352 
4528 2482353 
4529 2482353 
4530 2482353 
4531 2482353 
4532 2482354 
4533 2482354 
4534 2482354 
4535 2482355 
4536 2482355 
4537 2482355 
4538 2482355 
4539 2482356 
4540 2482356 
4541 2482356 
4542 2482356 
4543 2482356 
4544 2482357 
4545 2482357 
4546 2482357 
4547 2482357 
4548 2482358 
4549 2482358 
4550 2482358 
4551 2482359 
4552 2482359 
4553 2482359 
4554 2482359 
4555 2482359 
4556 2482360 
4557 2482360 
4558 2482360 
4559 2482360 
4560 2482361 
4561 2482361 
4562 2482361 
4563 2482361 
4564 2482362 
4565 2482362 
4566 2482362 
4567 2482363 
4568 2482363 
4569 2482363 
4570 2482363 
4571 2482364 
4572 2482364 
4573 2482364 
4574 2482364 
4575 2482365 
4576 2482365 
4577 2482365 
4578 2482365 
4579 2482366 
4580 2482366 
4581 2482366 
4582 2482367 
4583 2482367 
4584 2482367 
4585 2482367 
4586 2482368 
4587 2482368 
4588 2482368 
4589 2482368 
4590 2482369 
4591 2482369 
4592 2482369 
4593 2482369 
4594 2482370 
4595 2482370 
4596 2482370 
4597 2482370 
4598 2482371 
4599 2482371 
4600 2482371 
4601 2482371 
4602 2482372 
4603 2482372 
4604 2482372 
4605 2482372 
4606 2482373 
4607 2482373 
4608 2482373 
4609 2482373 
4610 2482373 
4611 2482374 
4612 2482374 
4613 2482374 
4614 2482374 
4615 2482374 
4616 2482375 
4617 2482375 
4618 2482375 
4619 2482375 
4620 2482376 
4621 2482376 
4622 2482376 
4623 2482376 
4624 2482377 
4625 2482377 
4626 2482377 
4627 2482377 
4628 2482378 
4629 2482378 
4630 2482378 
4631 2482378 
4632 2482379 
4633 2482379 
4634 2482379 
4635 2482379 
4636 2482380 
4637 2482380 
4638 2482380 
4639 2482380 
4640 2482381 
4641 2482381 
4642 2482381 
4643 2482381 
4644 2482382 
4645 2482382 
4646 2482382 
4647 2482382 
4648 2482383 
4649 2482383 
4650 2482383 
4651 2482383 
4652 2482384 
4653 2482384 
4654 2482384 
4655 2482384 
4656 2482385 
4657 2482385 
4658 2482385 
4659 2482385 
4660 2482386 
4661 2482386 
4662 2482386 
4663 2482386 
4664 2482387 
4665 2482387 
4666 2482387 
4667 2482387 
4668 2482387 
4669 2482388 
4670 2482388 
4671 2482388 
4672 2482388 
4673 2482389 
4674 2482389 
4675 2482389 
4676 2482389 
4677 2482390 
4678 2482390 
4679 2482390 
4680 2482390 
4681 2482391 
4682 2482391 
4683 2482391 
4684 2482391 
4685 2482392 
4686 2482392 
4687 2482392 
4688 2482392 
4689 2482393 
4690 2482393 
4691 2482393 
4692 2482393 
4693 2482394 
4694 2482394 
4695 2482394 
4696 2482394 
4697 2482395 
4698 2482395 
4699 2482395 
4700 2482395 
4701 2482396 
4702 2482396 
4703 2482396 
4704 2482396 
4705 2482396 
4706 2482397 
4707 2482397 
4708 2482397 
4709 2482397 
4710 2482398 
4711 2482398 
4712 2482398 
4713 2482398 
4714 2482399 
4715 2482399 
4716 2482399 
4717 2482399 
4718 2482399 
4719 2482400 
4720 2482400 
4721 2482400 
4722 2482400 
4723 2482401 
4724 2482401 
4725 2482401 
4726 2482402 
4727 2482402 
4728 2482402 
4729 2482402 
4730 2482403 
4731 2482403 
4732 2482403 
4733 2482403 
4734 2482404 
4735 2482404 
4736 2482404 
4737 2482404 
4738 2482405 
4739 2482405 
4740 2482405 
4741 2482405 
4742 2482406 
4743 2482406 
4744 2482406 
4745 2482406 
4746 2482407 
4747 2482407 
4748 2482407 
4749 2482407 
4750 2482408 
4751 2482408 
4752 2482408 
4753 2482408 
4754 2482409 
4755 2482409 
4756 2482409 
4757 2482409 
4758 2482410 
4759 2482410 
4760 2482410 
4761 2482410 
4762 2482411 
4763 2482411 
4764 2482411 
4765 2482412 
4766 2482412 
4767 2482412 
4768 2482412 
4769 2482413 
4770 2482413 
4771 2482413 
4772 2482413 
4773 2482413 
4774 2482414 
4775 2482414 
4776 2482414 
4777 2482414 
4778 2482414 
4779 2482415 
4780 2482415 
4781 2482415 
4782 2482416 
4783 2482416 
4784 2482416 
4785 2482416 
4786 2482416 
4787 2482417 
4788 2482417 
4789 2482417 
4790 2482417 
4791 2482417 
4792 2482418 
4793 2482418 
4794 2482418 
4795 2482418 
4796 2482419 
4797 2482419 
4798 2482419 
4799 2482419 
4800 2482420 
4801 2482420 
4802 2482420 
4803 2482420 
4804 2482421 
4805 2482421 
4806 2482421 
4807 2482421 
4808 2482421 
4809 2482422 
4810 2482422 
4811 2482422 
4812 2482422 
4813 2482423 
4814 2482423 
4815 2482423 
4816 2482423 
4817 2482424 
4818 2482424 
4819 2482424 
4820 2482424 
4821 2482425 
4822 2482425 
4823 2482425 
4824 2482425 
4825 2482426 
4826 2482426 
4827 2482426 
4828 2482427 
4829 2482427 
4830 2482427 
4831 2482427 
4832 2482428 
4833 2482428 
4834 2482428 
4835 2482428 
4836 2482429 
4837 2482429 
4838 2482429 
4839 2482429 
4840 2482430 
4841 2482430 
4842 2482430 
4843 2482430 
4844 2482431 
4845 2482431 
4846 2482431 
4847 2482431 
4848 2482432 
4849 2482432 
4850 2482432 
4851 2482433 
4852 2482433 
4853 2482433 
4854 2482433 
4855 2482434 
4856 2482434 
4857 2482434 
4858 2482434 
4859 2482434 
4860 2482435 
4861 2482435 
4862 2482435 
4863 2482435 
4864 2482436 
4865 2482436 
4866 2482436 
4867 2482436 
4868 2482437 
4869 2482437 
4870 2482437 
4871 2482438 
4872 2482438 
4873 2482438 
4874 2482438 
4875 2482439 
4876 2482439 
4877 2482439 
4878 2482439 
4879 2482439 
4880 2482440 
4881 2482440 
4882 2482440 
4883 2482440 
4884 2482441 
4885 2482441 
4886 2482441 
4887 2482441 
4888 2482442 
4889 2482442 
4890 2482442 
4891 2482442 
4892 2482443 
4893 2482443 
4894 2482443 
4895 2482443 
4896 2482444 
4897 2482444 
4898 2482444 
4899 2482444 
4900 2482445 
4901 2482445 
4902 2482445 
4903 2482445 
4904 2482446 
4905 2482446 
4906 2482446 
4907 2482446 
4908 2482447 
4909 2482447 
4910 2482447 
4911 2482448 
4912 2482448 
4913 2482448 
4914 2482448 
4915 2482449 
4916 2482449 
4917 2482449 
4918 2482450 
4919 2482450 
4920 2482450 
4921 2482450 
4922 2482451 
4923 2482451 
4924 2482451 
4925 2482452 
4926 2482452 
4927 2482452 
4928 2482452 
4929 2482453 
4930 2482453 
4931 2482453 
4932 2482453 
4933 2482454 
4934 2482454 
4935 2482454 
4936 2482454 
4937 2482455 
4938 2482455 
4939 2482455 
4940 2482455 
4941 2482456 
4942 2482456 
4943 2482456 
4944 2482456 
4945 2482456 
4946 2482457 
4947 2482457 
4948 2482457 
4949 2482457 
4950 2482457 
4951 2482458 
4952 2482458 
4953 2482458 
4954 2482458 
4955 2482459 
4956 2482459 
4957 2482459 
4958 2482459 
4959 2482460 
4960 2482460 
4961 2482460 
4962 2482460 
4963 2482461 
4964 2482461 
4965 2482461 
4966 2482461 
4967 2482461 
4968 2482462 
4969 2482462 
4970 2482462 
4971 2482462 
4972 2482463 
4973 2482463 
4974 2482463 
4975 2482464 
4976 2482464 
4977 2482464 
4978 2482465 
4979 2482465 
4980 2482465 
4981 2482466 
4982 2482466 
4983 2482467 
4984 2482467 
4985 2482467 
4986 2482468 
4987 2482468 
4988 2482468 
4989 2482469 
4990 2482469 
4991 2482470 
4992 2482470 
4993 2482470 
4994 2482470 
4995 2482471 
4996 2482471 
4997 2482471 
4998 2482471 
4999 2482472 
5000 2482472 
5001 2482472 
5002 2482472 
5003 2482473 
5004 2482473 
5005 2482473 
5006 2482473 
5007 2482473 
5008 2482473 
5009 2482474 
5010 2482474 
5011 2482474 
5012 2482474 
5013 2482475 
5014 2482475 
5015 2482475 
5016 2482475 
5017 2482476 
5018 2482476 
5019 2482476 
5020 2482476 
5021 2482477 
5022 2482477 
5023 2482477 
5024 2482477 
5025 2482478 
5026 2482478 
5027 2482478 
5028 2482478 
5029 2482479 
5030 2482479 
5031 2482479 
5032 2482479 
5033 2482480 
5034 2482480 
5035 2482480 
5036 2482480 
5037 2482481 
5038 2482481 
5039 2482481 
5040 2482481 
5041 2482482 
5042 2482482 
5043 2482482 
5044 2482482 
5045 2482482 
5046 2482483 
5047 2482483 
5048 2482483 
5049 2482484 
5050 2482484 
5051 2482484 
5052 2482484 
5053 2482485 
5054 2482485 
5055 2482485 
5056 2482485 
5057 2482485 
5058 2482486 
5059 2482486 
5060 2482486 
5061 2482486 
5062 2482487 
5063 2482487 
5064 2482487 
5065 2482487 
5066 2482487 
5067 2482488 
5068 2482488 
5069 2482488 
5070 2482489 
5071 2482489 
5072 2482489 
5073 2482489 
5074 2482489 
5075 2482490 
5076 2482490 
5077 2482490 
5078 2482490 
5079 2482491 
5080 2482491 
5081 2482491 
5082 2482491 
5083 2482491 
5084 2482492 
5085 2482492 
5086 2482492 
5087 2482492 
5088 2482493 
5089 2482493 
5090 2482494 
5091 2482494 
5092 2482495 
5093 2482495 
5094 2482495 
5095 2482496 
5096 2482496 
5097 2482497 
5098 2482497 
5099 2482498 
5100 2482498 
5101 2482498 
5102 2482499 
5103 2482499 
5104 2482499 
5105 2482499 
5106 2482500 
5107 2482500 
5108 2482500 
5109 2482500 
5110 2482500 
5111 2482501 
5112 2482501 
5113 2482501 
5114 2482502 
5115 2482502 
5116 2482502 
5117 2482502 
5118 2482503 
5119 2482503 
5120 2482503 
5121 2482503 
5122 2482504 
5123 2482504 
5124 2482504 
5125 2482504 
5126 2482505 
5127 2482505 
5128 2482505 
5129 2482506 
5130 2482506 
5131 2482506 
5132 2482507 
5133 2482507 
5134 2482507 
5135 2482507 
5136 2482507 
5137 2482508 
5138 2482508 
5139 2482508 
5140 2482508 
5141 2482508 
5142 2482509 
5143 2482509 
5144 2482509 
5145 2482510 
5146 2482510 
5147 2482510 
5148 2482510 
5149 2482511 
5150 2482511 
5151 2482511 
5152 2482512 
5153 2482512 
5154 2482512 
5155 2482512 
5156 2482512 
5157 2482513 
5158 2482513 
5159 2482513 
5160 2482514 
5161 2482514 
5162 2482514 
5163 2482515 
5164 2482515 
5165 2482516 
5166 2482516 
5167 2482516 
5168 2482517 
5169 2482517 
5170 2482517 
5171 2482518 
5172 2482518 
5173 2482519 
5174 2482519 
5175 2482519 
5176 2482520 
5177 2482520 
5178 2482520 
5179 2482521 
5180 2482521 
5181 2482521 
5182 2482522 
5183 2482522 
5184 2482522 
5185 2482523 
5186 2482523 
5187 2482523 
5188 2482524 
5189 2482524 
5190 2482525 
5191 2482525 
5192 2482525 
5193 2482525 
5194 2482526 
5195 2482526 
5196 2482526 
5197 2482526 
5198 2482527 
5199 2482527 
5200 2482527 
5201 2482527 
5202 2482528 
5203 2482528 
5204 2482528 
5205 2482528 
5206 2482529 
5207 2482529 
5208 2482529 
5209 2482529 
5210 2482530 
5211 2482530 
5212 2482530 
5213 2482531 
5214 2482531 
5215 2482531 
5216 2482531 
5217 2482532 
5218 2482532 
5219 2482533 
5220 2482533 
5221 2482533 
5222 2482534 
5223 2482534 
5224 2482534 
5225 2482534 
5226 2482534 
5227 2482535 
5228 2482535 
5229 2482535 
5230 2482535 
5231 2482535 
5232 2482536 
5233 2482536 
5234 2482536 
5235 2482537 
5236 2482537 
5237 2482537 
5238 2482538 
5239 2482538 
5240 2482538 
5241 2482539 
5242 2482539 
5243 2482539 
5244 2482540 
5245 2482540 
5246 2482541 
5247 2482541 
5248 2482541 
5249 2482541 
5250 2482541 
5251 2482542 
5252 2482542 
5253 2482542 
5254 2482542 
5255 2482543 
5256 2482543 
5257 2482544 
5258 2482544 
5259 2482545 
5260 2482546 
5261 2482546 
5262 2482546 
5263 2482546 
5264 2482547 
5265 2482547 
5266 2482547 
5267 2482548 
5268 2482548 
5269 2482548 
5270 2482549 
5271 2482549 
5272 2482549 
5273 2482550 
5274 2482550 
5275 2482550 
5276 2482551 
5277 2482551 
5278 2482551 
5279 2482552 
5280 2482552 
5281 2482552 
5282 2482553 
5283 2482553 
5284 2482553 
5285 2482553 
5286 2482553 
5287 2482554 
5288 2482554 
5289 2482554 
5290 2482554 
5291 2482555 
5292 2482555 
5293 2482555 
5294 2482556 
5295 2482556 
5296 2482556 
5297 2482557 
5298 2482557 
5299 2482557 
5300 2482557 
5301 2482558 
5302 2482558 
5303 2482559 
5304 2482559 
5305 2482559 
5306 2482559 
5307 2482560 
5308 2482560 
5309 2482560 
5310 2482561 
5311 2482561 
5312 2482561 
5313 2482562 
5314 2482562 
5315 2482562 
5316 2482562 
5317 2482563 
5318 2482563 
5319 2482563 
5320 2482563 
5321 2482564 
5322 2482564 
5323 2482564 
5324 2482565 
5325 2482565 
5326 2482566 
5327 2482566 
5328 2482566 
5329 2482567 
5330 2482567 
5331 2482567 
5332 2482568 
5333 2482568 
5334 2482568 
5335 2482569 
5336 2482569 
5337 2482569 
5338 2482570 
5339 2482570 
5340 2482570 
5341 2482571 
5342 2482571 
5343 2482571 
5344 2482571 
5345 2482572 
5346 2482572 
5347 2482572 
5348 2482572 
5349 2482573 
5350 2482573 
5351 2482573 
5352 2482573 
5353 2482574 
5354 2482574 
5355 2482574 
5356 2482574 
5357 2482575 
5358 2482575 
5359 2482575 
5360 2482575 
5361 2482576 
5362 2482576 
5363 2482576 
5364 2482577 
5365 2482577 
5366 2482577 
5367 2482578 
5368 2482578 
5369 2482579 
5370 2482579 
5371 2482579 
5372 2482580 
5373 2482580 
5374 2482581 
5375 2482583 
5376 2482584 
5377 2482584 
5378 2482585 
5379 2482585 
5380 2482586 
5381 2482586 
5382 2482586 
5383 2482587 
5384 2482587 
5385 2482588 
5386 2482591 
5387 2482591 
5388 2482593 
5389 2482594 
5390 2482594 
5391 2482594 
5392 2482595 
5393 2482596 
5394 2482597 
5395 2482599 
5396 2482599 
5397 2482599 
5398 2482600 
5399 2482600 
5400 2482600 
5401 2482600 
5402 2482601 
5403 2482602 
5404 2482602 
5405 2482602 
5406 2482602 
5407 2482604 
5408 2482604 
5409 2482606 
5410 2482606 
5411 2482606 
5412 2482607 
5413 2482607 
5414 2482608 
5415 2482608 
5416 2482608 
5417 2482608 
5418 2482609 
5419 2482609 
5420 2482611 
5421 2482612 
5422 2482613 
5423 2482613 
5424 2482614 
5425 2482614 
5426 2482614 
5427 2482615 
5428 2482615 
5429 2482615 
5430 2482616 
5431 2482616 
5432 2482616 
5433 2482616 
5434 2482616 
5435 2482617 
5436 2482617 
5437 2482617 
5438 2482617 
5439 2482617 
5440 2482617 
5441 2482618 
5442 2482618 
5443 2482618 
5444 2482618 
5445 2482618 
5446 2482619 
5447 2482619 
5448 2482619 
5449 2482619 
5450 2482619 
5451 2482620 
5452 2482620 
5453 2482620 
5454 2482620 
5455 2482620 
5456 2482621 
5457 2482621 
5458 2482621 
5459 2482621 
5460 2482621 
5461 2482622 
5462 2482622 
5463 2482622 
5464 2482622 
5465 2482623 
5466 2482623 
5467 2482623 
5468 2482624 
5469 2482624 
5470 2482624 
5471 2482625 
5472 2482625 
5473 2482625 
5474 2482626 
5475 2482626 
5476 2482626 
5477 2482627 
5478 2482627 
5479 2482627 
5480 2482627 
5481 2482628 
5482 2482628 
5483 2482628 
5484 2482628 
5485 2482628 
5486 2482629 
5487 2482629 
5488 2482629 
5489 2482629 
5490 2482630 
5491 2482630 
5492 2482630 
5493 2482630 
5494 2482630 
5495 2482631 
5496 2482631 
5497 2482632 
5498 2482632 
5499 2482632 
5500 2482633 
5501 2482633 
5502 2482633 
5503 2482634 
5504 2482634 
5505 2482634 
5506 2482635 
5507 2482637 
5508 2482641 
5509 2482642 
5510 2482642 
5511 2482642 
5512 2482643 
5513 2482643 
5514 2482643 
5515 2482643 
5516 2482644 
5517 2482644 
5518 2482646 
5519 2482646 
5520 2482647 
5521 2482647 
5522 2482647 
5523 2482648 
5524 2482648 
5525 2482648 
5526 2482649 
5527 2482649 
5528 2482649 
5529 2482650 
5530 2482650 
5531 2482651 
5532 2482651 
5533 2482651 
5534 2482658 
5535 2482660 
5536 2482662 
5537 2482665 
5538 2482666 
5539 2482666 
5540 2482666 
5541 2482667 
5542 2482667 
5543 2482668 
5544 2482668 
5545 2482668 
5546 2482669 
5547 2482669 
5548 2482669 
5549 2482671 
5550 2482671 
5551 2482672 
5552 2482672 
5553 2482672 
5554 2482673 
5555 2482673 
5556 2482673 
5557 2482674 
5558 2482674 
5559 2482674 
5560 2482675 
5561 2482675 
5562 2482681 
5563 2482681 
5564 2482681 
5565 2482682 
5566 2482682 
5567 2482682 
5568 2482683 
5569 2482683 
5570 2482683 
5571 2482684 
5572 2482684 
5573 2482695 
5574 2482699 
5575 2482699 
5576 2482700 
5577 2482700 
5578 2482700 
5579 2482701 
5580 2482701 
5581 2482702 
5582 2482702 
5583 2482702 
5584 2482703 
5585 2482703 
5586 2482703 
5587 2482704 
5588 2482704 
5589 2482704 
5590 2482705 
5591 2482707 
5592 2482707 
5593 2482708 
5594 2482708 
5595 2482709 
5596 2482710 
5597 2482710 
5598 2482710 
5599 2482711 
5600 2482711 
5601 2482712 
5602 2482712 
5603 2482712 
5604 2482713 
5605 2482713 
5606 2482713 
5607 2482714 
5608 2482714 
5609 2482714 
5610 2482716 
5611 2482716 
5612 2482722 
5613 2482723 
5614 2482723 
5615 2482723 
5616 2482735 
5617 2482736 
5618 2482736 
5619 2482736 
5620 2482737 
5621 2482737 
5622 2482738 
5623 2482738 
5624 2482738 
5625 2482739 
5626 2482739 
5627 2482739 
5628 2482740 
5629 2482740 
5630 2482740 
5631 2482741 
5632 2482741 
5633 2482741 
5634 2482742 
5635 2482742 
5636 2482743 
5637 2482743 
5638 2482743 
5639 2482744 
5640 2482744 
5641 2482751 
5642 2482752 
5643 2482752 
5644 2482752 
5645 2482753 
5646 2482753 
5647 2482756 
5648 2482756 
5649 2482757 
5650 2482757 
5651 2482757 
5652 2482758 
5653 2482760 
5654 2482760 
5655 2482760 
5656 2482761 
5657 2482761 
5658 2482761 
5659 2482762 
5660 2482762 
5661 2482763 
5662 2482763 
5663 2482763 
5664 2482764 
5665 2482764 
5666 2482764 
5667 2482765 
5668 2482765 
5669 2482765 
5670 2482766 
5671 2482766 
5672 2482766 
5673 2482766 
5674 2482767 
5675 2482767 
5676 2482767 
5677 2482768 
5678 2482768 
5679 2482769 
5680 2482769 
5681 2482778 
5682 2482778 
5683 2482779 
5684 2482779 
5685 2482779 
5686 2482780 
5687 2482781 
5688 2482781 
5689 2482781 
5690 2482782 
5691 2482782 
5692 2482782 
5693 2482783 
5694 2482783 
5695 2482783 
5696 2482784 
5697 2482784 
5698 2482784 
5699 2482785 
5700 2482785 
5701 2482785 
5702 2482785 
5703 2482786 
5704 2482786 
5705 2482787 
5706 2482787 
5707 2482787 
5708 2482788 
5709 2482788 
5710 2482788 
5711 2482789 
5712 2482790 
5713 2482791 
5714 2482792 
5715 2482792 
5716 2482792 
5717 2482792 
5718 2482793 
5719 2482793 
5720 2482796 
5721 2482796 
5722 2482796 
5723 2482796 
5724 2482797 
5725 2482797 
5726 2482797 
5727 2482797 
5728 2482798 
5729 2482798 
5730 2482798 
5731 2482799 
5732 2482799 
5733 2482802 
5734 2482802 
5735 2482803 
5736 2482803 
5737 2482803 
5738 2482804 
5739 2482804 
5740 2482804 
5741 2482805 
5742 2482805 
5743 2482805 
5744 2482806 
5745 2482806 
5746 2482807 
5747 2482807 
5748 2482807 
5749 2482807 
5750 2482808 
5751 2482808 
5752 2482808 
5753 2482811 
5754 2482811 
5755 2482811 
5756 2482812 
5757 2482816 
5758 2482816 
5759 2482816 
5760 2482822 
5761 2482822 
5762 2482823 
5763 2482823 
5764 2482823 
5765 2482824 
5766 2482824 
5767 2482824 
5768 2482825 
5769 2482825 
5770 2482825 
5771 2482826 
5772 2482826 
5773 2482826 
5774 2482827 
5775 2482827 
5776 2482827 
5777 2482828 
5778 2482828 
5779 2482828 
5780 2482829 
5781 2482829 
5782 2482829 
5783 2482830 
5784 2482830 
5785 2482830 
5786 2482830 
5787 2482831 
5788 2482831 
5789 2482831 
5790 2482831 
5791 2482832 
5792 2482832 
5793 2482832 
5794 2482832 
5795 2482832 
5796 2482833 
5797 2482833 
5798 2482833 
5799 2482833 
5800 2482834 
5801 2482834 
5802 2482834 
5803 2482834 
5804 2482835 
5805 2482835 
5806 2482835 
5807 2482835 
5808 2482836 
5809 2482836 
5810 2482836 
5811 2482836 
5812 2482837 
5813 2482837 
5814 2482837 
5815 2482837 
5816 2482838 
5817 2482838 
5818 2482838 
5819 2482838 
5820 2482839 
5821 2482839 
5822 2482839 
5823 2482839 
5824 2482840 
5825 2482840 
5826 2482840 
5827 2482840 
5828 2482841 
5829 2482841 
5830 2482841 
5831 2482841 
5832 2482842 
5833 2482842 
5834 2482842 
5835 2482843 
5836 2482843 
5837 2482843 
5838 2482844 
5839 2482844 
5840 2482844 
5841 2482845 
5842 2482845 
5843 2482845 
5844 2482846 
5845 2482846 
5846 2482846 
5847 2482847 
5848 2482847 
5849 2482847 
5850 2482848 
5851 2482848 
5852 2482848 
5853 2482849 
5854 2482849 
5855 2482850 
5856 2482850 
5857 2482850 
5858 2482851 
5859 2482851 
5860 2482881 
5861 2482884 
5862 2482934 
5863 2482935 
5864 2482935 
5865 2482935 
5866 2482936 
5867 2482936 
5868 2482939 
5869 2482940 
5870 2482940 
5871 2482943 
5872 2482943 
5873 2482943 
5874 2482944 
5875 2482944 
5876 2482944 
5877 2482945 
5878 2482945 
5879 2482945 
5880 2482946 
5881 2482946 
5882 2482947 
5883 2482948 
5884 2482967 
5885 2482968 
5886 2482968 
5887 2482969 
5888 2482969 
5889 2482969 
5890 2482970 
5891 2482970 
5892 2482971 
5893 2482971 
5894 2482972 
5895 2482972 
5896 2482972 
5897 2482973 
5898 2482973 
5899 2482973 
5900 2482974 
5901 2482983 
5902 2482996 
5903 2482996 
5904 2482998 
5905 2482998 
5906 2483019 
5907 2483019 
5908 2483020 
5909 2483020 
5910 2483020 
5911 2483021 
5912 2483021 
5913 2483021 
5914 2483022 
5915 2483022 
5916 2483027 
5917 2483027 
5918 2483046 
5919 2483046 
5920 2483046 
5921 2483047 
5922 2483047 
5923 2483049 
5924 2483050 
5925 2483050 
5926 2483050 
5927 2483051 
5928 2483051 
5929 2483051 
5930 2483052 
5931 2483052 
5932 2483052 
5933 2483053 
5934 2483053 
5935 2483118 
5936 2483139 
5937 2483139 
5938 2483144 
5939 2483153 
5940 2483154 
5941 2483182 
5942 2483185 
5943 2483191 
5944 2483193 
5945 2483197 
5946 2483197 
5947 2483198 
5948 2483198 
5949 2483214 
5950 2483216 
5951 2483218 
5952 2483219 
5953 2483219 
5954 2483220 
5955 2483220 
5956 2483226 
5957 2483230 
5958 2483231 
5959 2483234 
5960 2483235 
5961 2483235 
5962 2483235 
5963 2483236 
5964 2483236 
5965 2483236 
5966 2483237 
5967 2483237 
5968 2483238 
5969 2483238 
5970 2483238 
5971 2483239 
5972 2483239 
5973 2483239 
5974 2483240 
5975 2483240 
5976 2483240 
5977 2483249 
5978 2483249 
5979 2483252 
5980 2483253 
5981 2483257 
5982 2483260 
5983 2483263 
5984 2483266 
5985 2483267 
5986 2483268 
5987 2483269 
5988 2483273 
5989 2483281 
5990 2483282 
5991 2483283 
5992 2483284 
5993 2483285 
5994 2483288 
5995 2483289 
5996 2483292 
5997 2483292 
5998 2483295 
5999 2483321 
6000 2483327 
6001 2483327 
6002 2483334 
6003 2483354 
6004 2483357 
6005 2483357 
6006 2483371 
6007 2483376 
6008 2483378 
6009 2483378 
6010 2483379 
6011 2483379 
6012 2483388 
6013 2483388 
6014 2483388 
6015 2483388 
6016 2483393 
6017 2483402 
6018 2483434 
6019 2483435 
6020 2483435 
6021 2483436 
6022 2483436 
6023 2483437 
6024 2483448 
6025 2483448 
6026 2483449 
6027 2483450 
6028 2483451 
6029 2483466 
6030 2483466 
6031 2483467 
6032 2483467 
6033 2483471 
6034 2483471 
6035 2483477 
6036 2483492 
6037 2483492 
6038 2483509 
6039 2483517 
6040 2483520 
6041 2483523 
6042 2483525 
6043 2483530 
6044 2483531 
6045 2483531 
6046 2483532 
6047 2483532 
6048 2483532 
6049 2483551 
6050 2483551 
6051 2483552 
6052 2483556 
6053 2483578 
6054 2483581 
6055 2483582 
6056 2483614 
6057 2483615 
6058 2483616 
6059 2483616 
6060 2483617 
6061 2483617 
6062 2483617 
6063 2483618 
6064 2483618 
6065 2483619 
6066 2483619 
6067 2483620 
6068 2483620 
6069 2483620 
6070 2483621 
6071 2483621 
6072 2483630 
6073 2483630 
6074 2483630 
6075 2483631 
6076 2483631 
6077 2483631 
6078 2483631 
6079 2483633 
6080 2483634 
6081 2483634 
6082 2483639 
6083 2483640 
6084 2483640 
6085 2483642 
6086 2483642 
6087 2483642 
6088 2483643 
6089 2483643 
6090 2483646 
6091 2483647 
6092 2483648 
6093 2483649 
6094 2483649 
6095 2483650 
6096 2483652 
6097 2483652 
6098 2483653 
6099 2483656 
6100 2483667 
6101 2483668 
6102 2483669 
6103 2483669 
6104 2483669 
6105 2483669 
6106 2483670 
6107 2483670 
6108 2483670 
6109 2483671 
6110 2483673 
6111 2483673 
6112 2483674 
6113 2483694 
6114 2483695 
6115 2483695 
6116 2483696 
6117 2483696 
6118 2483697 
6119 2483697 
6120 2483698 
6121 2483698 
6122 2483698 
6123 2483699 
6124 2483729 
6125 2483736 
6126 2483740 
6127 2483742 
6128 2483742 
6129 2483742 
6130 2483755 
6131 2483760 
6132 2483760 
6133 2483765 
6134 2483768 
6135 2483768 
6136 2483768 
6137 2483775 
6138 2483778 
6139 2483781 
6140 2483781 
6141 2483782 
6142 2483782 
6143 2483782 
6144 2483782 
6145 2483784 
6146 2483785 
6147 2483785 
6148 2483785 
6149 2483786 
6150 2483786 
6151 2483786 
6152 2483789 
6153 2483790 
6154 2483791 
6155 2483791 
6156 2483791 
6157 2483791 
6158 2483793 
6159 2483793 
6160 2483794 
6161 2483794 
6162 2483794 
6163 2483795 
6164 2483795 
6165 2483796 
6166 2483796 
6167 2483797 
6168 2483797 
6169 2483798 
6170 2483798 
6171 2483799 
6172 2483799 
6173 2483801 
6174 2483805 
6175 2483805 
6176 2483805 
6177 2483806 
6178 2483807 
6179 2483811 
6180 2483811 
6181 2483813 
6182 2483818 
6183 2483822 
6184 2483822 
6185 2483824 
6186 2483824 
6187 2483824 
6188 2483825 
6189 2483825 
6190 2483825 
6191 2483826 
6192 2483826 
6193 2483827 
6194 2483827 
6195 2483830 
6196 2483830 
6197 2483831 
6198 2483831 
6199 2483831 
6200 2483833 
6201 2483835 
6202 2483836 
6203 2483836 
6204 2483837 
6205 2483837 
6206 2483838 
6207 2483840 
6208 2483846 
6209 2483847 
6210 2483848 
6211 2483848 
6212 2483851 
6213 2483851 
6214 2483851 
6215 2483852 
6216 2483852 
6217 2483852 
6218 2483852 
6219 2483853 
6220 2483853 
6221 2483853 
6222 2483856 
6223 2483857 
6224 2483859 
6225 2483861 
6226 2483862 
6227 2483867 
6228 2483868 
6229 2483868 
6230 2483871 
6231 2483871 
6232 2483871 
6233 2483872 
6234 2483872 
6235 2483873 
6236 2483873 
6237 2483874 
6238 2483874 
6239 2483874 
6240 2483874 
6241 2483875 
6242 2483878 
6243 2483878 
6244 2483879 
6245 2483879 
6246 2483879 
6247 2483880 
6248 2483880 
6249 2483882 
6250 2483882 
6251 2483884 
6252 2483885 
6253 2483886 
6254 2483886 
6255 2483886 
6256 2483887 
6257 2483888 
6258 2483889 
6259 2483889 
6260 2483900 
6261 2483905 
6262 2483911 
6263 2483912 
6264 2483913 
6265 2483917 
6266 2483919 
6267 2483923 
6268 2483926 
6269 2483929 
6270 2483934 
6271 2483940 
6272 2483949 
