1 2394000 
2 2394000 
3 2394001 
4 2394001 
5 2394002 
6 2394003 
7 2394003 
8 2394003 
9 2394004 
10 2394005 
11 2394005 
12 2394005 
13 2394005 
14 2394006 
15 2394006 
16 2394006 
17 2394007 
18 2394008 
19 2394008 
20 2394010 
21 2394014 
22 2394015 
23 2394017 
24 2394018 
25 2394018 
26 2394020 
27 2394020 
28 2394020 
29 2394020 
30 2394021 
31 2394021 
32 2394021 
33 2394022 
34 2394022 
35 2394023 
36 2394023 
37 2394023 
38 2394024 
39 2394024 
40 2394025 
41 2394025 
42 2394025 
43 2394025 
44 2394025 
45 2394026 
46 2394026 
47 2394026 
48 2394026 
49 2394027 
50 2394027 
51 2394028 
52 2394028 
53 2394030 
54 2394030 
55 2394031 
56 2394032 
57 2394034 
58 2394037 
59 2394041 
60 2394041 
61 2394041 
62 2394041 
63 2394043 
64 2394044 
65 2394046 
66 2394046 
67 2394047 
68 2394047 
69 2394047 
70 2394048 
71 2394048 
72 2394049 
73 2394050 
74 2394050 
75 2394050 
76 2394051 
77 2394051 
78 2394051 
79 2394052 
80 2394054 
81 2394055 
82 2394056 
83 2394057 
84 2394060 
85 2394060 
86 2394060 
87 2394061 
88 2394061 
89 2394061 
90 2394061 
91 2394062 
92 2394062 
93 2394062 
94 2394064 
95 2394064 
96 2394064 
97 2394064 
98 2394065 
99 2394065 
100 2394066 
101 2394067 
102 2394067 
103 2394067 
104 2394069 
105 2394074 
106 2394074 
107 2394075 
108 2394075 
109 2394075 
110 2394078 
111 2394080 
112 2394080 
113 2394081 
114 2394081 
115 2394081 
116 2394082 
117 2394082 
118 2394082 
119 2394088 
120 2394091 
121 2394091 
122 2394092 
123 2394092 
124 2394092 
125 2394093 
126 2394094 
127 2394094 
128 2394095 
129 2394095 
130 2394095 
131 2394095 
132 2394096 
133 2394096 
134 2394100 
135 2394100 
136 2394101 
137 2394102 
138 2394102 
139 2394102 
140 2394103 
141 2394103 
142 2394107 
143 2394110 
144 2394110 
145 2394111 
146 2394113 
147 2394116 
148 2394118 
149 2394119 
150 2394123 
151 2394124 
152 2394124 
153 2394124 
154 2394125 
155 2394125 
156 2394126 
157 2394126 
158 2394127 
159 2394127 
160 2394127 
161 2394137 
162 2394138 
163 2394138 
164 2394138 
165 2394138 
166 2394139 
167 2394139 
168 2394139 
169 2394139 
170 2394139 
171 2394140 
172 2394140 
173 2394140 
174 2394141 
175 2394141 
176 2394141 
177 2394142 
178 2394142 
179 2394142 
180 2394143 
181 2394143 
182 2394143 
183 2394144 
184 2394144 
185 2394144 
186 2394145 
187 2394145 
188 2394146 
189 2394146 
190 2394146 
191 2394147 
192 2394148 
193 2394148 
194 2394148 
195 2394149 
196 2394149 
197 2394149 
198 2394149 
199 2394150 
200 2394150 
201 2394151 
202 2394154 
203 2394157 
204 2394159 
205 2394159 
206 2394159 
207 2394160 
208 2394160 
209 2394160 
210 2394160 
211 2394161 
212 2394161 
213 2394161 
214 2394161 
215 2394162 
216 2394162 
217 2394162 
218 2394170 
219 2394173 
220 2394174 
221 2394174 
222 2394174 
223 2394174 
224 2394175 
225 2394175 
226 2394177 
227 2394177 
228 2394178 
229 2394180 
230 2394180 
231 2394181 
232 2394183 
233 2394188 
234 2394188 
235 2394196 
236 2394198 
237 2394202 
238 2394203 
239 2394205 
240 2394209 
241 2394212 
242 2394213 
243 2394214 
244 2394214 
245 2394215 
246 2394216 
247 2394217 
248 2394217 
249 2394217 
250 2394217 
251 2394218 
252 2394218 
253 2394218 
254 2394221 
255 2394222 
256 2394222 
257 2394223 
258 2394223 
259 2394224 
260 2394224 
261 2394224 
262 2394224 
263 2394225 
264 2394226 
265 2394227 
266 2394228 
267 2394233 
268 2394235 
269 2394235 
270 2394236 
271 2394236 
272 2394236 
273 2394236 
274 2394237 
275 2394237 
276 2394237 
277 2394238 
278 2394238 
279 2394238 
280 2394239 
281 2394239 
282 2394239 
283 2394239 
284 2394240 
285 2394240 
286 2394240 
287 2394240 
288 2394240 
289 2394241 
290 2394241 
291 2394241 
292 2394242 
293 2394244 
294 2394244 
295 2394247 
296 2394247 
297 2394247 
298 2394248 
299 2394248 
300 2394248 
301 2394249 
302 2394249 
303 2394249 
304 2394249 
305 2394250 
306 2394250 
307 2394250 
308 2394251 
309 2394251 
310 2394251 
311 2394251 
312 2394251 
313 2394251 
314 2394251 
315 2394252 
316 2394252 
317 2394252 
318 2394252 
319 2394252 
320 2394253 
321 2394254 
322 2394255 
323 2394255 
324 2394255 
325 2394255 
326 2394256 
327 2394256 
328 2394256 
329 2394256 
330 2394257 
331 2394257 
332 2394257 
333 2394260 
334 2394261 
335 2394262 
336 2394264 
337 2394264 
338 2394266 
339 2394266 
340 2394267 
341 2394267 
342 2394268 
343 2394272 
344 2394277 
345 2394277 
346 2394278 
347 2394278 
348 2394282 
349 2394283 
350 2394283 
351 2394283 
352 2394283 
353 2394284 
354 2394284 
355 2394284 
356 2394288 
357 2394288 
358 2394288 
359 2394288 
360 2394289 
361 2394289 
362 2394290 
363 2394291 
364 2394291 
365 2394293 
366 2394299 
367 2394300 
368 2394302 
369 2394308 
370 2394309 
371 2394311 
372 2394311 
373 2394312 
374 2394313 
375 2394313 
376 2394313 
377 2394314 
378 2394314 
379 2394315 
380 2394315 
381 2394315 
382 2394315 
383 2394316 
384 2394316 
385 2394321 
386 2394321 
387 2394322 
388 2394322 
389 2394322 
390 2394323 
391 2394326 
392 2394326 
393 2394326 
394 2394326 
395 2394327 
396 2394327 
397 2394327 
398 2394327 
399 2394327 
400 2394328 
401 2394328 
402 2394328 
403 2394328 
404 2394329 
405 2394329 
406 2394329 
407 2394329 
408 2394329 
409 2394330 
410 2394330 
411 2394330 
412 2394331 
413 2394331 
414 2394331 
415 2394332 
416 2394332 
417 2394336 
418 2394338 
419 2394341 
420 2394343 
421 2394349 
422 2394350 
423 2394351 
424 2394351 
425 2394355 
426 2394358 
427 2394358 
428 2394358 
429 2394363 
430 2394367 
431 2394367 
432 2394367 
433 2394367 
434 2394369 
435 2394369 
436 2394369 
437 2394370 
438 2394370 
439 2394370 
440 2394370 
441 2394371 
442 2394371 
443 2394371 
444 2394372 
445 2394372 
446 2394372 
447 2394373 
448 2394373 
449 2394373 
450 2394373 
451 2394374 
452 2394374 
453 2394374 
454 2394375 
455 2394375 
456 2394375 
457 2394376 
458 2394376 
459 2394377 
460 2394377 
461 2394377 
462 2394378 
463 2394379 
464 2394379 
465 2394379 
466 2394380 
467 2394380 
468 2394381 
469 2394381 
470 2394381 
471 2394381 
472 2394381 
473 2394382 
474 2394382 
475 2394383 
476 2394384 
477 2394385 
478 2394385 
479 2394386 
480 2394386 
481 2394387 
482 2394387 
483 2394387 
484 2394388 
485 2394388 
486 2394390 
487 2394391 
488 2394392 
489 2394393 
490 2394395 
491 2394397 
492 2394399 
493 2394400 
494 2394401 
495 2394401 
496 2394402 
497 2394402 
498 2394402 
499 2394402 
500 2394403 
501 2394403 
502 2394403 
503 2394404 
504 2394405 
505 2394406 
506 2394406 
507 2394407 
508 2394410 
509 2394410 
510 2394411 
511 2394411 
512 2394412 
513 2394412 
514 2394412 
515 2394412 
516 2394412 
517 2394413 
518 2394413 
519 2394413 
520 2394414 
521 2394420 
522 2394420 
523 2394421 
524 2394421 
525 2394421 
526 2394422 
527 2394422 
528 2394422 
529 2394423 
530 2394423 
531 2394423 
532 2394425 
533 2394426 
534 2394426 
535 2394426 
536 2394427 
537 2394427 
538 2394427 
539 2394428 
540 2394428 
541 2394428 
542 2394428 
543 2394429 
544 2394429 
545 2394430 
546 2394431 
547 2394434 
548 2394435 
549 2394437 
550 2394437 
551 2394437 
552 2394439 
553 2394439 
554 2394441 
555 2394442 
556 2394443 
557 2394445 
558 2394447 
559 2394449 
560 2394449 
561 2394449 
562 2394450 
563 2394453 
564 2394454 
565 2394455 
566 2394458 
567 2394458 
568 2394459 
569 2394461 
570 2394461 
571 2394462 
572 2394463 
573 2394464 
574 2394464 
575 2394464 
576 2394465 
577 2394465 
578 2394465 
579 2394466 
580 2394466 
581 2394466 
582 2394466 
583 2394467 
584 2394467 
585 2394467 
586 2394468 
587 2394468 
588 2394468 
589 2394468 
590 2394473 
591 2394473 
592 2394474 
593 2394475 
594 2394475 
595 2394475 
596 2394475 
597 2394475 
598 2394476 
599 2394476 
600 2394476 
601 2394476 
602 2394477 
603 2394478 
604 2394478 
605 2394480 
606 2394480 
607 2394482 
608 2394483 
609 2394484 
610 2394486 
611 2394488 
612 2394488 
613 2394489 
614 2394489 
615 2394490 
616 2394495 
617 2394495 
618 2394495 
619 2394496 
620 2394496 
621 2394498 
622 2394499 
623 2394500 
624 2394501 
625 2394510 
626 2394511 
627 2394512 
628 2394517 
629 2394524 
630 2394525 
631 2394525 
632 2394526 
633 2394526 
634 2394526 
635 2394526 
636 2394526 
637 2394527 
638 2394527 
639 2394532 
640 2394532 
641 2394535 
642 2394535 
643 2394535 
644 2394539 
645 2394541 
646 2394541 
647 2394541 
648 2394542 
649 2394542 
650 2394542 
651 2394543 
652 2394543 
653 2394543 
654 2394544 
655 2394544 
656 2394545 
657 2394549 
658 2394549 
659 2394551 
660 2394551 
661 2394552 
662 2394553 
663 2394553 
664 2394553 
665 2394555 
666 2394555 
667 2394556 
668 2394556 
669 2394557 
670 2394559 
671 2394560 
672 2394560 
673 2394560 
674 2394561 
675 2394563 
676 2394563 
677 2394564 
678 2394565 
679 2394570 
680 2394571 
681 2394571 
682 2394571 
683 2394573 
684 2394573 
685 2394573 
686 2394575 
687 2394575 
688 2394579 
689 2394583 
690 2394584 
691 2394584 
692 2394584 
693 2394584 
694 2394585 
695 2394585 
696 2394586 
697 2394586 
698 2394587 
699 2394591 
700 2394594 
701 2394596 
702 2394600 
703 2394600 
704 2394601 
705 2394605 
706 2394605 
707 2394606 
708 2394607 
709 2394608 
710 2394609 
711 2394611 
712 2394611 
713 2394612 
714 2394617 
715 2394619 
716 2394620 
717 2394622 
718 2394622 
719 2394623 
720 2394627 
721 2394627 
722 2394628 
723 2394629 
724 2394631 
725 2394632 
726 2394632 
727 2394632 
728 2394632 
729 2394633 
730 2394633 
731 2394637 
732 2394639 
733 2394644 
734 2394645 
735 2394645 
736 2394654 
737 2394669 
738 2394673 
739 2394673 
740 2394678 
741 2394680 
742 2394682 
743 2394683 
744 2394689 
745 2394689 
746 2394690 
747 2394690 
748 2394691 
749 2394692 
750 2394692 
751 2394693 
752 2394693 
753 2394694 
754 2394694 
755 2394694 
756 2394695 
757 2394695 
758 2394695 
759 2394696 
760 2394696 
761 2394696 
762 2394697 
763 2394697 
764 2394698 
765 2394698 
766 2394699 
767 2394699 
768 2394699 
769 2394700 
770 2394700 
771 2394700 
772 2394700 
773 2394701 
774 2394701 
775 2394702 
776 2394707 
777 2394708 
778 2394708 
779 2394709 
780 2394709 
781 2394709 
782 2394713 
783 2394715 
784 2394717 
785 2394717 
786 2394718 
787 2394718 
788 2394719 
789 2394720 
790 2394720 
791 2394720 
792 2394722 
793 2394722 
794 2394723 
795 2394723 
796 2394723 
797 2394723 
798 2394724 
799 2394725 
800 2394727 
801 2394728 
802 2394728 
803 2394729 
804 2394729 
805 2394729 
806 2394729 
807 2394730 
808 2394730 
809 2394731 
810 2394731 
811 2394731 
812 2394732 
813 2394732 
814 2394733 
815 2394733 
816 2394736 
817 2394737 
818 2394738 
819 2394738 
820 2394740 
821 2394740 
822 2394742 
823 2394742 
824 2394742 
825 2394745 
826 2394745 
827 2394745 
828 2394748 
829 2394749 
830 2394750 
831 2394752 
832 2394752 
833 2394753 
834 2394754 
835 2394754 
836 2394755 
837 2394756 
838 2394757 
839 2394758 
840 2394758 
841 2394758 
842 2394759 
843 2394765 
844 2394765 
845 2394768 
846 2394769 
847 2394771 
848 2394772 
849 2394772 
850 2394772 
851 2394773 
852 2394773 
853 2394777 
854 2394778 
855 2394778 
856 2394780 
857 2394780 
858 2394781 
859 2394781 
860 2394781 
861 2394782 
862 2394782 
863 2394782 
864 2394787 
865 2394788 
866 2394790 
867 2394790 
868 2394791 
869 2394793 
870 2394793 
871 2394794 
872 2394794 
873 2394794 
874 2394795 
875 2394796 
876 2394796 
877 2394797 
878 2394801 
879 2394803 
880 2394804 
881 2394804 
882 2394807 
883 2394808 
884 2394808 
885 2394810 
886 2394811 
887 2394812 
888 2394812 
889 2394812 
890 2394813 
891 2394814 
892 2394815 
893 2394815 
894 2394815 
895 2394817 
896 2394818 
897 2394822 
898 2394823 
899 2394823 
900 2394824 
901 2394825 
902 2394826 
903 2394826 
904 2394826 
905 2394827 
906 2394827 
907 2394827 
908 2394828 
909 2394831 
910 2394831 
911 2394831 
912 2394831 
913 2394832 
914 2394832 
915 2394832 
916 2394832 
917 2394835 
918 2394838 
919 2394840 
920 2394840 
921 2394841 
922 2394841 
923 2394841 
924 2394843 
925 2394843 
926 2394843 
927 2394844 
928 2394844 
929 2394845 
930 2394846 
931 2394846 
932 2394846 
933 2394847 
934 2394847 
935 2394848 
936 2394850 
937 2394853 
938 2394854 
939 2394855 
940 2394855 
941 2394856 
942 2394856 
943 2394858 
944 2394859 
945 2394859 
946 2394859 
947 2394859 
948 2394860 
949 2394860 
950 2394862 
951 2394863 
952 2394867 
953 2394868 
954 2394868 
955 2394868 
956 2394869 
957 2394869 
958 2394869 
959 2394870 
960 2394870 
961 2394870 
962 2394871 
963 2394871 
964 2394871 
965 2394872 
966 2394872 
967 2394872 
968 2394873 
969 2394873 
970 2394873 
971 2394874 
972 2394874 
973 2394874 
974 2394875 
975 2394875 
976 2394876 
977 2394876 
978 2394876 
979 2394877 
980 2394877 
981 2394877 
982 2394878 
983 2394878 
984 2394878 
985 2394879 
986 2394879 
987 2394879 
988 2394883 
989 2394883 
990 2394884 
991 2394884 
992 2394884 
993 2394885 
994 2394885 
995 2394885 
996 2394885 
997 2394886 
998 2394886 
999 2394886 
1000 2394886 
1001 2394887 
1002 2394887 
1003 2394887 
1004 2394887 
1005 2394887 
1006 2394888 
1007 2394888 
1008 2394888 
1009 2394889 
1010 2394890 
1011 2394890 
1012 2394890 
1013 2394891 
1014 2394891 
1015 2394891 
1016 2394892 
1017 2394892 
1018 2394892 
1019 2394892 
1020 2394893 
1021 2394893 
1022 2394893 
1023 2394894 
1024 2394894 
1025 2394894 
1026 2394895 
1027 2394895 
1028 2394895 
1029 2394896 
1030 2394896 
1031 2394896 
1032 2394897 
1033 2394898 
1034 2394899 
1035 2394899 
1036 2394899 
1037 2394899 
1038 2394900 
1039 2394900 
1040 2394900 
1041 2394901 
1042 2394901 
1043 2394902 
1044 2394902 
1045 2394902 
1046 2394903 
1047 2394903 
1048 2394903 
1049 2394904 
1050 2394904 
1051 2394904 
1052 2394905 
1053 2394905 
1054 2394905 
1055 2394906 
1056 2394906 
1057 2394907 
1058 2394907 
1059 2394907 
1060 2394908 
1061 2394908 
1062 2394909 
1063 2394909 
1064 2394909 
1065 2394910 
1066 2394910 
1067 2394910 
1068 2394911 
1069 2394911 
1070 2394912 
1071 2394912 
1072 2394912 
1073 2394913 
1074 2394913 
1075 2394914 
1076 2394914 
1077 2394924 
1078 2394925 
1079 2394925 
1080 2394926 
1081 2394927 
1082 2394928 
1083 2394929 
1084 2394930 
1085 2394930 
1086 2394931 
1087 2394931 
1088 2394934 
1089 2394939 
1090 2394940 
1091 2394949 
1092 2394951 
1093 2394951 
1094 2394952 
1095 2394958 
1096 2394958 
1097 2394958 
1098 2394959 
1099 2394960 
1100 2394960 
1101 2394961 
1102 2394961 
1103 2394961 
1104 2394961 
1105 2394962 
1106 2394962 
1107 2394962 
1108 2394963 
1109 2394963 
1110 2394963 
1111 2394963 
1112 2394964 
1113 2394964 
1114 2394964 
1115 2394964 
1116 2394965 
1117 2394965 
1118 2394965 
1119 2394966 
1120 2394966 
1121 2394966 
1122 2394969 
1123 2394970 
1124 2394975 
1125 2394975 
1126 2394975 
1127 2394980 
1128 2394981 
1129 2394981 
1130 2394982 
1131 2394982 
1132 2394983 
1133 2394983 
1134 2394983 
1135 2394984 
1136 2394984 
1137 2394985 
1138 2394985 
1139 2394985 
1140 2394986 
1141 2394986 
1142 2394986 
1143 2394987 
1144 2394987 
1145 2394988 
1146 2394988 
1147 2394988 
1148 2394988 
1149 2394989 
1150 2394989 
1151 2394989 
1152 2394990 
1153 2394990 
1154 2394990 
1155 2394991 
1156 2394991 
1157 2394992 
1158 2394992 
1159 2394992 
1160 2394993 
1161 2394993 
1162 2394993 
1163 2394994 
1164 2394994 
1165 2394995 
1166 2394995 
1167 2394995 
1168 2394997 
1169 2394998 
1170 2394998 
1171 2394998 
1172 2394999 
1173 2394999 
1174 2394999 
1175 2395001 
1176 2395001 
1177 2395002 
1178 2395003 
1179 2395003 
1180 2395003 
1181 2395004 
1182 2395005 
1183 2395005 
1184 2395009 
1185 2395009 
1186 2395010 
1187 2395010 
1188 2395010 
1189 2395011 
1190 2395012 
1191 2395012 
1192 2395012 
1193 2395013 
1194 2395013 
1195 2395013 
1196 2395014 
1197 2395014 
1198 2395014 
1199 2395014 
1200 2395015 
1201 2395015 
1202 2395015 
1203 2395016 
1204 2395016 
1205 2395016 
1206 2395016 
1207 2395017 
1208 2395017 
1209 2395017 
1210 2395018 
1211 2395018 
1212 2395018 
1213 2395018 
1214 2395019 
1215 2395019 
1216 2395019 
1217 2395020 
1218 2395023 
1219 2395023 
1220 2395023 
1221 2395023 
1222 2395024 
1223 2395024 
1224 2395024 
1225 2395025 
1226 2395025 
1227 2395025 
1228 2395026 
1229 2395026 
1230 2395026 
1231 2395026 
1232 2395027 
1233 2395027 
1234 2395030 
1235 2395031 
1236 2395031 
1237 2395032 
1238 2395033 
1239 2395033 
1240 2395038 
1241 2395038 
1242 2395045 
1243 2395048 
1244 2395054 
1245 2395056 
1246 2395057 
1247 2395059 
1248 2395063 
1249 2395063 
1250 2395064 
1251 2395065 
1252 2395065 
1253 2395065 
1254 2395066 
1255 2395067 
1256 2395067 
1257 2395069 
1258 2395070 
1259 2395070 
1260 2395071 
1261 2395071 
1262 2395075 
1263 2395076 
1264 2395076 
1265 2395078 
1266 2395078 
1267 2395078 
1268 2395079 
1269 2395079 
1270 2395081 
1271 2395081 
1272 2395082 
1273 2395083 
1274 2395083 
1275 2395085 
1276 2395086 
1277 2395086 
1278 2395087 
1279 2395088 
1280 2395089 
1281 2395089 
1282 2395090 
1283 2395091 
1284 2395091 
1285 2395093 
1286 2395093 
1287 2395094 
1288 2395094 
1289 2395095 
1290 2395095 
1291 2395096 
1292 2395101 
1293 2395101 
1294 2395104 
1295 2395104 
1296 2395105 
1297 2395109 
1298 2395114 
1299 2395114 
1300 2395114 
1301 2395114 
1302 2395118 
1303 2395121 
1304 2395121 
1305 2395125 
1306 2395126 
1307 2395126 
1308 2395127 
1309 2395127 
1310 2395127 
1311 2395128 
1312 2395128 
1313 2395128 
1314 2395129 
1315 2395129 
1316 2395129 
1317 2395130 
1318 2395130 
1319 2395131 
1320 2395131 
1321 2395132 
1322 2395132 
1323 2395132 
1324 2395133 
1325 2395134 
1326 2395136 
1327 2395137 
1328 2395138 
1329 2395138 
1330 2395140 
1331 2395148 
1332 2395149 
1333 2395154 
1334 2395156 
1335 2395164 
1336 2395164 
1337 2395164 
1338 2395166 
1339 2395167 
1340 2395167 
1341 2395167 
1342 2395168 
1343 2395168 
1344 2395168 
1345 2395168 
1346 2395169 
1347 2395169 
1348 2395169 
1349 2395169 
1350 2395169 
1351 2395170 
1352 2395171 
1353 2395173 
1354 2395175 
1355 2395175 
1356 2395177 
1357 2395178 
1358 2395178 
1359 2395179 
1360 2395179 
1361 2395179 
1362 2395182 
1363 2395184 
1364 2395185 
1365 2395187 
1366 2395188 
1367 2395190 
1368 2395192 
1369 2395193 
1370 2395193 
1371 2395193 
1372 2395194 
1373 2395198 
1374 2395201 
1375 2395201 
1376 2395206 
1377 2395206 
1378 2395206 
1379 2395209 
1380 2395216 
1381 2395222 
1382 2395222 
1383 2395224 
1384 2395226 
1385 2395228 
1386 2395228 
1387 2395233 
1388 2395236 
1389 2395237 
1390 2395242 
1391 2395242 
1392 2395243 
1393 2395247 
1394 2395248 
1395 2395248 
1396 2395248 
1397 2395249 
1398 2395250 
1399 2395251 
1400 2395251 
1401 2395251 
1402 2395252 
1403 2395252 
1404 2395252 
1405 2395252 
1406 2395253 
1407 2395253 
1408 2395257 
1409 2395257 
1410 2395257 
1411 2395258 
1412 2395262 
1413 2395263 
1414 2395264 
1415 2395264 
1416 2395264 
1417 2395265 
1418 2395265 
1419 2395265 
1420 2395265 
1421 2395274 
1422 2395277 
1423 2395277 
1424 2395277 
1425 2395278 
1426 2395278 
1427 2395278 
1428 2395279 
1429 2395279 
1430 2395279 
1431 2395279 
1432 2395280 
1433 2395280 
1434 2395281 
1435 2395281 
1436 2395281 
1437 2395281 
1438 2395282 
1439 2395282 
1440 2395282 
1441 2395283 
1442 2395283 
1443 2395283 
1444 2395284 
1445 2395284 
1446 2395288 
1447 2395288 
1448 2395288 
1449 2395289 
1450 2395289 
1451 2395289 
1452 2395289 
1453 2395290 
1454 2395290 
1455 2395291 
1456 2395291 
1457 2395291 
1458 2395293 
1459 2395294 
1460 2395294 
1461 2395296 
1462 2395296 
1463 2395326 
1464 2395327 
1465 2395328 
1466 2395328 
1467 2395330 
1468 2395330 
1469 2395330 
1470 2395335 
1471 2395335 
1472 2395336 
1473 2395336 
1474 2395336 
1475 2395341 
1476 2395347 
1477 2395348 
1478 2395349 
1479 2395349 
1480 2395350 
1481 2395350 
1482 2395350 
1483 2395351 
1484 2395351 
1485 2395351 
1486 2395354 
1487 2395354 
1488 2395356 
1489 2395357 
1490 2395358 
1491 2395358 
1492 2395358 
1493 2395362 
1494 2395363 
1495 2395364 
1496 2395365 
1497 2395376 
1498 2395377 
1499 2395377 
1500 2395383 
1501 2395385 
1502 2395386 
1503 2395389 
1504 2395393 
1505 2395394 
1506 2395396 
1507 2395396 
1508 2395396 
1509 2395401 
1510 2395401 
1511 2395402 
1512 2395404 
1513 2395404 
1514 2395409 
1515 2395415 
1516 2395418 
1517 2395420 
1518 2395420 
1519 2395421 
1520 2395421 
1521 2395421 
1522 2395422 
1523 2395422 
1524 2395422 
1525 2395423 
1526 2395423 
1527 2395423 
1528 2395424 
1529 2395427 
1530 2395428 
1531 2395428 
1532 2395428 
1533 2395429 
1534 2395429 
1535 2395429 
1536 2395430 
1537 2395430 
1538 2395430 
1539 2395431 
1540 2395431 
1541 2395431 
1542 2395432 
1543 2395433 
1544 2395437 
1545 2395437 
1546 2395438 
1547 2395438 
1548 2395438 
1549 2395439 
1550 2395439 
1551 2395439 
1552 2395440 
1553 2395440 
1554 2395440 
1555 2395444 
1556 2395446 
1557 2395447 
1558 2395447 
1559 2395448 
1560 2395448 
1561 2395448 
1562 2395448 
1563 2395448 
1564 2395449 
1565 2395449 
1566 2395449 
1567 2395449 
1568 2395450 
1569 2395450 
1570 2395450 
1571 2395451 
1572 2395451 
1573 2395451 
1574 2395453 
1575 2395454 
1576 2395454 
1577 2395455 
1578 2395456 
1579 2395457 
1580 2395458 
1581 2395458 
1582 2395460 
1583 2395464 
1584 2395465 
1585 2395466 
1586 2395466 
1587 2395467 
1588 2395467 
1589 2395467 
1590 2395467 
1591 2395469 
1592 2395470 
1593 2395471 
1594 2395471 
1595 2395471 
1596 2395472 
1597 2395472 
1598 2395472 
1599 2395473 
1600 2395473 
1601 2395473 
1602 2395474 
1603 2395477 
1604 2395481 
1605 2395485 
1606 2395486 
1607 2395486 
1608 2395487 
1609 2395487 
1610 2395488 
1611 2395489 
1612 2395493 
1613 2395494 
1614 2395494 
1615 2395495 
1616 2395500 
1617 2395503 
1618 2395505 
1619 2395506 
1620 2395506 
1621 2395507 
1622 2395509 
1623 2395512 
1624 2395512 
1625 2395520 
1626 2395523 
1627 2395523 
1628 2395524 
1629 2395524 
1630 2395524 
1631 2395528 
1632 2395528 
1633 2395528 
1634 2395529 
1635 2395531 
1636 2395531 
1637 2395537 
1638 2395539 
1639 2395539 
1640 2395539 
1641 2395540 
1642 2395540 
1643 2395540 
1644 2395541 
1645 2395541 
1646 2395541 
1647 2395542 
1648 2395542 
1649 2395542 
1650 2395543 
1651 2395543 
1652 2395543 
1653 2395544 
1654 2395544 
1655 2395544 
1656 2395545 
1657 2395545 
1658 2395545 
1659 2395548 
1660 2395548 
1661 2395554 
1662 2395555 
1663 2395555 
1664 2395557 
1665 2395558 
1666 2395558 
1667 2395558 
1668 2395559 
1669 2395560 
1670 2395560 
1671 2395561 
1672 2395561 
1673 2395561 
1674 2395562 
1675 2395562 
1676 2395562 
1677 2395562 
1678 2395562 
1679 2395563 
1680 2395563 
1681 2395563 
1682 2395564 
1683 2395564 
1684 2395564 
1685 2395565 
1686 2395566 
1687 2395567 
1688 2395567 
1689 2395571 
1690 2395571 
1691 2395571 
1692 2395575 
1693 2395575 
1694 2395578 
1695 2395581 
1696 2395584 
1697 2395584 
1698 2395585 
1699 2395586 
1700 2395588 
1701 2395589 
1702 2395595 
1703 2395595 
1704 2395596 
1705 2395596 
1706 2395599 
1707 2395602 
1708 2395603 
1709 2395608 
1710 2395610 
1711 2395610 
1712 2395612 
1713 2395613 
1714 2395613 
1715 2395617 
1716 2395618 
1717 2395618 
1718 2395619 
1719 2395624 
1720 2395626 
1721 2395626 
1722 2395627 
1723 2395631 
1724 2395631 
1725 2395633 
1726 2395633 
1727 2395633 
1728 2395634 
1729 2395634 
1730 2395634 
1731 2395635 
1732 2395635 
1733 2395635 
1734 2395638 
1735 2395640 
1736 2395641 
1737 2395641 
1738 2395643 
1739 2395644 
1740 2395649 
1741 2395649 
1742 2395650 
1743 2395651 
1744 2395651 
1745 2395654 
1746 2395656 
1747 2395656 
1748 2395658 
1749 2395660 
1750 2395660 
1751 2395661 
1752 2395662 
1753 2395662 
1754 2395663 
1755 2395666 
1756 2395666 
1757 2395666 
1758 2395668 
1759 2395668 
1760 2395669 
1761 2395671 
1762 2395671 
1763 2395671 
1764 2395672 
1765 2395672 
1766 2395672 
1767 2395673 
1768 2395675 
1769 2395678 
1770 2395679 
1771 2395680 
1772 2395681 
1773 2395685 
1774 2395686 
1775 2395686 
1776 2395687 
1777 2395687 
1778 2395687 
1779 2395687 
1780 2395688 
1781 2395688 
1782 2395690 
1783 2395691 
1784 2395691 
1785 2395695 
1786 2395700 
1787 2395700 
1788 2395701 
1789 2395703 
1790 2395703 
1791 2395706 
1792 2395712 
1793 2395712 
1794 2395717 
1795 2395717 
1796 2395723 
1797 2395729 
1798 2395730 
1799 2395735 
1800 2395735 
1801 2395735 
1802 2395736 
1803 2395736 
1804 2395736 
1805 2395737 
1806 2395737 
1807 2395737 
1808 2395739 
1809 2395739 
1810 2395740 
1811 2395740 
1812 2395740 
1813 2395740 
1814 2395740 
1815 2395741 
1816 2395741 
1817 2395742 
1818 2395742 
1819 2395743 
1820 2395744 
1821 2395744 
1822 2395745 
1823 2395745 
1824 2395745 
1825 2395745 
1826 2395746 
1827 2395746 
1828 2395746 
1829 2395746 
1830 2395747 
1831 2395747 
1832 2395747 
1833 2395748 
1834 2395748 
1835 2395748 
1836 2395750 
1837 2395750 
1838 2395751 
1839 2395752 
1840 2395754 
1841 2395754 
1842 2395755 
1843 2395755 
1844 2395755 
1845 2395756 
1846 2395756 
1847 2395757 
1848 2395757 
1849 2395757 
1850 2395757 
1851 2395758 
1852 2395758 
1853 2395761 
1854 2395763 
1855 2395764 
1856 2395765 
1857 2395766 
1858 2395767 
1859 2395767 
1860 2395767 
1861 2395770 
1862 2395770 
1863 2395771 
1864 2395771 
1865 2395772 
1866 2395772 
1867 2395772 
1868 2395773 
1869 2395774 
1870 2395774 
1871 2395777 
1872 2395784 
1873 2395784 
1874 2395786 
1875 2395787 
1876 2395788 
1877 2395798 
1878 2395798 
1879 2395799 
1880 2395799 
1881 2395799 
1882 2395800 
1883 2395800 
1884 2395800 
1885 2395801 
1886 2395801 
1887 2395802 
1888 2395803 
1889 2395803 
1890 2395804 
1891 2395804 
1892 2395804 
1893 2395804 
1894 2395805 
1895 2395805 
1896 2395805 
1897 2395805 
1898 2395806 
1899 2395806 
1900 2395807 
1901 2395807 
1902 2395808 
1903 2395809 
1904 2395811 
1905 2395811 
1906 2395811 
1907 2395812 
1908 2395812 
1909 2395812 
1910 2395813 
1911 2395813 
1912 2395816 
1913 2395816 
1914 2395820 
1915 2395820 
1916 2395821 
1917 2395821 
1918 2395821 
1919 2395822 
1920 2395822 
1921 2395826 
1922 2395832 
1923 2395832 
1924 2395833 
1925 2395834 
1926 2395835 
1927 2395836 
1928 2395836 
1929 2395837 
1930 2395837 
1931 2395845 
1932 2395845 
1933 2395846 
1934 2395849 
1935 2395851 
1936 2395852 
1937 2395858 
1938 2395859 
1939 2395860 
1940 2395861 
1941 2395861 
1942 2395862 
1943 2395864 
1944 2395865 
1945 2395867 
1946 2395867 
1947 2395868 
1948 2395868 
1949 2395870 
1950 2395873 
1951 2395874 
1952 2395874 
1953 2395874 
1954 2395875 
1955 2395877 
1956 2395877 
1957 2395877 
1958 2395878 
1959 2395880 
1960 2395882 
1961 2395882 
1962 2395882 
1963 2395883 
1964 2395888 
1965 2395890 
1966 2395894 
1967 2395896 
1968 2395896 
1969 2395896 
1970 2395898 
1971 2395898 
1972 2395899 
1973 2395907 
1974 2395909 
1975 2395911 
1976 2395912 
1977 2395912 
1978 2395916 
1979 2395916 
1980 2395917 
1981 2395917 
1982 2395921 
1983 2395930 
1984 2395937 
1985 2395938 
1986 2395939 
1987 2395939 
1988 2395939 
1989 2395939 
1990 2395941 
1991 2395942 
1992 2395942 
1993 2395944 
1994 2395945 
1995 2395946 
1996 2395947 
1997 2395950 
1998 2395959 
1999 2395970 
2000 2395971 
2001 2395971 
2002 2395971 
2003 2395971 
2004 2395972 
2005 2395973 
2006 2395979 
2007 2395983 
2008 2396000 
2009 2396002 
2010 2396005 
2011 2396005 
2012 2396008 
2013 2396010 
2014 2396016 
2015 2396021 
2016 2396027 
2017 2396028 
2018 2396030 
2019 2396030 
2020 2396030 
2021 2396032 
2022 2396033 
2023 2396033 
2024 2396039 
2025 2396039 
2026 2396039 
2027 2396040 
2028 2396040 
2029 2396040 
2030 2396043 
2031 2396043 
2032 2396043 
2033 2396044 
2034 2396044 
2035 2396044 
2036 2396045 
2037 2396045 
2038 2396045 
2039 2396046 
2040 2396046 
2041 2396046 
2042 2396046 
2043 2396046 
2044 2396047 
2045 2396047 
2046 2396047 
2047 2396047 
2048 2396048 
2049 2396048 
2050 2396048 
2051 2396048 
2052 2396048 
2053 2396049 
2054 2396049 
2055 2396049 
2056 2396049 
2057 2396050 
2058 2396050 
2059 2396050 
2060 2396050 
2061 2396051 
2062 2396051 
2063 2396051 
2064 2396052 
2065 2396052 
2066 2396052 
2067 2396053 
2068 2396053 
2069 2396053 
2070 2396053 
2071 2396054 
2072 2396054 
2073 2396054 
2074 2396054 
2075 2396055 
2076 2396055 
2077 2396055 
2078 2396055 
2079 2396056 
2080 2396056 
2081 2396056 
2082 2396057 
2083 2396057 
2084 2396057 
2085 2396058 
2086 2396058 
2087 2396058 
2088 2396059 
2089 2396059 
2090 2396060 
2091 2396060 
2092 2396060 
2093 2396061 
2094 2396061 
2095 2396061 
2096 2396062 
2097 2396062 
2098 2396062 
2099 2396062 
2100 2396062 
2101 2396063 
2102 2396063 
2103 2396063 
2104 2396063 
2105 2396063 
2106 2396064 
2107 2396064 
2108 2396064 
2109 2396065 
2110 2396065 
2111 2396065 
2112 2396066 
2113 2396066 
2114 2396066 
2115 2396067 
2116 2396067 
2117 2396067 
2118 2396068 
2119 2396068 
2120 2396068 
2121 2396068 
2122 2396069 
2123 2396069 
2124 2396069 
2125 2396070 
2126 2396070 
2127 2396070 
2128 2396071 
2129 2396071 
2130 2396071 
2131 2396071 
2132 2396072 
2133 2396072 
2134 2396072 
2135 2396072 
2136 2396073 
2137 2396073 
2138 2396073 
2139 2396074 
2140 2396078 
2141 2396081 
2142 2396085 
2143 2396086 
2144 2396088 
2145 2396088 
2146 2396089 
2147 2396089 
2148 2396090 
2149 2396090 
2150 2396091 
2151 2396091 
2152 2396091 
2153 2396092 
2154 2396092 
2155 2396093 
2156 2396094 
2157 2396094 
2158 2396095 
2159 2396095 
2160 2396095 
2161 2396095 
2162 2396096 
2163 2396096 
2164 2396096 
2165 2396097 
2166 2396098 
2167 2396099 
2168 2396102 
2169 2396110 
2170 2396117 
2171 2396123 
2172 2396124 
2173 2396125 
2174 2396125 
2175 2396126 
2176 2396126 
2177 2396126 
2178 2396131 
2179 2396131 
2180 2396134 
2181 2396135 
2182 2396135 
2183 2396144 
2184 2396147 
2185 2396149 
2186 2396158 
2187 2396158 
2188 2396172 
2189 2396173 
2190 2396173 
2191 2396174 
2192 2396174 
2193 2396174 
2194 2396175 
2195 2396175 
2196 2396175 
2197 2396176 
2198 2396176 
2199 2396176 
2200 2396177 
2201 2396179 
2202 2396179 
2203 2396181 
2204 2396181 
2205 2396197 
2206 2396209 
2207 2396214 
2208 2396214 
2209 2396215 
2210 2396215 
2211 2396215 
2212 2396225 
2213 2396246 
2214 2396256 
2215 2396256 
2216 2396267 
2217 2396268 
2218 2396275 
2219 2396275 
2220 2396277 
2221 2396278 
2222 2396278 
2223 2396279 
2224 2396280 
2225 2396281 
2226 2396283 
2227 2396284 
2228 2396284 
2229 2396284 
2230 2396285 
2231 2396285 
2232 2396285 
2233 2396286 
2234 2396286 
2235 2396289 
2236 2396294 
2237 2396295 
2238 2396296 
2239 2396297 
2240 2396297 
2241 2396298 
2242 2396301 
2243 2396302 
2244 2396302 
2245 2396302 
2246 2396306 
2247 2396306 
2248 2396310 
2249 2396310 
2250 2396314 
2251 2396314 
2252 2396315 
2253 2396315 
2254 2396315 
2255 2396315 
2256 2396316 
2257 2396316 
2258 2396316 
2259 2396316 
2260 2396317 
2261 2396317 
2262 2396317 
2263 2396318 
2264 2396318 
2265 2396318 
2266 2396320 
2267 2396320 
2268 2396321 
2269 2396325 
2270 2396326 
2271 2396326 
2272 2396327 
2273 2396328 
2274 2396328 
2275 2396329 
2276 2396331 
2277 2396338 
2278 2396338 
2279 2396339 
2280 2396340 
2281 2396340 
2282 2396341 
2283 2396341 
2284 2396346 
2285 2396347 
2286 2396347 
2287 2396350 
2288 2396351 
2289 2396354 
2290 2396356 
2291 2396356 
2292 2396357 
2293 2396357 
2294 2396357 
2295 2396358 
2296 2396358 
2297 2396358 
2298 2396359 
2299 2396359 
2300 2396359 
2301 2396361 
2302 2396363 
2303 2396363 
2304 2396364 
2305 2396365 
2306 2396370 
2307 2396370 
2308 2396370 
2309 2396370 
2310 2396371 
2311 2396371 
2312 2396371 
2313 2396371 
2314 2396371 
2315 2396372 
2316 2396372 
2317 2396374 
2318 2396374 
2319 2396374 
2320 2396375 
2321 2396375 
2322 2396375 
2323 2396376 
2324 2396377 
2325 2396377 
2326 2396380 
2327 2396381 
2328 2396381 
2329 2396383 
2330 2396383 
2331 2396385 
2332 2396388 
2333 2396388 
2334 2396388 
2335 2396389 
2336 2396389 
2337 2396393 
2338 2396394 
2339 2396395 
2340 2396395 
2341 2396396 
2342 2396396 
2343 2396397 
2344 2396398 
2345 2396403 
2346 2396404 
2347 2396404 
2348 2396404 
2349 2396405 
2350 2396405 
2351 2396405 
2352 2396406 
2353 2396406 
2354 2396406 
2355 2396407 
2356 2396407 
2357 2396407 
2358 2396408 
2359 2396409 
2360 2396409 
2361 2396410 
2362 2396410 
2363 2396413 
2364 2396413 
2365 2396415 
2366 2396415 
2367 2396416 
2368 2396419 
2369 2396420 
2370 2396420 
2371 2396425 
2372 2396430 
2373 2396431 
2374 2396433 
2375 2396438 
2376 2396439 
2377 2396442 
2378 2396443 
2379 2396443 
2380 2396443 
2381 2396444 
2382 2396444 
2383 2396444 
2384 2396444 
2385 2396445 
2386 2396445 
2387 2396445 
2388 2396446 
2389 2396446 
2390 2396449 
2391 2396449 
2392 2396451 
2393 2396452 
2394 2396452 
2395 2396452 
2396 2396453 
2397 2396458 
2398 2396464 
2399 2396464 
2400 2396464 
2401 2396464 
2402 2396465 
2403 2396468 
2404 2396469 
2405 2396476 
2406 2396477 
2407 2396477 
2408 2396479 
2409 2396488 
2410 2396488 
2411 2396488 
2412 2396489 
2413 2396491 
2414 2396491 
2415 2396492 
2416 2396492 
2417 2396492 
2418 2396493 
2419 2396493 
2420 2396493 
2421 2396494 
2422 2396496 
2423 2396502 
2424 2396502 
2425 2396502 
2426 2396503 
2427 2396503 
2428 2396503 
2429 2396503 
2430 2396504 
2431 2396504 
2432 2396504 
2433 2396505 
2434 2396507 
2435 2396513 
2436 2396518 
2437 2396519 
2438 2396520 
2439 2396526 
2440 2396527 
2441 2396533 
2442 2396536 
2443 2396536 
2444 2396537 
2445 2396540 
2446 2396544 
2447 2396545 
2448 2396545 
2449 2396545 
2450 2396546 
2451 2396551 
2452 2396555 
2453 2396556 
2454 2396558 
2455 2396558 
2456 2396559 
2457 2396560 
2458 2396560 
2459 2396561 
2460 2396562 
2461 2396562 
2462 2396562 
2463 2396562 
2464 2396563 
2465 2396564 
2466 2396565 
2467 2396565 
2468 2396567 
2469 2396568 
2470 2396568 
2471 2396569 
2472 2396570 
2473 2396570 
2474 2396571 
2475 2396571 
2476 2396571 
2477 2396572 
2478 2396572 
2479 2396572 
2480 2396572 
2481 2396573 
2482 2396573 
2483 2396573 
2484 2396574 
2485 2396574 
2486 2396574 
2487 2396574 
2488 2396574 
2489 2396575 
2490 2396575 
2491 2396575 
2492 2396575 
2493 2396576 
2494 2396576 
2495 2396579 
2496 2396580 
2497 2396581 
2498 2396581 
2499 2396581 
2500 2396582 
2501 2396582 
2502 2396583 
2503 2396583 
2504 2396583 
2505 2396584 
2506 2396584 
2507 2396585 
2508 2396586 
2509 2396588 
2510 2396589 
2511 2396589 
2512 2396589 
2513 2396589 
2514 2396591 
2515 2396591 
2516 2396593 
2517 2396593 
2518 2396593 
2519 2396593 
2520 2396594 
2521 2396594 
2522 2396595 
2523 2396595 
2524 2396595 
2525 2396596 
2526 2396596 
2527 2396598 
2528 2396598 
2529 2396598 
2530 2396599 
2531 2396600 
2532 2396600 
2533 2396600 
2534 2396601 
2535 2396601 
2536 2396605 
2537 2396605 
2538 2396607 
2539 2396608 
2540 2396608 
2541 2396610 
2542 2396611 
2543 2396618 
2544 2396618 
2545 2396622 
2546 2396624 
2547 2396628 
2548 2396628 
2549 2396629 
2550 2396629 
2551 2396629 
2552 2396629 
2553 2396630 
2554 2396630 
2555 2396636 
2556 2396636 
2557 2396637 
2558 2396637 
2559 2396637 
2560 2396638 
2561 2396638 
2562 2396638 
2563 2396639 
2564 2396639 
2565 2396641 
2566 2396641 
2567 2396641 
2568 2396641 
2569 2396642 
2570 2396642 
2571 2396642 
2572 2396642 
2573 2396643 
2574 2396643 
2575 2396653 
2576 2396653 
2577 2396654 
2578 2396654 
2579 2396659 
2580 2396661 
2581 2396661 
2582 2396661 
2583 2396662 
2584 2396663 
2585 2396663 
2586 2396664 
2587 2396666 
2588 2396666 
2589 2396667 
2590 2396667 
2591 2396667 
2592 2396668 
2593 2396668 
2594 2396670 
2595 2396670 
2596 2396671 
2597 2396672 
2598 2396672 
2599 2396677 
2600 2396677 
2601 2396678 
2602 2396678 
2603 2396682 
2604 2396682 
2605 2396682 
2606 2396683 
2607 2396683 
2608 2396683 
2609 2396684 
2610 2396684 
2611 2396684 
2612 2396684 
2613 2396685 
2614 2396685 
2615 2396685 
2616 2396685 
2617 2396686 
2618 2396686 
2619 2396686 
2620 2396687 
2621 2396687 
2622 2396687 
2623 2396688 
2624 2396688 
2625 2396688 
2626 2396689 
2627 2396690 
2628 2396690 
2629 2396692 
2630 2396692 
2631 2396692 
2632 2396693 
2633 2396693 
2634 2396693 
2635 2396694 
2636 2396694 
2637 2396694 
2638 2396695 
2639 2396695 
2640 2396696 
2641 2396696 
2642 2396697 
2643 2396697 
2644 2396697 
2645 2396698 
2646 2396698 
2647 2396698 
2648 2396698 
2649 2396700 
2650 2396702 
2651 2396703 
2652 2396707 
2653 2396708 
2654 2396708 
2655 2396709 
2656 2396719 
2657 2396721 
2658 2396722 
2659 2396725 
2660 2396726 
2661 2396726 
2662 2396727 
2663 2396729 
2664 2396729 
2665 2396730 
2666 2396730 
2667 2396731 
2668 2396731 
2669 2396731 
2670 2396731 
2671 2396732 
2672 2396737 
2673 2396741 
2674 2396741 
2675 2396742 
2676 2396742 
2677 2396742 
2678 2396743 
2679 2396744 
2680 2396748 
2681 2396754 
2682 2396755 
2683 2396755 
2684 2396755 
2685 2396756 
2686 2396756 
2687 2396756 
2688 2396757 
2689 2396761 
2690 2396764 
2691 2396764 
2692 2396766 
2693 2396767 
2694 2396767 
2695 2396768 
2696 2396768 
2697 2396770 
2698 2396770 
2699 2396770 
2700 2396771 
2701 2396771 
2702 2396772 
2703 2396772 
2704 2396773 
2705 2396773 
2706 2396774 
2707 2396777 
2708 2396777 
2709 2396778 
2710 2396779 
2711 2396779 
2712 2396783 
2713 2396784 
2714 2396785 
2715 2396785 
2716 2396785 
2717 2396786 
2718 2396786 
2719 2396786 
2720 2396787 
2721 2396787 
2722 2396787 
2723 2396788 
2724 2396788 
2725 2396791 
2726 2396792 
2727 2396798 
2728 2396798 
2729 2396798 
2730 2396800 
2731 2396801 
2732 2396804 
2733 2396810 
2734 2396810 
2735 2396810 
2736 2396811 
2737 2396811 
2738 2396811 
2739 2396812 
2740 2396812 
2741 2396812 
2742 2396829 
2743 2396829 
2744 2396830 
2745 2396830 
2746 2396830 
2747 2396831 
2748 2396831 
2749 2396831 
2750 2396832 
2751 2396832 
2752 2396832 
2753 2396833 
2754 2396833 
2755 2396833 
2756 2396834 
2757 2396841 
2758 2396842 
2759 2396842 
2760 2396856 
2761 2396857 
2762 2396857 
2763 2396864 
2764 2396864 
2765 2396868 
2766 2396868 
2767 2396873 
2768 2396873 
2769 2396875 
2770 2396875 
2771 2396875 
2772 2396876 
2773 2396877 
2774 2396880 
2775 2396882 
2776 2396882 
2777 2396883 
2778 2396884 
2779 2396885 
2780 2396885 
2781 2396886 
2782 2396886 
2783 2396888 
2784 2396888 
2785 2396890 
2786 2396899 
2787 2396902 
2788 2396903 
2789 2396904 
2790 2396905 
2791 2396918 
2792 2396919 
2793 2396919 
2794 2396919 
2795 2396920 
2796 2396920 
2797 2396920 
2798 2396921 
2799 2396921 
2800 2396921 
2801 2396922 
2802 2396922 
2803 2396923 
2804 2396923 
2805 2396923 
2806 2396924 
2807 2396924 
2808 2396925 
2809 2396925 
2810 2396926 
2811 2396930 
2812 2396930 
2813 2396931 
2814 2396932 
2815 2396932 
2816 2396932 
2817 2396932 
2818 2396933 
2819 2396933 
2820 2396933 
2821 2396934 
2822 2396934 
2823 2396934 
2824 2396936 
2825 2396936 
2826 2396937 
2827 2396941 
2828 2396941 
2829 2396941 
2830 2396941 
2831 2396943 
2832 2396944 
2833 2396944 
2834 2396944 
2835 2396944 
2836 2396944 
2837 2396945 
2838 2396951 
2839 2396952 
2840 2396952 
2841 2396952 
2842 2396953 
2843 2396953 
2844 2396953 
2845 2396954 
2846 2396954 
2847 2396954 
2848 2396955 
2849 2396955 
2850 2396955 
2851 2396956 
2852 2396956 
2853 2396956 
2854 2396956 
2855 2396957 
2856 2396957 
2857 2396957 
2858 2396957 
2859 2396957 
2860 2396958 
2861 2396958 
2862 2396959 
2863 2396962 
2864 2396963 
2865 2396966 
2866 2396966 
2867 2396966 
2868 2396968 
2869 2396971 
2870 2396974 
2871 2396974 
2872 2396980 
2873 2396980 
2874 2396981 
2875 2396982 
2876 2396982 
2877 2396983 
2878 2396983 
2879 2396983 
2880 2396984 
2881 2396984 
2882 2396984 
2883 2396985 
2884 2396985 
2885 2396985 
2886 2396986 
2887 2396986 
2888 2396986 
2889 2396987 
2890 2396987 
2891 2396988 
2892 2396989 
2893 2396995 
2894 2397001 
2895 2397001 
2896 2397011 
2897 2397014 
2898 2397015 
2899 2397029 
2900 2397030 
2901 2397030 
2902 2397031 
2903 2397031 
2904 2397039 
2905 2397039 
2906 2397040 
2907 2397040 
2908 2397040 
2909 2397041 
2910 2397041 
2911 2397041 
2912 2397041 
2913 2397048 
2914 2397075 
2915 2397076 
2916 2397077 
2917 2397077 
2918 2397078 
2919 2397078 
2920 2397078 
2921 2397080 
2922 2397080 
2923 2397083 
2924 2397084 
2925 2397084 
2926 2397085 
2927 2397087 
2928 2397091 
2929 2397091 
2930 2397092 
2931 2397092 
2932 2397093 
2933 2397094 
2934 2397094 
2935 2397095 
2936 2397095 
2937 2397095 
2938 2397095 
2939 2397096 
2940 2397096 
2941 2397096 
2942 2397097 
2943 2397097 
2944 2397097 
2945 2397098 
2946 2397098 
2947 2397098 
2948 2397099 
2949 2397099 
2950 2397101 
2951 2397102 
2952 2397104 
2953 2397104 
2954 2397105 
2955 2397105 
2956 2397105 
2957 2397107 
2958 2397107 
2959 2397107 
2960 2397110 
2961 2397112 
2962 2397112 
2963 2397118 
2964 2397119 
2965 2397119 
2966 2397119 
2967 2397119 
2968 2397120 
2969 2397120 
2970 2397120 
2971 2397121 
2972 2397121 
2973 2397121 
2974 2397121 
2975 2397122 
2976 2397122 
2977 2397122 
2978 2397122 
2979 2397122 
2980 2397122 
2981 2397123 
2982 2397123 
2983 2397123 
2984 2397123 
2985 2397124 
2986 2397124 
2987 2397125 
2988 2397127 
2989 2397127 
2990 2397127 
2991 2397128 
2992 2397128 
2993 2397129 
2994 2397129 
2995 2397129 
2996 2397130 
2997 2397130 
2998 2397131 
2999 2397131 
3000 2397131 
3001 2397131 
3002 2397132 
3003 2397132 
3004 2397132 
3005 2397133 
3006 2397133 
3007 2397133 
3008 2397134 
3009 2397134 
3010 2397134 
3011 2397135 
3012 2397135 
3013 2397135 
3014 2397136 
3015 2397136 
3016 2397136 
3017 2397137 
3018 2397137 
3019 2397137 
3020 2397138 
3021 2397138 
3022 2397138 
3023 2397138 
3024 2397139 
3025 2397139 
3026 2397139 
3027 2397140 
3028 2397140 
3029 2397140 
3030 2397141 
3031 2397141 
3032 2397141 
3033 2397142 
3034 2397143 
3035 2397144 
3036 2397144 
3037 2397144 
3038 2397146 
3039 2397146 
3040 2397147 
3041 2397148 
3042 2397148 
3043 2397148 
3044 2397148 
3045 2397149 
3046 2397151 
3047 2397151 
3048 2397152 
3049 2397152 
3050 2397152 
3051 2397153 
3052 2397156 
3053 2397156 
3054 2397157 
3055 2397157 
3056 2397158 
3057 2397159 
3058 2397160 
3059 2397160 
3060 2397160 
3061 2397164 
3062 2397164 
3063 2397165 
3064 2397165 
3065 2397165 
3066 2397166 
3067 2397166 
3068 2397166 
3069 2397167 
3070 2397167 
3071 2397169 
3072 2397169 
3073 2397169 
3074 2397170 
3075 2397173 
3076 2397173 
3077 2397174 
3078 2397174 
3079 2397175 
3080 2397175 
3081 2397175 
3082 2397176 
3083 2397176 
3084 2397177 
3085 2397177 
3086 2397177 
3087 2397177 
3088 2397178 
3089 2397178 
3090 2397178 
3091 2397179 
3092 2397179 
3093 2397179 
3094 2397180 
3095 2397180 
3096 2397180 
3097 2397181 
3098 2397181 
3099 2397181 
3100 2397182 
3101 2397182 
3102 2397182 
3103 2397182 
3104 2397183 
3105 2397183 
3106 2397183 
3107 2397184 
3108 2397184 
3109 2397184 
3110 2397185 
3111 2397185 
3112 2397185 
3113 2397185 
3114 2397186 
3115 2397186 
3116 2397191 
3117 2397192 
3118 2397192 
3119 2397193 
3120 2397193 
3121 2397194 
3122 2397195 
3123 2397195 
3124 2397195 
3125 2397196 
3126 2397196 
3127 2397196 
3128 2397197 
3129 2397197 
3130 2397198 
3131 2397198 
3132 2397199 
3133 2397199 
3134 2397199 
3135 2397200 
3136 2397200 
3137 2397200 
3138 2397201 
3139 2397201 
3140 2397201 
3141 2397202 
3142 2397202 
3143 2397202 
3144 2397202 
3145 2397202 
3146 2397203 
3147 2397203 
3148 2397203 
3149 2397204 
3150 2397204 
3151 2397204 
3152 2397212 
3153 2397212 
3154 2397212 
3155 2397213 
3156 2397213 
3157 2397213 
3158 2397213 
3159 2397213 
3160 2397214 
3161 2397214 
3162 2397214 
3163 2397214 
3164 2397215 
3165 2397215 
3166 2397215 
3167 2397215 
3168 2397215 
3169 2397216 
3170 2397216 
3171 2397216 
3172 2397217 
3173 2397217 
3174 2397218 
3175 2397218 
3176 2397218 
3177 2397219 
3178 2397219 
3179 2397220 
3180 2397220 
3181 2397221 
3182 2397221 
3183 2397221 
3184 2397221 
3185 2397222 
3186 2397226 
3187 2397227 
3188 2397227 
3189 2397227 
3190 2397227 
3191 2397228 
3192 2397228 
3193 2397228 
3194 2397229 
3195 2397229 
3196 2397229 
3197 2397230 
3198 2397230 
3199 2397230 
3200 2397231 
3201 2397231 
3202 2397231 
3203 2397232 
3204 2397232 
3205 2397232 
3206 2397233 
3207 2397233 
3208 2397233 
3209 2397233 
3210 2397237 
3211 2397237 
3212 2397244 
3213 2397245 
3214 2397245 
3215 2397255 
3216 2397255 
3217 2397256 
3218 2397256 
3219 2397258 
3220 2397259 
3221 2397259 
3222 2397259 
3223 2397260 
3224 2397260 
3225 2397260 
3226 2397261 
3227 2397262 
3228 2397262 
3229 2397262 
3230 2397263 
3231 2397263 
3232 2397263 
3233 2397263 
3234 2397264 
3235 2397264 
3236 2397264 
3237 2397264 
3238 2397265 
3239 2397265 
3240 2397265 
3241 2397265 
3242 2397266 
3243 2397266 
3244 2397266 
3245 2397266 
3246 2397268 
3247 2397269 
3248 2397269 
3249 2397270 
3250 2397272 
3251 2397272 
3252 2397275 
3253 2397276 
3254 2397276 
3255 2397277 
3256 2397277 
3257 2397277 
3258 2397277 
3259 2397277 
3260 2397278 
3261 2397278 
3262 2397278 
3263 2397279 
3264 2397279 
3265 2397279 
3266 2397279 
3267 2397280 
3268 2397280 
3269 2397280 
3270 2397281 
3271 2397281 
3272 2397282 
3273 2397282 
3274 2397282 
3275 2397283 
3276 2397283 
3277 2397283 
3278 2397284 
3279 2397284 
3280 2397285 
3281 2397285 
3282 2397285 
3283 2397286 
3284 2397287 
3285 2397287 
3286 2397290 
3287 2397295 
3288 2397295 
3289 2397297 
3290 2397297 
3291 2397298 
3292 2397298 
3293 2397298 
3294 2397299 
3295 2397299 
3296 2397299 
3297 2397299 
3298 2397300 
3299 2397307 
3300 2397307 
3301 2397308 
3302 2397313 
3303 2397313 
3304 2397318 
3305 2397318 
3306 2397319 
3307 2397319 
3308 2397320 
3309 2397321 
3310 2397324 
3311 2397326 
3312 2397327 
3313 2397327 
3314 2397327 
3315 2397328 
3316 2397329 
3317 2397347 
3318 2397348 
3319 2397348 
3320 2397350 
3321 2397351 
3322 2397356 
3323 2397366 
3324 2397368 
3325 2397376 
3326 2397376 
3327 2397377 
3328 2397378 
3329 2397379 
3330 2397382 
3331 2397383 
3332 2397383 
3333 2397387 
3334 2397390 
3335 2397390 
3336 2397391 
3337 2397394 
3338 2397395 
3339 2397395 
3340 2397396 
3341 2397398 
3342 2397399 
3343 2397399 
3344 2397399 
3345 2397400 
3346 2397400 
3347 2397401 
3348 2397401 
3349 2397401 
3350 2397402 
3351 2397402 
3352 2397402 
3353 2397403 
3354 2397403 
3355 2397403 
3356 2397404 
3357 2397404 
3358 2397404 
3359 2397405 
3360 2397405 
3361 2397405 
3362 2397406 
3363 2397406 
3364 2397407 
3365 2397407 
3366 2397407 
3367 2397410 
3368 2397417 
3369 2397424 
3370 2397425 
3371 2397427 
3372 2397427 
3373 2397427 
3374 2397428 
3375 2397428 
3376 2397429 
3377 2397429 
3378 2397429 
3379 2397430 
3380 2397432 
3381 2397435 
3382 2397466 
3383 2397466 
3384 2397467 
3385 2397469 
3386 2397469 
3387 2397472 
3388 2397472 
3389 2397473 
3390 2397473 
3391 2397474 
3392 2397474 
3393 2397474 
3394 2397474 
3395 2397475 
3396 2397475 
3397 2397475 
3398 2397476 
3399 2397476 
3400 2397477 
3401 2397477 
3402 2397478 
3403 2397478 
3404 2397478 
3405 2397479 
3406 2397479 
3407 2397480 
3408 2397480 
3409 2397480 
3410 2397480 
3411 2397481 
3412 2397481 
3413 2397481 
3414 2397482 
3415 2397482 
3416 2397482 
3417 2397483 
3418 2397483 
3419 2397485 
3420 2397486 
3421 2397486 
3422 2397486 
3423 2397487 
3424 2397487 
3425 2397488 
3426 2397488 
3427 2397488 
3428 2397488 
3429 2397491 
3430 2397491 
3431 2397492 
3432 2397493 
3433 2397493 
3434 2397493 
3435 2397494 
3436 2397494 
3437 2397494 
3438 2397495 
3439 2397496 
3440 2397504 
3441 2397508 
3442 2397513 
3443 2397514 
3444 2397514 
3445 2397514 
3446 2397514 
3447 2397515 
3448 2397515 
3449 2397516 
3450 2397516 
3451 2397517 
3452 2397518 
3453 2397518 
3454 2397519 
3455 2397522 
3456 2397523 
3457 2397531 
3458 2397537 
3459 2397537 
3460 2397537 
3461 2397537 
3462 2397538 
3463 2397538 
3464 2397538 
3465 2397539 
3466 2397540 
3467 2397540 
3468 2397541 
3469 2397541 
3470 2397541 
3471 2397541 
3472 2397542 
3473 2397542 
3474 2397544 
3475 2397544 
3476 2397544 
3477 2397545 
3478 2397545 
3479 2397546 
3480 2397546 
3481 2397546 
3482 2397547 
3483 2397549 
3484 2397549 
3485 2397552 
3486 2397552 
3487 2397553 
3488 2397553 
3489 2397555 
3490 2397556 
3491 2397560 
3492 2397563 
3493 2397563 
3494 2397563 
3495 2397564 
3496 2397564 
3497 2397564 
3498 2397565 
3499 2397569 
3500 2397569 
3501 2397571 
3502 2397572 
3503 2397573 
3504 2397573 
3505 2397573 
3506 2397573 
3507 2397574 
3508 2397574 
3509 2397575 
3510 2397575 
3511 2397575 
3512 2397578 
3513 2397579 
3514 2397581 
3515 2397581 
3516 2397582 
3517 2397582 
3518 2397582 
3519 2397583 
3520 2397583 
3521 2397583 
3522 2397583 
3523 2397584 
3524 2397588 
3525 2397591 
3526 2397593 
3527 2397593 
