1 2678400 
2 2678406 
3 2678406 
4 2678406 
5 2678413 
6 2678414 
7 2678414 
8 2678414 
9 2678415 
10 2678424 
11 2678425 
12 2678425 
13 2678425 
14 2678431 
15 2678432 
16 2678438 
17 2678440 
18 2678440 
19 2678441 
20 2678441 
21 2678441 
22 2678442 
23 2678442 
24 2678443 
25 2678443 
26 2678443 
27 2678444 
28 2678444 
29 2678444 
30 2678445 
31 2678445 
32 2678446 
33 2678446 
34 2678447 
35 2678447 
36 2678448 
37 2678448 
38 2678448 
39 2678449 
40 2678449 
41 2678450 
42 2678450 
43 2678450 
44 2678451 
45 2678451 
46 2678451 
47 2678452 
48 2678452 
49 2678453 
50 2678457 
51 2678463 
52 2678464 
53 2678467 
54 2678468 
55 2678475 
56 2678477 
57 2678477 
58 2678478 
59 2678486 
60 2678486 
61 2678487 
62 2678487 
63 2678488 
64 2678488 
65 2678489 
66 2678489 
67 2678490 
68 2678490 
69 2678491 
70 2678492 
71 2678513 
72 2678516 
73 2678518 
74 2678521 
75 2678530 
76 2678535 
77 2678536 
78 2678540 
79 2678541 
80 2678562 
81 2678562 
82 2678563 
83 2678563 
84 2678564 
85 2678564 
86 2678565 
87 2678568 
88 2678581 
89 2678583 
90 2678583 
91 2678584 
92 2678584 
93 2678584 
94 2678585 
95 2678585 
96 2678585 
97 2678585 
98 2678587 
99 2678588 
100 2678589 
101 2678589 
102 2678591 
103 2678593 
104 2678597 
105 2678598 
106 2678598 
107 2678598 
108 2678602 
109 2678607 
110 2678626 
111 2678632 
112 2678634 
113 2678636 
114 2678637 
115 2678646 
116 2678735 
117 2678761 
118 2678762 
119 2678762 
120 2678763 
121 2678763 
122 2678763 
123 2678764 
124 2678764 
125 2678765 
126 2678815 
127 2678831 
128 2678831 
129 2678831 
130 2678859 
131 2678933 
132 2678934 
133 2678934 
134 2678942 
135 2679012 
136 2679016 
137 2679017 
138 2679021 
139 2679026 
140 2679032 
141 2679140 
142 2679146 
143 2679148 
144 2679155 
145 2679160 
146 2679168 
147 2679170 
148 2679201 
149 2679229 
150 2679309 
151 2679311 
152 2679336 
153 2679339 
154 2679339 
155 2679352 
156 2679353 
157 2679355 
158 2679356 
159 2679366 
160 2679374 
161 2679389 
162 2679390 
163 2679390 
164 2679390 
165 2679391 
166 2679391 
167 2679391 
168 2679391 
169 2679392 
170 2679392 
171 2679398 
172 2679398 
173 2679398 
174 2679399 
175 2679399 
176 2679403 
177 2679404 
178 2679404 
179 2679404 
180 2679405 
181 2679405 
182 2679406 
183 2679406 
184 2679406 
185 2679407 
186 2679426 
187 2679427 
188 2679427 
189 2679427 
190 2679428 
191 2679428 
192 2679428 
193 2679429 
194 2679429 
195 2679430 
196 2679430 
197 2679430 
198 2679431 
199 2679433 
200 2679433 
201 2679434 
202 2679434 
203 2679435 
204 2679435 
205 2679435 
206 2679436 
207 2679436 
208 2679436 
209 2679437 
210 2679437 
211 2679437 
212 2679438 
213 2679438 
214 2679439 
215 2679439 
216 2679439 
217 2679439 
218 2679440 
219 2679440 
220 2679440 
221 2679441 
222 2679441 
223 2679453 
224 2679453 
225 2679454 
226 2679454 
227 2679454 
228 2679455 
229 2679461 
230 2679530 
231 2679582 
232 2679583 
233 2679583 
234 2679583 
235 2679584 
236 2679584 
237 2679584 
238 2679585 
239 2679585 
240 2679585 
241 2679601 
242 2679604 
243 2679604 
244 2679607 
245 2679607 
246 2679608 
247 2679608 
248 2679609 
249 2679609 
250 2679612 
251 2679616 
252 2679618 
253 2679652 
254 2679653 
255 2679653 
256 2679656 
257 2679656 
258 2679656 
259 2679657 
260 2679657 
261 2679658 
262 2679663 
263 2679663 
264 2679664 
265 2679664 
266 2679665 
267 2679665 
268 2679666 
269 2679666 
270 2679666 
271 2679726 
272 2679727 
273 2679727 
274 2679728 
275 2679728 
276 2679733 
277 2679734 
278 2679734 
279 2679734 
280 2679736 
281 2679737 
282 2679737 
283 2679737 
284 2679738 
285 2679738 
286 2679739 
287 2679739 
288 2679739 
289 2679761 
290 2679761 
291 2679761 
292 2679764 
293 2679765 
294 2679765 
295 2679765 
296 2679766 
297 2679766 
298 2679766 
299 2679773 
300 2679773 
301 2679776 
302 2679777 
303 2679777 
304 2679778 
305 2679778 
306 2679778 
307 2679779 
308 2679779 
309 2679780 
310 2679825 
311 2680086 
312 2680104 
313 2680105 
314 2680105 
315 2680130 
316 2680138 
317 2680139 
318 2680171 
319 2680172 
320 2680194 
321 2680202 
322 2680202 
323 2680203 
324 2680209 
325 2680209 
326 2680209 
327 2680210 
328 2680210 
329 2680210 
330 2680211 
331 2680213 
332 2680213 
333 2680213 
334 2680214 
335 2680214 
336 2680214 
337 2680215 
338 2680215 
339 2680215 
340 2680216 
341 2680216 
342 2680216 
343 2680216 
344 2680217 
345 2680217 
346 2680217 
347 2680218 
348 2680218 
349 2680218 
350 2680224 
351 2680224 
352 2680225 
353 2680230 
354 2680272 
355 2680272 
356 2680277 
357 2680277 
358 2680277 
359 2680278 
360 2680278 
361 2680278 
362 2680279 
363 2680279 
364 2680279 
365 2680280 
366 2680280 
367 2680283 
368 2680283 
369 2680284 
370 2680284 
371 2680368 
372 2680369 
373 2680369 
374 2680369 
375 2680370 
376 2680370 
377 2680370 
378 2680371 
379 2680371 
380 2680371 
381 2680372 
382 2680372 
383 2680373 
384 2680373 
385 2680373 
386 2680374 
387 2680374 
388 2680374 
389 2680375 
390 2680375 
391 2680376 
392 2680376 
393 2680376 
394 2680377 
395 2680488 
396 2680501 
397 2680530 
398 2680543 
399 2680548 
400 2680567 
401 2680568 
402 2680571 
403 2680575 
404 2680575 
405 2680598 
406 2680602 
407 2680602 
408 2680604 
409 2680607 
410 2680607 
411 2680608 
412 2680672 
413 2680672 
414 2680740 
415 2680742 
416 2680743 
417 2680743 
418 2680743 
419 2680790 
420 2680791 
421 2680862 
422 2680883 
423 2680883 
424 2680887 
425 2680888 
426 2680888 
427 2680889 
428 2680889 
429 2680889 
430 2680890 
431 2680890 
432 2680890 
433 2680930 
434 2680936 
435 2680938 
436 2680941 
437 2680944 
438 2680949 
439 2680965 
440 2680965 
441 2680968 
442 2680979 
443 2680984 
444 2680986 
445 2681011 
446 2681017 
447 2681019 
448 2681019 
449 2681028 
450 2681028 
451 2681028 
452 2681029 
453 2681029 
454 2681041 
455 2681041 
456 2681062 
457 2681062 
458 2681068 
459 2681103 
460 2681106 
461 2681110 
462 2681115 
463 2681115 
464 2681116 
465 2681137 
466 2681138 
467 2681139 
468 2681139 
469 2681140 
470 2681140 
471 2681140 
472 2681152 
473 2681157 
474 2681169 
475 2681173 
476 2681173 
477 2681173 
478 2681174 
479 2681174 
480 2681188 
481 2681195 
482 2681198 
483 2681198 
484 2681207 
485 2681246 
486 2681251 
487 2681255 
488 2681257 
489 2681262 
490 2681270 
491 2681271 
492 2681301 
493 2681307 
494 2681312 
495 2681316 
496 2681321 
497 2681331 
498 2681331 
499 2681332 
500 2681333 
501 2681334 
502 2681336 
503 2681337 
504 2681339 
505 2681339 
506 2681339 
507 2681340 
508 2681340 
509 2681340 
510 2681341 
511 2681341 
512 2681341 
513 2681342 
514 2681343 
515 2681403 
516 2681411 
517 2681414 
518 2681430 
519 2681439 
520 2681448 
521 2681507 
522 2681509 
523 2681512 
524 2681512 
525 2681513 
526 2681513 
527 2681513 
528 2681514 
529 2681514 
530 2681514 
531 2681515 
532 2681515 
533 2681538 
534 2681538 
535 2681572 
536 2681572 
537 2681576 
538 2681576 
539 2681587 
540 2681596 
541 2681599 
542 2681610 
543 2681610 
544 2681635 
545 2681639 
546 2681641 
547 2681643 
548 2681645 
549 2681656 
550 2681715 
551 2681741 
552 2681741 
553 2681742 
554 2681742 
555 2681830 
556 2681835 
557 2681835 
558 2681836 
559 2681836 
560 2681845 
561 2681845 
562 2681846 
563 2681846 
564 2681847 
565 2681847 
566 2681847 
567 2681849 
568 2681850 
569 2681850 
570 2681851 
571 2681851 
572 2681851 
573 2681852 
574 2681852 
575 2681853 
576 2681853 
577 2681853 
578 2681854 
579 2681854 
580 2681854 
581 2681855 
582 2681855 
583 2681855 
584 2681856 
585 2681856 
586 2681856 
587 2681856 
588 2681860 
589 2681870 
590 2681871 
591 2681871 
592 2681873 
593 2681873 
594 2681874 
595 2681874 
596 2681874 
597 2681875 
598 2681875 
599 2681876 
600 2681877 
601 2681877 
602 2681877 
603 2681878 
604 2681878 
605 2681879 
606 2681879 
607 2681879 
608 2681879 
609 2681880 
610 2681880 
611 2681880 
612 2681880 
613 2681881 
614 2681881 
615 2681881 
616 2681881 
617 2681882 
618 2681882 
619 2681882 
620 2681882 
621 2681883 
622 2681883 
623 2681883 
624 2681883 
625 2681884 
626 2681884 
627 2681884 
628 2681885 
629 2681885 
630 2681885 
631 2681886 
632 2681886 
633 2681886 
634 2681887 
635 2681887 
636 2681887 
637 2681888 
638 2681888 
639 2681889 
640 2681889 
641 2681889 
642 2681891 
643 2681891 
644 2681891 
645 2681891 
646 2681892 
647 2681893 
648 2681894 
649 2681894 
650 2681895 
651 2681895 
652 2681896 
653 2681896 
654 2681924 
655 2681926 
656 2681929 
657 2681935 
658 2681936 
659 2681936 
660 2681936 
661 2681936 
662 2681937 
663 2681937 
664 2681937 
665 2681938 
666 2681938 
667 2681938 
668 2681954 
669 2681954 
670 2681954 
671 2681955 
672 2681956 
673 2681956 
674 2681956 
675 2681957 
676 2681957 
677 2681958 
678 2681958 
679 2681959 
680 2681961 
681 2681961 
682 2681962 
683 2681962 
684 2681962 
685 2681963 
686 2681963 
687 2681964 
688 2681964 
689 2681964 
690 2681975 
691 2681978 
692 2681978 
693 2681978 
694 2681979 
695 2681979 
696 2681980 
697 2681980 
698 2681981 
699 2681981 
700 2681981 
701 2681982 
702 2681985 
703 2681989 
704 2681991 
705 2681991 
706 2681991 
707 2681993 
708 2681995 
709 2681995 
710 2681995 
711 2681996 
712 2681996 
713 2681997 
714 2681997 
715 2681998 
716 2681998 
717 2681998 
