1147 1037 13 5 1037 232 13 918 943 13 1037 22 80 84 1037 1037 4 1037 3 1037 1037 13 247 421 13 32 87 46 13 9 733 13 13 220 1037 52 1037 13 1037 768 1037 1037 1018 13 1037 1 13 1037 5 1037 828 13 13 13 13 1037 1037 13 3
1037 1147 0 0 1147 245 0 1015 1053 0 1147 30 164 168 1147 1147 0 1147 3 1147 1147 0 229 505 0 32 74 88 0 4 830 0 0 220 1147 14 1147 0 1147 779 1147 1147 1128 0 1147 1 0 1147 0 1147 848 0 0 0 0 1147 1147 0 3
13 0 1147 0 0 7 1147 12 0 1147 0 2 901 900 0 0 0 0 863 0 0 1147 229 186 1147 945 254 599 1147 70 60 1147 1147 519 0 606 0 1147 0 89 0 0 5 1147 0 371 1147 0 0 0 37 1147 1147 1147 1147 0 0 1147 944
5 0 0 1147 0 4 0 0 0 0 0 7 2 0 0 0 0 0 4 0 0 0 31 33 0 18 8 21 0 32 4 0 0 40 0 153 0 0 0 9 0 0 3 0 0 10 0 0 1147 0 43 0 0 0 0 0 0 0 3
1037 1147 0 0 1147 245 0 1015 1053 0 1147 30 164 168 1147 1147 0 1147 3 1147 1147 0 229 505 0 32 74 88 0 4 830 0 0 220 1147 14 1147 0 1147 779 1147 1147 1128 0 1147 1 0 1147 0 1147 848 0 0 0 0 1147 1147 0 3
232 245 7 4 245 1147 7 113 151 7 245 108 7 7 245 245 1 245 0 245 245 7 10 57 7 39 259 7 7 41 129 7 7 148 245 70 245 7 245 245 245 245 245 7 245 13 7 245 4 245 365 7 7 7 7 245 245 7 10
13 0 1147 0 0 7 1147 12 0 1147 0 2 901 900 0 0 0 0 863 0 0 1147 229 186 1147 945 254 599 1147 70 60 1147 1147 519 0 606 0 1147 0 89 0 0 5 1147 0 371 1147 0 0 0 37 1147 1147 1147 1147 0 0 1147 944
918 1015 12 0 1015 113 12 1147 969 12 1015 35 176 180 1015 1015 7 1015 3 1015 1015 12 241 489 12 7 86 100 12 5 787 12 12 143 1015 26 1015 12 1015 647 1015 1015 996 12 1015 8 12 1015 0 1015 716 12 12 12 12 1015 1015 12 11
943 1053 0 0 1053 151 0 969 1147 0 1053 30 164 168 1053 1053 0 1053 3 1053 1053 0 229 505 0 32 74 88 0 4 737 0 0 126 1053 14 1053 0 1053 685 1053 1053 1034 0 1053 1 0 1053 0 1053 754 0 0 0 0 1053 1053 0 3
13 0 1147 0 0 7 1147 12 0 1147 0 2 901 900 0 0 0 0 863 0 0 1147 229 186 1147 945 254 599 1147 70 60 1147 1147 519 0 606 0 1147 0 89 0 0 5 1147 0 371 1147 0 0 0 37 1147 1147 1147 1147 0 0 1147 944
1037 1147 0 0 1147 245 0 1015 1053 0 1147 30 164 168 1147 1147 0 1147 3 1147 1147 0 229 505 0 32 74 88 0 4 830 0 0 220 1147 14 1147 0 1147 779 1147 1147 1128 0 1147 1 0 1147 0 1147 848 0 0 0 0 1147 1147 0 3
22 30 2 7 30 108 2 35 30 2 30 1147 32 30 30 30 0 30 2 30 30 2 63 84 2 17 3 185 2 26 79 2 2 102 30 135 30 2 30 1 30 30 30 2 30 31 2 30 7 30 25 2 2 2 2 30 30 2 169
80 164 901 2 164 7 901 176 164 901 164 32 1147 1120 164 164 1 164 617 164 164 901 232 350 901 699 254 678 901 3 224 901 901 284 164 598 164 901 164 2 164 164 169 901 164 125 901 164 2 164 66 901 901 901 901 164 164 901 698
84 168 900 0 168 7 900 180 168 900 168 30 1120 1147 168 168 0 168 616 168 168 900 229 354 900 698 254 676 900 0 228 900 900 283 168 596 168 900 168 2 168 168 173 900 168 124 900 168 0 168 66 900 900 900 900 168 168 900 697
1037 1147 0 0 1147 245 0 1015 1053 0 1147 30 164 168 1147 1147 0 1147 3 1147 1147 0 229 505 0 32 74 88 0 4 830 0 0 220 1147 14 1147 0 1147 779 1147 1147 1128 0 1147 1 0 1147 0 1147 848 0 0 0 0 1147 1147 0 3
1037 1147 0 0 1147 245 0 1015 1053 0 1147 30 164 168 1147 1147 0 1147 3 1147 1147 0 229 505 0 32 74 88 0 4 830 0 0 220 1147 14 1147 0 1147 779 1147 1147 1128 0 1147 1 0 1147 0 1147 848 0 0 0 0 1147 1147 0 3
4 0 0 0 0 1 0 7 0 0 0 0 1 0 0 0 1147 0 15 0 0 0 66 6 0 2 0 8 0 9 1 0 0 7 0 4 0 0 0 0 0 0 2 0 0 530 0 0 0 0 0 0 0 0 0 0 0 0 5
1037 1147 0 0 1147 245 0 1015 1053 0 1147 30 164 168 1147 1147 0 1147 3 1147 1147 0 229 505 0 32 74 88 0 4 830 0 0 220 1147 14 1147 0 1147 779 1147 1147 1128 0 1147 1 0 1147 0 1147 848 0 0 0 0 1147 1147 0 3
3 3 863 4 3 0 863 3 3 863 3 2 617 616 3 3 15 3 1147 3 3 863 13 75 863 905 3 315 863 70 0 863 863 520 3 322 3 863 3 92 3 3 8 863 3 386 863 3 4 3 40 863 863 863 863 3 3 863 863
1037 1147 0 0 1147 245 0 1015 1053 0 1147 30 164 168 1147 1147 0 1147 3 1147 1147 0 229 505 0 32 74 88 0 4 830 0 0 220 1147 14 1147 0 1147 779 1147 1147 1128 0 1147 1 0 1147 0 1147 848 0 0 0 0 1147 1147 0 3
1037 1147 0 0 1147 245 0 1015 1053 0 1147 30 164 168 1147 1147 0 1147 3 1147 1147 0 229 505 0 32 74 88 0 4 830 0 0 220 1147 14 1147 0 1147 779 1147 1147 1128 0 1147 1 0 1147 0 1147 848 0 0 0 0 1147 1147 0 3
13 0 1147 0 0 7 1147 12 0 1147 0 2 901 900 0 0 0 0 863 0 0 1147 229 186 1147 945 254 599 1147 70 60 1147 1147 519 0 606 0 1147 0 89 0 0 5 1147 0 371 1147 0 0 0 37 1147 1147 1147 1147 0 0 1147 944
247 229 229 31 229 10 229 241 229 229 229 63 232 229 229 229 66 229 13 229 229 229 1147 205 229 27 220 232 229 277 333 229 229 158 229 251 229 229 229 233 229 229 231 229 229 63 229 229 31 229 274 229 229 229 229 229 229 229 26
421 505 186 33 505 57 186 489 505 186 505 84 350 354 505 505 6 505 75 505 505 186 205 1147 186 186 129 271 186 4 529 186 186 83 505 201 505 186 505 137 505 505 486 186 505 130 186 505 33 505 206 186 186 186 186 505 505 186 134
13 0 1147 0 0 7 1147 12 0 1147 0 2 901 900 0 0 0 0 863 0 0 1147 229 186 1147 945 254 599 1147 70 60 1147 1147 519 0 606 0 1147 0 89 0 0 5 1147 0 371 1147 0 0 0 37 1147 1147 1147 1147 0 0 1147 944
32 32 945 18 32 39 945 7 32 945 32 17 699 698 32 32 2 32 905 32 32 945 27 186 945 1147 52 397 945 74 5 945 945 558 32 404 32 945 32 121 32 32 37 945 32 373 945 32 18 32 69 945 945 945 945 32 32 945 963
87 74 254 8 74 259 254 86 74 254 74 3 254 254 74 74 0 74 3 74 74 254 220 129 254 52 1147 254 254 60 60 254 254 4 74 318 74 254 74 74 74 74 74 254 74 1 254 74 8 74 80 254 254 254 254 74 74 254 51
46 88 599 21 88 7 599 100 88 599 88 185 678 676 88 88 8 88 315 88 88 599 232 271 599 397 254 1147 599 7 148 599 599 73 88 448 88 599 88 19 88 88 93 599 88 9 599 88 21 88 45 599 599 599 599 88 88 599 396
13 0 1147 0 0 7 1147 12 0 1147 0 2 901 900 0 0 0 0 863 0 0 1147 229 186 1147 945 254 599 1147 70 60 1147 1147 519 0 606 0 1147 0 89 0 0 5 1147 0 371 1147 0 0 0 37 1147 1147 1147 1147 0 0 1147 944
9 4 70 32 4 41 70 5 4 70 4 26 3 0 4 4 9 4 70 4 4 70 277 4 70 74 60 7 70 1147 48 70 70 92 4 23 4 70 4 76 4 4 4 70 4 90 70 4 32 4 38 70 70 70 70 4 4 70 70
733 830 60 4 830 129 60 787 737 60 830 79 224 228 830 830 1 830 0 830 830 60 333 529 60 5 60 148 60 48 1147 60 60 212 830 74 830 60 830 462 830 830 811 60 830 2 60 830 4 830 531 60 60 60 60 830 830 60 20
13 0 1147 0 0 7 1147 12 0 1147 0 2 901 900 0 0 0 0 863 0 0 1147 229 186 1147 945 254 599 1147 70 60 1147 1147 519 0 606 0 1147 0 89 0 0 5 1147 0 371 1147 0 0 0 37 1147 1147 1147 1147 0 0 1147 944
13 0 1147 0 0 7 1147 12 0 1147 0 2 901 900 0 0 0 0 863 0 0 1147 229 186 1147 945 254 599 1147 70 60 1147 1147 519 0 606 0 1147 0 89 0 0 5 1147 0 371 1147 0 0 0 37 1147 1147 1147 1147 0 0 1147 944
220 220 519 40 220 148 519 143 126 519 220 102 284 283 220 220 7 220 520 220 220 519 158 83 519 558 4 73 519 92 212 519 519 1147 220 194 220 519 220 298 220 220 225 519 220 367 519 220 40 220 252 519 519 519 519 220 220 519 526
1037 1147 0 0 1147 245 0 1015 1053 0 1147 30 164 168 1147 1147 0 1147 3 1147 1147 0 229 505 0 32 74 88 0 4 830 0 0 220 1147 14 1147 0 1147 779 1147 1147 1128 0 1147 1 0 1147 0 1147 848 0 0 0 0 1147 1147 0 3
52 14 606 153 14 70 606 26 14 606 14 135 598 596 14 14 4 14 322 14 14 606 251 201 606 404 318 448 606 23 74 606 606 194 14 1147 14 606 14 14 14 14 19 606 14 118 606 14 153 14 54 606 606 606 606 14 14 606 403
1037 1147 0 0 1147 245 0 1015 1053 0 1147 30 164 168 1147 1147 0 1147 3 1147 1147 0 229 505 0 32 74 88 0 4 830 0 0 220 1147 14 1147 0 1147 779 1147 1147 1128 0 1147 1 0 1147 0 1147 848 0 0 0 0 1147 1147 0 3
13 0 1147 0 0 7 1147 12 0 1147 0 2 901 900 0 0 0 0 863 0 0 1147 229 186 1147 945 254 599 1147 70 60 1147 1147 519 0 606 0 1147 0 89 0 0 5 1147 0 371 1147 0 0 0 37 1147 1147 1147 1147 0 0 1147 944
1037 1147 0 0 1147 245 0 1015 1053 0 1147 30 164 168 1147 1147 0 1147 3 1147 1147 0 229 505 0 32 74 88 0 4 830 0 0 220 1147 14 1147 0 1147 779 1147 1147 1128 0 1147 1 0 1147 0 1147 848 0 0 0 0 1147 1147 0 3
768 779 89 9 779 245 89 647 685 89 779 1 2 2 779 779 0 779 92 779 779 89 233 137 89 121 74 19 89 76 462 89 89 298 779 14 779 89 779 1147 779 779 779 89 779 90 89 779 9 779 789 89 89 89 89 779 779 89 92
1037 1147 0 0 1147 245 0 1015 1053 0 1147 30 164 168 1147 1147 0 1147 3 1147 1147 0 229 505 0 32 74 88 0 4 830 0 0 220 1147 14 1147 0 1147 779 1147 1147 1128 0 1147 1 0 1147 0 1147 848 0 0 0 0 1147 1147 0 3
1037 1147 0 0 1147 245 0 1015 1053 0 1147 30 164 168 1147 1147 0 1147 3 1147 1147 0 229 505 0 32 74 88 0 4 830 0 0 220 1147 14 1147 0 1147 779 1147 1147 1128 0 1147 1 0 1147 0 1147 848 0 0 0 0 1147 1147 0 3
1018 1128 5 3 1128 245 5 996 1034 5 1128 30 169 173 1128 1128 2 1128 8 1128 1128 5 231 486 5 37 74 93 5 4 811 5 5 225 1128 19 1128 5 1128 779 1128 1128 1147 5 1128 6 5 1128 3 1128 829 5 5 5 5 1128 1128 5 8
13 0 1147 0 0 7 1147 12 0 1147 0 2 901 900 0 0 0 0 863 0 0 1147 229 186 1147 945 254 599 1147 70 60 1147 1147 519 0 606 0 1147 0 89 0 0 5 1147 0 371 1147 0 0 0 37 1147 1147 1147 1147 0 0 1147 944
1037 1147 0 0 1147 245 0 1015 1053 0 1147 30 164 168 1147 1147 0 1147 3 1147 1147 0 229 505 0 32 74 88 0 4 830 0 0 220 1147 14 1147 0 1147 779 1147 1147 1128 0 1147 1 0 1147 0 1147 848 0 0 0 0 1147 1147 0 3
1 1 371 10 1 13 371 8 1 371 1 31 125 124 1 1 530 1 386 1 1 371 63 130 371 373 1 9 371 90 2 371 371 367 1 118 1 371 1 90 1 1 6 371 1 1147 371 1 10 1 38 371 371 371 371 1 1 371 376
13 0 1147 0 0 7 1147 12 0 1147 0 2 901 900 0 0 0 0 863 0 0 1147 229 186 1147 945 254 599 1147 70 60 1147 1147 519 0 606 0 1147 0 89 0 0 5 1147 0 371 1147 0 0 0 37 1147 1147 1147 1147 0 0 1147 944
1037 1147 0 0 1147 245 0 1015 1053 0 1147 30 164 168 1147 1147 0 1147 3 1147 1147 0 229 505 0 32 74 88 0 4 830 0 0 220 1147 14 1147 0 1147 779 1147 1147 1128 0 1147 1 0 1147 0 1147 848 0 0 0 0 1147 1147 0 3
5 0 0 1147 0 4 0 0 0 0 0 7 2 0 0 0 0 0 4 0 0 0 31 33 0 18 8 21 0 32 4 0 0 40 0 153 0 0 0 9 0 0 3 0 0 10 0 0 1147 0 43 0 0 0 0 0 0 0 3
1037 1147 0 0 1147 245 0 1015 1053 0 1147 30 164 168 1147 1147 0 1147 3 1147 1147 0 229 505 0 32 74 88 0 4 830 0 0 220 1147 14 1147 0 1147 779 1147 1147 1128 0 1147 1 0 1147 0 1147 848 0 0 0 0 1147 1147 0 3
828 848 37 43 848 365 37 716 754 37 848 25 66 66 848 848 0 848 40 848 848 37 274 206 37 69 80 45 37 38 531 37 37 252 848 54 848 37 848 789 848 848 829 37 848 38 37 848 43 848 1147 37 37 37 37 848 848 37 40
13 0 1147 0 0 7 1147 12 0 1147 0 2 901 900 0 0 0 0 863 0 0 1147 229 186 1147 945 254 599 1147 70 60 1147 1147 519 0 606 0 1147 0 89 0 0 5 1147 0 371 1147 0 0 0 37 1147 1147 1147 1147 0 0 1147 944
13 0 1147 0 0 7 1147 12 0 1147 0 2 901 900 0 0 0 0 863 0 0 1147 229 186 1147 945 254 599 1147 70 60 1147 1147 519 0 606 0 1147 0 89 0 0 5 1147 0 371 1147 0 0 0 37 1147 1147 1147 1147 0 0 1147 944
13 0 1147 0 0 7 1147 12 0 1147 0 2 901 900 0 0 0 0 863 0 0 1147 229 186 1147 945 254 599 1147 70 60 1147 1147 519 0 606 0 1147 0 89 0 0 5 1147 0 371 1147 0 0 0 37 1147 1147 1147 1147 0 0 1147 944
13 0 1147 0 0 7 1147 12 0 1147 0 2 901 900 0 0 0 0 863 0 0 1147 229 186 1147 945 254 599 1147 70 60 1147 1147 519 0 606 0 1147 0 89 0 0 5 1147 0 371 1147 0 0 0 37 1147 1147 1147 1147 0 0 1147 944
1037 1147 0 0 1147 245 0 1015 1053 0 1147 30 164 168 1147 1147 0 1147 3 1147 1147 0 229 505 0 32 74 88 0 4 830 0 0 220 1147 14 1147 0 1147 779 1147 1147 1128 0 1147 1 0 1147 0 1147 848 0 0 0 0 1147 1147 0 3
1037 1147 0 0 1147 245 0 1015 1053 0 1147 30 164 168 1147 1147 0 1147 3 1147 1147 0 229 505 0 32 74 88 0 4 830 0 0 220 1147 14 1147 0 1147 779 1147 1147 1128 0 1147 1 0 1147 0 1147 848 0 0 0 0 1147 1147 0 3
13 0 1147 0 0 7 1147 12 0 1147 0 2 901 900 0 0 0 0 863 0 0 1147 229 186 1147 945 254 599 1147 70 60 1147 1147 519 0 606 0 1147 0 89 0 0 5 1147 0 371 1147 0 0 0 37 1147 1147 1147 1147 0 0 1147 944
3 3 944 3 3 10 944 11 3 944 3 169 698 697 3 3 5 3 863 3 3 944 26 134 944 963 51 396 944 70 20 944 944 526 3 403 3 944 3 92 3 3 8 944 3 376 944 3 3 3 40 944 944 944 944 3 3 944 1147
