1 2826000 
2 2826000 
3 2826001 
4 2826003 
5 2826006 
6 2826019 
7 2826020 
8 2826020 
9 2826026 
10 2826031 
11 2826031 
12 2826032 
13 2826032 
14 2826032 
15 2826033 
16 2826033 
17 2826034 
18 2826034 
19 2826034 
20 2826035 
21 2826035 
22 2826035 
23 2826035 
24 2826036 
25 2826036 
26 2826036 
27 2826037 
28 2826037 
29 2826037 
30 2826037 
31 2826038 
32 2826039 
33 2826040 
34 2826041 
35 2826044 
36 2826044 
37 2826045 
38 2826045 
39 2826045 
40 2826046 
41 2826046 
42 2826046 
43 2826047 
44 2826048 
45 2826048 
46 2826048 
47 2826051 
48 2826053 
49 2826065 
50 2826066 
51 2826067 
52 2826067 
53 2826067 
54 2826067 
55 2826068 
56 2826068 
57 2826068 
58 2826069 
59 2826070 
60 2826071 
61 2826071 
62 2826071 
63 2826072 
64 2826072 
65 2826073 
66 2826073 
67 2826074 
68 2826076 
69 2826089 
70 2826095 
71 2826100 
72 2826105 
73 2826105 
74 2826105 
75 2826106 
76 2826106 
77 2826109 
78 2826116 
79 2826145 
80 2826162 
81 2826165 
82 2826166 
83 2826166 
84 2826166 
85 2826166 
86 2826167 
87 2826167 
88 2826167 
89 2826177 
90 2826179 
91 2826185 
92 2826189 
93 2826189 
94 2826193 
95 2826196 
96 2826202 
97 2826204 
98 2826204 
99 2826205 
100 2826206 
101 2826221 
102 2826222 
103 2826234 
104 2826235 
105 2826235 
106 2826235 
107 2826236 
108 2826236 
109 2826236 
110 2826236 
111 2826236 
112 2826237 
113 2826237 
114 2826238 
115 2826238 
116 2826239 
117 2826241 
118 2826241 
119 2826242 
120 2826253 
121 2826287 
122 2826288 
123 2826288 
124 2826288 
125 2826289 
126 2826289 
127 2826420 
128 2826420 
129 2826450 
130 2826460 
131 2826526 
132 2826531 
133 2826531 
134 2826533 
135 2826536 
136 2826537 
137 2826540 
138 2826542 
139 2826542 
140 2826545 
141 2826545 
142 2826548 
143 2826548 
144 2826549 
145 2826549 
146 2826554 
147 2826559 
148 2826559 
149 2826560 
150 2826571 
151 2826591 
152 2826595 
153 2826602 
154 2826604 
155 2826615 
156 2826618 
157 2826625 
158 2826631 
159 2826652 
160 2826653 
161 2826654 
162 2826657 
163 2826665 
164 2826666 
165 2826667 
166 2826667 
167 2826668 
168 2826668 
169 2826668 
170 2826669 
171 2826669 
172 2826672 
173 2826676 
174 2826679 
175 2826681 
176 2826685 
177 2826701 
178 2826709 
179 2826710 
180 2826719 
181 2826734 
182 2826734 
183 2826735 
184 2826735 
185 2826735 
186 2826742 
187 2826745 
188 2826746 
189 2826746 
190 2826747 
191 2826753 
192 2826754 
193 2826754 
194 2826754 
195 2826755 
196 2826755 
197 2826756 
198 2826756 
199 2826756 
200 2826757 
201 2826757 
202 2826757 
203 2826758 
204 2826761 
205 2826763 
206 2826766 
207 2826771 
208 2826773 
209 2826774 
210 2826775 
211 2826777 
212 2826777 
213 2826780 
214 2826785 
215 2826786 
216 2826789 
217 2826790 
218 2826794 
219 2826795 
220 2826795 
221 2826795 
222 2826796 
223 2826796 
224 2826797 
225 2826797 
226 2826797 
227 2826798 
228 2826798 
229 2826799 
230 2826800 
231 2826803 
232 2826806 
233 2826808 
234 2826811 
235 2826816 
236 2826817 
237 2826817 
238 2826817 
239 2826818 
240 2826818 
241 2826819 
242 2826819 
243 2826822 
244 2826825 
245 2826825 
246 2826825 
247 2826826 
248 2826826 
249 2826827 
250 2826827 
251 2826827 
252 2826828 
253 2826828 
254 2826828 
255 2826829 
256 2826830 
257 2826830 
258 2826831 
259 2826831 
260 2826832 
261 2826836 
262 2826836 
263 2826837 
264 2826837 
265 2826837 
266 2826839 
267 2826839 
268 2826839 
269 2826840 
270 2826840 
271 2826841 
272 2826841 
273 2826862 
274 2826878 
275 2826879 
276 2826879 
277 2826880 
278 2826880 
279 2826881 
280 2826881 
281 2826882 
282 2826882 
283 2826882 
284 2826883 
285 2826883 
286 2826883 
287 2826884 
288 2826884 
289 2826884 
290 2826885 
291 2826889 
292 2826890 
293 2826897 
294 2826898 
295 2826906 
296 2826910 
297 2826911 
298 2826912 
299 2826913 
300 2826914 
301 2826925 
302 2826925 
303 2826926 
304 2826927 
305 2826927 
306 2826928 
307 2826928 
308 2826928 
309 2826929 
310 2826929 
311 2826929 
312 2826930 
313 2826930 
314 2826930 
315 2826931 
316 2826931 
317 2826932 
318 2826934 
319 2826934 
320 2826948 
321 2826948 
322 2826949 
323 2826949 
324 2826950 
325 2826950 
326 2826951 
327 2826952 
328 2826952 
329 2826955 
330 2826957 
331 2826957 
332 2826964 
333 2826969 
334 2827014 
335 2827014 
336 2827014 
337 2827014 
338 2827015 
339 2827015 
340 2827016 
341 2827016 
342 2827020 
343 2827026 
344 2827030 
345 2827032 
346 2827032 
347 2827042 
348 2827042 
349 2827042 
350 2827043 
351 2827043 
352 2827043 
353 2827052 
354 2827058 
355 2827059 
356 2827060 
357 2827060 
358 2827081 
359 2827081 
360 2827082 
361 2827085 
362 2827085 
363 2827086 
364 2827086 
365 2827088 
366 2827088 
367 2827088 
368 2827089 
369 2827089 
370 2827090 
371 2827090 
372 2827091 
373 2827094 
374 2827101 
375 2827102 
376 2827102 
377 2827103 
378 2827104 
379 2827105 
380 2827109 
381 2827110 
382 2827110 
383 2827110 
384 2827112 
385 2827112 
386 2827113 
387 2827113 
388 2827113 
389 2827114 
390 2827114 
391 2827114 
392 2827115 
393 2827115 
394 2827115 
395 2827116 
396 2827117 
397 2827117 
398 2827117 
399 2827118 
400 2827118 
401 2827118 
402 2827119 
403 2827119 
404 2827123 
405 2827124 
406 2827124 
407 2827125 
408 2827125 
409 2827125 
410 2827126 
411 2827131 
412 2827132 
413 2827132 
414 2827133 
415 2827133 
416 2827133 
417 2827134 
418 2827134 
419 2827135 
420 2827135 
421 2827137 
422 2827137 
423 2827138 
424 2827138 
425 2827138 
426 2827139 
427 2827149 
428 2827149 
429 2827150 
430 2827150 
431 2827150 
432 2827150 
433 2827151 
434 2827151 
435 2827151 
436 2827152 
437 2827152 
438 2827161 
439 2827162 
440 2827162 
441 2827163 
442 2827163 
443 2827163 
444 2827163 
445 2827164 
446 2827165 
447 2827165 
448 2827165 
449 2827167 
450 2827168 
451 2827168 
452 2827168 
453 2827169 
454 2827170 
455 2827170 
456 2827171 
457 2827171 
458 2827171 
459 2827171 
460 2827171 
461 2827172 
462 2827172 
463 2827172 
464 2827173 
465 2827173 
466 2827173 
467 2827174 
468 2827174 
469 2827174 
470 2827175 
471 2827175 
472 2827175 
473 2827175 
474 2827176 
475 2827176 
476 2827176 
477 2827176 
478 2827177 
479 2827177 
480 2827177 
481 2827177 
482 2827178 
483 2827178 
484 2827178 
485 2827178 
486 2827178 
487 2827178 
488 2827179 
489 2827179 
490 2827179 
491 2827179 
492 2827180 
493 2827180 
494 2827180 
495 2827180 
496 2827181 
497 2827181 
498 2827181 
499 2827181 
500 2827182 
501 2827182 
502 2827182 
503 2827183 
504 2827183 
505 2827183 
506 2827184 
507 2827184 
508 2827184 
509 2827185 
510 2827185 
511 2827185 
512 2827186 
513 2827186 
514 2827186 
515 2827186 
516 2827187 
517 2827187 
518 2827187 
519 2827187 
520 2827188 
521 2827188 
522 2827188 
523 2827188 
524 2827189 
525 2827189 
526 2827189 
527 2827189 
528 2827190 
529 2827190 
530 2827190 
531 2827191 
532 2827191 
533 2827191 
534 2827191 
535 2827192 
536 2827192 
537 2827192 
538 2827192 
539 2827193 
540 2827193 
541 2827193 
542 2827194 
543 2827194 
544 2827194 
545 2827194 
546 2827195 
547 2827195 
548 2827195 
549 2827195 
550 2827196 
551 2827196 
552 2827196 
553 2827196 
554 2827196 
555 2827197 
556 2827197 
557 2827197 
558 2827197 
559 2827198 
560 2827198 
561 2827198 
562 2827198 
563 2827199 
564 2827199 
565 2827199 
566 2827200 
567 2827200 
568 2827200 
569 2827200 
570 2827200 
571 2827200 
572 2827201 
573 2827201 
574 2827201 
575 2827201 
576 2827202 
577 2827202 
578 2827202 
579 2827202 
580 2827202 
581 2827203 
582 2827203 
583 2827203 
584 2827203 
585 2827204 
586 2827204 
587 2827204 
588 2827204 
589 2827205 
590 2827205 
591 2827205 
592 2827205 
593 2827206 
594 2827206 
595 2827206 
596 2827206 
597 2827207 
598 2827208 
599 2827209 
600 2827209 
601 2827209 
602 2827210 
603 2827210 
604 2827210 
605 2827211 
606 2827211 
607 2827211 
608 2827211 
609 2827211 
610 2827212 
611 2827212 
612 2827212 
613 2827212 
614 2827213 
615 2827213 
616 2827213 
617 2827213 
618 2827213 
619 2827214 
620 2827214 
621 2827214 
622 2827214 
623 2827214 
624 2827214 
625 2827215 
626 2827215 
627 2827215 
628 2827215 
629 2827215 
630 2827215 
631 2827216 
632 2827216 
633 2827216 
634 2827216 
635 2827216 
636 2827216 
637 2827217 
638 2827217 
639 2827217 
640 2827217 
641 2827218 
642 2827218 
643 2827218 
644 2827219 
645 2827219 
646 2827219 
647 2827219 
648 2827220 
649 2827220 
650 2827220 
651 2827220 
652 2827220 
653 2827220 
654 2827221 
655 2827221 
656 2827222 
657 2827222 
658 2827222 
659 2827223 
660 2827223 
661 2827223 
662 2827223 
663 2827223 
664 2827223 
665 2827224 
666 2827224 
667 2827224 
668 2827225 
669 2827225 
670 2827225 
671 2827225 
672 2827226 
673 2827226 
674 2827226 
675 2827226 
676 2827226 
677 2827227 
678 2827227 
679 2827227 
680 2827227 
681 2827227 
682 2827228 
683 2827228 
684 2827228 
685 2827228 
686 2827228 
687 2827229 
688 2827230 
689 2827230 
690 2827230 
691 2827230 
692 2827230 
693 2827231 
694 2827231 
695 2827231 
696 2827231 
697 2827232 
698 2827232 
699 2827232 
700 2827232 
701 2827232 
702 2827233 
703 2827233 
704 2827233 
705 2827234 
706 2827234 
707 2827234 
708 2827234 
709 2827235 
710 2827235 
711 2827235 
712 2827235 
713 2827236 
714 2827236 
715 2827236 
716 2827236 
717 2827236 
718 2827237 
719 2827237 
720 2827237 
721 2827237 
722 2827238 
723 2827238 
724 2827238 
725 2827238 
726 2827239 
727 2827239 
728 2827239 
729 2827239 
730 2827240 
731 2827241 
732 2827241 
733 2827242 
734 2827242 
735 2827242 
736 2827242 
737 2827242 
738 2827243 
739 2827243 
740 2827243 
741 2827244 
742 2827244 
743 2827244 
744 2827245 
745 2827245 
746 2827245 
747 2827245 
748 2827245 
749 2827246 
750 2827246 
751 2827246 
752 2827246 
753 2827246 
754 2827247 
755 2827247 
756 2827247 
757 2827248 
758 2827248 
759 2827248 
760 2827248 
761 2827248 
762 2827249 
763 2827249 
764 2827249 
765 2827249 
766 2827250 
767 2827250 
768 2827250 
769 2827250 
770 2827250 
771 2827251 
772 2827251 
773 2827251 
774 2827252 
775 2827252 
776 2827253 
777 2827253 
778 2827253 
779 2827254 
780 2827254 
781 2827255 
782 2827255 
783 2827255 
784 2827255 
785 2827256 
786 2827256 
787 2827256 
788 2827257 
789 2827257 
790 2827258 
791 2827259 
792 2827259 
793 2827260 
794 2827260 
795 2827260 
796 2827261 
797 2827262 
798 2827263 
799 2827263 
800 2827263 
801 2827263 
802 2827264 
803 2827264 
804 2827264 
805 2827265 
806 2827266 
807 2827266 
808 2827266 
809 2827266 
810 2827267 
811 2827267 
812 2827267 
813 2827267 
814 2827268 
815 2827268 
816 2827268 
817 2827269 
818 2827269 
819 2827270 
820 2827270 
821 2827271 
822 2827271 
823 2827272 
824 2827273 
825 2827274 
826 2827274 
827 2827274 
828 2827275 
829 2827275 
830 2827275 
831 2827275 
832 2827276 
833 2827276 
834 2827276 
835 2827277 
836 2827277 
837 2827277 
838 2827278 
839 2827278 
840 2827279 
841 2827279 
842 2827280 
843 2827280 
844 2827280 
845 2827281 
846 2827281 
847 2827281 
848 2827281 
849 2827281 
850 2827282 
851 2827282 
852 2827282 
853 2827282 
854 2827283 
855 2827283 
856 2827283 
857 2827284 
858 2827284 
859 2827284 
860 2827285 
861 2827285 
862 2827285 
863 2827285 
864 2827286 
865 2827286 
866 2827286 
867 2827286 
868 2827286 
869 2827287 
870 2827287 
871 2827287 
872 2827288 
873 2827288 
874 2827289 
875 2827289 
876 2827289 
877 2827290 
878 2827290 
879 2827290 
880 2827290 
881 2827290 
882 2827291 
883 2827291 
884 2827291 
885 2827292 
886 2827292 
887 2827292 
888 2827293 
889 2827293 
890 2827293 
891 2827293 
892 2827293 
893 2827294 
894 2827294 
895 2827294 
896 2827295 
897 2827295 
898 2827295 
899 2827296 
900 2827296 
901 2827296 
902 2827296 
903 2827297 
904 2827297 
905 2827297 
906 2827297 
907 2827297 
908 2827298 
909 2827298 
910 2827299 
911 2827299 
912 2827300 
913 2827300 
914 2827301 
915 2827301 
916 2827301 
917 2827302 
918 2827302 
919 2827303 
920 2827306 
921 2827310 
922 2827310 
923 2827311 
924 2827311 
925 2827311 
926 2827312 
927 2827315 
928 2827316 
929 2827317 
930 2827320 
931 2827320 
932 2827320 
933 2827321 
934 2827321 
935 2827321 
936 2827321 
937 2827322 
938 2827323 
939 2827323 
940 2827323 
941 2827323 
942 2827323 
943 2827324 
944 2827324 
945 2827324 
946 2827325 
947 2827326 
948 2827326 
949 2827326 
950 2827327 
951 2827327 
952 2827327 
953 2827328 
954 2827330 
955 2827331 
956 2827333 
957 2827336 
958 2827336 
959 2827339 
960 2827343 
961 2827345 
962 2827347 
963 2827352 
964 2827357 
965 2827357 
966 2827359 
967 2827359 
968 2827362 
969 2827365 
970 2827365 
971 2827365 
972 2827369 
973 2827370 
974 2827373 
975 2827373 
976 2827374 
977 2827376 
978 2827376 
979 2827377 
980 2827379 
981 2827379 
982 2827380 
983 2827381 
984 2827381 
985 2827381 
986 2827381 
987 2827382 
988 2827382 
989 2827382 
990 2827384 
991 2827385 
992 2827385 
993 2827387 
994 2827387 
995 2827388 
996 2827388 
997 2827388 
998 2827390 
999 2827391 
1000 2827394 
1001 2827394 
1002 2827396 
1003 2827396 
1004 2827397 
1005 2827398 
1006 2827398 
1007 2827399 
1008 2827399 
1009 2827400 
1010 2827400 
1011 2827401 
1012 2827402 
1013 2827402 
1014 2827404 
1015 2827406 
1016 2827408 
1017 2827408 
1018 2827410 
1019 2827411 
1020 2827411 
1021 2827418 
1022 2827418 
1023 2827419 
1024 2827422 
1025 2827423 
1026 2827423 
1027 2827423 
1028 2827423 
1029 2827424 
1030 2827424 
1031 2827427 
1032 2827428 
1033 2827428 
1034 2827428 
1035 2827435 
1036 2827437 
1037 2827440 
1038 2827442 
1039 2827443 
1040 2827446 
1041 2827448 
1042 2827448 
1043 2827448 
1044 2827449 
1045 2827449 
1046 2827449 
1047 2827450 
1048 2827450 
1049 2827451 
1050 2827451 
1051 2827451 
1052 2827452 
1053 2827452 
1054 2827452 
1055 2827452 
1056 2827453 
1057 2827453 
1058 2827453 
1059 2827454 
1060 2827454 
1061 2827454 
1062 2827455 
1063 2827460 
1064 2827461 
1065 2827461 
1066 2827465 
1067 2827465 
1068 2827466 
1069 2827466 
1070 2827466 
1071 2827467 
1072 2827467 
1073 2827468 
1074 2827468 
1075 2827468 
1076 2827468 
1077 2827468 
1078 2827470 
1079 2827471 
1080 2827472 
1081 2827472 
1082 2827473 
1083 2827476 
1084 2827476 
1085 2827477 
1086 2827477 
1087 2827477 
1088 2827478 
1089 2827479 
1090 2827481 
1091 2827483 
1092 2827484 
1093 2827485 
1094 2827485 
1095 2827485 
1096 2827486 
1097 2827486 
1098 2827486 
1099 2827487 
1100 2827488 
1101 2827492 
1102 2827494 
1103 2827494 
1104 2827495 
1105 2827497 
1106 2827499 
1107 2827499 
1108 2827501 
1109 2827509 
1110 2827510 
1111 2827517 
1112 2827518 
1113 2827521 
1114 2827524 
1115 2827527 
1116 2827531 
1117 2827534 
1118 2827535 
1119 2827535 
1120 2827539 
1121 2827539 
1122 2827541 
1123 2827544 
1124 2827545 
1125 2827548 
1126 2827548 
1127 2827550 
1128 2827552 
1129 2827552 
1130 2827553 
1131 2827553 
1132 2827553 
1133 2827554 
1134 2827555 
1135 2827555 
1136 2827556 
1137 2827556 
1138 2827557 
1139 2827559 
1140 2827559 
1141 2827561 
1142 2827563 
1143 2827568 
1144 2827568 
1145 2827569 
1146 2827571 
1147 2827571 
1148 2827573 
1149 2827575 
1150 2827577 
1151 2827579 
1152 2827581 
1153 2827581 
1154 2827582 
1155 2827582 
1156 2827582 
1157 2827582 
1158 2827583 
1159 2827583 
1160 2827583 
1161 2827584 
1162 2827584 
1163 2827584 
1164 2827585 
1165 2827585 
1166 2827585 
1167 2827586 
1168 2827586 
1169 2827586 
1170 2827587 
1171 2827587 
1172 2827587 
1173 2827588 
1174 2827588 
1175 2827588 
1176 2827589 
1177 2827589 
1178 2827590 
1179 2827590 
1180 2827590 
1181 2827592 
1182 2827592 
1183 2827593 
1184 2827593 
1185 2827594 
1186 2827594 
1187 2827594 
1188 2827595 
1189 2827595 
1190 2827595 
1191 2827596 
1192 2827596 
1193 2827596 
1194 2827597 
1195 2827597 
1196 2827597 
1197 2827598 
1198 2827598 
1199 2827598 
1200 2827599 
1201 2827599 
1202 2827599 
1203 2827600 
1204 2827600 
1205 2827602 
1206 2827604 
1207 2827604 
1208 2827605 
1209 2827605 
1210 2827610 
1211 2827612 
1212 2827613 
1213 2827613 
1214 2827613 
1215 2827614 
1216 2827616 
1217 2827616 
1218 2827616 
1219 2827616 
1220 2827617 
1221 2827617 
1222 2827617 
1223 2827617 
1224 2827617 
1225 2827618 
1226 2827618 
1227 2827618 
1228 2827619 
1229 2827619 
1230 2827619 
1231 2827619 
1232 2827620 
1233 2827620 
1234 2827620 
1235 2827621 
1236 2827621 
1237 2827621 
1238 2827622 
1239 2827622 
1240 2827622 
1241 2827624 
1242 2827628 
1243 2827628 
1244 2827629 
1245 2827629 
1246 2827629 
1247 2827634 
1248 2827634 
1249 2827635 
1250 2827635 
1251 2827635 
1252 2827636 
1253 2827637 
1254 2827639 
1255 2827641 
1256 2827642 
1257 2827644 
1258 2827645 
1259 2827649 
1260 2827649 
1261 2827650 
1262 2827652 
1263 2827652 
1264 2827653 
1265 2827653 
1266 2827666 
1267 2827666 
1268 2827666 
1269 2827667 
1270 2827667 
1271 2827668 
1272 2827668 
1273 2827668 
1274 2827669 
1275 2827669 
1276 2827669 
1277 2827670 
1278 2827670 
1279 2827670 
1280 2827674 
1281 2827678 
1282 2827680 
1283 2827682 
1284 2827685 
1285 2827691 
1286 2827692 
1287 2827692 
1288 2827693 
1289 2827693 
1290 2827693 
1291 2827694 
1292 2827696 
1293 2827696 
1294 2827697 
1295 2827697 
1296 2827698 
1297 2827700 
1298 2827700 
1299 2827700 
1300 2827700 
1301 2827701 
1302 2827702 
1303 2827702 
1304 2827703 
1305 2827706 
1306 2827710 
1307 2827712 
1308 2827712 
1309 2827713 
1310 2827716 
1311 2827716 
1312 2827717 
1313 2827717 
1314 2827717 
1315 2827718 
1316 2827719 
1317 2827726 
1318 2827726 
1319 2827727 
1320 2827728 
1321 2827728 
1322 2827729 
1323 2827731 
1324 2827731 
1325 2827732 
1326 2827732 
1327 2827732 
1328 2827733 
1329 2827733 
1330 2827734 
1331 2827734 
1332 2827735 
1333 2827735 
1334 2827736 
1335 2827736 
1336 2827736 
1337 2827737 
1338 2827737 
1339 2827738 
1340 2827738 
1341 2827741 
1342 2827745 
1343 2827745 
1344 2827752 
1345 2827752 
1346 2827754 
1347 2827755 
1348 2827755 
1349 2827757 
1350 2827759 
1351 2827759 
1352 2827760 
1353 2827761 
1354 2827761 
1355 2827761 
1356 2827768 
1357 2827769 
1358 2827769 
1359 2827772 
1360 2827772 
1361 2827773 
1362 2827773 
1363 2827773 
1364 2827774 
1365 2827774 
1366 2827774 
1367 2827774 
1368 2827774 
1369 2827775 
1370 2827775 
1371 2827775 
1372 2827776 
1373 2827776 
1374 2827777 
1375 2827777 
1376 2827777 
1377 2827777 
1378 2827777 
1379 2827778 
1380 2827778 
1381 2827778 
1382 2827778 
1383 2827778 
1384 2827779 
1385 2827779 
1386 2827779 
1387 2827779 
1388 2827780 
1389 2827780 
1390 2827781 
1391 2827781 
1392 2827781 
1393 2827782 
1394 2827782 
1395 2827782 
1396 2827782 
1397 2827783 
1398 2827783 
1399 2827783 
1400 2827783 
1401 2827783 
1402 2827784 
1403 2827784 
1404 2827784 
1405 2827784 
1406 2827784 
1407 2827784 
1408 2827785 
1409 2827785 
1410 2827785 
1411 2827785 
1412 2827786 
1413 2827786 
1414 2827786 
1415 2827786 
1416 2827786 
1417 2827786 
1418 2827787 
1419 2827787 
1420 2827787 
1421 2827787 
1422 2827788 
1423 2827788 
1424 2827789 
1425 2827790 
1426 2827790 
1427 2827790 
1428 2827790 
1429 2827791 
1430 2827791 
1431 2827791 
1432 2827791 
1433 2827791 
1434 2827792 
1435 2827792 
1436 2827792 
1437 2827793 
1438 2827793 
1439 2827793 
1440 2827793 
1441 2827794 
1442 2827794 
1443 2827794 
1444 2827794 
1445 2827794 
1446 2827795 
1447 2827795 
1448 2827795 
1449 2827795 
1450 2827795 
1451 2827795 
1452 2827796 
1453 2827796 
1454 2827796 
1455 2827796 
1456 2827796 
1457 2827797 
1458 2827797 
1459 2827798 
1460 2827798 
1461 2827798 
1462 2827799 
1463 2827799 
1464 2827799 
1465 2827800 
1466 2827800 
1467 2827800 
1468 2827800 
1469 2827801 
1470 2827801 
1471 2827801 
1472 2827801 
1473 2827802 
1474 2827802 
1475 2827802 
1476 2827802 
1477 2827802 
1478 2827803 
1479 2827803 
1480 2827803 
1481 2827803 
1482 2827803 
1483 2827803 
1484 2827804 
1485 2827804 
1486 2827804 
1487 2827804 
1488 2827804 
1489 2827804 
1490 2827804 
1491 2827805 
1492 2827805 
1493 2827805 
1494 2827805 
1495 2827805 
1496 2827806 
1497 2827806 
1498 2827806 
1499 2827806 
1500 2827806 
1501 2827807 
1502 2827807 
1503 2827807 
1504 2827807 
1505 2827808 
1506 2827808 
1507 2827808 
1508 2827808 
1509 2827808 
1510 2827809 
1511 2827809 
1512 2827809 
1513 2827809 
1514 2827809 
1515 2827809 
1516 2827810 
1517 2827810 
1518 2827810 
1519 2827810 
1520 2827810 
1521 2827810 
1522 2827811 
1523 2827811 
1524 2827812 
1525 2827812 
1526 2827812 
1527 2827812 
1528 2827812 
1529 2827813 
1530 2827813 
1531 2827813 
1532 2827813 
1533 2827813 
1534 2827813 
1535 2827814 
1536 2827814 
1537 2827814 
1538 2827814 
1539 2827815 
1540 2827815 
1541 2827815 
1542 2827815 
1543 2827815 
1544 2827815 
1545 2827815 
1546 2827816 
1547 2827816 
1548 2827816 
1549 2827816 
1550 2827816 
1551 2827816 
1552 2827817 
1553 2827817 
1554 2827817 
1555 2827818 
1556 2827818 
1557 2827818 
1558 2827819 
1559 2827819 
1560 2827819 
1561 2827819 
1562 2827820 
1563 2827820 
1564 2827820 
1565 2827820 
1566 2827821 
1567 2827821 
1568 2827821 
1569 2827821 
1570 2827821 
1571 2827821 
1572 2827822 
1573 2827822 
1574 2827823 
1575 2827823 
1576 2827823 
1577 2827824 
1578 2827824 
1579 2827825 
1580 2827825 
1581 2827825 
1582 2827826 
1583 2827826 
1584 2827826 
1585 2827826 
1586 2827826 
1587 2827827 
1588 2827828 
1589 2827828 
1590 2827829 
1591 2827829 
1592 2827829 
1593 2827829 
1594 2827829 
1595 2827830 
1596 2827830 
1597 2827830 
1598 2827831 
1599 2827831 
1600 2827831 
1601 2827831 
1602 2827831 
1603 2827831 
1604 2827831 
1605 2827832 
1606 2827832 
1607 2827832 
1608 2827832 
1609 2827832 
1610 2827833 
1611 2827833 
1612 2827833 
1613 2827833 
1614 2827833 
1615 2827833 
1616 2827834 
1617 2827834 
1618 2827834 
1619 2827834 
1620 2827835 
1621 2827835 
1622 2827835 
1623 2827835 
1624 2827835 
1625 2827835 
1626 2827836 
1627 2827836 
1628 2827836 
1629 2827836 
1630 2827837 
1631 2827837 
1632 2827837 
1633 2827837 
1634 2827838 
1635 2827838 
1636 2827838 
1637 2827838 
1638 2827838 
1639 2827839 
1640 2827839 
1641 2827839 
1642 2827839 
1643 2827839 
1644 2827840 
1645 2827840 
1646 2827840 
1647 2827841 
1648 2827841 
1649 2827841 
1650 2827841 
1651 2827842 
1652 2827842 
1653 2827842 
1654 2827842 
1655 2827843 
1656 2827843 
1657 2827844 
1658 2827844 
1659 2827844 
1660 2827844 
1661 2827846 
1662 2827846 
1663 2827847 
1664 2827847 
1665 2827847 
1666 2827847 
1667 2827848 
1668 2827848 
1669 2827848 
1670 2827848 
1671 2827849 
1672 2827850 
1673 2827850 
1674 2827850 
1675 2827851 
1676 2827851 
1677 2827851 
1678 2827851 
1679 2827852 
1680 2827853 
1681 2827853 
1682 2827853 
1683 2827854 
1684 2827854 
1685 2827855 
1686 2827856 
1687 2827856 
1688 2827857 
1689 2827857 
1690 2827858 
1691 2827858 
1692 2827859 
1693 2827860 
1694 2827860 
1695 2827860 
1696 2827860 
1697 2827860 
1698 2827860 
1699 2827861 
1700 2827861 
1701 2827861 
1702 2827861 
1703 2827862 
1704 2827862 
1705 2827862 
1706 2827862 
1707 2827862 
1708 2827863 
1709 2827863 
1710 2827863 
1711 2827863 
1712 2827864 
1713 2827864 
1714 2827864 
1715 2827865 
1716 2827866 
1717 2827866 
1718 2827866 
1719 2827867 
1720 2827867 
1721 2827867 
1722 2827867 
1723 2827870 
1724 2827871 
1725 2827872 
1726 2827872 
1727 2827872 
1728 2827873 
1729 2827873 
1730 2827873 
1731 2827873 
1732 2827874 
1733 2827874 
1734 2827874 
1735 2827875 
1736 2827875 
1737 2827876 
1738 2827876 
1739 2827879 
1740 2827879 
1741 2827880 
1742 2827880 
1743 2827880 
1744 2827881 
1745 2827881 
1746 2827882 
1747 2827882 
1748 2827882 
1749 2827882 
1750 2827883 
1751 2827883 
1752 2827883 
1753 2827884 
1754 2827884 
1755 2827884 
1756 2827885 
1757 2827885 
1758 2827885 
1759 2827885 
1760 2827886 
1761 2827886 
1762 2827887 
1763 2827887 
1764 2827888 
1765 2827888 
1766 2827889 
1767 2827889 
1768 2827890 
1769 2827890 
1770 2827893 
1771 2827893 
1772 2827894 
1773 2827894 
1774 2827894 
1775 2827895 
1776 2827895 
1777 2827895 
1778 2827895 
1779 2827896 
1780 2827896 
1781 2827896 
1782 2827897 
1783 2827898 
1784 2827898 
1785 2827899 
1786 2827900 
1787 2827900 
1788 2827901 
1789 2827901 
1790 2827901 
1791 2827902 
1792 2827902 
1793 2827902 
1794 2827903 
1795 2827903 
1796 2827903 
1797 2827903 
1798 2827903 
1799 2827904 
1800 2827904 
1801 2827904 
1802 2827906 
1803 2827908 
1804 2827909 
1805 2827910 
1806 2827910 
1807 2827911 
1808 2827912 
1809 2827912 
1810 2827913 
1811 2827914 
1812 2827914 
1813 2827916 
1814 2827916 
1815 2827916 
1816 2827916 
1817 2827917 
1818 2827917 
1819 2827918 
1820 2827919 
1821 2827920 
1822 2827921 
1823 2827922 
1824 2827922 
1825 2827924 
1826 2827924 
1827 2827924 
1828 2827925 
1829 2827925 
1830 2827925 
1831 2827926 
1832 2827926 
1833 2827926 
1834 2827926 
1835 2827927 
1836 2827927 
1837 2827928 
1838 2827928 
1839 2827929 
1840 2827930 
1841 2827930 
1842 2827930 
1843 2827931 
1844 2827931 
1845 2827931 
1846 2827932 
1847 2827933 
1848 2827933 
1849 2827933 
1850 2827933 
1851 2827936 
1852 2827937 
1853 2827938 
1854 2827938 
1855 2827939 
1856 2827940 
1857 2827940 
1858 2827942 
1859 2827948 
1860 2827949 
1861 2827950 
1862 2827950 
1863 2827952 
1864 2827952 
1865 2827953 
1866 2827953 
1867 2827954 
1868 2827954 
1869 2827954 
1870 2827955 
1871 2827955 
1872 2827955 
1873 2827956 
1874 2827956 
1875 2827956 
1876 2827956 
1877 2827957 
1878 2827957 
1879 2827957 
1880 2827958 
1881 2827958 
1882 2827958 
1883 2827958 
1884 2827959 
1885 2827959 
1886 2827959 
1887 2827960 
1888 2827960 
1889 2827960 
1890 2827961 
1891 2827963 
1892 2827964 
1893 2827965 
1894 2827966 
1895 2827967 
1896 2827967 
1897 2827968 
1898 2827968 
1899 2827968 
1900 2827968 
1901 2827969 
1902 2827970 
1903 2827970 
1904 2827972 
1905 2827972 
1906 2827973 
1907 2827973 
1908 2827973 
1909 2827973 
1910 2827974 
1911 2827974 
1912 2827975 
1913 2827975 
1914 2827975 
1915 2827975 
1916 2827976 
1917 2827976 
1918 2827976 
1919 2827976 
1920 2827976 
1921 2827977 
1922 2827978 
1923 2827978 
1924 2827980 
1925 2827980 
1926 2827981 
1927 2827981 
1928 2827981 
1929 2827982 
1930 2827982 
1931 2827982 
1932 2827984 
1933 2827985 
1934 2827987 
1935 2827987 
1936 2827992 
1937 2827993 
1938 2827993 
1939 2827994 
1940 2827995 
1941 2827995 
1942 2827995 
1943 2827996 
1944 2827996 
1945 2827996 
1946 2827997 
1947 2827997 
1948 2827997 
1949 2827997 
1950 2827997 
1951 2827998 
1952 2827998 
1953 2827999 
1954 2827999 
1955 2827999 
1956 2827999 
1957 2827999 
1958 2828000 
1959 2828000 
1960 2828000 
1961 2828000 
1962 2828001 
1963 2828001 
1964 2828001 
1965 2828001 
1966 2828001 
1967 2828002 
1968 2828002 
1969 2828002 
1970 2828002 
1971 2828003 
1972 2828003 
1973 2828003 
1974 2828004 
1975 2828004 
1976 2828004 
1977 2828005 
1978 2828005 
1979 2828005 
1980 2828007 
1981 2828007 
1982 2828007 
1983 2828008 
1984 2828008 
1985 2828008 
1986 2828009 
1987 2828009 
1988 2828009 
1989 2828010 
1990 2828010 
1991 2828011 
1992 2828011 
1993 2828011 
1994 2828012 
1995 2828012 
1996 2828012 
1997 2828012 
1998 2828012 
1999 2828012 
2000 2828013 
2001 2828013 
2002 2828015 
2003 2828015 
2004 2828017 
2005 2828017 
2006 2828019 
2007 2828020 
2008 2828020 
2009 2828021 
2010 2828021 
2011 2828021 
2012 2828023 
2013 2828023 
2014 2828023 
2015 2828023 
2016 2828024 
2017 2828024 
2018 2828024 
2019 2828025 
2020 2828025 
2021 2828025 
2022 2828027 
2023 2828027 
2024 2828028 
2025 2828028 
2026 2828028 
2027 2828031 
2028 2828031 
2029 2828031 
2030 2828032 
2031 2828033 
2032 2828033 
2033 2828033 
2034 2828034 
2035 2828034 
2036 2828034 
2037 2828035 
2038 2828035 
2039 2828035 
2040 2828035 
2041 2828035 
2042 2828038 
2043 2828038 
2044 2828038 
2045 2828038 
2046 2828038 
2047 2828039 
2048 2828039 
2049 2828039 
2050 2828040 
2051 2828040 
2052 2828040 
2053 2828040 
2054 2828041 
2055 2828041 
2056 2828041 
2057 2828042 
2058 2828043 
2059 2828049 
2060 2828050 
2061 2828050 
2062 2828052 
2063 2828053 
2064 2828054 
2065 2828054 
2066 2828054 
2067 2828055 
2068 2828055 
2069 2828055 
2070 2828055 
2071 2828056 
2072 2828056 
2073 2828056 
2074 2828056 
2075 2828057 
2076 2828057 
2077 2828057 
2078 2828057 
2079 2828058 
2080 2828058 
2081 2828059 
2082 2828059 
2083 2828059 
2084 2828060 
2085 2828060 
2086 2828060 
2087 2828060 
2088 2828061 
2089 2828061 
2090 2828061 
2091 2828062 
2092 2828062 
2093 2828062 
2094 2828063 
2095 2828064 
2096 2828064 
2097 2828064 
2098 2828064 
2099 2828065 
2100 2828065 
2101 2828066 
2102 2828066 
2103 2828067 
2104 2828067 
2105 2828067 
2106 2828068 
2107 2828068 
2108 2828068 
2109 2828069 
2110 2828069 
2111 2828069 
2112 2828070 
2113 2828071 
2114 2828072 
2115 2828072 
2116 2828073 
2117 2828077 
2118 2828077 
2119 2828078 
2120 2828078 
2121 2828079 
2122 2828080 
2123 2828080 
2124 2828081 
2125 2828082 
2126 2828082 
2127 2828084 
2128 2828084 
2129 2828085 
2130 2828092 
2131 2828092 
2132 2828098 
2133 2828105 
2134 2828107 
2135 2828109 
2136 2828110 
2137 2828111 
2138 2828113 
2139 2828118 
2140 2828118 
2141 2828118 
2142 2828119 
2143 2828128 
2144 2828129 
2145 2828142 
2146 2828142 
2147 2828143 
2148 2828143 
2149 2828143 
2150 2828144 
2151 2828144 
2152 2828145 
2153 2828145 
2154 2828145 
2155 2828146 
2156 2828146 
2157 2828147 
2158 2828147 
2159 2828147 
2160 2828148 
2161 2828148 
2162 2828148 
2163 2828158 
2164 2828165 
2165 2828185 
2166 2828196 
2167 2828196 
2168 2828196 
2169 2828198 
2170 2828201 
2171 2828202 
2172 2828203 
2173 2828208 
2174 2828217 
2175 2828218 
2176 2828221 
2177 2828221 
2178 2828224 
2179 2828227 
2180 2828229 
2181 2828242 
2182 2828243 
2183 2828251 
2184 2828259 
2185 2828259 
2186 2828263 
2187 2828263 
2188 2828264 
2189 2828264 
2190 2828265 
2191 2828265 
2192 2828266 
2193 2828266 
2194 2828267 
2195 2828267 
2196 2828267 
2197 2828267 
2198 2828268 
2199 2828268 
2200 2828269 
2201 2828269 
2202 2828269 
2203 2828270 
2204 2828271 
2205 2828272 
2206 2828272 
2207 2828278 
2208 2828282 
2209 2828282 
2210 2828282 
2211 2828282 
2212 2828283 
2213 2828283 
2214 2828283 
2215 2828289 
2216 2828291 
2217 2828291 
2218 2828295 
2219 2828300 
2220 2828305 
2221 2828305 
2222 2828305 
2223 2828312 
2224 2828313 
2225 2828313 
2226 2828313 
2227 2828314 
2228 2828315 
2229 2828315 
2230 2828326 
2231 2828379 
2232 2828380 
2233 2828380 
2234 2828383 
2235 2828384 
2236 2828384 
2237 2828385 
2238 2828387 
2239 2828387 
2240 2828390 
2241 2828396 
2242 2828400 
2243 2828403 
2244 2828404 
2245 2828404 
2246 2828411 
2247 2828411 
2248 2828411 
2249 2828411 
2250 2828412 
2251 2828414 
2252 2828414 
2253 2828415 
2254 2828415 
2255 2828415 
2256 2828416 
2257 2828416 
2258 2828417 
2259 2828422 
2260 2828422 
2261 2828422 
2262 2828438 
2263 2828439 
2264 2828440 
2265 2828441 
2266 2828448 
2267 2828452 
2268 2828469 
2269 2828469 
2270 2828470 
2271 2828470 
2272 2828472 
2273 2828489 
2274 2828494 
2275 2828502 
2276 2828502 
2277 2828503 
2278 2828504 
2279 2828504 
2280 2828504 
2281 2828530 
2282 2828553 
2283 2828557 
2284 2828557 
2285 2828558 
2286 2828558 
2287 2828559 
2288 2828570 
2289 2828579 
2290 2828620 
2291 2828622 
2292 2828624 
2293 2828625 
2294 2828627 
2295 2828629 
2296 2828629 
2297 2828635 
2298 2828650 
2299 2828652 
2300 2828655 
2301 2828657 
2302 2828667 
2303 2828667 
2304 2828691 
2305 2828692 
2306 2828693 
2307 2828694 
2308 2828697 
2309 2828715 
2310 2828716 
2311 2828719 
2312 2828721 
2313 2828722 
2314 2828746 
2315 2828747 
2316 2828750 
2317 2828760 
2318 2828763 
2319 2828765 
2320 2828773 
2321 2828778 
2322 2828789 
2323 2828789 
2324 2828789 
2325 2828791 
2326 2828792 
2327 2828792 
2328 2828802 
2329 2828804 
2330 2828808 
2331 2828811 
2332 2828862 
2333 2828865 
2334 2828866 
2335 2828868 
2336 2828879 
2337 2828882 
2338 2828882 
2339 2828883 
2340 2828884 
2341 2828884 
2342 2828885 
2343 2828885 
2344 2828887 
2345 2828896 
2346 2828897 
2347 2828921 
2348 2828927 
2349 2828928 
2350 2828928 
2351 2828928 
2352 2828929 
2353 2828936 
2354 2828952 
2355 2828971 
2356 2828975 
2357 2828978 
2358 2828978 
2359 2828979 
2360 2828979 
2361 2828979 
2362 2828980 
2363 2828980 
2364 2828980 
2365 2828984 
2366 2828989 
2367 2829015 
2368 2829019 
2369 2829020 
2370 2829020 
2371 2829020 
2372 2829022 
2373 2829025 
2374 2829025 
2375 2829046 
2376 2829054 
2377 2829054 
2378 2829054 
2379 2829067 
2380 2829068 
2381 2829068 
2382 2829069 
2383 2829069 
2384 2829069 
2385 2829070 
2386 2829070 
2387 2829070 
2388 2829071 
2389 2829071 
2390 2829071 
2391 2829071 
2392 2829072 
2393 2829072 
2394 2829074 
2395 2829075 
2396 2829076 
2397 2829076 
2398 2829076 
2399 2829077 
2400 2829077 
2401 2829077 
2402 2829078 
2403 2829078 
2404 2829078 
2405 2829079 
2406 2829080 
2407 2829087 
2408 2829088 
2409 2829088 
2410 2829090 
2411 2829091 
2412 2829092 
2413 2829092 
2414 2829092 
2415 2829093 
2416 2829093 
2417 2829093 
2418 2829094 
2419 2829094 
2420 2829094 
2421 2829095 
2422 2829095 
2423 2829097 
2424 2829106 
2425 2829107 
2426 2829108 
2427 2829108 
2428 2829108 
2429 2829109 
2430 2829110 
2431 2829110 
2432 2829111 
2433 2829111 
2434 2829121 
2435 2829125 
2436 2829130 
2437 2829130 
2438 2829131 
2439 2829131 
2440 2829132 
2441 2829132 
2442 2829132 
2443 2829133 
2444 2829133 
2445 2829134 
2446 2829135 
2447 2829135 
2448 2829143 
2449 2829143 
2450 2829144 
2451 2829144 
2452 2829144 
2453 2829147 
2454 2829148 
2455 2829148 
2456 2829148 
2457 2829149 
2458 2829149 
2459 2829149 
2460 2829150 
2461 2829150 
2462 2829151 
2463 2829151 
2464 2829151 
2465 2829152 
2466 2829153 
2467 2829153 
2468 2829154 
2469 2829154 
2470 2829154 
2471 2829155 
2472 2829156 
2473 2829156 
2474 2829162 
2475 2829162 
2476 2829162 
2477 2829163 
2478 2829163 
2479 2829163 
2480 2829163 
2481 2829164 
2482 2829164 
2483 2829164 
2484 2829165 
2485 2829165 
2486 2829165 
2487 2829166 
2488 2829174 
2489 2829174 
2490 2829175 
2491 2829178 
2492 2829179 
2493 2829179 
2494 2829180 
2495 2829180 
2496 2829181 
2497 2829185 
2498 2829186 
2499 2829186 
2500 2829187 
2501 2829188 
2502 2829198 
2503 2829198 
2504 2829199 
2505 2829199 
2506 2829206 
2507 2829206 
2508 2829207 
2509 2829208 
2510 2829209 
2511 2829210 
2512 2829211 
2513 2829212 
2514 2829212 
2515 2829212 
2516 2829218 
2517 2829218 
2518 2829218 
2519 2829219 
2520 2829219 
2521 2829219 
2522 2829220 
2523 2829220 
2524 2829220 
2525 2829223 
2526 2829226 
2527 2829226 
2528 2829227 
2529 2829228 
2530 2829228 
2531 2829228 
2532 2829229 
2533 2829229 
2534 2829240 
2535 2829259 
2536 2829260 
2537 2829260 
2538 2829260 
2539 2829261 
2540 2829261 
2541 2829261 
2542 2829262 
2543 2829262 
2544 2829262 
2545 2829265 
2546 2829268 
2547 2829269 
2548 2829269 
2549 2829269 
2550 2829269 
2551 2829270 
2552 2829272 
2553 2829276 
2554 2829277 
2555 2829277 
2556 2829278 
2557 2829278 
2558 2829278 
2559 2829279 
2560 2829280 
2561 2829280 
2562 2829280 
2563 2829285 
2564 2829285 
2565 2829296 
2566 2829296 
2567 2829301 
2568 2829301 
2569 2829302 
2570 2829303 
2571 2829303 
2572 2829304 
2573 2829308 
2574 2829312 
2575 2829314 
2576 2829314 
2577 2829314 
2578 2829322 
2579 2829324 
2580 2829326 
2581 2829328 
2582 2829329 
2583 2829331 
2584 2829334 
2585 2829337 
2586 2829337 
2587 2829343 
2588 2829350 
2589 2829353 
2590 2829353 
2591 2829354 
2592 2829381 
2593 2829381 
2594 2829381 
2595 2829381 
2596 2829382 
2597 2829382 
2598 2829384 
2599 2829386 
2600 2829386 
2601 2829387 
2602 2829394 
2603 2829400 
2604 2829400 
2605 2829415 
2606 2829417 
2607 2829420 
2608 2829423 
2609 2829428 
2610 2829442 
2611 2829443 
2612 2829453 
2613 2829453 
2614 2829463 
2615 2829468 
2616 2829471 
2617 2829471 
2618 2829472 
2619 2829472 
2620 2829472 
2621 2829473 
2622 2829473 
2623 2829473 
2624 2829474 
2625 2829475 
2626 2829476 
2627 2829476 
2628 2829484 
2629 2829485 
2630 2829485 
2631 2829486 
2632 2829488 
2633 2829490 
2634 2829491 
2635 2829491 
2636 2829492 
2637 2829495 
2638 2829495 
2639 2829497 
2640 2829497 
2641 2829497 
2642 2829498 
2643 2829498 
2644 2829501 
2645 2829509 
2646 2829509 
2647 2829510 
2648 2829511 
2649 2829511 
2650 2829512 
2651 2829514 
2652 2829525 
2653 2829531 
2654 2829531 
2655 2829531 
2656 2829545 
2657 2829546 
2658 2829553 
2659 2829554 
2660 2829554 
2661 2829555 
2662 2829555 
2663 2829556 
2664 2829556 
2665 2829556 
2666 2829557 
2667 2829557 
2668 2829557 
2669 2829558 
2670 2829558 
2671 2829558 
2672 2829559 
2673 2829559 
2674 2829559 
2675 2829560 
2676 2829561 
2677 2829563 
2678 2829564 
2679 2829564 
2680 2829570 
2681 2829574 
2682 2829576 
2683 2829585 
2684 2829585 
2685 2829586 
2686 2829588 
2687 2829590 
2688 2829590 
