1 2865605 
2 2865605 
3 2865605 
4 2865605 
5 2865606 
6 2865606 
7 2865607 
8 2865607 
9 2865611 
10 2865611 
11 2865611 
12 2865612 
13 2865612 
14 2865612 
15 2865613 
16 2865613 
17 2865613 
18 2865613 
19 2865623 
20 2865640 
21 2865640 
22 2865644 
23 2865646 
24 2865650 
25 2865655 
26 2865655 
27 2865665 
28 2865665 
29 2865667 
30 2865669 
31 2865671 
32 2865673 
33 2865676 
34 2865685 
35 2865686 
36 2865687 
37 2865690 
38 2865691 
39 2865695 
40 2865702 
41 2865702 
42 2865703 
43 2865703 
44 2865703 
45 2865704 
46 2865704 
47 2865704 
48 2865706 
49 2865706 
50 2865707 
51 2865707 
52 2865707 
53 2865708 
54 2865708 
55 2865708 
56 2865708 
57 2865709 
58 2865709 
59 2865710 
60 2865710 
61 2865710 
62 2865714 
63 2865724 
64 2865748 
65 2865757 
66 2865757 
67 2865760 
68 2865760 
69 2865761 
70 2865761 
71 2865762 
72 2865762 
73 2865763 
74 2865763 
75 2865763 
76 2865764 
77 2865764 
78 2865764 
79 2865765 
80 2865765 
81 2865766 
82 2865770 
83 2865770 
84 2865775 
85 2865776 
86 2865776 
87 2865776 
88 2865777 
89 2865777 
90 2865801 
91 2865802 
92 2865802 
93 2865802 
94 2865802 
95 2865803 
96 2865804 
97 2865810 
98 2865819 
99 2865819 
100 2865824 
101 2865828 
102 2865847 
103 2865864 
104 2865866 
105 2865866 
106 2865866 
107 2865867 
108 2865867 
109 2865868 
110 2865870 
111 2865872 
112 2865872 
113 2865872 
114 2865872 
115 2865874 
116 2865874 
117 2865875 
118 2865875 
119 2865876 
120 2865876 
121 2865877 
122 2865877 
123 2865878 
124 2865879 
125 2865879 
126 2865879 
127 2865880 
128 2865880 
129 2865880 
130 2865881 
131 2865882 
132 2865882 
133 2865882 
134 2865882 
135 2865882 
136 2865883 
137 2865883 
138 2865884 
139 2865889 
140 2865889 
141 2865890 
142 2865890 
143 2865890 
144 2865891 
145 2865891 
146 2865891 
147 2865892 
148 2865893 
149 2865894 
150 2865894 
151 2865896 
152 2865896 
153 2865904 
154 2865904 
155 2865907 
156 2865907 
157 2865909 
158 2865910 
159 2865910 
160 2865911 
161 2865914 
162 2865927 
163 2865929 
164 2865931 
165 2865931 
166 2865948 
167 2865960 
168 2865962 
169 2865969 
170 2865973 
171 2865974 
172 2865975 
173 2865975 
174 2865977 
175 2865979 
176 2865982 
177 2865983 
178 2865983 
179 2865985 
180 2865986 
181 2865986 
182 2865986 
183 2865987 
184 2865988 
185 2865988 
186 2865989 
187 2865990 
188 2865990 
189 2865990 
190 2865991 
191 2865991 
192 2865991 
193 2865992 
194 2865995 
195 2865996 
196 2865999 
197 2865999 
198 2866004 
199 2866006 
200 2866010 
201 2866010 
202 2866025 
203 2866028 
204 2866029 
205 2866029 
206 2866030 
207 2866034 
208 2866035 
209 2866041 
210 2866042 
211 2866056 
212 2866056 
213 2866056 
214 2866056 
215 2866057 
216 2866057 
217 2866117 
218 2866131 
219 2866131 
220 2866133 
221 2866163 
222 2866168 
223 2866169 
224 2866178 
225 2866179 
226 2866186 
227 2866193 
228 2866194 
229 2866195 
230 2866201 
231 2866201 
232 2866202 
233 2866211 
234 2866211 
235 2866229 
236 2866236 
237 2866241 
238 2866241 
239 2866250 
240 2866251 
241 2866256 
242 2866258 
243 2866258 
244 2866262 
245 2866266 
246 2866270 
247 2866273 
248 2866273 
249 2866274 
250 2866285 
251 2866286 
252 2866286 
253 2866292 
254 2866294 
255 2866299 
256 2866301 
257 2866302 
258 2866303 
259 2866304 
260 2866304 
261 2866304 
262 2866304 
263 2866305 
264 2866305 
265 2866308 
266 2866308 
267 2866309 
268 2866309 
269 2866310 
270 2866310 
271 2866313 
272 2866313 
273 2866314 
274 2866318 
275 2866330 
276 2866331 
277 2866334 
278 2866335 
279 2866336 
280 2866337 
281 2866337 
282 2866338 
283 2866339 
284 2866339 
285 2866346 
286 2866347 
287 2866357 
288 2866357 
289 2866357 
290 2866358 
291 2866358 
292 2866358 
293 2866359 
294 2866359 
295 2866371 
296 2866378 
297 2866378 
298 2866382 
299 2866395 
300 2866398 
301 2866400 
302 2866402 
303 2866404 
304 2866406 
305 2866414 
306 2866415 
307 2866434 
308 2866435 
309 2866435 
310 2866436 
311 2866436 
312 2866436 
313 2866437 
314 2866437 
315 2866438 
316 2866438 
317 2866438 
318 2866460 
319 2866460 
320 2866460 
321 2866461 
322 2866476 
323 2866476 
324 2866476 
325 2866482 
326 2866483 
327 2866485 
328 2866487 
329 2866488 
330 2866488 
331 2866496 
332 2866497 
333 2866498 
334 2866498 
335 2866498 
336 2866498 
337 2866499 
338 2866501 
339 2866506 
340 2866506 
341 2866506 
342 2866506 
343 2866509 
344 2866510 
345 2866511 
346 2866511 
347 2866511 
348 2866512 
349 2866512 
350 2866512 
351 2866512 
352 2866513 
353 2866513 
354 2866513 
355 2866514 
356 2866514 
357 2866514 
358 2866515 
359 2866515 
360 2866515 
361 2866516 
362 2866516 
363 2866517 
364 2866517 
365 2866517 
366 2866518 
367 2866518 
368 2866518 
369 2866519 
370 2866519 
371 2866519 
372 2866520 
373 2866520 
374 2866520 
375 2866521 
376 2866521 
377 2866521 
378 2866522 
379 2866522 
380 2866522 
381 2866523 
382 2866523 
383 2866523 
384 2866524 
385 2866524 
386 2866525 
387 2866525 
388 2866525 
389 2866525 
390 2866526 
391 2866526 
392 2866527 
393 2866534 
394 2866534 
395 2866534 
396 2866534 
397 2866535 
398 2866535 
399 2866535 
400 2866535 
401 2866536 
402 2866536 
403 2866536 
404 2866536 
405 2866537 
406 2866537 
407 2866537 
408 2866543 
409 2866555 
410 2866555 
411 2866555 
412 2866562 
413 2866563 
414 2866564 
415 2866572 
416 2866573 
417 2866573 
418 2866576 
419 2866579 
420 2866581 
421 2866585 
422 2866586 
423 2866586 
424 2866587 
425 2866587 
426 2866587 
427 2866588 
428 2866588 
429 2866591 
430 2866607 
431 2866607 
432 2866611 
433 2866616 
434 2866616 
435 2866617 
436 2866617 
437 2866617 
438 2866618 
439 2866618 
440 2866618 
441 2866619 
442 2866619 
443 2866619 
444 2866619 
445 2866620 
446 2866620 
447 2866620 
448 2866621 
449 2866621 
450 2866639 
451 2866639 
452 2866640 
453 2866641 
454 2866652 
455 2866652 
456 2866653 
457 2866653 
458 2866653 
459 2866654 
460 2866654 
461 2866663 
462 2866664 
463 2866664 
464 2866665 
465 2866666 
466 2866667 
467 2866667 
468 2866668 
469 2866669 
470 2866670 
471 2866670 
472 2866678 
473 2866690 
474 2866694 
475 2866696 
476 2866700 
477 2866701 
478 2866701 
479 2866701 
480 2866702 
481 2866710 
482 2866710 
483 2866710 
484 2866735 
485 2866736 
486 2866738 
487 2866739 
488 2866739 
489 2866746 
490 2866747 
491 2866761 
492 2866761 
493 2866761 
494 2866761 
495 2866762 
496 2866762 
497 2866765 
498 2866766 
499 2866771 
500 2866772 
501 2866784 
502 2866784 
503 2866785 
504 2866785 
505 2866785 
506 2866786 
507 2866786 
508 2866786 
509 2866787 
510 2866792 
511 2866793 
512 2866809 
513 2866810 
514 2866824 
515 2866825 
516 2866825 
517 2866825 
518 2866826 
519 2866830 
520 2866840 
521 2866845 
522 2866849 
523 2866850 
524 2866852 
525 2866855 
526 2866856 
527 2866858 
528 2866859 
529 2866860 
530 2866861 
531 2866861 
532 2866861 
533 2866863 
534 2866866 
535 2866870 
536 2866871 
537 2866876 
538 2866879 
539 2866880 
540 2866880 
541 2866881 
542 2866884 
543 2866895 
544 2866895 
545 2866899 
546 2866921 
547 2866922 
548 2866939 
549 2866940 
550 2866941 
551 2866954 
552 2866954 
553 2866954 
554 2866955 
555 2866956 
556 2866956 
557 2866956 
558 2866956 
559 2866957 
560 2866957 
561 2866957 
562 2866959 
563 2866960 
564 2866960 
565 2866961 
566 2866961 
567 2866961 
568 2866961 
569 2866964 
570 2866966 
571 2866966 
572 2866966 
573 2866967 
574 2866976 
575 2866976 
576 2866976 
577 2866976 
578 2866977 
579 2866977 
580 2866979 
581 2866979 
582 2866979 
583 2866980 
584 2866980 
585 2866980 
586 2866980 
587 2866981 
588 2866981 
589 2866982 
590 2866982 
591 2866982 
592 2866983 
593 2866983 
594 2866983 
595 2866984 
596 2866984 
597 2866984 
598 2866985 
599 2866985 
600 2866985 
601 2866986 
602 2866986 
603 2866986 
604 2866987 
605 2866987 
606 2866987 
607 2866988 
608 2866988 
609 2866997 
610 2867008 
611 2867008 
612 2867014 
613 2867019 
614 2867020 
615 2867020 
616 2867020 
617 2867021 
618 2867021 
619 2867021 
620 2867022 
621 2867025 
622 2867025 
623 2867027 
624 2867028 
625 2867034 
626 2867036 
627 2867041 
628 2867041 
629 2867042 
630 2867048 
631 2867050 
632 2867054 
633 2867056 
634 2867061 
635 2867062 
636 2867062 
637 2867062 
638 2867068 
639 2867069 
640 2867069 
641 2867069 
642 2867075 
643 2867076 
644 2867080 
645 2867089 
646 2867093 
647 2867095 
648 2867096 
649 2867097 
650 2867098 
651 2867098 
652 2867099 
653 2867099 
654 2867099 
655 2867109 
656 2867109 
657 2867110 
658 2867121 
659 2867124 
660 2867124 
661 2867124 
662 2867124 
663 2867125 
664 2867126 
665 2867137 
666 2867138 
667 2867138 
668 2867139 
669 2867142 
670 2867163 
671 2867163 
672 2867166 
673 2867167 
674 2867167 
675 2867167 
676 2867168 
677 2867168 
678 2867168 
679 2867170 
680 2867170 
681 2867171 
682 2867171 
683 2867178 
684 2867178 
685 2867178 
686 2867179 
687 2867188 
688 2867188 
689 2867189 
690 2867190 
691 2867192 
692 2867192 
693 2867195 
694 2867200 
695 2867204 
696 2867206 
697 2867208 
698 2867211 
699 2867212 
700 2867212 
701 2867213 
702 2867216 
703 2867216 
704 2867217 
705 2867220 
706 2867220 
707 2867221 
708 2867221 
709 2867222 
710 2867222 
711 2867222 
712 2867223 
713 2867223 
714 2867223 
715 2867223 
716 2867223 
717 2867224 
718 2867224 
719 2867224 
720 2867224 
721 2867225 
722 2867225 
723 2867225 
724 2867231 
725 2867231 
726 2867232 
727 2867234 
728 2867234 
729 2867242 
730 2867246 
731 2867248 
732 2867248 
733 2867251 
734 2867251 
735 2867252 
736 2867252 
737 2867252 
738 2867253 
739 2867253 
740 2867257 
741 2867261 
742 2867263 
743 2867268 
744 2867268 
745 2867268 
746 2867268 
747 2867275 
748 2867275 
749 2867276 
750 2867285 
751 2867285 
752 2867285 
753 2867295 
754 2867296 
755 2867304 
756 2867304 
757 2867305 
758 2867305 
759 2867307 
760 2867309 
761 2867310 
762 2867311 
763 2867312 
764 2867313 
765 2867314 
766 2867314 
767 2867314 
768 2867315 
769 2867315 
770 2867317 
771 2867318 
772 2867319 
773 2867320 
774 2867321 
775 2867322 
776 2867323 
777 2867324 
778 2867325 
779 2867326 
780 2867327 
781 2867333 
782 2867340 
783 2867359 
784 2867360 
785 2867360 
786 2867360 
787 2867361 
788 2867368 
789 2867371 
790 2867372 
791 2867372 
792 2867377 
793 2867377 
794 2867378 
795 2867378 
796 2867378 
797 2867379 
798 2867381 
799 2867381 
800 2867382 
801 2867382 
802 2867382 
803 2867383 
804 2867383 
805 2867384 
806 2867384 
807 2867384 
808 2867385 
809 2867385 
810 2867385 
811 2867386 
812 2867398 
813 2867411 
814 2867421 
815 2867427 
816 2867430 
817 2867447 
818 2867452 
819 2867453 
820 2867465 
821 2867467 
822 2867469 
823 2867470 
824 2867471 
825 2867474 
826 2867476 
827 2867476 
828 2867479 
829 2867479 
830 2867484 
831 2867491 
832 2867491 
833 2867491 
834 2867498 
835 2867499 
836 2867504 
837 2867509 
838 2867509 
839 2867515 
840 2867518 
841 2867518 
842 2867523 
843 2867525 
844 2867526 
845 2867526 
846 2867536 
847 2867537 
848 2867551 
849 2867556 
850 2867560 
851 2867561 
852 2867562 
853 2867563 
854 2867565 
855 2867575 
856 2867578 
857 2867582 
858 2867588 
859 2867591 
860 2867592 
861 2867599 
862 2867599 
863 2867600 
864 2867600 
865 2867605 
866 2867613 
867 2867614 
868 2867614 
869 2867614 
870 2867615 
871 2867615 
872 2867615 
873 2867616 
874 2867616 
875 2867616 
876 2867617 
877 2867617 
878 2867618 
879 2867618 
880 2867619 
881 2867619 
882 2867619 
883 2867620 
884 2867620 
885 2867620 
886 2867621 
887 2867622 
888 2867624 
889 2867624 
890 2867625 
891 2867627 
892 2867628 
893 2867629 
894 2867631 
895 2867637 
896 2867641 
897 2867647 
898 2867647 
899 2867648 
900 2867652 
901 2867652 
902 2867653 
903 2867653 
904 2867657 
905 2867658 
906 2867658 
907 2867659 
908 2867661 
909 2867662 
910 2867665 
911 2867665 
912 2867665 
913 2867666 
914 2867666 
915 2867666 
916 2867667 
917 2867667 
918 2867667 
919 2867667 
920 2867668 
921 2867668 
922 2867668 
923 2867668 
924 2867669 
925 2867669 
926 2867669 
927 2867670 
928 2867670 
929 2867670 
930 2867671 
931 2867671 
932 2867671 
933 2867672 
934 2867672 
935 2867673 
936 2867677 
937 2867678 
938 2867678 
939 2867678 
940 2867679 
941 2867679 
942 2867680 
943 2867680 
944 2867681 
945 2867682 
946 2867683 
947 2867683 
948 2867684 
949 2867685 
950 2867686 
951 2867689 
952 2867689 
953 2867689 
954 2867690 
955 2867690 
956 2867691 
957 2867692 
958 2867692 
959 2867693 
960 2867693 
961 2867694 
962 2867695 
963 2867697 
964 2867697 
965 2867701 
966 2867701 
967 2867703 
968 2867703 
969 2867704 
970 2867704 
971 2867705 
972 2867705 
973 2867708 
974 2867710 
975 2867712 
976 2867712 
977 2867712 
978 2867713 
979 2867713 
980 2867715 
981 2867716 
982 2867716 
983 2867716 
984 2867717 
985 2867717 
986 2867718 
987 2867718 
988 2867718 
989 2867719 
990 2867719 
991 2867720 
992 2867724 
993 2867724 
994 2867729 
995 2867730 
996 2867730 
997 2867730 
998 2867731 
999 2867731 
1000 2867731 
1001 2867738 
1002 2867740 
1003 2867741 
1004 2867741 
1005 2867743 
1006 2867744 
1007 2867744 
1008 2867745 
1009 2867745 
1010 2867749 
1011 2867754 
1012 2867756 
1013 2867756 
1014 2867757 
1015 2867757 
1016 2867757 
1017 2867759 
1018 2867759 
1019 2867759 
1020 2867760 
1021 2867760 
1022 2867760 
1023 2867761 
1024 2867761 
1025 2867761 
1026 2867762 
1027 2867762 
1028 2867762 
1029 2867763 
1030 2867764 
1031 2867767 
1032 2867767 
1033 2867768 
1034 2867768 
1035 2867768 
1036 2867769 
1037 2867769 
1038 2867769 
1039 2867770 
1040 2867770 
1041 2867770 
1042 2867771 
1043 2867771 
1044 2867771 
1045 2867772 
1046 2867772 
1047 2867773 
1048 2867773 
1049 2867773 
1050 2867774 
1051 2867776 
1052 2867776 
1053 2867776 
1054 2867776 
1055 2867777 
1056 2867777 
1057 2867778 
1058 2867778 
1059 2867778 
1060 2867779 
1061 2867779 
1062 2867780 
1063 2867780 
1064 2867783 
1065 2867784 
1066 2867785 
1067 2867785 
1068 2867786 
1069 2867788 
1070 2867788 
1071 2867789 
1072 2867789 
1073 2867790 
1074 2867791 
1075 2867791 
1076 2867791 
1077 2867792 
1078 2867792 
1079 2867792 
1080 2867793 
1081 2867793 
1082 2867793 
1083 2867793 
1084 2867795 
1085 2867795 
1086 2867796 
1087 2867805 
1088 2867806 
1089 2867815 
1090 2867815 
1091 2867817 
1092 2867818 
1093 2867820 
1094 2867823 
1095 2867825 
1096 2867825 
1097 2867825 
1098 2867829 
1099 2867830 
1100 2867830 
1101 2867831 
1102 2867833 
1103 2867835 
1104 2867836 
1105 2867837 
1106 2867838 
1107 2867838 
1108 2867842 
1109 2867844 
1110 2867844 
1111 2867845 
1112 2867845 
1113 2867846 
1114 2867846 
1115 2867846 
1116 2867851 
1117 2867852 
1118 2867871 
1119 2867872 
1120 2867872 
1121 2867874 
1122 2867877 
1123 2867877 
1124 2867878 
1125 2867881 
1126 2867881 
1127 2867882 
1128 2867884 
1129 2867890 
1130 2867890 
1131 2867892 
1132 2867893 
1133 2867900 
1134 2867900 
1135 2867900 
1136 2867901 
1137 2867903 
1138 2867904 
1139 2867905 
1140 2867909 
1141 2867918 
1142 2867918 
1143 2867918 
1144 2867919 
1145 2867919 
1146 2867919 
1147 2867924 
1148 2867925 
1149 2867925 
1150 2867925 
1151 2867925 
1152 2867926 
1153 2867926 
1154 2867926 
1155 2867927 
1156 2867927 
1157 2867929 
1158 2867931 
1159 2867932 
1160 2867933 
1161 2867933 
1162 2867933 
1163 2867934 
1164 2867937 
1165 2867937 
1166 2867937 
1167 2867938 
1168 2867940 
1169 2867940 
1170 2867940 
1171 2867944 
1172 2867944 
1173 2867952 
1174 2867956 
1175 2867956 
1176 2867957 
1177 2867957 
1178 2867957 
1179 2867958 
1180 2867958 
1181 2867959 
1182 2867960 
1183 2867961 
1184 2867966 
1185 2867966 
1186 2867967 
1187 2867967 
1188 2867967 
1189 2867967 
1190 2867970 
1191 2867971 
1192 2867972 
1193 2867974 
1194 2867975 
1195 2867979 
1196 2867980 
1197 2867983 
1198 2867983 
1199 2867984 
1200 2867984 
1201 2867984 
1202 2867990 
1203 2867992 
1204 2867993 
1205 2867993 
1206 2867995 
1207 2867996 
1208 2867996 
1209 2867996 
1210 2867997 
1211 2867997 
1212 2867998 
1213 2867999 
1214 2868004 
1215 2868005 
1216 2868005 
1217 2868006 
1218 2868010 
1219 2868011 
1220 2868011 
1221 2868012 
1222 2868012 
1223 2868021 
1224 2868022 
1225 2868025 
1226 2868026 
1227 2868026 
1228 2868027 
1229 2868028 
1230 2868036 
1231 2868036 
1232 2868036 
1233 2868037 
1234 2868037 
1235 2868038 
1236 2868038 
1237 2868038 
1238 2868039 
1239 2868040 
1240 2868041 
1241 2868042 
1242 2868042 
1243 2868043 
1244 2868043 
1245 2868049 
1246 2868054 
1247 2868054 
1248 2868054 
1249 2868055 
1250 2868058 
1251 2868058 
1252 2868058 
1253 2868059 
1254 2868059 
1255 2868059 
1256 2868060 
1257 2868064 
1258 2868066 
1259 2868067 
1260 2868068 
1261 2868068 
1262 2868069 
1263 2868069 
1264 2868069 
1265 2868070 
1266 2868070 
1267 2868070 
1268 2868071 
1269 2868071 
1270 2868071 
1271 2868071 
1272 2868072 
1273 2868072 
1274 2868072 
1275 2868073 
1276 2868073 
1277 2868073 
1278 2868074 
1279 2868074 
1280 2868074 
1281 2868075 
1282 2868075 
1283 2868075 
1284 2868076 
1285 2868076 
1286 2868076 
1287 2868076 
1288 2868077 
1289 2868077 
1290 2868077 
1291 2868077 
1292 2868078 
1293 2868079 
1294 2868079 
1295 2868079 
1296 2868079 
1297 2868080 
1298 2868080 
1299 2868080 
1300 2868080 
1301 2868081 
1302 2868081 
1303 2868081 
1304 2868082 
1305 2868084 
1306 2868084 
1307 2868085 
1308 2868085 
1309 2868086 
1310 2868087 
1311 2868088 
1312 2868088 
1313 2868088 
1314 2868089 
1315 2868089 
1316 2868099 
1317 2868100 
1318 2868110 
1319 2868112 
1320 2868114 
1321 2868114 
1322 2868116 
1323 2868117 
1324 2868117 
1325 2868119 
1326 2868122 
1327 2868125 
1328 2868126 
1329 2868126 
1330 2868127 
1331 2868127 
1332 2868127 
1333 2868129 
1334 2868129 
1335 2868129 
1336 2868135 
1337 2868136 
1338 2868140 
1339 2868140 
1340 2868141 
1341 2868141 
1342 2868146 
1343 2868146 
1344 2868147 
1345 2868147 
1346 2868147 
1347 2868148 
1348 2868148 
1349 2868148 
1350 2868149 
1351 2868149 
1352 2868149 
1353 2868150 
1354 2868150 
1355 2868151 
1356 2868151 
1357 2868151 
1358 2868152 
1359 2868152 
1360 2868152 
1361 2868152 
1362 2868152 
1363 2868153 
1364 2868153 
1365 2868153 
1366 2868153 
1367 2868154 
1368 2868154 
1369 2868169 
1370 2868169 
1371 2868172 
1372 2868172 
1373 2868174 
1374 2868175 
1375 2868175 
1376 2868175 
1377 2868176 
1378 2868176 
1379 2868176 
1380 2868177 
1381 2868179 
1382 2868179 
1383 2868180 
1384 2868181 
1385 2868182 
1386 2868182 
1387 2868183 
1388 2868183 
1389 2868183 
1390 2868184 
1391 2868184 
1392 2868194 
1393 2868205 
1394 2868205 
1395 2868206 
1396 2868210 
1397 2868211 
1398 2868212 
1399 2868213 
1400 2868213 
1401 2868214 
1402 2868214 
1403 2868214 
1404 2868219 
1405 2868220 
1406 2868220 
1407 2868220 
1408 2868220 
1409 2868221 
1410 2868222 
1411 2868224 
1412 2868224 
1413 2868224 
1414 2868225 
1415 2868226 
1416 2868227 
1417 2868229 
1418 2868229 
1419 2868231 
1420 2868232 
1421 2868234 
1422 2868235 
1423 2868237 
1424 2868238 
1425 2868238 
1426 2868239 
1427 2868239 
1428 2868239 
1429 2868241 
1430 2868243 
1431 2868245 
1432 2868247 
1433 2868248 
1434 2868253 
1435 2868258 
1436 2868263 
1437 2868299 
1438 2868300 
1439 2868314 
1440 2868317 
1441 2868319 
1442 2868322 
1443 2868333 
1444 2868336 
1445 2868337 
1446 2868337 
1447 2868338 
1448 2868338 
1449 2868343 
1450 2868343 
1451 2868344 
1452 2868345 
1453 2868345 
1454 2868352 
1455 2868352 
1456 2868352 
1457 2868353 
1458 2868354 
1459 2868358 
1460 2868360 
1461 2868362 
1462 2868362 
1463 2868364 
1464 2868365 
1465 2868366 
1466 2868367 
1467 2868369 
1468 2868373 
1469 2868376 
1470 2868377 
1471 2868379 
1472 2868379 
1473 2868382 
1474 2868388 
1475 2868388 
1476 2868390 
1477 2868393 
1478 2868393 
1479 2868403 
1480 2868404 
1481 2868406 
1482 2868411 
1483 2868416 
1484 2868416 
1485 2868417 
1486 2868420 
1487 2868422 
1488 2868425 
1489 2868425 
1490 2868430 
1491 2868432 
1492 2868432 
1493 2868433 
1494 2868433 
1495 2868433 
1496 2868434 
1497 2868434 
1498 2868434 
1499 2868435 
1500 2868435 
1501 2868436 
1502 2868438 
1503 2868438 
1504 2868439 
1505 2868439 
1506 2868439 
1507 2868439 
1508 2868440 
1509 2868440 
1510 2868440 
1511 2868441 
1512 2868441 
1513 2868450 
1514 2868450 
1515 2868450 
1516 2868451 
1517 2868454 
1518 2868461 
1519 2868462 
1520 2868462 
1521 2868462 
1522 2868464 
1523 2868466 
1524 2868471 
1525 2868474 
1526 2868478 
1527 2868480 
1528 2868481 
1529 2868483 
1530 2868485 
1531 2868487 
1532 2868488 
1533 2868490 
1534 2868494 
1535 2868498 
1536 2868498 
1537 2868499 
1538 2868503 
1539 2868505 
1540 2868505 
1541 2868507 
1542 2868512 
1543 2868515 
1544 2868515 
1545 2868530 
1546 2868531 
1547 2868545 
1548 2868557 
1549 2868558 
1550 2868558 
1551 2868558 
1552 2868559 
1553 2868559 
1554 2868565 
1555 2868566 
1556 2868569 
1557 2868577 
1558 2868577 
1559 2868577 
1560 2868578 
1561 2868582 
1562 2868584 
1563 2868585 
1564 2868587 
1565 2868588 
1566 2868589 
1567 2868591 
1568 2868602 
1569 2868612 
1570 2868616 
1571 2868616 
1572 2868616 
1573 2868617 
1574 2868617 
1575 2868617 
1576 2868617 
1577 2868618 
1578 2868618 
1579 2868618 
1580 2868619 
1581 2868619 
1582 2868619 
1583 2868620 
1584 2868620 
1585 2868621 
1586 2868621 
1587 2868621 
1588 2868622 
1589 2868622 
1590 2868622 
1591 2868623 
1592 2868623 
1593 2868623 
1594 2868624 
1595 2868626 
1596 2868626 
1597 2868627 
1598 2868627 
1599 2868627 
1600 2868628 
1601 2868628 
1602 2868628 
1603 2868629 
1604 2868629 
1605 2868629 
1606 2868630 
1607 2868630 
1608 2868630 
1609 2868631 
1610 2868631 
1611 2868631 
1612 2868631 
1613 2868632 
1614 2868632 
1615 2868633 
1616 2868633 
1617 2868663 
1618 2868671 
1619 2868676 
1620 2868676 
1621 2868677 
1622 2868685 
1623 2868694 
1624 2868694 
1625 2868695 
1626 2868695 
1627 2868695 
1628 2868696 
1629 2868696 
1630 2868696 
1631 2868696 
1632 2868697 
1633 2868697 
1634 2868698 
1635 2868698 
1636 2868698 
1637 2868699 
1638 2868699 
1639 2868699 
1640 2868700 
1641 2868700 
1642 2868701 
1643 2868701 
1644 2868701 
1645 2868703 
1646 2868703 
1647 2868703 
1648 2868704 
1649 2868708 
1650 2868708 
1651 2868710 
1652 2868710 
1653 2868711 
1654 2868712 
1655 2868713 
1656 2868716 
1657 2868716 
1658 2868718 
1659 2868718 
1660 2868719 
1661 2868720 
1662 2868720 
1663 2868729 
1664 2868729 
1665 2868729 
1666 2868730 
1667 2868730 
1668 2868736 
1669 2868736 
1670 2868737 
1671 2868745 
1672 2868746 
1673 2868746 
1674 2868746 
1675 2868750 
1676 2868750 
1677 2868750 
1678 2868754 
1679 2868754 
1680 2868754 
1681 2868756 
1682 2868761 
1683 2868768 
1684 2868768 
1685 2868772 
1686 2868772 
1687 2868778 
1688 2868778 
1689 2868778 
1690 2868779 
1691 2868780 
1692 2868780 
1693 2868780 
1694 2868781 
1695 2868792 
1696 2868795 
1697 2868795 
1698 2868795 
1699 2868796 
1700 2868797 
1701 2868797 
1702 2868798 
1703 2868798 
1704 2868798 
1705 2868800 
1706 2868801 
1707 2868802 
1708 2868802 
1709 2868803 
1710 2868803 
1711 2868804 
1712 2868816 
1713 2868817 
1714 2868818 
1715 2868819 
1716 2868822 
1717 2868823 
1718 2868832 
1719 2868836 
1720 2868837 
1721 2868851 
1722 2868851 
1723 2868852 
1724 2868852 
1725 2868852 
1726 2868853 
1727 2868858 
1728 2868859 
1729 2868860 
1730 2868863 
1731 2868864 
1732 2868865 
1733 2868865 
1734 2868866 
1735 2868866 
1736 2868867 
1737 2868868 
1738 2868873 
1739 2868874 
1740 2868875 
1741 2868876 
1742 2868876 
1743 2868878 
1744 2868881 
1745 2868881 
1746 2868883 
1747 2868885 
1748 2868886 
1749 2868886 
1750 2868886 
1751 2868887 
1752 2868887 
1753 2868889 
1754 2868890 
1755 2868890 
1756 2868891 
1757 2868891 
1758 2868893 
1759 2868894 
1760 2868894 
1761 2868895 
1762 2868895 
1763 2868895 
1764 2868900 
1765 2868900 
1766 2868901 
1767 2868901 
1768 2868901 
1769 2868902 
1770 2868914 
1771 2868914 
1772 2868914 
1773 2868915 
1774 2868916 
1775 2868917 
1776 2868918 
1777 2868918 
1778 2868932 
1779 2868936 
1780 2868936 
1781 2868937 
1782 2868940 
1783 2868940 
1784 2868941 
1785 2868941 
1786 2868941 
1787 2868942 
1788 2868942 
1789 2868942 
1790 2868942 
1791 2868943 
1792 2868943 
1793 2868943 
1794 2868944 
1795 2868944 
1796 2868944 
1797 2868945 
1798 2868945 
1799 2868945 
1800 2868946 
1801 2868946 
1802 2868946 
1803 2868947 
1804 2868947 
1805 2868948 
1806 2868950 
1807 2868952 
1808 2868952 
1809 2868952 
1810 2868955 
1811 2868959 
1812 2868959 
1813 2868970 
1814 2869016 
1815 2869020 
1816 2869021 
1817 2869023 
1818 2869025 
1819 2869025 
1820 2869026 
1821 2869026 
1822 2869027 
1823 2869027 
1824 2869027 
1825 2869027 
1826 2869033 
1827 2869034 
1828 2869034 
1829 2869034 
1830 2869035 
1831 2869035 
1832 2869035 
1833 2869036 
1834 2869036 
1835 2869041 
1836 2869042 
1837 2869045 
1838 2869055 
1839 2869055 
1840 2869056 
1841 2869056 
1842 2869057 
1843 2869063 
1844 2869064 
1845 2869067 
1846 2869068 
1847 2869068 
1848 2869074 
1849 2869078 
1850 2869078 
1851 2869079 
1852 2869080 
1853 2869080 
1854 2869081 
1855 2869081 
1856 2869081 
1857 2869083 
1858 2869091 
1859 2869098 
1860 2869099 
1861 2869100 
1862 2869100 
1863 2869106 
1864 2869111 
1865 2869150 
1866 2869153 
1867 2869153 
1868 2869154 
1869 2869155 
1870 2869155 
1871 2869155 
1872 2869161 
1873 2869163 
1874 2869163 
1875 2869163 
1876 2869164 
1877 2869164 
1878 2869165 
1879 2869165 
1880 2869166 
1881 2869168 
1882 2869170 
1883 2869172 
1884 2869176 
1885 2869179 
1886 2869180 
1887 2869181 
1888 2869184 
1889 2869186 
1890 2869189 
1891 2869189 
1892 2869199 
