1 2718000 
2 2718003 
3 2718003 
4 2718005 
5 2718006 
6 2718007 
7 2718007 
8 2718008 
9 2718009 
10 2718009 
11 2718010 
12 2718012 
13 2718013 
14 2718013 
15 2718014 
16 2718015 
17 2718016 
18 2718017 
19 2718017 
20 2718017 
21 2718020 
22 2718022 
23 2718022 
24 2718024 
25 2718024 
26 2718026 
27 2718026 
28 2718027 
29 2718028 
30 2718031 
31 2718034 
32 2718035 
33 2718038 
34 2718039 
35 2718039 
36 2718040 
37 2718040 
38 2718040 
39 2718041 
40 2718041 
41 2718042 
42 2718042 
43 2718045 
44 2718045 
45 2718049 
46 2718050 
47 2718053 
48 2718054 
49 2718055 
50 2718059 
51 2718059 
52 2718059 
53 2718062 
54 2718062 
55 2718062 
56 2718064 
57 2718067 
58 2718067 
59 2718070 
60 2718070 
61 2718072 
62 2718073 
63 2718074 
64 2718076 
65 2718079 
66 2718080 
67 2718081 
68 2718083 
69 2718085 
70 2718092 
71 2718094 
72 2718103 
73 2718110 
74 2718111 
75 2718111 
76 2718113 
77 2718113 
78 2718114 
79 2718114 
80 2718116 
81 2718121 
82 2718124 
83 2718127 
84 2718128 
85 2718129 
86 2718130 
87 2718130 
88 2718131 
89 2718131 
90 2718135 
91 2718135 
92 2718136 
93 2718137 
94 2718138 
95 2718139 
96 2718141 
97 2718145 
98 2718149 
99 2718150 
100 2718154 
101 2718155 
102 2718156 
103 2718157 
104 2718158 
105 2718159 
106 2718160 
107 2718162 
108 2718163 
109 2718167 
110 2718168 
111 2718170 
112 2718170 
113 2718172 
114 2718174 
115 2718175 
116 2718177 
117 2718179 
118 2718180 
119 2718184 
120 2718185 
121 2718191 
122 2718193 
123 2718197 
124 2718197 
125 2718197 
126 2718198 
127 2718200 
128 2718201 
129 2718201 
130 2718202 
131 2718203 
132 2718203 
133 2718204 
134 2718225 
135 2718229 
136 2718230 
137 2718234 
138 2718234 
139 2718235 
140 2718240 
141 2718257 
142 2718259 
143 2718260 
144 2718260 
145 2718262 
146 2718268 
147 2718269 
148 2718269 
149 2718269 
150 2718270 
151 2718270 
152 2718270 
153 2718271 
154 2718271 
155 2718271 
156 2718272 
157 2718272 
158 2718273 
159 2718273 
160 2718273 
161 2718273 
162 2718274 
163 2718274 
164 2718274 
165 2718275 
166 2718275 
167 2718275 
168 2718276 
169 2718276 
170 2718276 
171 2718276 
172 2718277 
173 2718277 
174 2718277 
175 2718277 
176 2718278 
177 2718279 
178 2718279 
179 2718279 
180 2718279 
181 2718280 
182 2718288 
183 2718291 
184 2718293 
185 2718295 
186 2718296 
187 2718315 
188 2718318 
189 2718318 
190 2718320 
191 2718322 
192 2718326 
193 2718341 
194 2718344 
195 2718345 
196 2718345 
197 2718348 
198 2718352 
199 2718354 
200 2718356 
201 2718357 
202 2718362 
203 2718372 
204 2718376 
205 2718377 
206 2718379 
207 2718381 
208 2718385 
209 2718387 
210 2718387 
211 2718389 
212 2718390 
213 2718392 
214 2718396 
215 2718398 
216 2718398 
217 2718400 
218 2718400 
219 2718403 
220 2718404 
221 2718412 
222 2718416 
223 2718420 
224 2718421 
225 2718421 
226 2718421 
227 2718434 
228 2718435 
229 2718437 
230 2718439 
231 2718444 
232 2718451 
233 2718460 
234 2718463 
235 2718464 
236 2718464 
237 2718467 
238 2718470 
239 2718471 
240 2718473 
241 2718475 
242 2718475 
243 2718476 
244 2718477 
245 2718479 
246 2718481 
247 2718481 
248 2718485 
249 2718491 
250 2718495 
251 2718497 
252 2718499 
253 2718500 
254 2718504 
255 2718506 
256 2718507 
257 2718509 
258 2718514 
259 2718555 
260 2718556 
261 2718556 
262 2718557 
263 2718559 
264 2718561 
265 2718562 
266 2718569 
267 2718569 
268 2718572 
269 2718574 
270 2718578 
271 2718580 
272 2718581 
273 2718582 
274 2718583 
275 2718583 
276 2718583 
277 2718585 
278 2718585 
279 2718587 
280 2718587 
281 2718590 
282 2718590 
283 2718592 
284 2718593 
285 2718593 
286 2718594 
287 2718594 
288 2718594 
289 2718594 
290 2718595 
291 2718595 
292 2718595 
293 2718595 
294 2718596 
295 2718596 
296 2718597 
297 2718601 
298 2718609 
299 2718613 
300 2718613 
301 2718619 
302 2718621 
303 2718623 
304 2718624 
305 2718628 
306 2718631 
307 2718631 
308 2718633 
309 2718635 
310 2718656 
311 2718659 
312 2718661 
313 2718661 
314 2718663 
315 2718669 
316 2718670 
317 2718672 
318 2718674 
319 2718678 
320 2718688 
321 2718691 
322 2718693 
323 2718695 
324 2718696 
325 2718701 
326 2718705 
327 2718705 
328 2718707 
329 2718709 
330 2718739 
331 2718741 
332 2718743 
333 2718743 
334 2718746 
335 2718749 
336 2718750 
337 2718752 
338 2718752 
339 2718752 
340 2718755 
341 2718755 
342 2718756 
343 2718757 
344 2718760 
345 2718772 
346 2718772 
347 2718773 
348 2718773 
349 2718775 
350 2718775 
351 2718777 
352 2718779 
353 2718781 
354 2718781 
355 2718781 
356 2718782 
357 2718783 
358 2718784 
359 2718786 
360 2718786 
361 2718793 
362 2718793 
363 2718794 
364 2718794 
365 2718797 
366 2718801 
367 2718801 
368 2718804 
369 2718804 
370 2718806 
371 2718806 
372 2718816 
373 2718824 
374 2718825 
375 2718825 
376 2718825 
377 2718825 
378 2718830 
379 2718832 
380 2718850 
381 2718853 
382 2718855 
383 2718855 
384 2718857 
385 2718862 
386 2718864 
387 2718866 
388 2718868 
389 2718870 
390 2718872 
391 2718881 
392 2718885 
393 2718890 
394 2718895 
395 2718896 
396 2718898 
397 2718903 
398 2718907 
399 2718951 
400 2718957 
401 2718958 
402 2718958 
403 2718965 
404 2718965 
405 2718973 
406 2718975 
407 2718976 
408 2718976 
409 2718976 
410 2718979 
411 2718980 
412 2718981 
413 2718984 
414 2718989 
415 2718989 
416 2718990 
417 2718990 
418 2718991 
419 2718991 
420 2718996 
421 2719000 
422 2719001 
423 2719001 
424 2719005 
425 2719006 
426 2719009 
427 2719011 
428 2719017 
429 2719022 
430 2719024 
431 2719027 
432 2719030 
433 2719034 
434 2719036 
435 2719047 
436 2719054 
437 2719056 
438 2719057 
439 2719057 
440 2719059 
441 2719059 
442 2719060 
443 2719061 
444 2719063 
445 2719067 
446 2719067 
447 2719078 
448 2719081 
449 2719082 
450 2719083 
451 2719086 
452 2719088 
453 2719089 
454 2719122 
455 2719130 
456 2719130 
457 2719130 
458 2719130 
459 2719131 
460 2719132 
461 2719132 
462 2719132 
463 2719132 
464 2719150 
465 2719154 
466 2719157 
467 2719159 
468 2719159 
469 2719160 
470 2719160 
471 2719160 
472 2719163 
473 2719164 
474 2719165 
475 2719165 
476 2719169 
477 2719171 
478 2719172 
479 2719192 
480 2719194 
481 2719197 
482 2719199 
483 2719202 
484 2719205 
485 2719206 
486 2719206 
487 2719206 
488 2719207 
489 2719207 
490 2719207 
491 2719208 
492 2719211 
493 2719214 
494 2719215 
495 2719215 
496 2719218 
497 2719220 
498 2719228 
499 2719238 
500 2719238 
501 2719238 
502 2719239 
503 2719239 
504 2719240 
505 2719262 
506 2719265 
507 2719267 
508 2719269 
509 2719269 
510 2719273 
511 2719275 
512 2719276 
513 2719276 
514 2719284 
515 2719284 
516 2719286 
517 2719291 
518 2719291 
519 2719319 
520 2719331 
521 2719372 
522 2719372 
523 2719375 
524 2719379 
525 2719379 
526 2719379 
527 2719384 
528 2719384 
529 2719431 
530 2719431 
531 2719432 
532 2719444 
533 2719456 
534 2719457 
535 2719457 
536 2719457 
537 2719458 
538 2719458 
539 2719461 
540 2719461 
541 2719463 
542 2719464 
543 2719471 
544 2719484 
545 2719485 
546 2719485 
547 2719492 
548 2719493 
549 2719496 
550 2719497 
551 2719498 
552 2719499 
553 2719500 
554 2719507 
555 2719521 
556 2719533 
557 2719537 
558 2719537 
559 2719538 
560 2719554 
561 2719554 
562 2719555 
563 2719555 
564 2719555 
565 2719564 
566 2719564 
567 2719565 
568 2719565 
569 2719603 
570 2719604 
571 2719605 
572 2719605 
573 2719605 
574 2719606 
575 2719606 
576 2719630 
577 2719630 
578 2719637 
579 2719637 
580 2719638 
581 2719638 
582 2719638 
583 2719639 
584 2719639 
585 2719639 
586 2719640 
587 2719640 
588 2719640 
589 2719641 
590 2719641 
591 2719641 
592 2719642 
593 2719642 
594 2719642 
595 2719643 
596 2719643 
597 2719644 
598 2719645 
599 2719646 
600 2719649 
601 2719650 
602 2719650 
603 2719650 
604 2719651 
605 2719651 
606 2719652 
607 2719653 
608 2719653 
609 2719653 
610 2719654 
611 2719654 
612 2719654 
613 2719655 
614 2719655 
615 2719655 
616 2719656 
617 2719665 
618 2719670 
619 2719673 
620 2719673 
621 2719674 
622 2719674 
623 2719677 
624 2719677 
625 2719745 
626 2719752 
627 2719753 
628 2719753 
629 2719753 
630 2719754 
631 2719754 
632 2719754 
633 2719755 
634 2719779 
635 2719780 
636 2719785 
637 2719819 
638 2719819 
639 2719842 
640 2719847 
641 2719848 
642 2719858 
643 2719908 
644 2719908 
645 2719908 
646 2719908 
647 2719909 
648 2719909 
649 2719910 
650 2719910 
651 2719917 
652 2719921 
653 2719922 
654 2719924 
655 2719925 
656 2719933 
657 2719933 
658 2719934 
659 2719934 
660 2719934 
661 2719935 
662 2719935 
663 2719936 
664 2719938 
665 2719940 
666 2719946 
667 2719949 
668 2719956 
669 2719964 
670 2719964 
671 2719969 
672 2719992 
673 2719993 
674 2720010 
675 2720011 
676 2720013 
677 2720075 
678 2720075 
679 2720076 
680 2720076 
681 2720076 
682 2720077 
683 2720077 
684 2720077 
685 2720078 
686 2720078 
687 2720078 
688 2720140 
689 2720140 
690 2720140 
691 2720149 
692 2720150 
693 2720150 
694 2720151 
695 2720151 
696 2720151 
697 2720152 
698 2720152 
699 2720152 
700 2720153 
701 2720153 
702 2720153 
703 2720154 
704 2720154 
705 2720154 
706 2720155 
707 2720155 
708 2720155 
709 2720156 
710 2720156 
711 2720156 
712 2720157 
713 2720157 
714 2720157 
715 2720158 
716 2720158 
717 2720158 
718 2720158 
719 2720159 
720 2720159 
721 2720159 
722 2720160 
723 2720160 
724 2720160 
725 2720160 
726 2720161 
727 2720161 
728 2720161 
729 2720162 
730 2720162 
731 2720162 
732 2720162 
733 2720163 
734 2720163 
735 2720163 
736 2720164 
737 2720164 
738 2720164 
739 2720165 
740 2720165 
741 2720165 
742 2720165 
743 2720166 
744 2720166 
745 2720167 
746 2720167 
747 2720167 
748 2720168 
749 2720169 
750 2720177 
751 2720185 
752 2720185 
753 2720192 
754 2720192 
755 2720193 
756 2720193 
757 2720213 
758 2720213 
759 2720215 
760 2720215 
761 2720216 
762 2720216 
763 2720216 
764 2720217 
765 2720217 
766 2720217 
767 2720218 
768 2720218 
769 2720218 
770 2720219 
771 2720219 
772 2720219 
773 2720220 
774 2720220 
775 2720220 
776 2720220 
777 2720220 
778 2720221 
779 2720221 
780 2720221 
781 2720222 
782 2720222 
783 2720222 
784 2720223 
785 2720234 
786 2720238 
787 2720238 
788 2720244 
789 2720244 
790 2720245 
791 2720245 
792 2720246 
793 2720247 
794 2720247 
795 2720247 
796 2720249 
797 2720250 
798 2720250 
799 2720251 
800 2720274 
801 2720274 
802 2720279 
803 2720279 
804 2720280 
805 2720280 
806 2720281 
807 2720281 
808 2720282 
809 2720283 
810 2720283 
811 2720283 
812 2720284 
813 2720285 
814 2720285 
815 2720286 
816 2720286 
817 2720286 
818 2720287 
819 2720287 
820 2720288 
821 2720288 
822 2720292 
823 2720292 
824 2720293 
825 2720293 
826 2720293 
827 2720294 
828 2720294 
829 2720294 
830 2720295 
831 2720295 
832 2720295 
833 2720296 
834 2720296 
835 2720299 
836 2720299 
837 2720299 
838 2720304 
839 2720313 
840 2720314 
841 2720314 
842 2720314 
843 2720314 
844 2720314 
845 2720315 
846 2720315 
847 2720316 
848 2720316 
849 2720316 
850 2720354 
851 2720355 
852 2720355 
853 2720356 
854 2720358 
855 2720361 
856 2720365 
857 2720365 
858 2720371 
859 2720372 
860 2720373 
861 2720373 
862 2720375 
863 2720375 
864 2720376 
865 2720376 
866 2720377 
867 2720378 
868 2720379 
869 2720382 
870 2720382 
871 2720382 
872 2720386 
873 2720388 
874 2720389 
875 2720389 
876 2720389 
877 2720391 
878 2720391 
879 2720391 
880 2720392 
881 2720392 
882 2720392 
883 2720405 
884 2720405 
885 2720405 
886 2720406 
887 2720406 
888 2720406 
889 2720409 
890 2720409 
891 2720410 
892 2720422 
893 2720422 
894 2720422 
895 2720423 
896 2720423 
897 2720423 
898 2720424 
899 2720424 
900 2720435 
901 2720445 
902 2720446 
903 2720447 
904 2720447 
905 2720448 
906 2720476 
907 2720480 
908 2720482 
909 2720482 
910 2720483 
911 2720483 
912 2720485 
913 2720490 
914 2720493 
915 2720495 
916 2720495 
917 2720500 
918 2720500 
919 2720506 
920 2720506 
921 2720507 
922 2720515 
923 2720518 
924 2720518 
925 2720519 
926 2720520 
927 2720520 
928 2720524 
929 2720525 
930 2720525 
931 2720525 
932 2720525 
933 2720526 
934 2720526 
935 2720527 
936 2720528 
937 2720530 
938 2720531 
939 2720531 
940 2720535 
941 2720536 
942 2720536 
943 2720540 
944 2720540 
945 2720540 
946 2720545 
947 2720546 
948 2720546 
949 2720547 
950 2720547 
951 2720553 
952 2720561 
953 2720565 
954 2720565 
955 2720565 
956 2720566 
957 2720568 
958 2720569 
959 2720570 
960 2720575 
961 2720575 
962 2720575 
963 2720576 
964 2720576 
965 2720576 
966 2720578 
967 2720578 
968 2720579 
969 2720579 
970 2720580 
971 2720580 
972 2720580 
973 2720581 
974 2720591 
975 2720597 
976 2720598 
977 2720600 
978 2720601 
979 2720603 
980 2720603 
981 2720604 
982 2720605 
983 2720606 
984 2720609 
985 2720609 
986 2720611 
987 2720611 
988 2720612 
989 2720615 
990 2720618 
991 2720628 
992 2720644 
993 2720655 
994 2720659 
995 2720663 
996 2720663 
997 2720668 
998 2720669 
999 2720669 
1000 2720669 
1001 2720670 
1002 2720672 
1003 2720673 
1004 2720673 
1005 2720677 
1006 2720679 
1007 2720689 
1008 2720689 
1009 2720696 
1010 2720698 
1011 2720704 
1012 2720705 
1013 2720709 
1014 2720710 
1015 2720710 
1016 2720713 
1017 2720717 
1018 2720717 
1019 2720728 
1020 2720728 
1021 2720729 
1022 2720732 
1023 2720732 
1024 2720732 
1025 2720732 
1026 2720734 
1027 2720735 
1028 2720735 
1029 2720736 
1030 2720736 
1031 2720736 
1032 2720736 
1033 2720740 
1034 2720744 
1035 2720752 
1036 2720787 
1037 2720789 
1038 2720796 
1039 2720803 
1040 2720806 
1041 2720816 
1042 2720818 
1043 2720820 
1044 2720820 
1045 2720820 
1046 2720821 
1047 2720821 
1048 2720823 
1049 2720824 
1050 2720824 
1051 2720824 
1052 2720825 
1053 2720825 
1054 2720826 
1055 2720826 
1056 2720834 
1057 2720837 
1058 2720837 
1059 2720838 
1060 2720838 
1061 2720838 
1062 2720839 
1063 2720839 
1064 2720839 
1065 2720840 
1066 2720840 
1067 2720845 
1068 2720845 
1069 2720853 
1070 2720856 
1071 2720856 
1072 2720857 
1073 2720857 
1074 2720857 
1075 2720857 
1076 2720860 
1077 2720860 
1078 2720861 
1079 2720864 
1080 2720867 
1081 2720868 
1082 2720868 
1083 2720869 
1084 2720869 
1085 2720871 
1086 2720871 
1087 2720873 
1088 2720873 
1089 2720873 
1090 2720876 
1091 2720879 
1092 2720884 
1093 2720885 
1094 2720886 
1095 2720888 
1096 2720892 
1097 2720892 
1098 2720893 
1099 2720893 
1100 2720895 
1101 2720895 
1102 2720895 
1103 2720896 
1104 2720896 
1105 2720897 
1106 2720897 
1107 2720899 
1108 2720900 
1109 2720900 
1110 2720903 
1111 2720905 
1112 2720906 
1113 2720906 
1114 2720906 
1115 2720907 
1116 2720907 
1117 2720907 
1118 2720908 
1119 2720908 
1120 2720908 
1121 2720909 
1122 2720909 
1123 2720909 
1124 2720910 
1125 2720910 
1126 2720912 
1127 2720912 
1128 2720912 
1129 2720912 
1130 2720913 
1131 2720913 
1132 2720914 
1133 2720914 
1134 2720914 
1135 2720915 
1136 2720915 
1137 2720916 
1138 2720916 
1139 2720916 
1140 2720916 
1141 2720916 
1142 2720917 
1143 2720917 
1144 2720917 
1145 2720917 
1146 2720918 
1147 2720918 
1148 2720919 
1149 2720919 
1150 2720920 
1151 2720923 
1152 2720923 
1153 2720923 
1154 2720924 
1155 2720924 
1156 2720924 
1157 2720925 
1158 2720926 
1159 2720927 
1160 2720927 
1161 2720928 
1162 2720928 
1163 2720928 
1164 2720929 
1165 2720929 
1166 2720929 
1167 2720930 
1168 2720931 
1169 2720931 
1170 2720931 
1171 2720931 
1172 2720932 
1173 2720932 
1174 2720939 
1175 2720940 
1176 2720943 
1177 2720949 
1178 2720950 
1179 2720950 
1180 2720951 
1181 2720951 
1182 2720953 
1183 2720956 
1184 2720958 
1185 2720965 
1186 2720967 
1187 2720968 
1188 2720969 
1189 2720970 
1190 2720970 
1191 2720977 
1192 2720977 
1193 2720978 
1194 2720978 
1195 2720983 
1196 2720984 
1197 2720984 
1198 2720984 
1199 2720985 
1200 2720985 
1201 2720986 
1202 2720987 
1203 2720987 
1204 2720988 
1205 2720989 
1206 2720989 
1207 2720990 
1208 2720990 
1209 2720990 
1210 2720991 
1211 2720991 
1212 2720991 
1213 2720992 
1214 2720992 
1215 2720995 
1216 2720995 
1217 2720996 
1218 2720997 
1219 2720997 
1220 2720998 
1221 2721006 
1222 2721008 
1223 2721008 
1224 2721010 
1225 2721011 
1226 2721012 
1227 2721013 
1228 2721016 
1229 2721016 
1230 2721017 
1231 2721017 
1232 2721017 
1233 2721018 
1234 2721044 
1235 2721059 
1236 2721059 
1237 2721059 
1238 2721060 
1239 2721060 
1240 2721060 
1241 2721061 
1242 2721061 
1243 2721076 
1244 2721081 
1245 2721081 
1246 2721081 
1247 2721092 
1248 2721092 
1249 2721093 
1250 2721093 
1251 2721093 
1252 2721094 
1253 2721094 
1254 2721101 
1255 2721119 
1256 2721119 
1257 2721135 
1258 2721144 
1259 2721144 
1260 2721144 
1261 2721145 
1262 2721145 
1263 2721152 
1264 2721153 
1265 2721157 
1266 2721157 
1267 2721160 
1268 2721161 
1269 2721164 
1270 2721166 
1271 2721171 
1272 2721171 
1273 2721174 
1274 2721174 
1275 2721184 
1276 2721201 
1277 2721214 
1278 2721223 
1279 2721235 
1280 2721236 
1281 2721236 
1282 2721237 
1283 2721239 
1284 2721242 
1285 2721244 
1286 2721245 
1287 2721249 
1288 2721249 
1289 2721255 
1290 2721256 
1291 2721256 
1292 2721259 
1293 2721262 
1294 2721262 
1295 2721277 
1296 2721278 
1297 2721279 
1298 2721285 
1299 2721286 
1300 2721286 
1301 2721286 
1302 2721287 
1303 2721287 
1304 2721287 
1305 2721288 
1306 2721288 
1307 2721288 
1308 2721289 
1309 2721289 
1310 2721289 
1311 2721290 
1312 2721290 
1313 2721290 
1314 2721290 
1315 2721291 
1316 2721291 
1317 2721291 
1318 2721292 
1319 2721292 
1320 2721292 
1321 2721293 
1322 2721293 
1323 2721293 
1324 2721294 
1325 2721294 
1326 2721304 
1327 2721304 
1328 2721304 
1329 2721305 
1330 2721305 
1331 2721305 
1332 2721325 
1333 2721325 
1334 2721326 
1335 2721326 
1336 2721326 
1337 2721327 
1338 2721327 
1339 2721327 
1340 2721328 
1341 2721328 
1342 2721328 
1343 2721329 
1344 2721329 
1345 2721329 
1346 2721330 
1347 2721330 
1348 2721330 
1349 2721331 
1350 2721331 
1351 2721331 
1352 2721332 
1353 2721332 
1354 2721332 
1355 2721333 
1356 2721333 
1357 2721333 
1358 2721333 
1359 2721334 
1360 2721334 
1361 2721334 
1362 2721335 
1363 2721335 
1364 2721336 
1365 2721336 
1366 2721336 
1367 2721336 
1368 2721337 
1369 2721337 
1370 2721338 
1371 2721338 
1372 2721338 
1373 2721339 
1374 2721339 
1375 2721340 
1376 2721341 
1377 2721341 
1378 2721342 
1379 2721346 
1380 2721347 
1381 2721351 
1382 2721351 
1383 2721351 
1384 2721352 
1385 2721353 
1386 2721354 
1387 2721354 
1388 2721355 
1389 2721355 
1390 2721356 
1391 2721356 
1392 2721357 
1393 2721357 
1394 2721358 
1395 2721358 
1396 2721358 
1397 2721359 
1398 2721359 
1399 2721365 
1400 2721365 
1401 2721366 
1402 2721366 
1403 2721368 
1404 2721368 
1405 2721368 
1406 2721369 
1407 2721369 
1408 2721369 
1409 2721369 
1410 2721370 
1411 2721370 
1412 2721370 
1413 2721371 
1414 2721371 
1415 2721371 
1416 2721372 
1417 2721372 
1418 2721372 
1419 2721373 
1420 2721373 
1421 2721374 
1422 2721374 
1423 2721375 
1424 2721376 
1425 2721377 
1426 2721377 
1427 2721378 
1428 2721378 
1429 2721379 
1430 2721380 
1431 2721380 
1432 2721381 
1433 2721381 
1434 2721382 
1435 2721382 
1436 2721390 
1437 2721391 
1438 2721393 
1439 2721394 
1440 2721394 
1441 2721397 
1442 2721430 
1443 2721433 
1444 2721433 
1445 2721433 
1446 2721434 
1447 2721434 
1448 2721434 
1449 2721435 
1450 2721435 
1451 2721435 
1452 2721436 
1453 2721436 
1454 2721437 
1455 2721437 
1456 2721437 
1457 2721438 
1458 2721438 
1459 2721438 
1460 2721439 
1461 2721440 
1462 2721440 
1463 2721441 
1464 2721444 
1465 2721444 
1466 2721444 
1467 2721445 
1468 2721445 
1469 2721445 
1470 2721446 
1471 2721446 
1472 2721446 
1473 2721447 
1474 2721447 
1475 2721448 
1476 2721452 
1477 2721452 
1478 2721453 
1479 2721453 
1480 2721453 
1481 2721453 
1482 2721454 
1483 2721455 
1484 2721455 
1485 2721460 
1486 2721460 
1487 2721461 
1488 2721464 
1489 2721465 
1490 2721476 
1491 2721477 
1492 2721481 
1493 2721482 
1494 2721484 
1495 2721485 
1496 2721485 
1497 2721485 
1498 2721486 
1499 2721486 
1500 2721486 
1501 2721487 
1502 2721487 
1503 2721488 
1504 2721488 
1505 2721488 
1506 2721489 
1507 2721492 
1508 2721494 
1509 2721494 
1510 2721495 
1511 2721495 
1512 2721499 
1513 2721499 
1514 2721500 
1515 2721506 
1516 2721506 
1517 2721506 
1518 2721507 
1519 2721507 
1520 2721510 
1521 2721510 
1522 2721513 
1523 2721516 
1524 2721517 
1525 2721520 
1526 2721520 
1527 2721521 
1528 2721521 
1529 2721521 
1530 2721521 
1531 2721522 
1532 2721522 
1533 2721522 
1534 2721523 
1535 2721523 
1536 2721523 
1537 2721525 
1538 2721526 
1539 2721530 
1540 2721540 
1541 2721540 
1542 2721541 
1543 2721541 
1544 2721541 
1545 2721542 
1546 2721542 
1547 2721542 
1548 2721543 
1549 2721543 
1550 2721543 
1551 2721543 
1552 2721544 
1553 2721544 
1554 2721544 
1555 2721544 
1556 2721545 
1557 2721545 
1558 2721545 
1559 2721545 
1560 2721545 
1561 2721546 
1562 2721546 
1563 2721546 
1564 2721547 
1565 2721547 
1566 2721547 
1567 2721547 
1568 2721548 
1569 2721548 
1570 2721548 
1571 2721549 
1572 2721549 
1573 2721549 
1574 2721550 
1575 2721550 
1576 2721550 
1577 2721551 
1578 2721551 
1579 2721551 
1580 2721552 
1581 2721552 
1582 2721552 
1583 2721553 
1584 2721553 
1585 2721553 
1586 2721553 
1587 2721554 
1588 2721554 
1589 2721554 
1590 2721555 
1591 2721555 
1592 2721556 
1593 2721556 
1594 2721556 
1595 2721557 
1596 2721557 
1597 2721557 
1598 2721557 
1599 2721558 
1600 2721558 
1601 2721558 
1602 2721559 
1603 2721559 
1604 2721559 
1605 2721559 
1606 2721560 
1607 2721560 
1608 2721561 
1609 2721561 
1610 2721562 
1611 2721562 
1612 2721562 
1613 2721563 
1614 2721563 
1615 2721563 
1616 2721564 
1617 2721564 
1618 2721564 
1619 2721565 
1620 2721565 
1621 2721566 
1622 2721566 
1623 2721567 
1624 2721567 
1625 2721568 
1626 2721568 
1627 2721591 
1628 2721591 
1629 2721595 
1630 2721596 
1631 2721596 
1632 2721597 
