1 2887200 
2 2887201 
3 2887202 
4 2887202 
5 2887206 
6 2887206 
7 2887206 
8 2887211 
9 2887212 
10 2887213 
11 2887215 
12 2887219 
13 2887219 
14 2887220 
15 2887221 
16 2887222 
17 2887224 
18 2887227 
19 2887233 
20 2887233 
21 2887235 
22 2887240 
23 2887240 
24 2887241 
25 2887241 
26 2887241 
27 2887242 
28 2887243 
29 2887243 
30 2887243 
31 2887243 
32 2887244 
33 2887244 
34 2887246 
35 2887250 
36 2887252 
37 2887254 
38 2887255 
39 2887255 
40 2887261 
41 2887261 
42 2887261 
43 2887262 
44 2887263 
45 2887268 
46 2887269 
47 2887275 
48 2887275 
49 2887276 
50 2887276 
51 2887276 
52 2887276 
53 2887278 
54 2887289 
55 2887289 
56 2887289 
57 2887289 
58 2887290 
59 2887290 
60 2887298 
61 2887301 
62 2887301 
63 2887306 
64 2887309 
65 2887310 
66 2887311 
67 2887320 
68 2887322 
69 2887324 
70 2887325 
71 2887327 
72 2887331 
73 2887338 
74 2887338 
75 2887340 
76 2887345 
77 2887346 
78 2887351 
79 2887353 
80 2887353 
81 2887353 
82 2887356 
83 2887356 
84 2887357 
85 2887357 
86 2887357 
87 2887358 
88 2887358 
89 2887360 
90 2887360 
91 2887361 
92 2887361 
93 2887361 
94 2887362 
95 2887362 
96 2887362 
97 2887363 
98 2887363 
99 2887363 
100 2887366 
101 2887366 
102 2887368 
103 2887371 
104 2887372 
105 2887375 
106 2887380 
107 2887380 
108 2887394 
109 2887395 
110 2887395 
111 2887401 
112 2887412 
113 2887421 
114 2887421 
115 2887431 
116 2887449 
117 2887450 
118 2887450 
119 2887450 
120 2887455 
121 2887458 
122 2887458 
123 2887459 
124 2887459 
125 2887460 
126 2887462 
127 2887467 
128 2887468 
129 2887469 
130 2887470 
131 2887473 
132 2887489 
133 2887496 
134 2887496 
135 2887501 
136 2887501 
137 2887509 
138 2887510 
139 2887524 
140 2887531 
141 2887535 
142 2887540 
143 2887541 
144 2887541 
145 2887541 
146 2887541 
147 2887542 
148 2887543 
149 2887546 
150 2887550 
151 2887578 
152 2887582 
153 2887586 
154 2887586 
155 2887591 
156 2887591 
157 2887592 
158 2887592 
159 2887592 
160 2887596 
161 2887596 
162 2887596 
163 2887615 
164 2887615 
165 2887618 
166 2887618 
167 2887619 
168 2887622 
169 2887625 
170 2887626 
171 2887626 
172 2887628 
173 2887628 
174 2887631 
175 2887634 
176 2887635 
177 2887637 
178 2887637 
179 2887639 
180 2887645 
181 2887646 
182 2887646 
183 2887646 
184 2887647 
185 2887647 
186 2887647 
187 2887648 
188 2887648 
189 2887648 
190 2887648 
191 2887649 
192 2887649 
193 2887650 
194 2887650 
195 2887650 
196 2887655 
197 2887657 
198 2887658 
199 2887658 
200 2887658 
201 2887660 
202 2887662 
203 2887666 
204 2887667 
205 2887667 
206 2887670 
207 2887671 
208 2887682 
209 2887686 
210 2887688 
211 2887688 
212 2887689 
213 2887689 
214 2887691 
215 2887693 
216 2887693 
217 2887693 
218 2887693 
219 2887694 
220 2887697 
221 2887698 
222 2887700 
223 2887702 
224 2887703 
225 2887703 
226 2887703 
227 2887704 
228 2887704 
229 2887704 
230 2887704 
231 2887705 
232 2887705 
233 2887706 
234 2887706 
235 2887706 
236 2887707 
237 2887707 
238 2887707 
239 2887707 
240 2887708 
241 2887708 
242 2887708 
243 2887708 
244 2887709 
245 2887709 
246 2887709 
247 2887709 
248 2887710 
249 2887710 
250 2887710 
251 2887711 
252 2887711 
253 2887711 
254 2887712 
255 2887712 
256 2887712 
257 2887712 
258 2887713 
259 2887713 
260 2887713 
261 2887713 
262 2887714 
263 2887714 
264 2887714 
265 2887715 
266 2887715 
267 2887715 
268 2887716 
269 2887716 
270 2887716 
271 2887716 
272 2887717 
273 2887717 
274 2887717 
275 2887718 
276 2887718 
277 2887718 
278 2887720 
279 2887721 
280 2887721 
281 2887721 
282 2887721 
283 2887721 
284 2887722 
285 2887722 
286 2887722 
287 2887723 
288 2887723 
289 2887723 
290 2887723 
291 2887724 
292 2887724 
293 2887725 
294 2887726 
295 2887727 
296 2887727 
297 2887727 
298 2887728 
299 2887728 
300 2887728 
301 2887728 
302 2887729 
303 2887729 
304 2887729 
305 2887734 
306 2887734 
307 2887734 
308 2887735 
309 2887736 
310 2887736 
311 2887737 
312 2887737 
313 2887737 
314 2887738 
315 2887741 
316 2887741 
317 2887742 
318 2887744 
319 2887744 
320 2887744 
321 2887745 
322 2887746 
323 2887746 
324 2887750 
325 2887750 
326 2887750 
327 2887750 
328 2887751 
329 2887751 
330 2887751 
331 2887752 
332 2887752 
333 2887753 
334 2887753 
335 2887753 
336 2887754 
337 2887754 
338 2887754 
339 2887755 
340 2887755 
341 2887755 
342 2887756 
343 2887756 
344 2887757 
345 2887757 
346 2887758 
347 2887759 
348 2887759 
349 2887760 
350 2887760 
351 2887761 
352 2887762 
353 2887766 
354 2887767 
355 2887774 
356 2887777 
357 2887778 
358 2887779 
359 2887782 
360 2887783 
361 2887785 
362 2887793 
363 2887796 
364 2887796 
365 2887797 
366 2887797 
367 2887797 
368 2887798 
369 2887798 
370 2887799 
371 2887804 
372 2887804 
373 2887805 
374 2887805 
375 2887805 
376 2887806 
377 2887806 
378 2887806 
379 2887807 
380 2887807 
381 2887808 
382 2887808 
383 2887809 
384 2887809 
385 2887810 
386 2887810 
387 2887810 
388 2887811 
389 2887811 
390 2887811 
391 2887811 
392 2887812 
393 2887812 
394 2887816 
395 2887816 
396 2887816 
397 2887819 
398 2887819 
399 2887823 
400 2887823 
401 2887824 
402 2887825 
403 2887826 
404 2887826 
405 2887826 
406 2887827 
407 2887827 
408 2887827 
409 2887827 
410 2887828 
411 2887828 
412 2887828 
413 2887829 
414 2887829 
415 2887830 
416 2887831 
417 2887831 
418 2887832 
419 2887832 
420 2887832 
421 2887832 
422 2887834 
423 2887835 
424 2887836 
425 2887836 
426 2887836 
427 2887837 
428 2887837 
429 2887838 
430 2887838 
431 2887839 
432 2887839 
433 2887839 
434 2887840 
435 2887840 
436 2887841 
437 2887842 
438 2887842 
439 2887842 
440 2887843 
441 2887843 
442 2887843 
443 2887844 
444 2887846 
445 2887846 
446 2887846 
447 2887846 
448 2887847 
449 2887847 
450 2887847 
451 2887848 
452 2887848 
453 2887848 
454 2887851 
455 2887851 
456 2887851 
457 2887852 
458 2887852 
459 2887853 
460 2887853 
461 2887853 
462 2887854 
463 2887854 
464 2887855 
465 2887855 
466 2887858 
467 2887864 
468 2887865 
469 2887865 
470 2887865 
471 2887866 
472 2887866 
473 2887866 
474 2887866 
475 2887867 
476 2887867 
477 2887867 
478 2887868 
479 2887868 
480 2887868 
481 2887869 
482 2887869 
483 2887870 
484 2887870 
485 2887874 
486 2887875 
487 2887881 
488 2887883 
489 2887885 
490 2887887 
491 2887888 
492 2887890 
493 2887893 
494 2887897 
495 2887898 
496 2887898 
497 2887902 
498 2887904 
499 2887908 
500 2887909 
501 2887914 
502 2887918 
503 2887922 
504 2887922 
505 2887922 
506 2887923 
507 2887924 
508 2887925 
509 2887925 
510 2887937 
511 2887937 
512 2887949 
513 2887951 
514 2887952 
515 2887953 
516 2887953 
517 2887954 
518 2887955 
519 2887955 
520 2887956 
521 2887956 
522 2887956 
523 2887957 
524 2887957 
525 2887958 
526 2887959 
527 2887960 
528 2887960 
529 2887963 
530 2887967 
531 2887970 
532 2887970 
533 2887972 
534 2887973 
535 2887974 
536 2887974 
537 2887975 
538 2887975 
539 2887975 
540 2887976 
541 2887976 
542 2887976 
543 2887977 
544 2887977 
545 2887978 
546 2887978 
547 2887985 
548 2887990 
549 2887994 
550 2887996 
551 2887997 
552 2888002 
553 2888005 
554 2888005 
555 2888005 
556 2888006 
557 2888008 
558 2888009 
559 2888014 
560 2888016 
561 2888017 
562 2888018 
563 2888020 
564 2888020 
565 2888021 
566 2888024 
567 2888024 
568 2888025 
569 2888025 
570 2888026 
571 2888026 
572 2888026 
573 2888026 
574 2888028 
575 2888028 
576 2888029 
577 2888029 
578 2888029 
579 2888030 
580 2888030 
581 2888030 
582 2888031 
583 2888031 
584 2888031 
585 2888032 
586 2888032 
587 2888033 
588 2888033 
589 2888033 
590 2888033 
591 2888034 
592 2888034 
593 2888034 
594 2888035 
595 2888035 
596 2888036 
597 2888040 
598 2888041 
599 2888043 
600 2888043 
601 2888044 
602 2888044 
603 2888045 
604 2888045 
605 2888046 
606 2888046 
607 2888046 
608 2888047 
609 2888047 
610 2888047 
611 2888047 
612 2888050 
613 2888052 
614 2888054 
615 2888055 
616 2888056 
617 2888058 
618 2888060 
619 2888060 
620 2888060 
621 2888061 
622 2888061 
623 2888062 
624 2888062 
625 2888062 
626 2888062 
627 2888063 
628 2888063 
629 2888064 
630 2888064 
631 2888064 
632 2888065 
633 2888065 
634 2888068 
635 2888074 
636 2888075 
637 2888075 
638 2888076 
639 2888084 
640 2888084 
641 2888087 
642 2888087 
643 2888094 
644 2888095 
645 2888096 
646 2888096 
647 2888096 
648 2888097 
649 2888097 
650 2888097 
651 2888097 
652 2888098 
653 2888098 
654 2888098 
655 2888099 
656 2888099 
657 2888099 
658 2888103 
659 2888104 
660 2888104 
661 2888104 
662 2888105 
663 2888105 
664 2888106 
665 2888106 
666 2888106 
667 2888107 
668 2888107 
669 2888107 
670 2888122 
671 2888123 
672 2888123 
673 2888124 
674 2888131 
675 2888131 
676 2888131 
677 2888132 
678 2888132 
679 2888132 
680 2888134 
681 2888134 
682 2888134 
683 2888137 
684 2888139 
685 2888139 
686 2888140 
687 2888142 
688 2888142 
689 2888143 
690 2888145 
691 2888151 
692 2888151 
693 2888152 
694 2888152 
695 2888152 
696 2888153 
697 2888153 
698 2888154 
699 2888155 
700 2888157 
701 2888157 
702 2888157 
703 2888158 
704 2888158 
705 2888158 
706 2888159 
707 2888159 
708 2888160 
709 2888172 
710 2888175 
711 2888176 
712 2888180 
713 2888180 
714 2888180 
715 2888181 
716 2888182 
717 2888184 
718 2888186 
719 2888187 
720 2888192 
721 2888193 
722 2888196 
723 2888196 
724 2888196 
725 2888196 
726 2888200 
727 2888200 
728 2888201 
729 2888201 
730 2888209 
731 2888209 
732 2888211 
733 2888211 
734 2888218 
735 2888228 
736 2888228 
737 2888230 
738 2888230 
739 2888230 
740 2888231 
741 2888234 
742 2888237 
743 2888242 
744 2888242 
745 2888243 
746 2888246 
747 2888247 
748 2888253 
749 2888260 
750 2888260 
751 2888261 
752 2888261 
753 2888262 
754 2888264 
755 2888266 
756 2888267 
757 2888291 
758 2888292 
759 2888292 
760 2888293 
761 2888298 
762 2888309 
763 2888316 
764 2888321 
765 2888321 
766 2888323 
767 2888323 
768 2888327 
769 2888328 
770 2888328 
771 2888329 
772 2888335 
773 2888346 
774 2888348 
775 2888371 
776 2888371 
777 2888371 
778 2888389 
779 2888389 
780 2888390 
781 2888390 
782 2888390 
783 2888391 
784 2888393 
785 2888394 
786 2888394 
787 2888398 
788 2888398 
789 2888401 
790 2888404 
791 2888404 
792 2888404 
793 2888405 
794 2888407 
795 2888417 
796 2888419 
797 2888419 
798 2888420 
799 2888423 
800 2888423 
801 2888426 
802 2888431 
803 2888441 
804 2888443 
805 2888449 
806 2888457 
807 2888457 
808 2888459 
809 2888459 
810 2888459 
811 2888460 
812 2888460 
813 2888460 
814 2888461 
815 2888461 
816 2888461 
817 2888466 
818 2888467 
819 2888469 
820 2888470 
821 2888471 
822 2888474 
823 2888484 
824 2888485 
825 2888490 
826 2888493 
827 2888517 
828 2888524 
829 2888526 
830 2888531 
831 2888543 
832 2888545 
833 2888545 
834 2888549 
835 2888549 
836 2888550 
837 2888550 
838 2888550 
839 2888551 
840 2888551 
841 2888551 
842 2888552 
843 2888552 
844 2888552 
845 2888553 
846 2888553 
847 2888553 
848 2888554 
849 2888554 
850 2888555 
851 2888555 
852 2888555 
853 2888556 
854 2888556 
855 2888556 
856 2888557 
857 2888557 
858 2888557 
859 2888557 
860 2888558 
861 2888558 
862 2888558 
863 2888559 
864 2888559 
865 2888559 
866 2888559 
867 2888560 
868 2888560 
869 2888560 
870 2888561 
871 2888561 
872 2888561 
873 2888562 
874 2888562 
875 2888564 
876 2888565 
877 2888565 
878 2888566 
879 2888566 
880 2888566 
881 2888567 
882 2888567 
883 2888567 
884 2888568 
885 2888568 
886 2888568 
887 2888568 
888 2888569 
889 2888569 
890 2888569 
891 2888570 
892 2888570 
893 2888570 
894 2888571 
895 2888571 
896 2888571 
897 2888572 
898 2888572 
899 2888572 
900 2888573 
901 2888573 
902 2888573 
903 2888574 
904 2888574 
905 2888574 
906 2888574 
907 2888575 
908 2888575 
909 2888576 
910 2888576 
911 2888576 
912 2888576 
913 2888577 
914 2888577 
915 2888578 
916 2888578 
917 2888578 
918 2888579 
919 2888579 
920 2888579 
921 2888579 
922 2888580 
923 2888580 
924 2888580 
925 2888581 
926 2888581 
927 2888581 
928 2888581 
929 2888582 
930 2888582 
931 2888582 
932 2888582 
933 2888583 
934 2888583 
935 2888583 
936 2888583 
937 2888584 
938 2888584 
939 2888584 
940 2888585 
941 2888585 
942 2888585 
943 2888586 
944 2888586 
945 2888586 
946 2888587 
947 2888587 
948 2888588 
949 2888588 
950 2888588 
951 2888589 
952 2888589 
953 2888589 
954 2888589 
955 2888590 
956 2888590 
957 2888590 
958 2888591 
959 2888591 
960 2888591 
961 2888592 
962 2888592 
963 2888592 
964 2888593 
965 2888593 
966 2888593 
967 2888594 
968 2888594 
969 2888594 
970 2888594 
971 2888595 
972 2888595 
973 2888598 
974 2888599 
975 2888599 
976 2888599 
977 2888604 
978 2888604 
979 2888633 
980 2888634 
981 2888634 
982 2888634 
983 2888645 
984 2888645 
985 2888654 
986 2888657 
987 2888658 
988 2888661 
989 2888661 
990 2888672 
991 2888672 
992 2888673 
993 2888674 
994 2888678 
995 2888678 
996 2888678 
997 2888679 
998 2888682 
999 2888682 
1000 2888682 
1001 2888688 
1002 2888689 
1003 2888689 
1004 2888696 
1005 2888703 
1006 2888703 
1007 2888703 
1008 2888704 
1009 2888704 
1010 2888704 
1011 2888705 
1012 2888714 
1013 2888720 
1014 2888723 
1015 2888724 
1016 2888727 
1017 2888727 
1018 2888727 
1019 2888727 
1020 2888729 
1021 2888733 
1022 2888733 
1023 2888735 
1024 2888738 
1025 2888739 
1026 2888741 
1027 2888741 
1028 2888742 
1029 2888743 
1030 2888743 
1031 2888743 
1032 2888744 
1033 2888748 
1034 2888751 
1035 2888751 
1036 2888755 
1037 2888756 
1038 2888769 
1039 2888770 
1040 2888772 
1041 2888773 
1042 2888773 
1043 2888776 
1044 2888777 
1045 2888777 
1046 2888784 
1047 2888794 
1048 2888796 
1049 2888800 
1050 2888808 
1051 2888808 
1052 2888808 
1053 2888820 
1054 2888820 
1055 2888821 
1056 2888821 
1057 2888836 
1058 2888863 
1059 2888864 
1060 2888864 
1061 2888864 
1062 2888864 
1063 2888865 
1064 2888865 
1065 2888875 
1066 2888875 
1067 2888898 
1068 2888913 
1069 2888921 
1070 2888922 
1071 2888926 
1072 2888926 
1073 2888926 
1074 2888929 
1075 2888930 
1076 2888930 
1077 2888931 
1078 2888935 
1079 2888936 
1080 2888944 
1081 2888945 
1082 2888945 
1083 2888951 
1084 2888951 
1085 2888952 
1086 2888952 
1087 2888963 
1088 2888963 
1089 2888966 
1090 2888966 
1091 2888972 
1092 2888979 
1093 2889006 
1094 2889006 
1095 2889006 
1096 2889008 
1097 2889008 
1098 2889009 
1099 2889009 
1100 2889010 
1101 2889010 
1102 2889010 
1103 2889010 
1104 2889011 
1105 2889011 
1106 2889012 
1107 2889013 
1108 2889017 
1109 2889019 
1110 2889019 
1111 2889020 
1112 2889025 
1113 2889030 
1114 2889033 
1115 2889033 
1116 2889036 
1117 2889036 
1118 2889042 
1119 2889047 
1120 2889047 
1121 2889050 
1122 2889052 
1123 2889055 
1124 2889058 
1125 2889058 
1126 2889061 
1127 2889062 
1128 2889062 
1129 2889064 
1130 2889065 
1131 2889065 
1132 2889072 
1133 2889076 
1134 2889076 
1135 2889076 
1136 2889082 
1137 2889085 
1138 2889085 
1139 2889094 
1140 2889094 
1141 2889111 
1142 2889114 
1143 2889127 
1144 2889127 
1145 2889128 
1146 2889128 
1147 2889129 
1148 2889129 
1149 2889129 
1150 2889130 
1151 2889137 
1152 2889141 
1153 2889142 
1154 2889150 
1155 2889152 
1156 2889183 
1157 2889183 
1158 2889189 
1159 2889191 
1160 2889192 
1161 2889192 
1162 2889194 
1163 2889196 
1164 2889196 
1165 2889197 
1166 2889197 
1167 2889201 
1168 2889202 
1169 2889202 
1170 2889205 
1171 2889206 
1172 2889214 
1173 2889217 
1174 2889218 
1175 2889218 
1176 2889230 
1177 2889232 
1178 2889232 
1179 2889236 
1180 2889240 
1181 2889241 
1182 2889254 
1183 2889256 
1184 2889256 
1185 2889257 
1186 2889257 
1187 2889257 
1188 2889277 
1189 2889295 
1190 2889295 
1191 2889295 
1192 2889297 
1193 2889304 
1194 2889309 
1195 2889309 
1196 2889311 
1197 2889311 
1198 2889312 
1199 2889316 
1200 2889316 
1201 2889316 
1202 2889317 
1203 2889319 
1204 2889326 
1205 2889338 
1206 2889371 
1207 2889372 
1208 2889385 
1209 2889397 
1210 2889400 
1211 2889404 
1212 2889406 
1213 2889409 
1214 2889423 
1215 2889425 
1216 2889428 
1217 2889428 
1218 2889429 
1219 2889433 
1220 2889434 
1221 2889434 
1222 2889435 
1223 2889435 
1224 2889436 
1225 2889436 
1226 2889437 
1227 2889445 
1228 2889466 
1229 2889469 
1230 2889472 
1231 2889472 
1232 2889480 
1233 2889487 
1234 2889487 
1235 2889492 
1236 2889499 
1237 2889500 
1238 2889524 
1239 2889526 
1240 2889530 
1241 2889530 
1242 2889530 
1243 2889535 
1244 2889537 
1245 2889538 
1246 2889539 
1247 2889541 
1248 2889541 
1249 2889541 
1250 2889544 
1251 2889544 
1252 2889545 
1253 2889545 
1254 2889545 
1255 2889545 
1256 2889546 
1257 2889546 
1258 2889546 
1259 2889547 
1260 2889553 
1261 2889556 
1262 2889557 
1263 2889559 
1264 2889559 
1265 2889561 
1266 2889562 
1267 2889563 
1268 2889563 
1269 2889564 
1270 2889565 
1271 2889566 
1272 2889566 
1273 2889567 
1274 2889572 
1275 2889573 
1276 2889576 
1277 2889583 
1278 2889585 
1279 2889589 
1280 2889605 
1281 2889606 
1282 2889606 
1283 2889606 
1284 2889607 
1285 2889607 
1286 2889625 
1287 2889626 
1288 2889626 
1289 2889627 
1290 2889627 
1291 2889627 
1292 2889628 
1293 2889628 
1294 2889628 
1295 2889629 
1296 2889629 
1297 2889629 
1298 2889630 
1299 2889631 
1300 2889631 
1301 2889631 
1302 2889632 
1303 2889632 
1304 2889634 
1305 2889638 
1306 2889641 
1307 2889641 
1308 2889642 
1309 2889642 
1310 2889642 
1311 2889643 
1312 2889645 
1313 2889648 
1314 2889652 
1315 2889653 
1316 2889655 
1317 2889658 
1318 2889658 
1319 2889658 
1320 2889658 
1321 2889660 
1322 2889661 
1323 2889661 
1324 2889661 
1325 2889663 
1326 2889663 
1327 2889663 
1328 2889664 
1329 2889664 
1330 2889664 
1331 2889664 
1332 2889664 
1333 2889667 
1334 2889705 
1335 2889706 
1336 2889706 
1337 2889706 
1338 2889706 
1339 2889707 
1340 2889717 
1341 2889717 
1342 2889719 
1343 2889719 
1344 2889720 
1345 2889741 
1346 2889745 
1347 2889748 
1348 2889758 
1349 2889758 
1350 2889762 
1351 2889762 
1352 2889765 
1353 2889769 
1354 2889774 
1355 2889776 
1356 2889781 
1357 2889781 
1358 2889782 
1359 2889782 
1360 2889783 
1361 2889783 
1362 2889783 
1363 2889784 
1364 2889784 
1365 2889784 
1366 2889785 
1367 2889785 
1368 2889786 
1369 2889786 
1370 2889786 
1371 2889786 
1372 2889787 
1373 2889787 
1374 2889787 
1375 2889788 
1376 2889788 
1377 2889788 
1378 2889789 
1379 2889789 
1380 2889802 
1381 2889805 
1382 2889807 
1383 2889809 
1384 2889814 
1385 2889816 
1386 2889819 
1387 2889822 
1388 2889822 
1389 2889836 
1390 2889837 
1391 2889837 
1392 2889837 
1393 2889837 
1394 2889838 
1395 2889838 
1396 2889846 
1397 2889851 
1398 2889857 
1399 2889866 
1400 2889868 
1401 2889869 
1402 2889873 
1403 2889879 
1404 2889885 
1405 2889899 
1406 2889928 
1407 2889929 
1408 2889930 
1409 2889930 
1410 2889932 
1411 2889937 
1412 2889942 
1413 2889942 
1414 2889944 
1415 2889950 
1416 2889953 
1417 2889953 
1418 2889953 
1419 2889957 
1420 2889970 
1421 2889975 
1422 2889980 
1423 2889980 
1424 2889998 
1425 2890012 
1426 2890016 
1427 2890016 
1428 2890017 
1429 2890017 
1430 2890018 
1431 2890018 
1432 2890018 
1433 2890019 
1434 2890019 
1435 2890026 
1436 2890027 
1437 2890044 
1438 2890047 
1439 2890051 
1440 2890051 
1441 2890052 
1442 2890052 
1443 2890075 
1444 2890080 
1445 2890082 
1446 2890085 
1447 2890093 
1448 2890107 
1449 2890108 
1450 2890108 
1451 2890109 
1452 2890109 
1453 2890113 
1454 2890118 
1455 2890119 
1456 2890119 
1457 2890124 
1458 2890156 
1459 2890157 
1460 2890167 
1461 2890168 
1462 2890168 
1463 2890169 
1464 2890171 
1465 2890175 
1466 2890175 
1467 2890175 
1468 2890177 
1469 2890178 
1470 2890178 
1471 2890179 
1472 2890179 
1473 2890179 
1474 2890180 
1475 2890180 
1476 2890181 
1477 2890182 
1478 2890184 
1479 2890189 
1480 2890190 
1481 2890191 
1482 2890192 
1483 2890193 
1484 2890193 
1485 2890193 
1486 2890207 
1487 2890208 
1488 2890209 
1489 2890209 
1490 2890210 
1491 2890210 
1492 2890210 
1493 2890210 
1494 2890211 
1495 2890212 
1496 2890218 
1497 2890219 
1498 2890219 
1499 2890220 
1500 2890220 
1501 2890228 
1502 2890229 
1503 2890230 
1504 2890247 
1505 2890248 
1506 2890250 
1507 2890250 
1508 2890251 
1509 2890253 
1510 2890254 
1511 2890256 
1512 2890259 
1513 2890259 
1514 2890267 
1515 2890277 
1516 2890278 
1517 2890280 
1518 2890280 
1519 2890280 
1520 2890286 
1521 2890286 
1522 2890291 
1523 2890292 
1524 2890294 
1525 2890295 
1526 2890299 
1527 2890300 
1528 2890313 
1529 2890313 
1530 2890314 
1531 2890321 
1532 2890321 
1533 2890332 
1534 2890335 
1535 2890342 
1536 2890343 
1537 2890343 
1538 2890356 
1539 2890357 
1540 2890357 
1541 2890362 
1542 2890378 
1543 2890379 
1544 2890380 
1545 2890380 
1546 2890381 
1547 2890381 
1548 2890387 
1549 2890387 
1550 2890388 
1551 2890391 
1552 2890397 
1553 2890397 
1554 2890399 
1555 2890406 
1556 2890411 
1557 2890416 
1558 2890417 
1559 2890419 
1560 2890420 
1561 2890422 
1562 2890423 
1563 2890442 
1564 2890459 
1565 2890471 
1566 2890480 
1567 2890481 
1568 2890481 
1569 2890484 
1570 2890502 
1571 2890503 
1572 2890506 
1573 2890508 
1574 2890509 
1575 2890523 
1576 2890524 
1577 2890530 
1578 2890535 
1579 2890542 
1580 2890542 
1581 2890550 
1582 2890557 
1583 2890565 
1584 2890570 
1585 2890573 
1586 2890576 
1587 2890584 
1588 2890616 
1589 2890616 
1590 2890622 
1591 2890623 
1592 2890623 
1593 2890631 
1594 2890641 
1595 2890642 
1596 2890645 
1597 2890650 
1598 2890655 
1599 2890658 
1600 2890666 
1601 2890671 
1602 2890676 
1603 2890697 
1604 2890701 
1605 2890701 
1606 2890703 
1607 2890704 
1608 2890704 
1609 2890709 
1610 2890713 
1611 2890714 
1612 2890715 
1613 2890723 
1614 2890727 
1615 2890735 
1616 2890736 
1617 2890736 
1618 2890737 
1619 2890745 
1620 2890745 
1621 2890749 
1622 2890749 
1623 2890752 
1624 2890763 
1625 2890763 
1626 2890766 
1627 2890767 
1628 2890772 
1629 2890773 
1630 2890773 
1631 2890774 
1632 2890791 
1633 2890799 
1634 2890800 
