1 2912400 
2 2912400 
3 2912400 
4 2912400 
5 2912400 
6 2912400 
7 2912401 
8 2912401 
9 2912401 
10 2912401 
11 2912401 
12 2912401 
13 2912401 
14 2912402 
15 2912402 
16 2912402 
17 2912402 
18 2912403 
19 2912403 
20 2912403 
21 2912403 
22 2912404 
23 2912404 
24 2912404 
25 2912404 
26 2912404 
27 2912405 
28 2912405 
29 2912405 
30 2912405 
31 2912406 
32 2912406 
33 2912406 
34 2912406 
35 2912407 
36 2912407 
37 2912407 
38 2912408 
39 2912408 
40 2912408 
41 2912409 
42 2912409 
43 2912409 
44 2912409 
45 2912410 
46 2912410 
47 2912410 
48 2912410 
49 2912410 
50 2912411 
51 2912411 
52 2912411 
53 2912411 
54 2912411 
55 2912411 
56 2912411 
57 2912411 
58 2912412 
59 2912412 
60 2912412 
61 2912413 
62 2912413 
63 2912413 
64 2912414 
65 2912414 
66 2912414 
67 2912415 
68 2912415 
69 2912415 
70 2912416 
71 2912416 
72 2912416 
73 2912416 
74 2912417 
75 2912418 
76 2912418 
77 2912420 
78 2912420 
79 2912420 
80 2912421 
81 2912421 
82 2912421 
83 2912421 
84 2912421 
85 2912424 
86 2912424 
87 2912425 
88 2912425 
89 2912425 
90 2912426 
91 2912426 
92 2912427 
93 2912427 
94 2912427 
95 2912428 
96 2912428 
97 2912429 
98 2912429 
99 2912429 
100 2912429 
101 2912429 
102 2912430 
103 2912430 
104 2912430 
105 2912431 
106 2912431 
107 2912431 
108 2912431 
109 2912432 
110 2912432 
111 2912432 
112 2912432 
113 2912432 
114 2912433 
115 2912433 
116 2912433 
117 2912433 
118 2912434 
119 2912434 
120 2912434 
121 2912434 
122 2912434 
123 2912435 
124 2912435 
125 2912435 
126 2912436 
127 2912436 
128 2912436 
129 2912436 
130 2912437 
131 2912437 
132 2912437 
133 2912437 
134 2912438 
135 2912438 
136 2912439 
137 2912439 
138 2912441 
139 2912442 
140 2912442 
141 2912442 
142 2912443 
143 2912443 
144 2912443 
145 2912443 
146 2912444 
147 2912444 
148 2912444 
149 2912446 
150 2912446 
151 2912447 
152 2912447 
153 2912448 
154 2912448 
155 2912448 
156 2912448 
157 2912449 
158 2912449 
159 2912449 
160 2912449 
161 2912449 
162 2912450 
163 2912450 
164 2912450 
165 2912450 
166 2912451 
167 2912451 
168 2912451 
169 2912451 
170 2912451 
171 2912451 
172 2912452 
173 2912452 
174 2912452 
175 2912452 
176 2912453 
177 2912453 
178 2912453 
179 2912453 
180 2912453 
181 2912454 
182 2912454 
183 2912454 
184 2912454 
185 2912455 
186 2912455 
187 2912456 
188 2912456 
189 2912457 
190 2912457 
191 2912457 
192 2912460 
193 2912460 
194 2912460 
195 2912461 
196 2912461 
197 2912461 
198 2912461 
199 2912462 
200 2912462 
201 2912462 
202 2912462 
203 2912462 
204 2912463 
205 2912463 
206 2912464 
207 2912464 
208 2912464 
209 2912464 
210 2912464 
211 2912464 
212 2912465 
213 2912465 
214 2912466 
215 2912466 
216 2912466 
217 2912466 
218 2912467 
219 2912467 
220 2912467 
221 2912467 
222 2912468 
223 2912468 
224 2912468 
225 2912468 
226 2912469 
227 2912469 
228 2912469 
229 2912469 
230 2912470 
231 2912470 
232 2912470 
233 2912471 
234 2912471 
235 2912471 
236 2912471 
237 2912471 
238 2912472 
239 2912473 
240 2912474 
241 2912475 
242 2912475 
243 2912475 
244 2912475 
245 2912475 
246 2912475 
247 2912476 
248 2912476 
249 2912476 
250 2912476 
251 2912476 
252 2912476 
253 2912476 
254 2912477 
255 2912477 
256 2912477 
257 2912478 
258 2912478 
259 2912478 
260 2912479 
261 2912479 
262 2912479 
263 2912479 
264 2912480 
265 2912480 
266 2912480 
267 2912480 
268 2912481 
269 2912481 
270 2912481 
271 2912481 
272 2912481 
273 2912482 
274 2912482 
275 2912482 
276 2912482 
277 2912482 
278 2912482 
279 2912482 
280 2912483 
281 2912483 
282 2912483 
283 2912483 
284 2912483 
285 2912483 
286 2912484 
287 2912484 
288 2912484 
289 2912484 
290 2912484 
291 2912485 
292 2912485 
293 2912485 
294 2912485 
295 2912485 
296 2912485 
297 2912486 
298 2912486 
299 2912486 
300 2912486 
301 2912486 
302 2912487 
303 2912487 
304 2912487 
305 2912487 
306 2912487 
307 2912487 
308 2912488 
309 2912488 
310 2912488 
311 2912488 
312 2912488 
313 2912489 
314 2912489 
315 2912489 
316 2912490 
317 2912490 
318 2912490 
319 2912490 
320 2912490 
321 2912491 
322 2912491 
323 2912492 
324 2912493 
325 2912493 
326 2912493 
327 2912493 
328 2912493 
329 2912494 
330 2912494 
331 2912494 
332 2912495 
333 2912495 
334 2912495 
335 2912495 
336 2912495 
337 2912496 
338 2912496 
339 2912496 
340 2912496 
341 2912497 
342 2912497 
343 2912497 
344 2912498 
345 2912498 
346 2912498 
347 2912499 
348 2912499 
349 2912499 
350 2912500 
351 2912500 
352 2912500 
353 2912500 
354 2912501 
355 2912501 
356 2912501 
357 2912501 
358 2912502 
359 2912502 
360 2912502 
361 2912502 
362 2912502 
363 2912502 
364 2912503 
365 2912503 
366 2912503 
367 2912503 
368 2912503 
369 2912504 
370 2912504 
371 2912504 
372 2912505 
373 2912505 
374 2912505 
375 2912506 
376 2912507 
377 2912507 
378 2912507 
379 2912508 
380 2912508 
381 2912509 
382 2912509 
383 2912509 
384 2912509 
385 2912510 
386 2912510 
387 2912511 
388 2912512 
389 2912512 
390 2912512 
391 2912513 
392 2912513 
393 2912514 
394 2912514 
395 2912514 
396 2912514 
397 2912515 
398 2912515 
399 2912517 
400 2912517 
401 2912518 
402 2912518 
403 2912518 
404 2912518 
405 2912519 
406 2912519 
407 2912519 
408 2912519 
409 2912520 
410 2912520 
411 2912520 
412 2912520 
413 2912521 
414 2912521 
415 2912521 
416 2912521 
417 2912521 
418 2912522 
419 2912522 
420 2912522 
421 2912523 
422 2912523 
423 2912523 
424 2912523 
425 2912524 
426 2912524 
427 2912524 
428 2912524 
429 2912524 
430 2912525 
431 2912525 
432 2912525 
433 2912525 
434 2912525 
435 2912526 
436 2912526 
437 2912526 
438 2912526 
439 2912526 
440 2912527 
441 2912527 
442 2912527 
443 2912527 
444 2912528 
445 2912528 
446 2912528 
447 2912528 
448 2912529 
449 2912529 
450 2912529 
451 2912529 
452 2912530 
453 2912530 
454 2912530 
455 2912530 
456 2912530 
457 2912530 
458 2912531 
459 2912531 
460 2912531 
461 2912531 
462 2912531 
463 2912532 
464 2912532 
465 2912532 
466 2912532 
467 2912532 
468 2912532 
469 2912533 
470 2912533 
471 2912533 
472 2912533 
473 2912533 
474 2912534 
475 2912534 
476 2912534 
477 2912534 
478 2912534 
479 2912534 
480 2912534 
481 2912535 
482 2912535 
483 2912535 
484 2912535 
485 2912535 
486 2912536 
487 2912536 
488 2912536 
489 2912536 
490 2912536 
491 2912537 
492 2912537 
493 2912537 
494 2912537 
495 2912537 
496 2912538 
497 2912539 
498 2912539 
499 2912539 
500 2912540 
501 2912540 
502 2912542 
503 2912542 
504 2912542 
505 2912543 
506 2912543 
507 2912544 
508 2912546 
509 2912546 
510 2912546 
511 2912546 
512 2912547 
513 2912547 
514 2912548 
515 2912548 
516 2912548 
517 2912548 
518 2912548 
519 2912549 
520 2912549 
521 2912549 
522 2912550 
523 2912550 
524 2912550 
525 2912551 
526 2912551 
527 2912551 
528 2912552 
529 2912552 
530 2912552 
531 2912552 
532 2912552 
533 2912553 
534 2912553 
535 2912553 
536 2912553 
537 2912554 
538 2912554 
539 2912555 
540 2912555 
541 2912556 
542 2912556 
543 2912556 
544 2912556 
545 2912557 
546 2912557 
547 2912557 
548 2912557 
549 2912558 
550 2912558 
551 2912558 
552 2912558 
553 2912559 
554 2912559 
555 2912559 
556 2912559 
557 2912560 
558 2912560 
559 2912560 
560 2912560 
561 2912560 
562 2912561 
563 2912561 
564 2912561 
565 2912562 
566 2912562 
567 2912562 
568 2912562 
569 2912563 
570 2912563 
571 2912563 
572 2912563 
573 2912563 
574 2912564 
575 2912564 
576 2912564 
577 2912564 
578 2912564 
579 2912565 
580 2912565 
581 2912565 
582 2912565 
583 2912566 
584 2912566 
585 2912566 
586 2912566 
587 2912566 
588 2912567 
589 2912567 
590 2912567 
591 2912567 
592 2912568 
593 2912568 
594 2912568 
595 2912569 
596 2912569 
597 2912569 
598 2912569 
599 2912570 
600 2912570 
601 2912571 
602 2912571 
603 2912571 
604 2912571 
605 2912571 
606 2912572 
607 2912572 
608 2912572 
609 2912572 
610 2912573 
611 2912573 
612 2912573 
613 2912573 
614 2912574 
615 2912574 
616 2912574 
617 2912574 
618 2912575 
619 2912575 
620 2912575 
621 2912575 
622 2912576 
623 2912576 
624 2912576 
625 2912576 
626 2912577 
627 2912577 
628 2912577 
629 2912578 
630 2912578 
631 2912578 
632 2912578 
633 2912579 
634 2912579 
635 2912579 
636 2912579 
637 2912580 
638 2912580 
639 2912580 
640 2912580 
641 2912580 
642 2912580 
643 2912580 
644 2912581 
645 2912581 
646 2912581 
647 2912581 
648 2912582 
649 2912582 
650 2912582 
651 2912582 
652 2912583 
653 2912583 
654 2912583 
655 2912583 
656 2912584 
657 2912584 
658 2912584 
659 2912584 
660 2912584 
661 2912584 
662 2912584 
663 2912585 
664 2912585 
665 2912585 
666 2912586 
667 2912586 
668 2912586 
669 2912586 
670 2912587 
671 2912587 
672 2912587 
673 2912587 
674 2912587 
675 2912587 
676 2912588 
677 2912588 
678 2912588 
679 2912588 
680 2912588 
681 2912589 
682 2912589 
683 2912589 
684 2912589 
685 2912590 
686 2912590 
687 2912591 
688 2912591 
689 2912591 
690 2912591 
691 2912592 
692 2912592 
693 2912592 
694 2912592 
695 2912593 
696 2912593 
697 2912593 
698 2912593 
699 2912594 
700 2912594 
701 2912594 
702 2912594 
703 2912594 
704 2912595 
705 2912595 
706 2912595 
707 2912596 
708 2912596 
709 2912596 
710 2912596 
711 2912597 
712 2912597 
713 2912597 
714 2912597 
715 2912598 
716 2912598 
717 2912600 
718 2912600 
719 2912600 
720 2912601 
721 2912601 
722 2912601 
723 2912602 
724 2912602 
725 2912602 
726 2912602 
727 2912603 
728 2912603 
729 2912604 
730 2912605 
731 2912605 
732 2912605 
733 2912606 
734 2912606 
735 2912606 
736 2912606 
737 2912607 
738 2912607 
739 2912607 
740 2912608 
741 2912608 
742 2912608 
743 2912608 
744 2912608 
745 2912609 
746 2912609 
747 2912609 
748 2912609 
749 2912609 
750 2912610 
751 2912610 
752 2912610 
753 2912610 
754 2912610 
755 2912611 
756 2912611 
757 2912611 
758 2912611 
759 2912612 
760 2912612 
761 2912612 
762 2912612 
763 2912612 
764 2912612 
765 2912613 
766 2912613 
767 2912613 
768 2912613 
769 2912613 
770 2912614 
771 2912614 
772 2912614 
773 2912614 
774 2912615 
775 2912615 
776 2912615 
777 2912615 
778 2912615 
779 2912615 
780 2912616 
781 2912616 
782 2912616 
783 2912616 
784 2912616 
785 2912617 
786 2912617 
787 2912617 
788 2912617 
789 2912618 
790 2912618 
791 2912618 
792 2912620 
793 2912620 
794 2912621 
795 2912621 
796 2912622 
797 2912622 
798 2912623 
799 2912623 
800 2912623 
801 2912624 
802 2912624 
803 2912624 
804 2912627 
805 2912627 
806 2912627 
807 2912628 
808 2912628 
809 2912628 
810 2912629 
811 2912629 
812 2912629 
813 2912629 
814 2912630 
815 2912630 
816 2912630 
817 2912631 
818 2912631 
819 2912631 
820 2912631 
821 2912631 
822 2912632 
823 2912632 
824 2912632 
825 2912633 
826 2912633 
827 2912633 
828 2912633 
829 2912633 
830 2912633 
831 2912634 
832 2912634 
833 2912634 
834 2912634 
835 2912634 
836 2912634 
837 2912635 
838 2912635 
839 2912635 
840 2912635 
841 2912636 
842 2912636 
843 2912636 
844 2912636 
845 2912636 
846 2912636 
847 2912636 
848 2912637 
849 2912637 
850 2912637 
851 2912638 
852 2912638 
853 2912638 
854 2912638 
855 2912639 
856 2912639 
857 2912639 
858 2912640 
859 2912640 
860 2912640 
861 2912640 
862 2912641 
863 2912641 
864 2912641 
865 2912641 
866 2912642 
867 2912642 
868 2912642 
869 2912642 
870 2912643 
871 2912643 
872 2912644 
873 2912644 
874 2912644 
875 2912645 
876 2912645 
877 2912646 
878 2912646 
879 2912647 
880 2912647 
881 2912647 
882 2912647 
883 2912647 
884 2912648 
885 2912648 
886 2912648 
887 2912649 
888 2912649 
889 2912649 
890 2912650 
891 2912651 
892 2912652 
893 2912652 
894 2912653 
895 2912653 
896 2912654 
897 2912654 
898 2912654 
899 2912655 
900 2912655 
901 2912655 
902 2912655 
903 2912656 
904 2912656 
905 2912656 
906 2912656 
907 2912657 
908 2912657 
909 2912657 
910 2912657 
911 2912657 
912 2912658 
913 2912658 
914 2912658 
915 2912658 
916 2912659 
917 2912659 
918 2912659 
919 2912659 
920 2912660 
921 2912660 
922 2912660 
923 2912660 
924 2912661 
925 2912661 
926 2912661 
927 2912661 
928 2912662 
929 2912662 
930 2912663 
931 2912663 
932 2912663 
933 2912664 
934 2912664 
935 2912664 
936 2912664 
937 2912665 
938 2912665 
939 2912665 
940 2912665 
941 2912666 
942 2912666 
943 2912666 
944 2912667 
945 2912667 
946 2912667 
947 2912667 
948 2912668 
949 2912668 
950 2912668 
951 2912668 
952 2912669 
953 2912669 
954 2912669 
955 2912669 
956 2912669 
957 2912670 
958 2912670 
959 2912671 
960 2912671 
961 2912671 
962 2912671 
963 2912671 
964 2912672 
965 2912672 
966 2912672 
967 2912672 
968 2912672 
969 2912673 
970 2912673 
971 2912674 
972 2912674 
973 2912674 
974 2912675 
975 2912675 
976 2912675 
977 2912675 
978 2912676 
979 2912676 
980 2912676 
981 2912677 
982 2912677 
983 2912677 
984 2912677 
985 2912677 
986 2912678 
987 2912678 
988 2912678 
989 2912678 
990 2912678 
991 2912679 
992 2912679 
993 2912679 
994 2912679 
995 2912679 
996 2912679 
997 2912680 
998 2912680 
999 2912680 
1000 2912680 
1001 2912681 
1002 2912681 
1003 2912681 
1004 2912681 
1005 2912682 
1006 2912682 
1007 2912683 
1008 2912683 
1009 2912684 
1010 2912685 
1011 2912685 
1012 2912685 
1013 2912685 
1014 2912685 
1015 2912685 
1016 2912685 
1017 2912686 
1018 2912686 
1019 2912686 
1020 2912686 
1021 2912686 
1022 2912687 
1023 2912687 
1024 2912687 
1025 2912687 
1026 2912687 
1027 2912688 
1028 2912688 
1029 2912688 
1030 2912688 
1031 2912688 
1032 2912689 
1033 2912689 
1034 2912689 
1035 2912690 
1036 2912690 
1037 2912690 
1038 2912690 
1039 2912690 
1040 2912691 
1041 2912691 
1042 2912691 
1043 2912692 
1044 2912693 
1045 2912694 
1046 2912695 
1047 2912696 
1048 2912697 
1049 2912697 
1050 2912697 
1051 2912697 
1052 2912697 
1053 2912697 
1054 2912698 
1055 2912698 
1056 2912698 
1057 2912698 
1058 2912699 
1059 2912699 
1060 2912699 
1061 2912700 
1062 2912700 
1063 2912700 
1064 2912701 
1065 2912701 
1066 2912701 
1067 2912702 
1068 2912702 
1069 2912702 
1070 2912703 
1071 2912703 
1072 2912703 
1073 2912703 
1074 2912704 
1075 2912704 
1076 2912704 
1077 2912705 
1078 2912705 
1079 2912705 
1080 2912706 
1081 2912706 
1082 2912706 
1083 2912706 
1084 2912707 
1085 2912707 
1086 2912707 
1087 2912708 
1088 2912708 
1089 2912709 
1090 2912709 
1091 2912709 
1092 2912709 
1093 2912710 
1094 2912710 
1095 2912710 
1096 2912711 
1097 2912711 
1098 2912711 
1099 2912712 
1100 2912712 
1101 2912712 
1102 2912713 
1103 2912713 
1104 2912713 
1105 2912714 
1106 2912715 
1107 2912715 
1108 2912715 
1109 2912715 
1110 2912715 
1111 2912717 
1112 2912717 
1113 2912717 
1114 2912718 
1115 2912718 
1116 2912718 
1117 2912718 
1118 2912718 
1119 2912718 
1120 2912719 
1121 2912719 
1122 2912719 
1123 2912719 
1124 2912719 
1125 2912719 
1126 2912720 
1127 2912720 
1128 2912720 
1129 2912720 
1130 2912720 
1131 2912721 
1132 2912721 
1133 2912721 
1134 2912721 
1135 2912721 
1136 2912722 
1137 2912722 
1138 2912722 
1139 2912722 
1140 2912722 
1141 2912722 
1142 2912723 
1143 2912723 
1144 2912723 
1145 2912724 
1146 2912724 
1147 2912724 
1148 2912725 
1149 2912725 
1150 2912725 
1151 2912726 
1152 2912726 
1153 2912726 
1154 2912727 
1155 2912727 
1156 2912727 
1157 2912727 
1158 2912728 
1159 2912728 
1160 2912728 
1161 2912728 
1162 2912729 
1163 2912729 
1164 2912729 
1165 2912729 
1166 2912730 
1167 2912730 
1168 2912730 
1169 2912730 
1170 2912730 
1171 2912731 
1172 2912731 
1173 2912731 
1174 2912731 
1175 2912731 
1176 2912732 
1177 2912732 
1178 2912732 
1179 2912732 
1180 2912733 
1181 2912733 
1182 2912733 
1183 2912733 
1184 2912734 
1185 2912734 
1186 2912734 
1187 2912735 
1188 2912735 
1189 2912735 
1190 2912735 
1191 2912736 
1192 2912736 
1193 2912736 
1194 2912737 
1195 2912737 
1196 2912737 
1197 2912737 
1198 2912738 
1199 2912738 
1200 2912738 
1201 2912738 
1202 2912739 
1203 2912739 
1204 2912739 
1205 2912740 
1206 2912740 
1207 2912740 
1208 2912740 
1209 2912740 
1210 2912741 
1211 2912741 
1212 2912741 
1213 2912741 
1214 2912742 
1215 2912742 
1216 2912742 
1217 2912742 
1218 2912742 
1219 2912742 
1220 2912743 
1221 2912743 
1222 2912743 
1223 2912743 
1224 2912743 
1225 2912744 
1226 2912744 
1227 2912744 
1228 2912744 
1229 2912744 
1230 2912745 
1231 2912745 
1232 2912745 
1233 2912745 
1234 2912746 
1235 2912746 
1236 2912746 
1237 2912746 
1238 2912746 
1239 2912747 
1240 2912747 
1241 2912747 
1242 2912747 
1243 2912747 
1244 2912748 
1245 2912748 
1246 2912748 
1247 2912748 
1248 2912748 
1249 2912748 
1250 2912749 
1251 2912749 
1252 2912749 
1253 2912749 
1254 2912749 
1255 2912750 
1256 2912750 
1257 2912750 
1258 2912750 
1259 2912751 
1260 2912751 
1261 2912751 
1262 2912751 
1263 2912751 
1264 2912752 
1265 2912752 
1266 2912752 
1267 2912753 
1268 2912753 
1269 2912753 
1270 2912753 
1271 2912755 
1272 2912755 
1273 2912756 
1274 2912756 
1275 2912756 
1276 2912757 
1277 2912757 
1278 2912757 
1279 2912757 
1280 2912757 
1281 2912757 
1282 2912758 
1283 2912758 
1284 2912758 
1285 2912758 
1286 2912758 
1287 2912759 
1288 2912759 
1289 2912759 
1290 2912759 
1291 2912759 
1292 2912760 
1293 2912760 
1294 2912760 
1295 2912761 
1296 2912761 
1297 2912761 
1298 2912762 
1299 2912762 
1300 2912762 
1301 2912762 
1302 2912763 
1303 2912763 
1304 2912763 
1305 2912763 
1306 2912764 
1307 2912764 
1308 2912764 
1309 2912764 
1310 2912765 
1311 2912765 
1312 2912765 
1313 2912765 
1314 2912766 
1315 2912766 
1316 2912766 
1317 2912766 
1318 2912766 
1319 2912767 
1320 2912767 
1321 2912767 
1322 2912767 
1323 2912768 
1324 2912768 
1325 2912768 
1326 2912768 
1327 2912769 
1328 2912769 
1329 2912770 
1330 2912770 
1331 2912771 
1332 2912771 
1333 2912771 
1334 2912771 
1335 2912772 
1336 2912772 
1337 2912772 
1338 2912772 
1339 2912773 
1340 2912773 
1341 2912773 
1342 2912773 
1343 2912773 
1344 2912773 
1345 2912774 
1346 2912774 
1347 2912774 
1348 2912775 
1349 2912775 
1350 2912775 
1351 2912775 
1352 2912776 
1353 2912776 
1354 2912777 
1355 2912777 
1356 2912778 
1357 2912778 
1358 2912778 
1359 2912780 
1360 2912780 
1361 2912781 
1362 2912781 
1363 2912781 
1364 2912781 
1365 2912781 
1366 2912782 
1367 2912782 
1368 2912782 
1369 2912782 
1370 2912783 
1371 2912783 
1372 2912783 
1373 2912783 
1374 2912783 
1375 2912784 
1376 2912784 
1377 2912784 
1378 2912784 
1379 2912784 
1380 2912784 
1381 2912785 
1382 2912785 
1383 2912785 
1384 2912786 
1385 2912786 
1386 2912786 
1387 2912786 
1388 2912786 
1389 2912787 
1390 2912787 
1391 2912787 
1392 2912788 
1393 2912788 
1394 2912788 
1395 2912788 
1396 2912792 
1397 2912792 
1398 2912792 
1399 2912793 
1400 2912793 
1401 2912793 
1402 2912794 
1403 2912794 
1404 2912794 
1405 2912794 
1406 2912794 
1407 2912794 
1408 2912795 
1409 2912795 
1410 2912795 
1411 2912796 
1412 2912796 
1413 2912796 
1414 2912798 
1415 2912798 
1416 2912799 
1417 2912799 
1418 2912799 
1419 2912800 
1420 2912800 
1421 2912801 
1422 2912801 
1423 2912801 
1424 2912801 
1425 2912801 
1426 2912802 
1427 2912802 
1428 2912802 
1429 2912802 
1430 2912803 
1431 2912803 
1432 2912803 
1433 2912803 
1434 2912803 
1435 2912804 
1436 2912804 
1437 2912804 
1438 2912804 
1439 2912805 
1440 2912805 
1441 2912805 
1442 2912805 
1443 2912806 
1444 2912808 
1445 2912809 
1446 2912810 
1447 2912810 
1448 2912810 
1449 2912811 
1450 2912811 
1451 2912811 
1452 2912811 
1453 2912812 
1454 2912812 
1455 2912812 
1456 2912812 
1457 2912813 
1458 2912813 
1459 2912814 
1460 2912814 
1461 2912814 
1462 2912815 
1463 2912815 
1464 2912815 
1465 2912816 
1466 2912816 
1467 2912816 
1468 2912816 
1469 2912817 
1470 2912817 
1471 2912817 
1472 2912817 
1473 2912817 
1474 2912818 
1475 2912818 
1476 2912819 
1477 2912819 
1478 2912819 
1479 2912820 
1480 2912820 
1481 2912821 
1482 2912821 
1483 2912822 
1484 2912823 
1485 2912823 
1486 2912823 
1487 2912823 
1488 2912824 
1489 2912824 
1490 2912825 
1491 2912825 
1492 2912825 
1493 2912826 
1494 2912826 
1495 2912827 
1496 2912827 
1497 2912828 
1498 2912828 
1499 2912828 
1500 2912829 
1501 2912829 
1502 2912829 
1503 2912829 
1504 2912829 
1505 2912829 
1506 2912830 
1507 2912830 
1508 2912830 
1509 2912830 
1510 2912831 
1511 2912831 
1512 2912831 
1513 2912831 
1514 2912832 
1515 2912832 
1516 2912832 
1517 2912832 
1518 2912832 
1519 2912833 
1520 2912833 
1521 2912833 
1522 2912833 
1523 2912834 
1524 2912834 
1525 2912834 
1526 2912834 
1527 2912835 
1528 2912835 
1529 2912836 
1530 2912836 
1531 2912836 
1532 2912836 
1533 2912837 
1534 2912837 
1535 2912837 
1536 2912837 
1537 2912837 
1538 2912838 
1539 2912838 
1540 2912838 
1541 2912839 
1542 2912839 
1543 2912839 
1544 2912839 
1545 2912839 
1546 2912840 
1547 2912840 
1548 2912840 
1549 2912841 
1550 2912841 
1551 2912841 
1552 2912841 
1553 2912842 
1554 2912842 
1555 2912842 
1556 2912842 
1557 2912843 
1558 2912843 
1559 2912843 
1560 2912843 
1561 2912844 
1562 2912844 
1563 2912844 
1564 2912844 
1565 2912844 
1566 2912845 
1567 2912845 
1568 2912845 
1569 2912846 
1570 2912846 
1571 2912846 
1572 2912846 
1573 2912846 
1574 2912847 
1575 2912847 
1576 2912847 
1577 2912847 
1578 2912848 
1579 2912848 
1580 2912848 
1581 2912848 
1582 2912849 
1583 2912849 
1584 2912849 
1585 2912849 
1586 2912849 
1587 2912850 
1588 2912850 
1589 2912850 
1590 2912850 
1591 2912850 
1592 2912851 
1593 2912851 
1594 2912851 
1595 2912851 
1596 2912852 
1597 2912852 
1598 2912852 
1599 2912852 
1600 2912852 
1601 2912853 
1602 2912853 
1603 2912854 
1604 2912854 
1605 2912854 
1606 2912855 
1607 2912855 
1608 2912856 
1609 2912856 
1610 2912856 
1611 2912857 
1612 2912857 
1613 2912857 
1614 2912858 
1615 2912858 
1616 2912858 
1617 2912859 
1618 2912859 
1619 2912859 
1620 2912859 
1621 2912860 
1622 2912860 
1623 2912860 
1624 2912860 
1625 2912860 
1626 2912861 
1627 2912861 
1628 2912863 
1629 2912863 
1630 2912863 
1631 2912863 
1632 2912863 
1633 2912864 
1634 2912864 
1635 2912864 
1636 2912865 
1637 2912865 
1638 2912865 
1639 2912866 
1640 2912866 
1641 2912867 
1642 2912868 
1643 2912869 
1644 2912873 
1645 2912873 
1646 2912875 
1647 2912875 
1648 2912876 
1649 2912876 
1650 2912876 
1651 2912876 
1652 2912876 
1653 2912877 
1654 2912877 
1655 2912877 
1656 2912878 
1657 2912878 
1658 2912878 
1659 2912878 
1660 2912879 
1661 2912879 
1662 2912879 
1663 2912879 
1664 2912879 
1665 2912880 
1666 2912880 
1667 2912880 
1668 2912880 
1669 2912880 
1670 2912881 
1671 2912881 
1672 2912881 
1673 2912882 
1674 2912882 
1675 2912882 
1676 2912882 
1677 2912882 
1678 2912883 
1679 2912883 
1680 2912883 
1681 2912883 
1682 2912883 
1683 2912884 
1684 2912884 
1685 2912884 
1686 2912884 
1687 2912885 
1688 2912885 
1689 2912885 
1690 2912885 
1691 2912886 
1692 2912886 
1693 2912887 
1694 2912887 
1695 2912888 
1696 2912888 
1697 2912888 
1698 2912888 
1699 2912889 
1700 2912889 
1701 2912889 
1702 2912889 
1703 2912890 
1704 2912890 
1705 2912890 
1706 2912890 
1707 2912890 
1708 2912891 
1709 2912891 
1710 2912891 
1711 2912892 
1712 2912892 
1713 2912892 
1714 2912893 
1715 2912893 
1716 2912893 
1717 2912894 
1718 2912894 
1719 2912894 
1720 2912894 
1721 2912895 
1722 2912895 
1723 2912895 
1724 2912895 
1725 2912895 
1726 2912895 
1727 2912896 
1728 2912896 
1729 2912896 
1730 2912896 
1731 2912897 
1732 2912897 
1733 2912897 
1734 2912897 
1735 2912898 
1736 2912898 
1737 2912898 
1738 2912898 
1739 2912898 
1740 2912899 
1741 2912899 
1742 2912899 
1743 2912899 
1744 2912900 
1745 2912900 
1746 2912901 
1747 2912901 
1748 2912901 
1749 2912904 
1750 2912905 
1751 2912905 
1752 2912906 
1753 2912906 
1754 2912906 
1755 2912910 
1756 2912910 
1757 2912910 
1758 2912911 
1759 2912911 
1760 2912911 
1761 2912911 
1762 2912912 
1763 2912912 
1764 2912912 
1765 2912912 
1766 2912912 
1767 2912913 
1768 2912913 
1769 2912913 
1770 2912913 
1771 2912913 
1772 2912914 
1773 2912914 
1774 2912914 
1775 2912914 
1776 2912914 
1777 2912915 
1778 2912915 
1779 2912915 
1780 2912916 
1781 2912917 
1782 2912917 
1783 2912918 
1784 2912918 
1785 2912918 
1786 2912919 
1787 2912919 
1788 2912919 
1789 2912920 
1790 2912920 
1791 2912920 
1792 2912921 
1793 2912921 
1794 2912921 
1795 2912921 
1796 2912923 
1797 2912923 
1798 2912923 
1799 2912924 
1800 2912924 
1801 2912925 
1802 2912925 
1803 2912925 
1804 2912925 
1805 2912928 
1806 2912928 
1807 2912928 
1808 2912929 
1809 2912929 
1810 2912929 
1811 2912929 
1812 2912930 
1813 2912930 
1814 2912931 
1815 2912931 
1816 2912931 
1817 2912931 
1818 2912932 
1819 2912932 
1820 2912933 
1821 2912933 
1822 2912933 
1823 2912934 
1824 2912934 
1825 2912934 
1826 2912936 
1827 2912936 
1828 2912936 
1829 2912937 
1830 2912937 
1831 2912937 
1832 2912937 
1833 2912937 
1834 2912938 
1835 2912938 
1836 2912938 
1837 2912938 
1838 2912938 
1839 2912938 
1840 2912939 
1841 2912939 
1842 2912939 
1843 2912939 
1844 2912940 
1845 2912940 
1846 2912940 
1847 2912940 
1848 2912941 
1849 2912941 
1850 2912941 
1851 2912941 
1852 2912941 
1853 2912942 
1854 2912942 
1855 2912942 
1856 2912942 
1857 2912942 
1858 2912943 
1859 2912943 
1860 2912943 
1861 2912943 
1862 2912943 
1863 2912944 
1864 2912944 
1865 2912944 
1866 2912945 
1867 2912945 
1868 2912945 
1869 2912945 
1870 2912947 
1871 2912947 
1872 2912947 
1873 2912948 
1874 2912948 
1875 2912948 
1876 2912948 
1877 2912949 
1878 2912949 
1879 2912951 
1880 2912952 
1881 2912952 
1882 2912952 
1883 2912952 
1884 2912953 
1885 2912953 
1886 2912953 
1887 2912953 
1888 2912953 
1889 2912953 
1890 2912956 
1891 2912957 
1892 2912957 
1893 2912957 
1894 2912957 
1895 2912958 
1896 2912959 
1897 2912959 
1898 2912960 
1899 2912961 
1900 2912961 
1901 2912962 
1902 2912962 
1903 2912962 
1904 2912963 
1905 2912963 
1906 2912963 
1907 2912964 
1908 2912964 
1909 2912964 
1910 2912964 
1911 2912965 
1912 2912965 
1913 2912965 
1914 2912965 
1915 2912965 
1916 2912965 
1917 2912966 
1918 2912966 
1919 2912966 
1920 2912966 
1921 2912966 
1922 2912967 
1923 2912967 
1924 2912967 
1925 2912967 
1926 2912968 
1927 2912968 
1928 2912968 
1929 2912969 
1930 2912969 
1931 2912969 
1932 2912969 
1933 2912970 
1934 2912970 
1935 2912970 
1936 2912970 
1937 2912970 
1938 2912970 
1939 2912971 
1940 2912971 
1941 2912971 
1942 2912971 
1943 2912971 
1944 2912972 
1945 2912972 
1946 2912972 
1947 2912972 
1948 2912972 
1949 2912972 
1950 2912973 
1951 2912973 
1952 2912973 
1953 2912973 
1954 2912974 
1955 2912974 
1956 2912974 
1957 2912974 
1958 2912974 
1959 2912975 
1960 2912975 
1961 2912975 
1962 2912975 
1963 2912975 
1964 2912976 
1965 2912976 
1966 2912976 
1967 2912976 
1968 2912976 
1969 2912977 
1970 2912977 
1971 2912977 
1972 2912978 
1973 2912978 
1974 2912978 
1975 2912979 
1976 2912979 
1977 2912979 
1978 2912979 
1979 2912979 
1980 2912980 
1981 2912981 
1982 2912981 
1983 2912981 
1984 2912982 
1985 2912982 
1986 2912982 
1987 2912982 
1988 2912983 
1989 2912983 
1990 2912983 
1991 2912983 
1992 2912983 
1993 2912984 
1994 2912984 
1995 2912984 
1996 2912984 
1997 2912984 
1998 2912985 
1999 2912985 
2000 2912985 
2001 2912986 
2002 2912986 
2003 2912986 
2004 2912987 
2005 2912988 
2006 2912991 
2007 2912991 
2008 2912994 
2009 2912994 
2010 2912995 
2011 2912995 
2012 2912995 
2013 2912996 
2014 2912996 
2015 2912998 
2016 2912999 
2017 2912999 
2018 2913000 
2019 2913001 
2020 2913001 
2021 2913003 
2022 2913004 
2023 2913004 
2024 2913004 
2025 2913004 
2026 2913005 
2027 2913006 
2028 2913007 
2029 2913008 
2030 2913008 
2031 2913008 
2032 2913008 
2033 2913009 
2034 2913010 
2035 2913010 
2036 2913010 
2037 2913010 
2038 2913011 
2039 2913011 
2040 2913011 
2041 2913011 
2042 2913011 
2043 2913011 
2044 2913011 
2045 2913012 
2046 2913012 
2047 2913012 
2048 2913013 
2049 2913013 
2050 2913013 
2051 2913013 
2052 2913014 
2053 2913014 
2054 2913014 
2055 2913015 
2056 2913015 
2057 2913016 
2058 2913016 
2059 2913016 
2060 2913016 
2061 2913017 
2062 2913017 
2063 2913018 
2064 2913018 
2065 2913018 
2066 2913018 
2067 2913019 
2068 2913019 
2069 2913019 
2070 2913020 
2071 2913020 
2072 2913020 
2073 2913021 
2074 2913021 
2075 2913022 
2076 2913022 
2077 2913022 
2078 2913022 
2079 2913023 
2080 2913023 
2081 2913023 
2082 2913023 
2083 2913024 
2084 2913024 
2085 2913024 
2086 2913024 
2087 2913024 
2088 2913025 
2089 2913025 
2090 2913025 
2091 2913025 
2092 2913025 
2093 2913026 
2094 2913026 
2095 2913026 
2096 2913027 
2097 2913027 
2098 2913027 
2099 2913028 
2100 2913028 
2101 2913029 
2102 2913029 
2103 2913029 
2104 2913030 
2105 2913030 
2106 2913030 
2107 2913030 
2108 2913031 
2109 2913031 
2110 2913031 
2111 2913032 
2112 2913032 
2113 2913032 
2114 2913032 
2115 2913033 
2116 2913033 
2117 2913033 
2118 2913034 
2119 2913034 
2120 2913034 
2121 2913034 
2122 2913034 
2123 2913034 
2124 2913035 
2125 2913035 
2126 2913036 
2127 2913036 
2128 2913037 
2129 2913037 
2130 2913037 
2131 2913037 
2132 2913038 
2133 2913038 
2134 2913038 
2135 2913038 
2136 2913039 
2137 2913039 
2138 2913039 
2139 2913039 
2140 2913040 
2141 2913040 
2142 2913040 
2143 2913040 
2144 2913041 
2145 2913041 
2146 2913041 
2147 2913041 
2148 2913042 
2149 2913044 
2150 2913044 
2151 2913046 
2152 2913046 
2153 2913046 
2154 2913046 
2155 2913047 
2156 2913048 
2157 2913049 
2158 2913049 
2159 2913049 
2160 2913049 
2161 2913050 
2162 2913050 
2163 2913051 
2164 2913051 
2165 2913051 
2166 2913052 
2167 2913052 
2168 2913052 
2169 2913052 
2170 2913053 
2171 2913053 
2172 2913054 
2173 2913054 
2174 2913054 
2175 2913056 
2176 2913057 
2177 2913057 
2178 2913057 
2179 2913057 
2180 2913058 
2181 2913058 
2182 2913059 
2183 2913060 
2184 2913060 
2185 2913060 
2186 2913061 
2187 2913061 
2188 2913061 
2189 2913062 
2190 2913062 
2191 2913063 
2192 2913063 
2193 2913064 
2194 2913066 
2195 2913066 
2196 2913066 
2197 2913067 
2198 2913067 
2199 2913067 
2200 2913067 
2201 2913068 
2202 2913068 
2203 2913069 
2204 2913069 
2205 2913073 
2206 2913073 
2207 2913076 
2208 2913076 
2209 2913078 
2210 2913080 
2211 2913080 
2212 2913080 
2213 2913083 
2214 2913083 
2215 2913085 
2216 2913086 
2217 2913087 
2218 2913089 
2219 2913089 
2220 2913091 
2221 2913091 
2222 2913092 
2223 2913093 
2224 2913095 
2225 2913095 
2226 2913095 
2227 2913096 
2228 2913097 
2229 2913098 
2230 2913099 
2231 2913100 
2232 2913104 
2233 2913104 
2234 2913105 
2235 2913105 
2236 2913105 
2237 2913106 
2238 2913106 
2239 2913107 
2240 2913110 
2241 2913110 
2242 2913110 
2243 2913111 
2244 2913111 
2245 2913111 
2246 2913111 
2247 2913112 
2248 2913112 
2249 2913112 
2250 2913113 
2251 2913113 
2252 2913113 
2253 2913114 
2254 2913116 
2255 2913116 
2256 2913116 
2257 2913117 
2258 2913117 
2259 2913117 
2260 2913117 
2261 2913118 
2262 2913118 
2263 2913118 
2264 2913119 
2265 2913119 
2266 2913119 
2267 2913120 
2268 2913121 
2269 2913123 
2270 2913123 
2271 2913125 
2272 2913127 
2273 2913128 
2274 2913128 
2275 2913130 
2276 2913131 
2277 2913131 
2278 2913131 
2279 2913132 
2280 2913132 
2281 2913132 
2282 2913133 
2283 2913133 
2284 2913133 
2285 2913134 
2286 2913134 
2287 2913134 
2288 2913135 
2289 2913135 
2290 2913135 
2291 2913136 
2292 2913136 
2293 2913136 
2294 2913141 
2295 2913150 
2296 2913150 
2297 2913152 
2298 2913152 
2299 2913154 
2300 2913155 
2301 2913157 
2302 2913157 
2303 2913157 
2304 2913158 
2305 2913158 
2306 2913159 
2307 2913159 
2308 2913160 
2309 2913160 
2310 2913162 
2311 2913162 
2312 2913163 
2313 2913163 
2314 2913164 
2315 2913165 
2316 2913165 
2317 2913165 
2318 2913166 
2319 2913166 
2320 2913166 
2321 2913167 
2322 2913167 
2323 2913167 
2324 2913168 
2325 2913168 
2326 2913169 
2327 2913169 
2328 2913169 
2329 2913170 
2330 2913170 
2331 2913172 
2332 2913173 
2333 2913178 
2334 2913178 
2335 2913180 
2336 2913181 
2337 2913181 
2338 2913181 
2339 2913182 
2340 2913184 
2341 2913184 
2342 2913184 
2343 2913186 
2344 2913186 
2345 2913186 
2346 2913188 
2347 2913189 
2348 2913191 
2349 2913191 
2350 2913191 
2351 2913192 
2352 2913198 
2353 2913199 
2354 2913199 
2355 2913202 
2356 2913202 
2357 2913202 
2358 2913207 
2359 2913207 
2360 2913210 
2361 2913210 
2362 2913211 
2363 2913211 
2364 2913212 
2365 2913212 
2366 2913212 
2367 2913213 
2368 2913213 
2369 2913213 
2370 2913213 
2371 2913213 
2372 2913214 
2373 2913214 
2374 2913215 
2375 2913215 
2376 2913216 
2377 2913216 
2378 2913218 
2379 2913218 
2380 2913218 
2381 2913219 
2382 2913227 
2383 2913230 
2384 2913234 
2385 2913237 
2386 2913238 
2387 2913238 
2388 2913238 
2389 2913239 
2390 2913239 
2391 2913239 
2392 2913239 
2393 2913239 
2394 2913240 
2395 2913240 
2396 2913242 
2397 2913242 
2398 2913242 
2399 2913243 
2400 2913244 
2401 2913244 
2402 2913245 
2403 2913245 
2404 2913246 
2405 2913246 
2406 2913248 
2407 2913249 
2408 2913249 
2409 2913251 
2410 2913251 
2411 2913253 
2412 2913254 
2413 2913254 
2414 2913255 
2415 2913255 
2416 2913256 
2417 2913259 
2418 2913259 
2419 2913262 
2420 2913263 
2421 2913264 
2422 2913265 
2423 2913265 
2424 2913266 
2425 2913267 
2426 2913268 
2427 2913270 
2428 2913270 
2429 2913271 
2430 2913272 
2431 2913272 
2432 2913273 
2433 2913273 
2434 2913274 
2435 2913274 
2436 2913274 
2437 2913275 
2438 2913275 
2439 2913275 
2440 2913275 
2441 2913275 
2442 2913276 
2443 2913276 
2444 2913276 
2445 2913276 
2446 2913277 
2447 2913277 
2448 2913278 
2449 2913279 
2450 2913279 
2451 2913279 
2452 2913280 
2453 2913280 
2454 2913280 
2455 2913281 
2456 2913281 
2457 2913281 
2458 2913281 
2459 2913281 
2460 2913281 
2461 2913282 
2462 2913282 
2463 2913282 
2464 2913282 
2465 2913282 
2466 2913283 
2467 2913283 
2468 2913283 
2469 2913283 
2470 2913283 
2471 2913284 
2472 2913284 
2473 2913285 
2474 2913285 
2475 2913285 
2476 2913285 
2477 2913286 
2478 2913286 
2479 2913286 
2480 2913287 
2481 2913289 
2482 2913289 
2483 2913289 
2484 2913289 
2485 2913290 
2486 2913290 
2487 2913290 
2488 2913290 
2489 2913291 
2490 2913291 
2491 2913291 
2492 2913292 
2493 2913292 
2494 2913292 
2495 2913293 
2496 2913293 
2497 2913293 
2498 2913293 
2499 2913293 
2500 2913294 
2501 2913294 
2502 2913294 
2503 2913294 
2504 2913295 
2505 2913295 
2506 2913296 
2507 2913296 
2508 2913296 
2509 2913297 
2510 2913297 
2511 2913298 
2512 2913299 
2513 2913299 
2514 2913299 
2515 2913299 
2516 2913300 
2517 2913300 
2518 2913300 
2519 2913300 
2520 2913301 
2521 2913301 
2522 2913301 
2523 2913301 
2524 2913302 
2525 2913302 
2526 2913302 
2527 2913303 
2528 2913303 
2529 2913303 
2530 2913303 
2531 2913304 
2532 2913304 
2533 2913304 
2534 2913304 
2535 2913305 
2536 2913305 
2537 2913305 
2538 2913305 
2539 2913305 
2540 2913306 
2541 2913306 
2542 2913306 
2543 2913307 
2544 2913307 
2545 2913307 
2546 2913308 
2547 2913308 
2548 2913309 
2549 2913309 
2550 2913312 
2551 2913313 
2552 2913313 
2553 2913313 
2554 2913313 
2555 2913313 
2556 2913313 
2557 2913314 
2558 2913314 
2559 2913316 
2560 2913316 
2561 2913316 
2562 2913317 
2563 2913317 
2564 2913318 
2565 2913318 
2566 2913318 
2567 2913319 
2568 2913319 
2569 2913319 
2570 2913320 
2571 2913320 
2572 2913320 
2573 2913320 
2574 2913320 
2575 2913321 
2576 2913321 
2577 2913325 
2578 2913325 
2579 2913327 
2580 2913327 
2581 2913328 
2582 2913329 
2583 2913329 
2584 2913331 
2585 2913331 
2586 2913332 
2587 2913332 
2588 2913333 
2589 2913333 
2590 2913334 
2591 2913334 
2592 2913334 
2593 2913335 
2594 2913335 
2595 2913339 
2596 2913341 
2597 2913342 
2598 2913343 
2599 2913343 
2600 2913344 
2601 2913344 
2602 2913345 
2603 2913345 
2604 2913345 
2605 2913345 
2606 2913346 
2607 2913346 
2608 2913346 
2609 2913347 
2610 2913347 
2611 2913348 
2612 2913348 
2613 2913348 
2614 2913348 
2615 2913349 
2616 2913349 
2617 2913349 
2618 2913349 
2619 2913351 
2620 2913353 
2621 2913354 
2622 2913354 
2623 2913356 
2624 2913356 
2625 2913357 
2626 2913357 
2627 2913358 
2628 2913358 
2629 2913358 
2630 2913359 
2631 2913360 
2632 2913361 
2633 2913361 
2634 2913362 
2635 2913363 
2636 2913364 
2637 2913364 
2638 2913365 
2639 2913365 
2640 2913365 
2641 2913366 
2642 2913366 
2643 2913368 
2644 2913368 
2645 2913368 
2646 2913369 
2647 2913369 
2648 2913369 
2649 2913369 
2650 2913370 
2651 2913371 
2652 2913371 
2653 2913371 
2654 2913372 
2655 2913372 
2656 2913373 
2657 2913373 
2658 2913373 
2659 2913374 
2660 2913374 
2661 2913375 
2662 2913375 
2663 2913376 
2664 2913376 
2665 2913377 
2666 2913379 
2667 2913379 
2668 2913379 
2669 2913379 
2670 2913383 
2671 2913383 
2672 2913384 
2673 2913385 
2674 2913387 
2675 2913392 
2676 2913393 
2677 2913394 
2678 2913398 
2679 2913399 
2680 2913400 
2681 2913401 
2682 2913403 
2683 2913404 
2684 2913404 
2685 2913406 
2686 2913406 
2687 2913407 
2688 2913408 
2689 2913408 
2690 2913409 
2691 2913409 
2692 2913410 
2693 2913410 
2694 2913410 
2695 2913411 
2696 2913411 
2697 2913411 
2698 2913412 
2699 2913412 
2700 2913413 
2701 2913414 
2702 2913414 
2703 2913415 
2704 2913415 
2705 2913415 
2706 2913416 
2707 2913419 
2708 2913419 
2709 2913420 
2710 2913420 
2711 2913421 
2712 2913424 
2713 2913426 
2714 2913426 
2715 2913428 
2716 2913429 
2717 2913429 
2718 2913429 
2719 2913430 
2720 2913430 
2721 2913432 
2722 2913434 
2723 2913434 
2724 2913436 
2725 2913436 
2726 2913436 
2727 2913438 
2728 2913438 
2729 2913439 
2730 2913440 
2731 2913440 
2732 2913440 
2733 2913440 
2734 2913441 
2735 2913441 
2736 2913442 
2737 2913442 
2738 2913442 
2739 2913443 
2740 2913443 
2741 2913444 
2742 2913444 
2743 2913445 
2744 2913446 
2745 2913446 
2746 2913449 
2747 2913451 
2748 2913454 
2749 2913455 
2750 2913461 
2751 2913461 
2752 2913461 
2753 2913461 
2754 2913463 
2755 2913464 
2756 2913465 
2757 2913465 
2758 2913465 
2759 2913466 
2760 2913466 
2761 2913466 
2762 2913467 
2763 2913467 
2764 2913467 
2765 2913468 
2766 2913468 
2767 2913469 
2768 2913469 
2769 2913469 
2770 2913469 
2771 2913473 
2772 2913475 
2773 2913475 
2774 2913476 
2775 2913476 
2776 2913477 
2777 2913478 
2778 2913479 
2779 2913479 
2780 2913481 
2781 2913484 
2782 2913487 
2783 2913487 
2784 2913488 
2785 2913489 
2786 2913495 
2787 2913495 
2788 2913495 
2789 2913496 
2790 2913497 
2791 2913499 
2792 2913505 
2793 2913506 
2794 2913506 
2795 2913506 
2796 2913507 
2797 2913509 
2798 2913511 
2799 2913512 
2800 2913512 
2801 2913513 
2802 2913514 
2803 2913514 
2804 2913515 
2805 2913515 
2806 2913517 
2807 2913521 
2808 2913521 
2809 2913521 
2810 2913521 
2811 2913522 
2812 2913524 
2813 2913524 
2814 2913525 
2815 2913527 
2816 2913527 
2817 2913529 
2818 2913530 
2819 2913532 
2820 2913533 
2821 2913533 
2822 2913534 
2823 2913534 
2824 2913534 
2825 2913534 
2826 2913535 
2827 2913535 
2828 2913537 
2829 2913537 
2830 2913543 
2831 2913543 
2832 2913543 
2833 2913544 
2834 2913544 
2835 2913544 
2836 2913545 
2837 2913549 
2838 2913553 
2839 2913554 
2840 2913556 
2841 2913559 
2842 2913559 
2843 2913562 
2844 2913563 
2845 2913565 
2846 2913565 
2847 2913567 
2848 2913569 
2849 2913570 
2850 2913571 
2851 2913572 
2852 2913572 
2853 2913575 
2854 2913577 
2855 2913577 
2856 2913579 
2857 2913580 
2858 2913581 
2859 2913583 
2860 2913586 
2861 2913588 
2862 2913588 
2863 2913588 
2864 2913590 
2865 2913592 
2866 2913592 
2867 2913595 
2868 2913596 
2869 2913596 
2870 2913601 
2871 2913604 
2872 2913607 
2873 2913607 
2874 2913608 
2875 2913608 
2876 2913610 
2877 2913610 
2878 2913610 
2879 2913611 
2880 2913615 
2881 2913615 
2882 2913617 
2883 2913618 
2884 2913618 
2885 2913619 
2886 2913619 
2887 2913620 
2888 2913621 
2889 2913621 
2890 2913621 
2891 2913628 
2892 2913633 
2893 2913633 
2894 2913633 
2895 2913633 
2896 2913641 
2897 2913642 
2898 2913643 
2899 2913644 
2900 2913648 
2901 2913648 
2902 2913649 
2903 2913649 
2904 2913650 
2905 2913652 
2906 2913653 
2907 2913653 
2908 2913653 
2909 2913654 
2910 2913654 
2911 2913655 
2912 2913658 
2913 2913658 
2914 2913658 
2915 2913659 
2916 2913659 
2917 2913659 
2918 2913661 
2919 2913662 
2920 2913664 
2921 2913664 
2922 2913665 
2923 2913665 
2924 2913666 
2925 2913666 
2926 2913666 
2927 2913667 
2928 2913667 
2929 2913667 
2930 2913668 
2931 2913668 
2932 2913668 
2933 2913669 
2934 2913669 
2935 2913669 
2936 2913669 
2937 2913670 
2938 2913670 
2939 2913670 
2940 2913670 
2941 2913671 
2942 2913671 
2943 2913672 
2944 2913672 
2945 2913673 
2946 2913674 
2947 2913679 
2948 2913680 
2949 2913685 
2950 2913686 
2951 2913688 
2952 2913692 
2953 2913693 
2954 2913694 
2955 2913696 
2956 2913701 
2957 2913703 
2958 2913705 
2959 2913705 
2960 2913715 
2961 2913715 
2962 2913715 
2963 2913716 
2964 2913718 
2965 2913718 
2966 2913719 
2967 2913719 
2968 2913720 
2969 2913724 
2970 2913738 
2971 2913739 
2972 2913739 
2973 2913740 
2974 2913740 
2975 2913741 
2976 2913741 
2977 2913741 
2978 2913742 
2979 2913744 
2980 2913746 
2981 2913748 
2982 2913756 
2983 2913763 
2984 2913765 
2985 2913769 
2986 2913772 
2987 2913772 
2988 2913774 
2989 2913780 
2990 2913784 
2991 2913785 
2992 2913785 
2993 2913790 
2994 2913797 
2995 2913803 
2996 2913806 
2997 2913808 
2998 2913813 
2999 2913813 
3000 2913817 
3001 2913832 
3002 2913844 
3003 2913845 
3004 2913845 
3005 2913846 
3006 2913848 
3007 2913848 
3008 2913848 
3009 2913850 
3010 2913850 
3011 2913851 
3012 2913851 
3013 2913851 
3014 2913851 
3015 2913854 
3016 2913854 
3017 2913856 
3018 2913856 
3019 2913858 
3020 2913859 
3021 2913859 
3022 2913860 
3023 2913860 
3024 2913860 
3025 2913865 
3026 2913865 
3027 2913868 
3028 2913868 
3029 2913871 
3030 2913875 
3031 2913877 
3032 2913879 
3033 2913880 
3034 2913891 
3035 2913916 
3036 2913918 
3037 2913922 
3038 2913924 
3039 2913929 
3040 2913964 
3041 2913988 
3042 2913988 
3043 2913988 
3044 2913989 
3045 2914015 
3046 2914021 
3047 2914024 
3048 2914026 
3049 2914029 
3050 2914032 
3051 2914044 
3052 2914051 
3053 2914052 
3054 2914052 
3055 2914055 
3056 2914056 
3057 2914077 
3058 2914081 
3059 2914091 
3060 2914093 
3061 2914095 
3062 2914095 
3063 2914095 
3064 2914096 
3065 2914096 
3066 2914097 
3067 2914097 
3068 2914118 
3069 2914119 
3070 2914123 
3071 2914123 
3072 2914126 
3073 2914126 
3074 2914130 
3075 2914131 
3076 2914135 
3077 2914139 
3078 2914140 
3079 2914141 
3080 2914141 
3081 2914141 
3082 2914142 
3083 2914143 
3084 2914143 
3085 2914146 
3086 2914148 
3087 2914150 
3088 2914152 
3089 2914152 
3090 2914156 
3091 2914156 
3092 2914156 
3093 2914158 
3094 2914212 
3095 2914219 
3096 2914220 
3097 2914222 
3098 2914223 
3099 2914223 
3100 2914223 
3101 2914223 
3102 2914224 
3103 2914225 
3104 2914226 
3105 2914228 
3106 2914228 
3107 2914229 
3108 2914229 
3109 2914229 
3110 2914229 
3111 2914230 
3112 2914231 
3113 2914232 
3114 2914232 
3115 2914232 
3116 2914233 
3117 2914234 
3118 2914234 
3119 2914235 
3120 2914235 
3121 2914235 
3122 2914236 
3123 2914236 
3124 2914237 
3125 2914240 
3126 2914240 
3127 2914241 
3128 2914241 
3129 2914241 
3130 2914241 
3131 2914242 
3132 2914242 
3133 2914242 
3134 2914243 
3135 2914243 
3136 2914243 
3137 2914244 
3138 2914244 
3139 2914244 
3140 2914245 
3141 2914245 
3142 2914246 
3143 2914246 
3144 2914246 
3145 2914247 
3146 2914247 
3147 2914247 
3148 2914248 
3149 2914248 
3150 2914248 
3151 2914249 
3152 2914249 
3153 2914249 
3154 2914251 
3155 2914252 
3156 2914253 
3157 2914260 
3158 2914260 
3159 2914266 
3160 2914267 
3161 2914267 
3162 2914269 
3163 2914270 
3164 2914272 
3165 2914277 
3166 2914279 
3167 2914280 
3168 2914281 
3169 2914281 
3170 2914282 
3171 2914282 
3172 2914282 
3173 2914284 
3174 2914284 
3175 2914285 
3176 2914285 
3177 2914285 
3178 2914286 
3179 2914286 
3180 2914288 
3181 2914289 
3182 2914289 
3183 2914290 
3184 2914290 
3185 2914294 
3186 2914299 
3187 2914304 
3188 2914304 
3189 2914306 
3190 2914313 
3191 2914316 
3192 2914316 
3193 2914316 
3194 2914317 
3195 2914317 
3196 2914318 
3197 2914318 
3198 2914319 
3199 2914319 
3200 2914319 
3201 2914321 
3202 2914322 
3203 2914324 
3204 2914325 
3205 2914333 
3206 2914342 
3207 2914352 
3208 2914357 
3209 2914368 
3210 2914369 
3211 2914369 
3212 2914373 
3213 2914374 
3214 2914374 
3215 2914374 
3216 2914374 
3217 2914375 
3218 2914375 
3219 2914375 
3220 2914376 
3221 2914376 
3222 2914382 
3223 2914388 
3224 2914389 
3225 2914389 
3226 2914389 
3227 2914390 
3228 2914390 
3229 2914390 
3230 2914391 
3231 2914391 
3232 2914391 
3233 2914392 
3234 2914392 
3235 2914392 
3236 2914393 
3237 2914393 
3238 2914393 
3239 2914394 
3240 2914394 
3241 2914395 
3242 2914395 
3243 2914395 
3244 2914396 
3245 2914396 
3246 2914396 
3247 2914397 
3248 2914401 
3249 2914402 
3250 2914404 
3251 2914405 
3252 2914407 
3253 2914413 
3254 2914413 
3255 2914413 
3256 2914414 
3257 2914414 
3258 2914418 
3259 2914424 
3260 2914430 
3261 2914435 
3262 2914447 
3263 2914447 
3264 2914448 
3265 2914455 
3266 2914461 
3267 2914476 
3268 2914478 
3269 2914478 
3270 2914482 
3271 2914486 
3272 2914490 
3273 2914490 
3274 2914494 
3275 2914494 
3276 2914495 
3277 2914495 
3278 2914496 
3279 2914496 
3280 2914496 
3281 2914497 
3282 2914497 
3283 2914497 
3284 2914498 
3285 2914498 
3286 2914499 
3287 2914499 
3288 2914499 
3289 2914500 
3290 2914500 
3291 2914500 
3292 2914500 
3293 2914502 
3294 2914502 
3295 2914502 
3296 2914502 
3297 2914508 
3298 2914521 
3299 2914529 
3300 2914531 
3301 2914536 
3302 2914536 
3303 2914537 
3304 2914538 
3305 2914541 
3306 2914541 
3307 2914542 
3308 2914542 
3309 2914543 
3310 2914543 
3311 2914544 
3312 2914547 
3313 2914548 
3314 2914549 
3315 2914549 
3316 2914549 
3317 2914549 
3318 2914550 
3319 2914550 
3320 2914550 
3321 2914551 
3322 2914551 
3323 2914555 
3324 2914558 
3325 2914559 
3326 2914566 
3327 2914566 
3328 2914567 
3329 2914568 
3330 2914568 
3331 2914568 
3332 2914570 
3333 2914571 
3334 2914572 
3335 2914574 
3336 2914575 
3337 2914575 
3338 2914576 
3339 2914589 
3340 2914590 
3341 2914596 
3342 2914596 
3343 2914597 
3344 2914598 
3345 2914600 
3346 2914611 
3347 2914613 
3348 2914614 
3349 2914616 
3350 2914621 
3351 2914628 
3352 2914632 
3353 2914634 
3354 2914636 
3355 2914642 
3356 2914643 
3357 2914654 
3358 2914657 
3359 2914657 
3360 2914657 
3361 2914658 
3362 2914658 
3363 2914658 
3364 2914659 
3365 2914659 
3366 2914659 
3367 2914660 
3368 2914660 
3369 2914661 
3370 2914664 
3371 2914665 
3372 2914666 
3373 2914668 
3374 2914672 
3375 2914673 
3376 2914680 
3377 2914681 
3378 2914681 
3379 2914681 
3380 2914682 
3381 2914682 
3382 2914682 
3383 2914691 
3384 2914694 
3385 2914697 
3386 2914697 
3387 2914697 
3388 2914709 
3389 2914710 
3390 2914716 
3391 2914720 
3392 2914720 
3393 2914721 
3394 2914725 
3395 2914735 
3396 2914735 
3397 2914745 
3398 2914745 
3399 2914746 
3400 2914746 
3401 2914746 
3402 2914747 
3403 2914753 
3404 2914760 
3405 2914760 
3406 2914761 
3407 2914761 
3408 2914761 
3409 2914762 
3410 2914766 
3411 2914768 
3412 2914769 
3413 2914770 
3414 2914770 
3415 2914770 
3416 2914770 
3417 2914771 
3418 2914771 
3419 2914771 
3420 2914772 
3421 2914772 
3422 2914772 
3423 2914773 
3424 2914773 
3425 2914774 
3426 2914778 
3427 2914783 
3428 2914785 
3429 2914787 
3430 2914788 
3431 2914791 
3432 2914801 
3433 2914808 
3434 2914812 
3435 2914816 
3436 2914819 
3437 2914823 
3438 2914824 
3439 2914824 
3440 2914826 
3441 2914827 
3442 2914829 
3443 2914829 
3444 2914832 
3445 2914833 
3446 2914833 
3447 2914835 
3448 2914850 
3449 2914856 
3450 2914857 
3451 2914866 
3452 2914867 
3453 2914867 
3454 2914869 
3455 2914872 
3456 2914877 
3457 2914880 
3458 2914884 
3459 2914884 
3460 2914889 
3461 2914893 
3462 2914895 
3463 2914896 
3464 2914899 
3465 2914902 
3466 2914902 
3467 2914911 
3468 2914913 
3469 2914916 
3470 2914917 
3471 2914917 
3472 2914917 
3473 2914918 
3474 2914918 
3475 2914918 
3476 2914919 
3477 2914919 
3478 2914920 
3479 2914920 
3480 2914920 
3481 2914921 
3482 2914921 
3483 2914921 
3484 2914922 
3485 2914922 
3486 2914922 
3487 2914923 
3488 2914923 
3489 2914923 
3490 2914924 
3491 2914924 
3492 2914924 
3493 2914924 
3494 2914926 
3495 2914927 
3496 2914927 
3497 2914927 
3498 2914928 
3499 2914930 
3500 2914930 
3501 2914934 
3502 2914934 
3503 2914935 
3504 2914935 
3505 2914935 
3506 2914936 
3507 2914936 
3508 2914936 
3509 2914937 
3510 2914937 
3511 2914937 
3512 2914938 
3513 2914938 
3514 2914938 
3515 2914939 
3516 2914939 
3517 2914939 
3518 2914940 
3519 2914940 
3520 2914940 
3521 2914941 
3522 2914941 
3523 2914941 
3524 2914941 
3525 2914942 
3526 2914942 
3527 2914943 
3528 2914943 
3529 2914943 
3530 2914943 
3531 2914944 
3532 2914944 
3533 2914944 
3534 2914944 
3535 2914945 
3536 2914945 
3537 2914945 
3538 2914946 
3539 2914946 
3540 2914946 
3541 2914946 
3542 2914947 
3543 2914947 
3544 2914948 
3545 2914948 
3546 2914949 
3547 2914949 
3548 2914949 
3549 2914950 
3550 2914950 
3551 2914951 
3552 2914951 
3553 2914951 
3554 2914951 
3555 2914952 
3556 2914952 
3557 2914952 
3558 2914953 
3559 2914953 
3560 2914954 
3561 2914954 
3562 2914954 
3563 2914955 
3564 2914955 
3565 2914955 
3566 2914956 
3567 2914956 
3568 2914956 
3569 2914956 
3570 2914957 
3571 2914957 
3572 2914957 
3573 2914958 
3574 2914958 
3575 2914958 
3576 2914958 
3577 2914959 
3578 2914959 
3579 2914959 
3580 2914959 
3581 2914960 
3582 2914960 
3583 2914960 
3584 2914960 
3585 2914961 
3586 2914961 
3587 2914961 
3588 2914962 
3589 2914962 
3590 2914962 
3591 2914963 
3592 2914963 
3593 2914964 
3594 2914964 
3595 2914964 
3596 2914965 
3597 2914965 
3598 2914966 
3599 2914967 
3600 2914968 
3601 2914968 
3602 2914969 
3603 2914969 
3604 2914969 
3605 2914970 
3606 2914970 
3607 2914971 
3608 2914971 
3609 2914971 
3610 2914971 
3611 2914972 
3612 2914972 
3613 2914972 
3614 2914972 
3615 2914973 
3616 2914973 
3617 2914973 
3618 2914974 
3619 2914974 
3620 2914974 
3621 2914974 
3622 2914974 
3623 2914975 
3624 2914975 
3625 2914975 
3626 2914976 
3627 2914976 
3628 2914976 
3629 2914979 
3630 2914979 
3631 2914980 
3632 2914981 
3633 2914983 
3634 2914991 
3635 2914997 
3636 2915001 
3637 2915001 
3638 2915008 
3639 2915021 
3640 2915021 
3641 2915021 
3642 2915022 
3643 2915022 
3644 2915022 
3645 2915023 
3646 2915023 
3647 2915024 
3648 2915024 
3649 2915024 
3650 2915026 
3651 2915040 
3652 2915041 
3653 2915066 
3654 2915066 
3655 2915068 
3656 2915069 
3657 2915069 
3658 2915069 
3659 2915085 
3660 2915092 
3661 2915099 
3662 2915099 
3663 2915100 
3664 2915108 
3665 2915108 
3666 2915109 
3667 2915109 
3668 2915109 
3669 2915109 
3670 2915110 
3671 2915110 
3672 2915111 
3673 2915111 
3674 2915111 
3675 2915112 
3676 2915112 
3677 2915112 
3678 2915113 
3679 2915121 
3680 2915122 
3681 2915128 
3682 2915128 
3683 2915129 
3684 2915129 
3685 2915129 
3686 2915133 
3687 2915133 
3688 2915134 
3689 2915135 
3690 2915140 
3691 2915140 
3692 2915140 
3693 2915141 
3694 2915141 
3695 2915142 
3696 2915143 
3697 2915143 
3698 2915143 
3699 2915144 
3700 2915149 
3701 2915149 
3702 2915150 
3703 2915150 
3704 2915151 
3705 2915168 
3706 2915169 
3707 2915169 
3708 2915169 
3709 2915173 
3710 2915174 
3711 2915174 
3712 2915174 
3713 2915175 
3714 2915175 
3715 2915176 
3716 2915176 
3717 2915176 
3718 2915203 
3719 2915203 
3720 2915204 
3721 2915204 
3722 2915205 
3723 2915205 
3724 2915205 
3725 2915206 
3726 2915206 
3727 2915207 
3728 2915207 
3729 2915208 
3730 2915208 
3731 2915214 
3732 2915214 
3733 2915214 
3734 2915215 
3735 2915215 
3736 2915216 
3737 2915216 
3738 2915219 
3739 2915221 
3740 2915222 
3741 2915224 
3742 2915225 
3743 2915263 
3744 2915263 
3745 2915268 
3746 2915275 
3747 2915275 
3748 2915275 
3749 2915276 
3750 2915276 
3751 2915276 
3752 2915277 
3753 2915277 
3754 2915277 
3755 2915278 
3756 2915278 
3757 2915279 
3758 2915279 
3759 2915279 
3760 2915280 
3761 2915280 
3762 2915280 
3763 2915280 
3764 2915281 
3765 2915281 
3766 2915281 
3767 2915282 
3768 2915282 
3769 2915282 
3770 2915283 
3771 2915283 
3772 2915283 
3773 2915284 
3774 2915284 
3775 2915284 
3776 2915285 
3777 2915285 
3778 2915285 
3779 2915286 
3780 2915286 
3781 2915286 
3782 2915287 
3783 2915287 
3784 2915287 
3785 2915288 
3786 2915288 
3787 2915288 
3788 2915289 
3789 2915289 
3790 2915289 
3791 2915290 
3792 2915290 
3793 2915291 
3794 2915291 
3795 2915291 
3796 2915292 
3797 2915292 
3798 2915292 
3799 2915293 
3800 2915293 
3801 2915294 
3802 2915294 
3803 2915295 
3804 2915295 
3805 2915296 
3806 2915296 
3807 2915297 
3808 2915297 
3809 2915298 
3810 2915298 
3811 2915298 
3812 2915299 
3813 2915300 
3814 2915300 
3815 2915300 
3816 2915301 
3817 2915301 
3818 2915301 
3819 2915302 
3820 2915302 
3821 2915302 
3822 2915303 
3823 2915303 
3824 2915304 
3825 2915304 
3826 2915304 
3827 2915305 
3828 2915305 
3829 2915305 
3830 2915306 
3831 2915306 
3832 2915306 
3833 2915307 
3834 2915307 
3835 2915307 
3836 2915308 
3837 2915308 
3838 2915308 
3839 2915308 
3840 2915309 
3841 2915309 
3842 2915310 
3843 2915310 
3844 2915310 
3845 2915311 
3846 2915311 
3847 2915311 
3848 2915312 
3849 2915312 
3850 2915313 
3851 2915313 
3852 2915313 
3853 2915314 
3854 2915314 
3855 2915315 
3856 2915315 
3857 2915315 
3858 2915316 
3859 2915316 
3860 2915327 
3861 2915328 
3862 2915328 
3863 2915336 
3864 2915336 
3865 2915337 
3866 2915337 
3867 2915338 
3868 2915338 
3869 2915338 
3870 2915339 
3871 2915339 
3872 2915339 
3873 2915340 
3874 2915340 
3875 2915341 
3876 2915341 
3877 2915391 
3878 2915393 
3879 2915393 
3880 2915393 
3881 2915394 
3882 2915394 
3883 2915394 
3884 2915395 
3885 2915395 
3886 2915395 
3887 2915396 
3888 2915396 
3889 2915396 
3890 2915397 
3891 2915397 
3892 2915398 
3893 2915398 
3894 2915398 
3895 2915399 
3896 2915399 
3897 2915399 
3898 2915400 
3899 2915403 
3900 2915409 
3901 2915410 
3902 2915410 
3903 2915410 
3904 2915411 
3905 2915412 
3906 2915413 
3907 2915417 
3908 2915418 
3909 2915418 
3910 2915418 
3911 2915419 
3912 2915419 
3913 2915419 
3914 2915420 
3915 2915420 
3916 2915420 
3917 2915421 
3918 2915421 
3919 2915422 
3920 2915422 
3921 2915422 
3922 2915423 
3923 2915423 
3924 2915423 
3925 2915424 
3926 2915424 
3927 2915424 
3928 2915424 
3929 2915425 
3930 2915425 
3931 2915426 
3932 2915426 
3933 2915430 
3934 2915431 
3935 2915431 
3936 2915431 
3937 2915432 
3938 2915432 
3939 2915432 
3940 2915433 
3941 2915433 
3942 2915433 
3943 2915434 
3944 2915434 
3945 2915434 
3946 2915435 
3947 2915435 
3948 2915435 
3949 2915436 
3950 2915436 
3951 2915436 
3952 2915437 
3953 2915437 
3954 2915437 
3955 2915437 
3956 2915438 
3957 2915438 
3958 2915438 
3959 2915439 
3960 2915439 
3961 2915439 
3962 2915440 
3963 2915466 
3964 2915466 
3965 2915466 
3966 2915466 
3967 2915467 
3968 2915468 
3969 2915468 
3970 2915469 
3971 2915469 
3972 2915469 
3973 2915470 
3974 2915470 
3975 2915470 
3976 2915471 
3977 2915471 
3978 2915472 
3979 2915472 
3980 2915472 
3981 2915473 
3982 2915473 
3983 2915473 
3984 2915474 
3985 2915474 
3986 2915474 
3987 2915475 
3988 2915475 
3989 2915475 
3990 2915475 
3991 2915476 
3992 2915476 
3993 2915476 
3994 2915477 
3995 2915477 
3996 2915477 
3997 2915478 
3998 2915478 
3999 2915478 
4000 2915479 
4001 2915479 
4002 2915479 
4003 2915480 
4004 2915484 
4005 2915484 
4006 2915484 
4007 2915485 
4008 2915485 
4009 2915485 
4010 2915486 
4011 2915486 
4012 2915486 
4013 2915487 
4014 2915487 
4015 2915487 
4016 2915488 
4017 2915488 
4018 2915488 
4019 2915489 
4020 2915489 
4021 2915489 
4022 2915490 
4023 2915490 
4024 2915490 
4025 2915491 
4026 2915491 
4027 2915491 
4028 2915492 
4029 2915492 
4030 2915492 
4031 2915493 
4032 2915493 
4033 2915493 
4034 2915494 
4035 2915494 
4036 2915495 
4037 2915495 
4038 2915495 
4039 2915496 
4040 2915496 
4041 2915496 
4042 2915497 
4043 2915497 
4044 2915497 
4045 2915498 
4046 2915498 
4047 2915498 
4048 2915498 
4049 2915499 
4050 2915499 
4051 2915500 
4052 2915500 
4053 2915500 
4054 2915501 
4055 2915501 
4056 2915501 
4057 2915502 
4058 2915502 
4059 2915502 
4060 2915503 
4061 2915510 
4062 2915511 
4063 2915511 
4064 2915533 
4065 2915534 
4066 2915534 
4067 2915534 
4068 2915535 
4069 2915535 
4070 2915535 
4071 2915536 
4072 2915536 
4073 2915536 
4074 2915537 
4075 2915537 
4076 2915537 
4077 2915538 
4078 2915538 
4079 2915538 
4080 2915539 
4081 2915539 
4082 2915539 
4083 2915540 
4084 2915540 
4085 2915541 
4086 2915541 
4087 2915542 
4088 2915542 
4089 2915543 
4090 2915543 
4091 2915543 
4092 2915544 
4093 2915544 
4094 2915544 
4095 2915545 
4096 2915545 
4097 2915546 
4098 2915546 
4099 2915546 
4100 2915547 
4101 2915558 
4102 2915559 
4103 2915559 
4104 2915559 
4105 2915560 
4106 2915560 
4107 2915560 
4108 2915561 
4109 2915565 
4110 2915578 
4111 2915579 
4112 2915579 
4113 2915579 
4114 2915580 
4115 2915581 
4116 2915581 
4117 2915582 
4118 2915582 
4119 2915602 
4120 2915602 
4121 2915602 
4122 2915603 
4123 2915603 
4124 2915603 
4125 2915604 
4126 2915604 
4127 2915611 
4128 2915612 
4129 2915613 
4130 2915614 
4131 2915615 
4132 2915615 
4133 2915616 
4134 2915616 
4135 2915616 
4136 2915616 
4137 2915617 
4138 2915617 
4139 2915618 
4140 2915626 
4141 2915626 
4142 2915626 
4143 2915627 
4144 2915627 
4145 2915627 
4146 2915628 
4147 2915628 
4148 2915628 
4149 2915629 
4150 2915629 
4151 2915629 
4152 2915630 
4153 2915630 
4154 2915652 
4155 2915652 
4156 2915652 
4157 2915653 
4158 2915653 
4159 2915654 
4160 2915663 
4161 2915694 
4162 2915694 
4163 2915694 
4164 2915695 
4165 2915700 
4166 2915700 
4167 2915701 
4168 2915701 
4169 2915701 
4170 2915702 
4171 2915702 
4172 2915703 
4173 2915703 
4174 2915703 
4175 2915704 
4176 2915704 
4177 2915708 
4178 2915708 
4179 2915708 
4180 2915714 
4181 2915715 
4182 2915723 
4183 2915724 
4184 2915724 
4185 2915724 
4186 2915725 
4187 2915725 
4188 2915726 
4189 2915726 
4190 2915726 
4191 2915726 
4192 2915727 
4193 2915739 
4194 2915739 
4195 2915740 
4196 2915740 
4197 2915740 
4198 2915741 
4199 2915741 
4200 2915742 
4201 2915742 
4202 2915742 
4203 2915743 
4204 2915743 
4205 2915743 
4206 2915743 
4207 2915748 
4208 2915748 
4209 2915749 
4210 2915749 
4211 2915756 
4212 2915758 
4213 2915758 
4214 2915767 
4215 2915769 
4216 2915772 
4217 2915773 
4218 2915773 
4219 2915774 
4220 2915774 
4221 2915774 
4222 2915775 
4223 2915775 
4224 2915778 
4225 2915780 
4226 2915785 
4227 2915792 
4228 2915816 
4229 2915817 
4230 2915817 
4231 2915825 
4232 2915837 
4233 2915837 
4234 2915837 
4235 2915838 
4236 2915838 
4237 2915838 
4238 2915839 
4239 2915839 
4240 2915839 
4241 2915840 
4242 2915840 
4243 2915840 
4244 2915847 
4245 2915847 
4246 2915848 
4247 2915848 
4248 2915848 
4249 2915849 
4250 2915849 
4251 2915849 
4252 2915850 
4253 2915850 
4254 2915850 
4255 2915851 
4256 2915851 
4257 2915887 
4258 2915895 
4259 2915899 
4260 2915899 
