1 2833210 
2 2833211 
3 2833211 
4 2833211 
5 2833212 
6 2833213 
7 2833224 
8 2833228 
9 2833241 
10 2833251 
11 2833254 
12 2833257 
13 2833259 
14 2833264 
15 2833280 
16 2833280 
17 2833290 
18 2833296 
19 2833309 
20 2833310 
21 2833313 
22 2833316 
23 2833325 
24 2833329 
25 2833329 
26 2833336 
27 2833336 
28 2833336 
29 2833337 
30 2833337 
31 2833337 
32 2833338 
33 2833338 
34 2833344 
35 2833352 
36 2833353 
37 2833353 
38 2833353 
39 2833354 
40 2833371 
41 2833371 
42 2833373 
43 2833374 
44 2833374 
45 2833375 
46 2833375 
47 2833375 
48 2833376 
49 2833376 
50 2833376 
51 2833377 
52 2833377 
53 2833377 
54 2833378 
55 2833378 
56 2833378 
57 2833378 
58 2833379 
59 2833380 
60 2833380 
61 2833381 
62 2833381 
63 2833381 
64 2833382 
65 2833382 
66 2833382 
67 2833382 
68 2833383 
69 2833383 
70 2833383 
71 2833384 
72 2833384 
73 2833385 
74 2833385 
75 2833385 
76 2833386 
77 2833388 
78 2833389 
79 2833391 
80 2833392 
81 2833393 
82 2833393 
83 2833395 
84 2833395 
85 2833397 
86 2833399 
87 2833401 
88 2833401 
89 2833403 
90 2833403 
91 2833404 
92 2833404 
93 2833404 
94 2833405 
95 2833405 
96 2833405 
97 2833406 
98 2833406 
99 2833407 
100 2833407 
101 2833407 
102 2833407 
103 2833408 
104 2833408 
105 2833409 
106 2833409 
107 2833410 
108 2833410 
109 2833414 
110 2833427 
111 2833429 
112 2833429 
113 2833444 
114 2833448 
115 2833450 
116 2833453 
117 2833454 
118 2833455 
119 2833455 
120 2833459 
121 2833460 
122 2833463 
123 2833468 
124 2833469 
125 2833470 
126 2833471 
127 2833481 
128 2833482 
129 2833482 
130 2833488 
131 2833489 
132 2833489 
133 2833492 
134 2833493 
135 2833499 
136 2833501 
137 2833501 
138 2833501 
139 2833503 
140 2833506 
141 2833506 
142 2833507 
143 2833508 
144 2833508 
145 2833508 
146 2833508 
147 2833509 
148 2833509 
149 2833509 
150 2833510 
151 2833510 
152 2833510 
153 2833511 
154 2833511 
155 2833511 
156 2833513 
157 2833516 
158 2833516 
159 2833517 
160 2833517 
161 2833517 
162 2833518 
163 2833521 
164 2833523 
165 2833524 
166 2833527 
167 2833528 
168 2833528 
169 2833533 
170 2833533 
171 2833535 
172 2833553 
173 2833554 
174 2833554 
175 2833555 
176 2833557 
177 2833578 
178 2833578 
179 2833579 
180 2833582 
181 2833603 
182 2833605 
183 2833605 
184 2833606 
185 2833617 
186 2833617 
187 2833618 
188 2833623 
189 2833623 
190 2833623 
191 2833625 
192 2833625 
193 2833626 
194 2833626 
195 2833626 
196 2833626 
197 2833627 
198 2833627 
199 2833629 
200 2833640 
201 2833642 
202 2833644 
203 2833644 
204 2833647 
205 2833647 
206 2833670 
207 2833670 
208 2833670 
209 2833671 
210 2833671 
211 2833676 
212 2833677 
213 2833678 
214 2833683 
215 2833683 
216 2833684 
217 2833684 
218 2833692 
219 2833693 
220 2833693 
221 2833694 
222 2833694 
223 2833700 
224 2833700 
225 2833701 
226 2833701 
227 2833702 
228 2833702 
229 2833702 
230 2833702 
231 2833702 
232 2833703 
233 2833705 
234 2833710 
235 2833717 
236 2833717 
237 2833718 
238 2833718 
239 2833718 
240 2833719 
241 2833723 
242 2833739 
243 2833739 
244 2833740 
245 2833741 
246 2833741 
247 2833742 
248 2833745 
249 2833748 
250 2833748 
251 2833749 
252 2833749 
253 2833750 
254 2833750 
255 2833759 
256 2833760 
257 2833762 
258 2833762 
259 2833763 
260 2833764 
261 2833764 
262 2833765 
263 2833765 
264 2833766 
265 2833766 
266 2833768 
267 2833771 
268 2833775 
269 2833776 
270 2833778 
271 2833780 
272 2833780 
273 2833783 
274 2833788 
275 2833791 
276 2833794 
277 2833794 
278 2833796 
279 2833796 
280 2833797 
281 2833797 
282 2833797 
283 2833798 
284 2833798 
285 2833800 
286 2833800 
287 2833801 
288 2833801 
289 2833801 
290 2833802 
291 2833808 
292 2833808 
293 2833810 
294 2833810 
295 2833810 
296 2833811 
297 2833811 
298 2833811 
299 2833813 
300 2833813 
301 2833814 
302 2833816 
303 2833820 
304 2833822 
305 2833826 
306 2833831 
307 2833839 
308 2833842 
309 2833842 
310 2833849 
311 2833863 
312 2833867 
313 2833873 
314 2833873 
315 2833873 
316 2833874 
317 2833875 
318 2833875 
319 2833876 
320 2833878 
321 2833879 
322 2833879 
323 2833879 
324 2833880 
325 2833880 
326 2833880 
327 2833881 
328 2833881 
329 2833881 
330 2833883 
331 2833883 
332 2833883 
333 2833884 
334 2833885 
335 2833885 
336 2833886 
337 2833886 
338 2833887 
339 2833893 
340 2833893 
341 2833893 
342 2833895 
343 2833895 
344 2833896 
345 2833896 
346 2833896 
347 2833897 
348 2833897 
349 2833900 
350 2833904 
351 2833908 
352 2833911 
353 2833914 
354 2833914 
355 2833917 
356 2833917 
357 2833921 
358 2833921 
359 2833921 
360 2833922 
361 2833923 
362 2833923 
363 2833923 
364 2833924 
365 2833924 
366 2833927 
367 2833931 
368 2833932 
369 2833941 
370 2833941 
371 2833944 
372 2833946 
373 2833947 
374 2833948 
375 2833951 
376 2833951 
377 2833951 
378 2833955 
379 2833957 
380 2833959 
381 2833959 
382 2833968 
383 2833972 
384 2833978 
385 2833988 
386 2833989 
387 2833991 
388 2833991 
389 2833992 
390 2833992 
391 2833994 
392 2834003 
393 2834003 
394 2834007 
395 2834007 
396 2834007 
397 2834008 
398 2834008 
399 2834008 
400 2834016 
401 2834018 
402 2834019 
403 2834023 
404 2834028 
405 2834029 
406 2834030 
407 2834031 
408 2834033 
409 2834033 
410 2834034 
411 2834034 
412 2834034 
413 2834034 
414 2834034 
415 2834035 
416 2834035 
417 2834035 
418 2834036 
419 2834036 
420 2834041 
421 2834043 
422 2834044 
423 2834050 
424 2834050 
425 2834050 
426 2834055 
427 2834056 
428 2834057 
429 2834061 
430 2834066 
431 2834068 
432 2834077 
433 2834077 
434 2834082 
435 2834082 
436 2834087 
437 2834093 
438 2834096 
439 2834096 
440 2834098 
441 2834102 
442 2834107 
443 2834108 
444 2834111 
445 2834113 
446 2834113 
447 2834114 
448 2834114 
449 2834114 
450 2834115 
451 2834116 
452 2834117 
453 2834123 
454 2834128 
455 2834129 
456 2834133 
457 2834135 
458 2834136 
459 2834136 
460 2834136 
461 2834137 
462 2834141 
463 2834141 
464 2834142 
465 2834143 
466 2834144 
467 2834144 
468 2834144 
469 2834145 
470 2834145 
471 2834146 
472 2834146 
473 2834147 
474 2834147 
475 2834147 
476 2834149 
477 2834149 
478 2834150 
479 2834154 
480 2834154 
481 2834154 
482 2834154 
483 2834155 
484 2834155 
485 2834155 
486 2834155 
487 2834156 
488 2834156 
489 2834156 
490 2834157 
491 2834157 
492 2834157 
493 2834157 
494 2834158 
495 2834158 
496 2834159 
497 2834161 
498 2834161 
499 2834162 
500 2834163 
501 2834170 
502 2834170 
503 2834174 
504 2834179 
505 2834179 
506 2834181 
507 2834181 
508 2834182 
509 2834182 
510 2834185 
511 2834186 
512 2834187 
513 2834187 
514 2834189 
515 2834190 
516 2834192 
517 2834192 
518 2834194 
519 2834195 
520 2834196 
521 2834197 
522 2834197 
523 2834198 
524 2834198 
525 2834198 
526 2834199 
527 2834199 
528 2834199 
529 2834201 
530 2834204 
531 2834205 
532 2834205 
533 2834212 
534 2834214 
535 2834216 
536 2834218 
537 2834219 
538 2834219 
539 2834219 
540 2834220 
541 2834220 
542 2834221 
543 2834221 
544 2834221 
545 2834222 
546 2834222 
547 2834222 
548 2834223 
549 2834223 
550 2834223 
551 2834224 
552 2834224 
553 2834224 
554 2834225 
555 2834225 
556 2834226 
557 2834226 
558 2834226 
559 2834228 
560 2834229 
561 2834229 
562 2834229 
563 2834230 
564 2834235 
565 2834235 
566 2834238 
567 2834238 
568 2834238 
569 2834239 
570 2834239 
571 2834239 
572 2834241 
573 2834245 
574 2834245 
575 2834246 
576 2834246 
577 2834246 
578 2834248 
579 2834249 
580 2834251 
581 2834252 
582 2834252 
583 2834252 
584 2834253 
585 2834253 
586 2834257 
587 2834258 
588 2834258 
589 2834260 
590 2834264 
591 2834265 
592 2834265 
593 2834268 
594 2834270 
595 2834272 
596 2834273 
597 2834273 
598 2834275 
599 2834276 
600 2834279 
601 2834279 
602 2834279 
603 2834279 
604 2834280 
605 2834280 
606 2834280 
607 2834281 
608 2834281 
609 2834281 
610 2834281 
611 2834282 
612 2834282 
613 2834282 
614 2834283 
615 2834283 
616 2834283 
617 2834284 
618 2834284 
619 2834284 
620 2834285 
621 2834285 
622 2834285 
623 2834286 
624 2834286 
625 2834286 
626 2834287 
627 2834287 
628 2834287 
629 2834288 
630 2834288 
631 2834289 
632 2834289 
633 2834289 
634 2834289 
635 2834290 
636 2834290 
637 2834291 
638 2834291 
639 2834291 
640 2834291 
641 2834291 
642 2834292 
643 2834292 
644 2834292 
645 2834292 
646 2834293 
647 2834293 
648 2834293 
649 2834294 
650 2834294 
651 2834295 
652 2834295 
653 2834295 
654 2834296 
655 2834298 
656 2834299 
657 2834300 
658 2834301 
659 2834303 
660 2834303 
661 2834303 
662 2834303 
663 2834304 
664 2834304 
665 2834304 
666 2834305 
667 2834305 
668 2834305 
669 2834306 
670 2834306 
671 2834306 
672 2834306 
673 2834307 
674 2834307 
675 2834307 
676 2834308 
677 2834308 
678 2834308 
679 2834309 
680 2834309 
681 2834309 
682 2834310 
683 2834311 
684 2834311 
685 2834311 
686 2834312 
687 2834312 
688 2834312 
689 2834313 
690 2834313 
691 2834314 
692 2834314 
693 2834314 
694 2834315 
695 2834315 
696 2834315 
697 2834315 
698 2834316 
699 2834316 
700 2834316 
701 2834316 
702 2834317 
703 2834317 
704 2834318 
705 2834318 
706 2834318 
707 2834319 
708 2834319 
709 2834319 
710 2834320 
711 2834320 
712 2834321 
713 2834321 
714 2834321 
715 2834322 
716 2834322 
717 2834322 
718 2834323 
719 2834323 
720 2834323 
721 2834323 
722 2834324 
723 2834324 
724 2834324 
725 2834325 
726 2834325 
727 2834325 
728 2834326 
729 2834326 
730 2834327 
731 2834327 
732 2834327 
733 2834328 
734 2834328 
735 2834328 
736 2834329 
737 2834329 
738 2834329 
739 2834330 
740 2834330 
741 2834330 
742 2834331 
743 2834331 
744 2834332 
745 2834332 
746 2834332 
747 2834333 
748 2834333 
749 2834334 
750 2834334 
751 2834334 
752 2834335 
753 2834335 
754 2834335 
755 2834336 
756 2834336 
757 2834336 
758 2834337 
759 2834337 
760 2834337 
761 2834337 
762 2834338 
763 2834338 
764 2834339 
765 2834339 
766 2834339 
767 2834340 
768 2834340 
769 2834340 
770 2834341 
771 2834341 
772 2834341 
773 2834341 
774 2834342 
775 2834342 
776 2834342 
777 2834343 
778 2834343 
779 2834344 
780 2834344 
781 2834344 
782 2834345 
783 2834345 
784 2834345 
785 2834345 
786 2834346 
787 2834346 
788 2834346 
789 2834346 
790 2834347 
791 2834347 
792 2834347 
793 2834347 
794 2834347 
795 2834348 
796 2834348 
797 2834348 
798 2834348 
799 2834349 
800 2834349 
801 2834349 
802 2834349 
803 2834350 
804 2834350 
805 2834350 
806 2834350 
807 2834351 
808 2834351 
809 2834351 
810 2834351 
811 2834352 
812 2834352 
813 2834352 
814 2834353 
815 2834353 
816 2834353 
817 2834353 
818 2834354 
819 2834362 
820 2834362 
821 2834366 
822 2834367 
823 2834369 
824 2834369 
825 2834370 
826 2834377 
827 2834377 
828 2834384 
829 2834388 
830 2834392 
831 2834393 
832 2834393 
833 2834394 
834 2834394 
835 2834402 
836 2834406 
837 2834417 
838 2834417 
839 2834418 
840 2834420 
841 2834420 
842 2834421 
843 2834421 
844 2834426 
845 2834427 
846 2834433 
847 2834437 
848 2834437 
849 2834437 
850 2834437 
851 2834438 
852 2834438 
853 2834441 
854 2834441 
855 2834444 
856 2834447 
857 2834450 
858 2834450 
859 2834461 
860 2834462 
861 2834462 
862 2834462 
863 2834463 
864 2834466 
865 2834468 
866 2834468 
867 2834468 
868 2834469 
869 2834469 
870 2834469 
871 2834470 
872 2834470 
873 2834470 
874 2834471 
875 2834471 
876 2834472 
877 2834472 
878 2834472 
879 2834473 
880 2834473 
881 2834479 
882 2834481 
883 2834481 
884 2834483 
885 2834486 
886 2834487 
887 2834489 
888 2834489 
889 2834489 
890 2834489 
891 2834495 
892 2834495 
893 2834500 
894 2834501 
895 2834502 
896 2834504 
897 2834504 
898 2834504 
899 2834506 
900 2834509 
901 2834511 
902 2834512 
903 2834512 
904 2834512 
905 2834513 
906 2834515 
907 2834516 
908 2834516 
909 2834519 
910 2834520 
911 2834520 
912 2834521 
913 2834521 
914 2834522 
915 2834522 
916 2834522 
917 2834523 
918 2834523 
919 2834523 
920 2834524 
921 2834524 
922 2834524 
923 2834526 
924 2834538 
925 2834538 
926 2834538 
927 2834542 
928 2834547 
929 2834548 
930 2834549 
931 2834553 
932 2834553 
933 2834554 
934 2834554 
935 2834555 
936 2834559 
937 2834569 
938 2834569 
939 2834570 
940 2834571 
941 2834585 
942 2834591 
943 2834591 
944 2834591 
945 2834600 
946 2834601 
947 2834613 
948 2834617 
949 2834617 
950 2834617 
951 2834618 
952 2834618 
953 2834632 
954 2834636 
955 2834636 
956 2834648 
957 2834649 
958 2834654 
959 2834654 
960 2834655 
961 2834655 
962 2834655 
963 2834656 
964 2834656 
965 2834659 
966 2834659 
967 2834660 
968 2834660 
969 2834660 
970 2834661 
971 2834661 
972 2834661 
973 2834668 
974 2834677 
975 2834677 
976 2834679 
977 2834681 
978 2834681 
979 2834687 
980 2834691 
981 2834691 
982 2834693 
983 2834694 
984 2834697 
985 2834704 
986 2834704 
987 2834705 
988 2834707 
989 2834709 
990 2834710 
991 2834713 
992 2834714 
993 2834716 
994 2834718 
995 2834719 
996 2834719 
997 2834719 
998 2834723 
999 2834724 
1000 2834724 
1001 2834725 
1002 2834730 
1003 2834730 
1004 2834732 
1005 2834732 
1006 2834732 
1007 2834733 
1008 2834733 
1009 2834733 
1010 2834734 
1011 2834734 
1012 2834735 
1013 2834735 
1014 2834735 
1015 2834735 
1016 2834737 
1017 2834738 
1018 2834738 
1019 2834738 
1020 2834740 
1021 2834740 
1022 2834740 
1023 2834743 
1024 2834743 
1025 2834744 
1026 2834744 
1027 2834751 
1028 2834753 
1029 2834756 
1030 2834756 
1031 2834756 
1032 2834757 
1033 2834757 
1034 2834757 
1035 2834759 
1036 2834761 
1037 2834764 
1038 2834765 
1039 2834765 
1040 2834766 
1041 2834766 
1042 2834768 
1043 2834769 
1044 2834769 
1045 2834769 
1046 2834770 
1047 2834771 
1048 2834772 
1049 2834772 
1050 2834773 
1051 2834773 
1052 2834773 
1053 2834773 
1054 2834774 
1055 2834774 
1056 2834774 
1057 2834774 
1058 2834774 
1059 2834775 
1060 2834775 
1061 2834777 
1062 2834778 
1063 2834780 
1064 2834780 
1065 2834781 
1066 2834781 
1067 2834782 
1068 2834782 
1069 2834783 
1070 2834783 
1071 2834784 
1072 2834784 
1073 2834787 
1074 2834788 
1075 2834788 
1076 2834789 
1077 2834789 
1078 2834797 
1079 2834797 
1080 2834798 
1081 2834799 
1082 2834802 
1083 2834802 
1084 2834803 
1085 2834803 
1086 2834803 
1087 2834804 
1088 2834804 
1089 2834805 
1090 2834805 
1091 2834805 
1092 2834806 
1093 2834806 
1094 2834806 
1095 2834807 
1096 2834807 
1097 2834808 
1098 2834808 
1099 2834812 
1100 2834813 
1101 2834813 
1102 2834813 
1103 2834814 
1104 2834814 
1105 2834815 
1106 2834815 
1107 2834817 
1108 2834818 
1109 2834818 
1110 2834819 
1111 2834819 
1112 2834819 
1113 2834822 
1114 2834823 
1115 2834823 
1116 2834823 
1117 2834840 
1118 2834859 
1119 2834864 
1120 2834865 
1121 2834865 
1122 2834865 
1123 2834866 
1124 2834866 
1125 2834866 
1126 2834867 
1127 2834867 
1128 2834867 
1129 2834868 
1130 2834868 
1131 2834868 
1132 2834869 
1133 2834869 
1134 2834869 
1135 2834870 
1136 2834870 
1137 2834870 
1138 2834871 
1139 2834871 
1140 2834879 
1141 2834886 
1142 2834892 
1143 2834899 
1144 2834900 
1145 2834900 
1146 2834900 
1147 2834901 
1148 2834901 
1149 2834905 
1150 2834906 
1151 2834907 
1152 2834908 
1153 2834909 
1154 2834910 
1155 2834910 
1156 2834910 
1157 2834911 
1158 2834911 
1159 2834912 
1160 2834916 
1161 2834916 
1162 2834916 
1163 2834917 
1164 2834917 
1165 2834917 
1166 2834918 
1167 2834931 
1168 2834938 
1169 2834943 
1170 2834947 
1171 2834947 
1172 2834947 
1173 2834948 
1174 2834949 
1175 2834949 
1176 2834950 
1177 2834951 
1178 2834951 
1179 2834951 
1180 2834951 
1181 2834953 
1182 2834954 
1183 2834954 
1184 2834955 
1185 2834957 
1186 2834958 
1187 2834960 
1188 2834960 
1189 2834960 
1190 2834961 
1191 2834961 
1192 2834961 
1193 2834963 
1194 2834963 
1195 2834963 
1196 2834964 
1197 2834964 
1198 2834964 
1199 2834965 
1200 2834965 
1201 2834965 
1202 2834966 
1203 2834967 
1204 2834968 
1205 2834968 
1206 2834968 
1207 2834970 
1208 2834973 
1209 2834976 
1210 2834976 
1211 2834985 
1212 2834990 
1213 2834994 
1214 2835003 
1215 2835003 
1216 2835003 
1217 2835004 
1218 2835004 
1219 2835004 
1220 2835004 
1221 2835006 
1222 2835007 
1223 2835008 
1224 2835010 
1225 2835011 
1226 2835014 
1227 2835015 
1228 2835015 
1229 2835016 
1230 2835016 
1231 2835018 
1232 2835018 
1233 2835021 
1234 2835022 
1235 2835022 
1236 2835022 
1237 2835023 
1238 2835023 
1239 2835023 
1240 2835024 
1241 2835033 
1242 2835033 
1243 2835033 
1244 2835034 
1245 2835037 
1246 2835055 
1247 2835056 
1248 2835062 
1249 2835064 
1250 2835068 
1251 2835068 
1252 2835069 
1253 2835076 
1254 2835077 
1255 2835092 
1256 2835092 
1257 2835094 
1258 2835095 
1259 2835095 
1260 2835097 
1261 2835097 
1262 2835097 
1263 2835098 
1264 2835098 
1265 2835098 
1266 2835099 
1267 2835099 
1268 2835099 
1269 2835100 
1270 2835100 
1271 2835103 
1272 2835104 
1273 2835106 
1274 2835106 
1275 2835106 
1276 2835107 
1277 2835107 
1278 2835108 
1279 2835109 
1280 2835110 
1281 2835110 
1282 2835111 
1283 2835111 
1284 2835111 
1285 2835112 
1286 2835113 
1287 2835113 
1288 2835113 
1289 2835113 
1290 2835114 
1291 2835114 
1292 2835114 
1293 2835116 
1294 2835117 
1295 2835117 
1296 2835119 
1297 2835119 
1298 2835126 
1299 2835126 
1300 2835126 
1301 2835139 
1302 2835141 
1303 2835141 
1304 2835141 
1305 2835142 
1306 2835143 
1307 2835143 
1308 2835143 
1309 2835144 
1310 2835144 
1311 2835145 
1312 2835145 
1313 2835145 
1314 2835146 
1315 2835153 
1316 2835153 
1317 2835154 
1318 2835154 
1319 2835154 
1320 2835154 
1321 2835155 
1322 2835155 
1323 2835180 
1324 2835184 
1325 2835184 
1326 2835187 
1327 2835187 
1328 2835211 
1329 2835211 
1330 2835219 
1331 2835220 
1332 2835221 
1333 2835224 
1334 2835226 
1335 2835227 
1336 2835227 
1337 2835228 
1338 2835229 
1339 2835231 
1340 2835232 
1341 2835234 
1342 2835234 
1343 2835237 
1344 2835237 
1345 2835240 
1346 2835246 
1347 2835247 
1348 2835250 
1349 2835250 
1350 2835259 
1351 2835260 
1352 2835262 
1353 2835264 
1354 2835264 
1355 2835264 
1356 2835265 
1357 2835266 
1358 2835266 
1359 2835267 
1360 2835267 
1361 2835268 
1362 2835268 
1363 2835268 
1364 2835268 
1365 2835269 
1366 2835269 
1367 2835270 
1368 2835270 
1369 2835276 
1370 2835276 
1371 2835277 
1372 2835280 
1373 2835281 
1374 2835281 
1375 2835281 
1376 2835282 
1377 2835282 
1378 2835282 
1379 2835283 
1380 2835283 
1381 2835283 
1382 2835283 
1383 2835285 
1384 2835286 
1385 2835286 
1386 2835286 
1387 2835286 
1388 2835287 
1389 2835289 
1390 2835292 
1391 2835292 
1392 2835293 
1393 2835293 
1394 2835294 
1395 2835294 
1396 2835294 
1397 2835294 
1398 2835295 
1399 2835295 
1400 2835295 
1401 2835296 
1402 2835296 
1403 2835296 
1404 2835299 
1405 2835299 
1406 2835301 
1407 2835302 
1408 2835303 
1409 2835304 
1410 2835304 
1411 2835304 
1412 2835305 
1413 2835305 
1414 2835305 
1415 2835306 
1416 2835306 
1417 2835307 
1418 2835308 
1419 2835308 
1420 2835309 
1421 2835309 
1422 2835310 
1423 2835310 
1424 2835310 
1425 2835311 
1426 2835311 
1427 2835312 
1428 2835313 
1429 2835313 
1430 2835314 
1431 2835314 
1432 2835314 
1433 2835317 
1434 2835319 
1435 2835319 
1436 2835320 
1437 2835320 
1438 2835321 
1439 2835322 
1440 2835323 
1441 2835323 
1442 2835324 
1443 2835324 
1444 2835324 
1445 2835325 
1446 2835325 
1447 2835326 
1448 2835326 
1449 2835327 
1450 2835327 
1451 2835328 
1452 2835329 
1453 2835330 
1454 2835330 
1455 2835331 
1456 2835332 
1457 2835332 
1458 2835333 
1459 2835333 
1460 2835333 
1461 2835333 
1462 2835333 
1463 2835334 
1464 2835334 
1465 2835334 
1466 2835334 
1467 2835335 
1468 2835335 
1469 2835335 
1470 2835335 
1471 2835336 
1472 2835336 
1473 2835336 
1474 2835336 
1475 2835336 
1476 2835336 
1477 2835337 
1478 2835338 
1479 2835338 
1480 2835338 
1481 2835338 
1482 2835339 
1483 2835340 
1484 2835340 
1485 2835340 
1486 2835341 
1487 2835341 
1488 2835341 
1489 2835341 
1490 2835342 
1491 2835342 
1492 2835342 
1493 2835343 
1494 2835343 
1495 2835343 
1496 2835344 
1497 2835344 
1498 2835344 
1499 2835345 
1500 2835345 
1501 2835345 
1502 2835345 
1503 2835346 
1504 2835346 
1505 2835346 
1506 2835346 
1507 2835346 
1508 2835346 
1509 2835347 
1510 2835347 
1511 2835347 
1512 2835347 
1513 2835347 
1514 2835348 
1515 2835348 
1516 2835348 
1517 2835348 
1518 2835349 
1519 2835349 
1520 2835349 
1521 2835349 
1522 2835350 
1523 2835350 
1524 2835350 
1525 2835350 
1526 2835350 
1527 2835351 
1528 2835351 
1529 2835351 
1530 2835352 
1531 2835352 
1532 2835352 
1533 2835352 
1534 2835352 
1535 2835353 
1536 2835353 
1537 2835353 
1538 2835354 
1539 2835354 
1540 2835354 
1541 2835355 
1542 2835355 
1543 2835355 
1544 2835355 
1545 2835356 
1546 2835356 
1547 2835356 
1548 2835356 
1549 2835356 
1550 2835357 
1551 2835357 
1552 2835359 
1553 2835359 
1554 2835360 
1555 2835360 
1556 2835360 
1557 2835361 
1558 2835361 
1559 2835361 
1560 2835362 
1561 2835364 
1562 2835366 
1563 2835366 
1564 2835366 
1565 2835366 
1566 2835367 
1567 2835367 
1568 2835367 
1569 2835367 
1570 2835368 
1571 2835369 
1572 2835370 
1573 2835370 
1574 2835371 
1575 2835371 
1576 2835371 
1577 2835372 
1578 2835373 
1579 2835373 
1580 2835373 
1581 2835373 
1582 2835374 
1583 2835374 
1584 2835375 
1585 2835375 
1586 2835375 
1587 2835377 
1588 2835377 
1589 2835377 
1590 2835377 
1591 2835378 
1592 2835378 
1593 2835378 
1594 2835378 
1595 2835379 
1596 2835379 
1597 2835380 
1598 2835380 
1599 2835383 
1600 2835384 
1601 2835384 
1602 2835388 
1603 2835388 
1604 2835390 
1605 2835391 
1606 2835391 
1607 2835392 
1608 2835392 
1609 2835392 
1610 2835392 
1611 2835393 
1612 2835393 
1613 2835393 
1614 2835394 
1615 2835394 
1616 2835394 
1617 2835396 
1618 2835396 
1619 2835396 
1620 2835397 
1621 2835402 
1622 2835405 
1623 2835406 
1624 2835406 
1625 2835406 
1626 2835406 
1627 2835407 
1628 2835407 
1629 2835408 
1630 2835408 
1631 2835408 
1632 2835409 
1633 2835410 
1634 2835410 
1635 2835410 
1636 2835411 
1637 2835411 
1638 2835412 
1639 2835413 
1640 2835413 
1641 2835417 
1642 2835417 
1643 2835418 
1644 2835418 
1645 2835420 
1646 2835421 
1647 2835422 
1648 2835423 
1649 2835426 
1650 2835426 
1651 2835430 
1652 2835431 
1653 2835431 
1654 2835432 
1655 2835433 
1656 2835433 
1657 2835434 
1658 2835434 
1659 2835434 
1660 2835435 
1661 2835436 
1662 2835437 
1663 2835437 
1664 2835437 
1665 2835438 
1666 2835439 
1667 2835439 
1668 2835439 
1669 2835439 
1670 2835439 
1671 2835440 
1672 2835440 
1673 2835440 
1674 2835440 
1675 2835441 
1676 2835441 
1677 2835441 
1678 2835441 
1679 2835442 
1680 2835442 
1681 2835442 
1682 2835443 
1683 2835443 
1684 2835443 
1685 2835444 
1686 2835444 
1687 2835444 
1688 2835444 
1689 2835444 
1690 2835445 
1691 2835445 
1692 2835447 
1693 2835447 
1694 2835447 
1695 2835447 
1696 2835447 
1697 2835448 
1698 2835448 
1699 2835448 
1700 2835448 
1701 2835449 
1702 2835449 
1703 2835450 
1704 2835450 
1705 2835450 
1706 2835451 
1707 2835451 
1708 2835451 
1709 2835453 
1710 2835456 
1711 2835457 
1712 2835458 
1713 2835459 
1714 2835459 
1715 2835459 
1716 2835461 
1717 2835461 
1718 2835461 
1719 2835462 
1720 2835462 
1721 2835465 
1722 2835469 
1723 2835469 
1724 2835474 
1725 2835475 
1726 2835479 
1727 2835482 
1728 2835485 
1729 2835487 
1730 2835489 
1731 2835489 
1732 2835489 
1733 2835492 
1734 2835493 
1735 2835495 
1736 2835504 
1737 2835505 
1738 2835505 
1739 2835506 
1740 2835506 
1741 2835507 
1742 2835507 
1743 2835507 
1744 2835508 
1745 2835515 
1746 2835515 
1747 2835515 
1748 2835516 
1749 2835516 
1750 2835516 
1751 2835517 
1752 2835517 
1753 2835517 
1754 2835517 
1755 2835518 
1756 2835518 
1757 2835519 
1758 2835519 
1759 2835519 
1760 2835520 
1761 2835523 
1762 2835524 
1763 2835524 
1764 2835526 
1765 2835531 
1766 2835531 
1767 2835532 
1768 2835532 
1769 2835532 
1770 2835532 
1771 2835533 
1772 2835533 
1773 2835533 
1774 2835534 
1775 2835534 
1776 2835534 
1777 2835534 
1778 2835534 
1779 2835535 
1780 2835535 
1781 2835535 
1782 2835536 
1783 2835536 
1784 2835539 
1785 2835539 
1786 2835539 
1787 2835540 
1788 2835540 
1789 2835541 
1790 2835542 
1791 2835542 
1792 2835542 
1793 2835543 
1794 2835543 
1795 2835544 
1796 2835544 
1797 2835545 
1798 2835545 
1799 2835546 
1800 2835546 
1801 2835546 
1802 2835546 
1803 2835547 
1804 2835547 
1805 2835547 
1806 2835547 
1807 2835547 
1808 2835548 
1809 2835548 
1810 2835548 
1811 2835549 
1812 2835549 
1813 2835549 
1814 2835549 
1815 2835550 
1816 2835550 
1817 2835550 
1818 2835550 
1819 2835550 
1820 2835551 
1821 2835551 
1822 2835551 
1823 2835551 
1824 2835551 
1825 2835552 
1826 2835552 
1827 2835552 
1828 2835552 
1829 2835552 
1830 2835553 
1831 2835553 
1832 2835553 
1833 2835554 
1834 2835554 
1835 2835554 
1836 2835555 
1837 2835555 
1838 2835555 
1839 2835555 
1840 2835556 
1841 2835556 
1842 2835556 
1843 2835556 
1844 2835557 
1845 2835557 
1846 2835557 
1847 2835557 
1848 2835558 
1849 2835558 
1850 2835558 
1851 2835558 
1852 2835559 
1853 2835559 
1854 2835559 
1855 2835559 
1856 2835560 
1857 2835560 
1858 2835560 
1859 2835560 
1860 2835560 
1861 2835561 
1862 2835561 
1863 2835561 
1864 2835561 
1865 2835562 
1866 2835562 
1867 2835562 
1868 2835562 
1869 2835562 
1870 2835562 
1871 2835563 
1872 2835563 
1873 2835564 
1874 2835564 
1875 2835564 
1876 2835565 
1877 2835565 
1878 2835566 
1879 2835566 
1880 2835570 
1881 2835570 
1882 2835571 
1883 2835571 
1884 2835572 
1885 2835574 
1886 2835574 
1887 2835574 
1888 2835575 
1889 2835575 
1890 2835575 
1891 2835575 
1892 2835575 
1893 2835576 
1894 2835576 
1895 2835576 
1896 2835576 
1897 2835576 
1898 2835577 
1899 2835577 
1900 2835577 
1901 2835577 
1902 2835577 
1903 2835578 
1904 2835578 
1905 2835578 
1906 2835579 
1907 2835579 
1908 2835579 
1909 2835579 
1910 2835580 
1911 2835580 
1912 2835580 
1913 2835581 
1914 2835581 
1915 2835581 
1916 2835582 
1917 2835582 
1918 2835582 
1919 2835583 
1920 2835583 
1921 2835584 
1922 2835585 
1923 2835585 
1924 2835585 
1925 2835586 
1926 2835586 
1927 2835586 
1928 2835587 
1929 2835587 
1930 2835587 
1931 2835588 
1932 2835588 
1933 2835589 
1934 2835590 
1935 2835590 
1936 2835590 
1937 2835591 
1938 2835591 
1939 2835591 
1940 2835592 
1941 2835594 
1942 2835597 
1943 2835597 
1944 2835598 
1945 2835599 
1946 2835600 
1947 2835612 
1948 2835612 
1949 2835613 
1950 2835613 
1951 2835621 
1952 2835626 
1953 2835626 
1954 2835627 
1955 2835629 
1956 2835632 
1957 2835632 
1958 2835632 
1959 2835633 
1960 2835633 
1961 2835633 
1962 2835633 
1963 2835634 
1964 2835634 
1965 2835635 
1966 2835635 
1967 2835635 
1968 2835635 
1969 2835636 
1970 2835636 
1971 2835636 
1972 2835637 
1973 2835640 
1974 2835640 
1975 2835641 
1976 2835642 
1977 2835642 
1978 2835643 
1979 2835643 
1980 2835644 
1981 2835644 
1982 2835644 
1983 2835645 
1984 2835645 
1985 2835645 
1986 2835646 
1987 2835646 
1988 2835646 
1989 2835647 
1990 2835647 
1991 2835648 
1992 2835648 
1993 2835648 
1994 2835649 
1995 2835649 
1996 2835650 
1997 2835650 
1998 2835650 
1999 2835651 
2000 2835651 
2001 2835651 
2002 2835652 
2003 2835652 
2004 2835652 
2005 2835653 
2006 2835654 
2007 2835656 
2008 2835657 
2009 2835660 
2010 2835661 
2011 2835662 
2012 2835662 
2013 2835662 
2014 2835662 
2015 2835663 
2016 2835663 
2017 2835663 
2018 2835664 
2019 2835664 
2020 2835664 
2021 2835665 
2022 2835665 
2023 2835665 
2024 2835666 
2025 2835666 
2026 2835666 
2027 2835667 
2028 2835668 
2029 2835668 
2030 2835669 
2031 2835669 
2032 2835669 
2033 2835670 
2034 2835670 
2035 2835670 
2036 2835670 
2037 2835670 
2038 2835670 
2039 2835671 
2040 2835671 
2041 2835671 
2042 2835672 
2043 2835672 
2044 2835672 
2045 2835673 
2046 2835673 
2047 2835673 
2048 2835674 
2049 2835674 
2050 2835675 
2051 2835675 
2052 2835675 
2053 2835675 
2054 2835676 
2055 2835676 
2056 2835677 
2057 2835677 
2058 2835677 
2059 2835677 
2060 2835680 
2061 2835681 
2062 2835681 
2063 2835681 
2064 2835682 
2065 2835682 
2066 2835683 
2067 2835683 
2068 2835683 
2069 2835684 
2070 2835684 
2071 2835684 
2072 2835684 
2073 2835685 
2074 2835685 
2075 2835685 
2076 2835685 
2077 2835686 
2078 2835686 
2079 2835686 
2080 2835686 
2081 2835687 
2082 2835687 
2083 2835687 
2084 2835687 
2085 2835688 
2086 2835688 
2087 2835688 
2088 2835688 
2089 2835689 
2090 2835689 
2091 2835689 
2092 2835689 
2093 2835690 
2094 2835690 
2095 2835690 
2096 2835690 
2097 2835691 
2098 2835691 
2099 2835691 
2100 2835691 
2101 2835691 
2102 2835692 
2103 2835692 
2104 2835692 
2105 2835693 
2106 2835693 
2107 2835693 
2108 2835694 
2109 2835694 
2110 2835694 
2111 2835695 
2112 2835695 
2113 2835696 
2114 2835696 
2115 2835697 
2116 2835697 
2117 2835698 
2118 2835698 
2119 2835698 
2120 2835699 
2121 2835699 
2122 2835700 
2123 2835700 
2124 2835700 
2125 2835701 
2126 2835701 
2127 2835701 
2128 2835702 
2129 2835702 
2130 2835702 
2131 2835703 
2132 2835703 
2133 2835704 
2134 2835704 
2135 2835704 
2136 2835705 
2137 2835705 
2138 2835705 
2139 2835705 
2140 2835706 
2141 2835707 
2142 2835708 
2143 2835708 
2144 2835708 
2145 2835709 
2146 2835709 
2147 2835709 
2148 2835710 
2149 2835710 
2150 2835710 
2151 2835710 
2152 2835711 
2153 2835711 
2154 2835711 
2155 2835711 
2156 2835712 
2157 2835712 
2158 2835712 
2159 2835712 
2160 2835713 
2161 2835713 
2162 2835713 
2163 2835713 
2164 2835713 
2165 2835714 
2166 2835714 
2167 2835714 
2168 2835715 
2169 2835715 
2170 2835715 
2171 2835715 
2172 2835716 
2173 2835719 
2174 2835721 
2175 2835721 
2176 2835722 
2177 2835722 
2178 2835722 
2179 2835723 
2180 2835723 
2181 2835723 
2182 2835724 
2183 2835724 
2184 2835725 
2185 2835725 
2186 2835725 
2187 2835726 
2188 2835727 
2189 2835728 
2190 2835729 
2191 2835729 
2192 2835729 
2193 2835730 
2194 2835730 
2195 2835731 
2196 2835731 
2197 2835731 
2198 2835732 
2199 2835732 
2200 2835732 
2201 2835732 
2202 2835733 
2203 2835733 
2204 2835733 
2205 2835734 
2206 2835734 
2207 2835734 
2208 2835735 
2209 2835735 
2210 2835736 
2211 2835736 
2212 2835736 
2213 2835740 
2214 2835740 
2215 2835741 
2216 2835741 
2217 2835741 
2218 2835742 
2219 2835742 
2220 2835742 
2221 2835743 
2222 2835743 
2223 2835743 
2224 2835744 
2225 2835744 
2226 2835744 
2227 2835745 
2228 2835745 
2229 2835745 
2230 2835745 
2231 2835746 
2232 2835746 
2233 2835746 
2234 2835747 
2235 2835747 
2236 2835747 
2237 2835748 
2238 2835753 
2239 2835753 
2240 2835754 
2241 2835754 
2242 2835754 
2243 2835754 
2244 2835755 
2245 2835755 
2246 2835756 
2247 2835756 
2248 2835756 
2249 2835756 
2250 2835757 
2251 2835757 
2252 2835757 
2253 2835758 
2254 2835758 
2255 2835758 
2256 2835759 
2257 2835759 
2258 2835759 
2259 2835760 
2260 2835760 
2261 2835760 
2262 2835761 
2263 2835761 
2264 2835761 
2265 2835761 
2266 2835762 
2267 2835762 
2268 2835762 
2269 2835763 
2270 2835763 
2271 2835763 
2272 2835764 
2273 2835764 
2274 2835764 
2275 2835765 
2276 2835765 
2277 2835765 
2278 2835766 
2279 2835766 
2280 2835767 
2281 2835767 
2282 2835767 
2283 2835768 
2284 2835772 
2285 2835772 
2286 2835776 
2287 2835780 
2288 2835780 
2289 2835781 
2290 2835781 
2291 2835781 
2292 2835782 
2293 2835782 
2294 2835782 
2295 2835788 
2296 2835796 
2297 2835796 
2298 2835798 
2299 2835800 
2300 2835800 
2301 2835804 
2302 2835807 
2303 2835808 
2304 2835809 
2305 2835809 
2306 2835809 
2307 2835810 
2308 2835810 
2309 2835810 
2310 2835812 
2311 2835831 
2312 2835831 
2313 2835832 
2314 2835832 
2315 2835832 
2316 2835833 
2317 2835833 
2318 2835833 
2319 2835833 
2320 2835834 
2321 2835834 
2322 2835834 
2323 2835834 
2324 2835835 
2325 2835835 
2326 2835835 
2327 2835835 
2328 2835836 
2329 2835836 
2330 2835837 
2331 2835838 
2332 2835839 
2333 2835839 
2334 2835840 
2335 2835840 
2336 2835841 
2337 2835841 
2338 2835842 
2339 2835846 
2340 2835847 
2341 2835847 
2342 2835848 
2343 2835848 
2344 2835848 
2345 2835850 
2346 2835850 
2347 2835852 
2348 2835852 
2349 2835853 
2350 2835853 
2351 2835853 
2352 2835854 
2353 2835855 
2354 2835855 
2355 2835855 
2356 2835856 
2357 2835856 
2358 2835858 
2359 2835861 
2360 2835861 
2361 2835862 
2362 2835864 
2363 2835864 
2364 2835864 
2365 2835865 
2366 2835865 
2367 2835865 
2368 2835866 
2369 2835866 
2370 2835866 
2371 2835867 
2372 2835870 
2373 2835890 
2374 2835890 
2375 2835891 
2376 2835891 
2377 2835896 
2378 2835902 
2379 2835912 
2380 2835914 
2381 2835915 
2382 2835924 
2383 2835925 
2384 2835926 
2385 2835926 
2386 2835926 
2387 2835927 
2388 2835927 
2389 2835927 
2390 2835928 
2391 2835928 
2392 2835929 
2393 2835929 
2394 2835929 
2395 2835930 
2396 2835930 
2397 2835936 
2398 2835936 
2399 2835937 
2400 2835938 
2401 2835938 
2402 2835952 
2403 2835959 
2404 2835969 
2405 2835975 
2406 2835981 
2407 2835994 
2408 2835999 
2409 2835999 
2410 2836002 
2411 2836014 
2412 2836014 
2413 2836015 
2414 2836016 
2415 2836019 
2416 2836019 
2417 2836020 
2418 2836020 
2419 2836021 
2420 2836021 
2421 2836042 
2422 2836063 
2423 2836079 
2424 2836080 
2425 2836097 
2426 2836098 
2427 2836111 
2428 2836121 
2429 2836122 
2430 2836123 
2431 2836130 
2432 2836146 
2433 2836156 
2434 2836167 
2435 2836167 
2436 2836171 
2437 2836172 
2438 2836172 
2439 2836173 
2440 2836173 
2441 2836173 
2442 2836173 
2443 2836174 
2444 2836174 
2445 2836174 
2446 2836175 
2447 2836186 
2448 2836197 
2449 2836199 
2450 2836199 
2451 2836200 
2452 2836200 
2453 2836201 
2454 2836202 
2455 2836209 
2456 2836212 
2457 2836212 
2458 2836212 
2459 2836212 
2460 2836213 
2461 2836213 
2462 2836213 
2463 2836214 
2464 2836214 
2465 2836214 
2466 2836215 
2467 2836215 
2468 2836215 
2469 2836216 
2470 2836224 
2471 2836245 
2472 2836246 
2473 2836251 
2474 2836253 
2475 2836255 
2476 2836258 
2477 2836259 
2478 2836266 
2479 2836266 
2480 2836266 
2481 2836267 
2482 2836267 
2483 2836267 
2484 2836268 
2485 2836268 
2486 2836269 
2487 2836270 
2488 2836270 
2489 2836271 
2490 2836272 
2491 2836276 
2492 2836281 
2493 2836284 
2494 2836286 
2495 2836287 
2496 2836290 
2497 2836292 
2498 2836293 
2499 2836304 
2500 2836304 
2501 2836305 
2502 2836305 
2503 2836307 
2504 2836307 
2505 2836312 
2506 2836322 
2507 2836323 
2508 2836323 
2509 2836326 
2510 2836326 
2511 2836332 
2512 2836334 
2513 2836346 
2514 2836349 
2515 2836350 
2516 2836353 
2517 2836354 
2518 2836359 
2519 2836361 
2520 2836361 
2521 2836362 
2522 2836367 
2523 2836372 
2524 2836375 
2525 2836375 
2526 2836385 
2527 2836385 
2528 2836385 
2529 2836386 
2530 2836399 
2531 2836403 
2532 2836404 
2533 2836406 
2534 2836431 
2535 2836432 
2536 2836436 
2537 2836437 
2538 2836438 
2539 2836439 
2540 2836439 
2541 2836443 
2542 2836443 
2543 2836447 
2544 2836452 
2545 2836452 
2546 2836452 
2547 2836456 
2548 2836458 
2549 2836464 
2550 2836475 
2551 2836475 
2552 2836475 
2553 2836477 
2554 2836477 
2555 2836478 
2556 2836478 
2557 2836478 
2558 2836479 
2559 2836479 
2560 2836479 
2561 2836480 
2562 2836480 
2563 2836480 
2564 2836480 
2565 2836481 
2566 2836481 
2567 2836481 
2568 2836482 
2569 2836482 
2570 2836482 
2571 2836483 
2572 2836483 
2573 2836483 
2574 2836483 
2575 2836484 
2576 2836484 
2577 2836484 
2578 2836485 
2579 2836485 
2580 2836485 
2581 2836486 
2582 2836486 
2583 2836486 
2584 2836487 
2585 2836487 
2586 2836487 
2587 2836487 
2588 2836488 
2589 2836488 
2590 2836488 
2591 2836488 
2592 2836489 
2593 2836489 
2594 2836490 
2595 2836490 
2596 2836491 
2597 2836491 
2598 2836491 
2599 2836491 
2600 2836492 
2601 2836493 
2602 2836493 
2603 2836493 
2604 2836494 
2605 2836494 
2606 2836494 
2607 2836495 
2608 2836495 
2609 2836495 
2610 2836496 
2611 2836496 
2612 2836498 
2613 2836498 
2614 2836499 
2615 2836499 
2616 2836499 
2617 2836499 
2618 2836499 
2619 2836500 
2620 2836500 
2621 2836505 
2622 2836505 
2623 2836507 
2624 2836507 
2625 2836508 
2626 2836508 
2627 2836509 
2628 2836510 
2629 2836510 
2630 2836513 
2631 2836519 
2632 2836520 
2633 2836521 
2634 2836521 
2635 2836523 
2636 2836528 
2637 2836529 
2638 2836530 
2639 2836530 
2640 2836530 
2641 2836531 
2642 2836531 
2643 2836531 
2644 2836532 
2645 2836532 
2646 2836534 
2647 2836534 
2648 2836534 
2649 2836535 
2650 2836537 
2651 2836547 
2652 2836547 
2653 2836547 
2654 2836548 
2655 2836548 
2656 2836548 
2657 2836550 
2658 2836550 
2659 2836550 
2660 2836551 
2661 2836551 
2662 2836551 
2663 2836552 
2664 2836552 
2665 2836552 
2666 2836553 
2667 2836553 
2668 2836554 
2669 2836554 
2670 2836555 
2671 2836555 
2672 2836558 
2673 2836559 
2674 2836559 
2675 2836559 
2676 2836559 
2677 2836560 
2678 2836560 
2679 2836560 
2680 2836560 
2681 2836561 
2682 2836561 
2683 2836561 
2684 2836561 
2685 2836562 
2686 2836562 
2687 2836562 
2688 2836563 
2689 2836563 
2690 2836563 
2691 2836563 
2692 2836564 
2693 2836564 
2694 2836564 
2695 2836568 
2696 2836568 
2697 2836569 
2698 2836575 
2699 2836576 
2700 2836576 
2701 2836576 
2702 2836577 
2703 2836577 
2704 2836579 
2705 2836585 
2706 2836585 
2707 2836586 
2708 2836587 
2709 2836592 
2710 2836592 
2711 2836595 
2712 2836595 
2713 2836596 
2714 2836596 
2715 2836597 
2716 2836602 
2717 2836606 
2718 2836608 
2719 2836609 
2720 2836609 
2721 2836609 
2722 2836610 
2723 2836610 
2724 2836611 
2725 2836611 
2726 2836611 
2727 2836611 
2728 2836612 
2729 2836624 
2730 2836642 
2731 2836642 
2732 2836644 
2733 2836645 
2734 2836645 
2735 2836646 
2736 2836646 
2737 2836646 
2738 2836647 
2739 2836647 
2740 2836652 
2741 2836652 
2742 2836652 
2743 2836656 
2744 2836657 
2745 2836665 
2746 2836669 
2747 2836671 
2748 2836673 
2749 2836676 
2750 2836677 
2751 2836680 
2752 2836683 
2753 2836683 
2754 2836684 
2755 2836684 
2756 2836690 
2757 2836690 
2758 2836691 
2759 2836693 
2760 2836694 
2761 2836694 
2762 2836694 
2763 2836695 
2764 2836695 
2765 2836701 
2766 2836719 
2767 2836720 
2768 2836726 
2769 2836727 
2770 2836737 
2771 2836737 
2772 2836740 
2773 2836744 
2774 2836744 
2775 2836744 
2776 2836745 
2777 2836745 
2778 2836745 
2779 2836750 
2780 2836750 
2781 2836751 
2782 2836752 
2783 2836754 
2784 2836760 
2785 2836760 
2786 2836761 
2787 2836761 
2788 2836761 
2789 2836762 
2790 2836762 
2791 2836762 
2792 2836763 
2793 2836763 
2794 2836764 
2795 2836765 
2796 2836767 
2797 2836769 
2798 2836769 
2799 2836772 
2800 2836772 
2801 2836776 
2802 2836776 
2803 2836777 
2804 2836777 
2805 2836785 
2806 2836786 
2807 2836787 
2808 2836788 
2809 2836788 
2810 2836788 
2811 2836789 
2812 2836789 
2813 2836790 
2814 2836790 
2815 2836790 
2816 2836791 
2817 2836792 
2818 2836792 
2819 2836793 
2820 2836793 
2821 2836794 
2822 2836794 
2823 2836794 
2824 2836795 
2825 2836795 
2826 2836795 
2827 2836795 
2828 2836796 
2829 2836796 
2830 2836796 
2831 2836797 
2832 2836797 
2833 2836797 
2834 2836798 
2835 2836798 
2836 2836798 
2837 2836798 
2838 2836799 
2839 2836800 
2840 2836800 
