1 2577601 
2 2577609 
3 2577612 
4 2577614 
5 2577614 
6 2577615 
7 2577615 
8 2577617 
9 2577617 
10 2577622 
11 2577623 
12 2577634 
13 2577634 
14 2577635 
15 2577635 
16 2577637 
17 2577637 
18 2577638 
19 2577638 
20 2577659 
21 2577662 
22 2577664 
23 2577664 
24 2577664 
25 2577665 
26 2577667 
27 2577671 
28 2577671 
29 2577672 
30 2577691 
31 2577693 
32 2577697 
33 2577697 
34 2577698 
35 2577700 
36 2577700 
37 2577701 
38 2577705 
39 2577705 
40 2577706 
41 2577706 
42 2577710 
43 2577713 
44 2577714 
45 2577714 
46 2577714 
47 2577714 
48 2577715 
49 2577715 
50 2577715 
51 2577716 
52 2577716 
53 2577716 
54 2577717 
55 2577720 
56 2577720 
57 2577732 
58 2577732 
59 2577732 
60 2577733 
61 2577733 
62 2577733 
63 2577734 
64 2577734 
65 2577735 
66 2577735 
67 2577735 
68 2577735 
69 2577736 
70 2577738 
71 2577738 
72 2577745 
73 2577748 
74 2577751 
75 2577754 
76 2577755 
77 2577757 
78 2577757 
79 2577758 
80 2577758 
81 2577760 
82 2577760 
83 2577763 
84 2577765 
85 2577769 
86 2577771 
87 2577776 
88 2577777 
89 2577778 
90 2577785 
91 2577785 
92 2577786 
93 2577787 
94 2577787 
95 2577787 
96 2577788 
97 2577788 
98 2577789 
99 2577789 
100 2577796 
101 2577804 
102 2577813 
103 2577823 
104 2577825 
105 2577826 
106 2577826 
107 2577838 
108 2577838 
109 2577839 
110 2577839 
111 2577839 
112 2577840 
113 2577841 
114 2577841 
115 2577842 
116 2577846 
117 2577850 
118 2577850 
119 2577851 
120 2577851 
121 2577851 
122 2577852 
123 2577852 
124 2577852 
125 2577852 
126 2577853 
127 2577853 
128 2577853 
129 2577854 
130 2577854 
131 2577855 
132 2577855 
133 2577855 
134 2577856 
135 2577857 
136 2577857 
137 2577857 
138 2577858 
139 2577858 
140 2577859 
141 2577859 
142 2577859 
143 2577860 
144 2577860 
145 2577860 
146 2577861 
147 2577862 
148 2577863 
149 2577863 
150 2577864 
151 2577864 
152 2577865 
153 2577865 
154 2577866 
155 2577867 
156 2577867 
157 2577867 
158 2577868 
159 2577868 
160 2577869 
161 2577871 
162 2577872 
163 2577872 
164 2577872 
165 2577876 
166 2577876 
167 2577884 
168 2577885 
169 2577889 
170 2577889 
171 2577890 
172 2577890 
173 2577890 
174 2577891 
175 2577894 
176 2577895 
177 2577898 
178 2577904 
179 2577904 
180 2577904 
181 2577905 
182 2577905 
183 2577905 
184 2577905 
185 2577906 
186 2577906 
187 2577906 
188 2577907 
189 2577907 
190 2577907 
191 2577908 
192 2577908 
193 2577908 
194 2577909 
195 2577910 
196 2577910 
197 2577918 
198 2577923 
199 2577931 
200 2577932 
201 2577934 
202 2577942 
203 2577943 
204 2577945 
205 2577945 
206 2577945 
207 2577946 
208 2577946 
209 2577946 
210 2577947 
211 2577947 
212 2577950 
213 2577950 
214 2577951 
215 2577951 
216 2577952 
217 2577952 
218 2577952 
219 2577953 
220 2577953 
221 2577953 
222 2577954 
223 2577954 
224 2577956 
225 2577959 
226 2577959 
227 2577963 
228 2577966 
229 2577970 
230 2577973 
231 2577975 
232 2577977 
233 2577979 
234 2577988 
235 2577988 
236 2577992 
237 2577995 
238 2578003 
239 2578007 
240 2578009 
241 2578010 
242 2578010 
243 2578011 
244 2578011 
245 2578011 
246 2578012 
247 2578012 
248 2578014 
249 2578016 
250 2578017 
251 2578018 
252 2578018 
253 2578023 
254 2578024 
255 2578024 
256 2578026 
257 2578027 
258 2578028 
259 2578028 
260 2578028 
261 2578029 
262 2578029 
263 2578029 
264 2578030 
265 2578030 
266 2578031 
267 2578031 
268 2578031 
269 2578032 
270 2578032 
271 2578032 
272 2578033 
273 2578035 
274 2578037 
275 2578037 
276 2578037 
277 2578037 
278 2578038 
279 2578042 
280 2578043 
281 2578045 
282 2578045 
283 2578045 
284 2578046 
285 2578046 
286 2578050 
287 2578053 
288 2578054 
289 2578054 
290 2578054 
291 2578055 
292 2578058 
293 2578059 
294 2578061 
295 2578062 
296 2578066 
297 2578067 
298 2578070 
299 2578070 
300 2578070 
301 2578071 
302 2578072 
303 2578073 
304 2578073 
305 2578073 
306 2578073 
307 2578074 
308 2578074 
309 2578076 
310 2578079 
311 2578079 
312 2578084 
313 2578084 
314 2578085 
315 2578087 
316 2578087 
317 2578088 
318 2578088 
319 2578088 
320 2578089 
321 2578089 
322 2578092 
323 2578094 
324 2578094 
325 2578094 
326 2578094 
327 2578095 
328 2578095 
329 2578096 
330 2578097 
331 2578097 
332 2578097 
333 2578097 
334 2578099 
335 2578101 
336 2578102 
337 2578104 
338 2578109 
339 2578109 
340 2578110 
341 2578120 
342 2578123 
343 2578127 
344 2578129 
345 2578129 
346 2578131 
347 2578133 
348 2578137 
349 2578138 
350 2578141 
351 2578143 
352 2578146 
353 2578146 
354 2578146 
355 2578147 
356 2578147 
357 2578147 
358 2578148 
359 2578149 
360 2578152 
361 2578154 
362 2578154 
363 2578156 
364 2578157 
365 2578157 
366 2578158 
367 2578158 
368 2578158 
369 2578159 
370 2578159 
371 2578159 
372 2578160 
373 2578160 
374 2578161 
375 2578161 
376 2578161 
377 2578162 
378 2578162 
379 2578162 
380 2578163 
381 2578163 
382 2578163 
383 2578164 
384 2578164 
385 2578164 
386 2578164 
387 2578165 
388 2578165 
389 2578165 
390 2578165 
391 2578166 
392 2578166 
393 2578166 
394 2578166 
395 2578167 
396 2578167 
397 2578167 
398 2578167 
399 2578168 
400 2578168 
401 2578171 
402 2578189 
403 2578189 
404 2578190 
405 2578190 
406 2578191 
407 2578195 
408 2578198 
409 2578199 
410 2578201 
411 2578201 
412 2578201 
413 2578202 
414 2578202 
415 2578202 
416 2578203 
417 2578203 
418 2578203 
419 2578204 
420 2578204 
421 2578205 
422 2578205 
423 2578206 
424 2578206 
425 2578207 
426 2578207 
427 2578208 
428 2578208 
429 2578208 
430 2578209 
431 2578209 
432 2578210 
433 2578210 
434 2578210 
435 2578211 
436 2578211 
437 2578211 
438 2578217 
439 2578219 
440 2578223 
441 2578232 
442 2578235 
443 2578237 
444 2578237 
445 2578245 
446 2578245 
447 2578247 
448 2578247 
449 2578247 
450 2578248 
451 2578254 
452 2578255 
453 2578255 
454 2578255 
455 2578255 
456 2578256 
457 2578256 
458 2578256 
459 2578257 
460 2578257 
461 2578260 
462 2578260 
463 2578260 
464 2578275 
465 2578275 
466 2578277 
467 2578278 
468 2578278 
469 2578278 
470 2578279 
471 2578279 
472 2578279 
473 2578280 
474 2578280 
475 2578281 
476 2578287 
477 2578288 
478 2578290 
479 2578291 
480 2578291 
481 2578294 
482 2578294 
483 2578296 
484 2578297 
485 2578297 
486 2578298 
487 2578300 
488 2578302 
489 2578303 
490 2578306 
491 2578306 
492 2578312 
493 2578312 
494 2578316 
495 2578317 
496 2578318 
497 2578318 
498 2578318 
499 2578319 
500 2578319 
501 2578320 
502 2578320 
503 2578320 
504 2578321 
505 2578321 
506 2578321 
507 2578322 
508 2578322 
509 2578323 
510 2578324 
511 2578325 
512 2578326 
513 2578333 
514 2578336 
515 2578336 
516 2578337 
517 2578337 
518 2578338 
519 2578338 
520 2578339 
521 2578341 
522 2578351 
523 2578352 
524 2578355 
525 2578357 
526 2578358 
527 2578361 
528 2578361 
529 2578361 
530 2578365 
531 2578366 
532 2578366 
533 2578369 
534 2578370 
535 2578370 
536 2578370 
537 2578372 
538 2578378 
539 2578380 
540 2578384 
541 2578387 
542 2578387 
543 2578390 
544 2578391 
545 2578396 
546 2578397 
547 2578397 
548 2578397 
549 2578398 
550 2578398 
551 2578398 
552 2578400 
553 2578400 
554 2578401 
555 2578405 
556 2578415 
557 2578415 
558 2578420 
559 2578420 
560 2578421 
561 2578421 
562 2578422 
563 2578422 
564 2578426 
565 2578427 
566 2578430 
567 2578431 
568 2578431 
569 2578431 
570 2578431 
571 2578432 
572 2578432 
573 2578432 
574 2578432 
575 2578433 
576 2578433 
577 2578433 
578 2578433 
579 2578434 
580 2578434 
581 2578434 
582 2578434 
583 2578434 
584 2578434 
585 2578434 
586 2578435 
587 2578435 
588 2578435 
589 2578435 
590 2578436 
591 2578436 
592 2578436 
593 2578436 
594 2578436 
595 2578437 
596 2578437 
597 2578437 
598 2578441 
599 2578441 
600 2578441 
601 2578444 
602 2578444 
603 2578446 
604 2578449 
605 2578449 
606 2578449 
607 2578450 
608 2578450 
609 2578451 
610 2578451 
611 2578451 
612 2578451 
613 2578451 
614 2578452 
615 2578454 
616 2578454 
617 2578456 
618 2578459 
619 2578459 
620 2578468 
621 2578470 
622 2578470 
623 2578472 
624 2578473 
625 2578473 
626 2578473 
627 2578473 
628 2578473 
629 2578474 
630 2578474 
631 2578476 
632 2578477 
633 2578477 
634 2578478 
635 2578478 
636 2578478 
637 2578481 
638 2578488 
639 2578490 
640 2578490 
641 2578491 
642 2578494 
643 2578495 
644 2578495 
645 2578495 
646 2578497 
647 2578497 
648 2578499 
649 2578499 
650 2578499 
651 2578500 
652 2578502 
653 2578503 
654 2578503 
655 2578511 
656 2578516 
657 2578520 
658 2578526 
659 2578536 
660 2578538 
661 2578539 
662 2578548 
663 2578551 
664 2578552 
665 2578553 
666 2578556 
667 2578557 
668 2578560 
669 2578561 
670 2578561 
671 2578565 
672 2578565 
673 2578565 
674 2578566 
675 2578568 
676 2578570 
677 2578571 
678 2578573 
679 2578573 
680 2578573 
681 2578574 
682 2578574 
683 2578574 
684 2578575 
685 2578578 
686 2578581 
687 2578582 
688 2578582 
689 2578582 
690 2578583 
691 2578583 
692 2578586 
693 2578587 
694 2578593 
695 2578593 
696 2578594 
697 2578595 
698 2578596 
699 2578599 
700 2578604 
701 2578609 
702 2578610 
703 2578617 
704 2578617 
705 2578618 
706 2578619 
707 2578620 
708 2578620 
709 2578621 
710 2578628 
711 2578628 
712 2578629 
713 2578631 
714 2578631 
715 2578632 
716 2578634 
717 2578636 
718 2578638 
719 2578644 
720 2578646 
721 2578648 
722 2578655 
723 2578657 
724 2578657 
725 2578658 
726 2578658 
727 2578659 
728 2578659 
729 2578659 
730 2578659 
731 2578660 
732 2578660 
733 2578660 
734 2578662 
735 2578662 
736 2578663 
737 2578663 
738 2578663 
739 2578663 
740 2578663 
741 2578664 
742 2578664 
743 2578664 
744 2578665 
745 2578665 
746 2578668 
747 2578668 
748 2578673 
749 2578675 
750 2578680 
751 2578680 
752 2578681 
753 2578681 
754 2578682 
755 2578687 
756 2578689 
757 2578690 
758 2578690 
759 2578693 
760 2578693 
761 2578695 
762 2578696 
763 2578699 
764 2578700 
765 2578700 
766 2578702 
767 2578702 
768 2578702 
769 2578704 
770 2578705 
771 2578705 
772 2578706 
773 2578706 
774 2578707 
775 2578707 
776 2578708 
777 2578709 
778 2578709 
779 2578709 
780 2578711 
781 2578712 
782 2578713 
783 2578714 
784 2578716 
785 2578718 
786 2578719 
787 2578719 
788 2578719 
789 2578721 
790 2578723 
791 2578727 
792 2578727 
793 2578728 
794 2578729 
795 2578730 
796 2578730 
797 2578731 
798 2578739 
799 2578739 
800 2578741 
801 2578743 
802 2578744 
803 2578744 
804 2578745 
805 2578745 
806 2578746 
807 2578747 
808 2578747 
809 2578747 
810 2578748 
811 2578748 
812 2578748 
813 2578748 
814 2578749 
815 2578749 
816 2578749 
817 2578750 
818 2578750 
819 2578750 
820 2578751 
821 2578751 
822 2578751 
823 2578752 
824 2578752 
825 2578752 
826 2578752 
827 2578753 
828 2578753 
829 2578753 
830 2578753 
831 2578754 
832 2578754 
833 2578754 
834 2578754 
835 2578755 
836 2578755 
837 2578755 
838 2578756 
839 2578756 
840 2578757 
841 2578757 
842 2578757 
843 2578758 
844 2578758 
845 2578759 
846 2578759 
847 2578759 
848 2578762 
849 2578763 
850 2578765 
851 2578766 
852 2578766 
853 2578766 
854 2578767 
855 2578769 
856 2578770 
857 2578773 
858 2578776 
859 2578778 
860 2578778 
861 2578779 
862 2578780 
863 2578780 
864 2578781 
865 2578781 
866 2578781 
867 2578782 
868 2578782 
869 2578782 
870 2578783 
871 2578784 
872 2578784 
873 2578785 
874 2578787 
875 2578787 
876 2578788 
877 2578788 
878 2578788 
879 2578789 
880 2578789 
881 2578792 
882 2578792 
883 2578794 
884 2578797 
885 2578797 
886 2578802 
887 2578807 
888 2578808 
889 2578812 
890 2578815 
891 2578816 
892 2578816 
893 2578816 
894 2578816 
895 2578817 
896 2578817 
897 2578820 
898 2578824 
899 2578824 
900 2578825 
901 2578825 
902 2578825 
903 2578825 
904 2578826 
905 2578828 
906 2578829 
907 2578829 
908 2578830 
909 2578830 
910 2578832 
911 2578835 
912 2578836 
913 2578837 
914 2578840 
915 2578840 
916 2578841 
917 2578842 
918 2578842 
919 2578843 
920 2578843 
921 2578843 
922 2578843 
923 2578844 
924 2578844 
925 2578846 
926 2578846 
927 2578847 
928 2578852 
929 2578852 
930 2578852 
931 2578853 
932 2578853 
933 2578854 
934 2578854 
935 2578854 
936 2578856 
937 2578857 
938 2578857 
939 2578857 
940 2578858 
941 2578858 
942 2578858 
943 2578859 
944 2578859 
945 2578859 
946 2578860 
947 2578860 
948 2578860 
949 2578860 
950 2578860 
951 2578861 
952 2578861 
953 2578861 
954 2578861 
955 2578862 
956 2578862 
957 2578862 
958 2578863 
959 2578865 
960 2578865 
961 2578865 
962 2578868 
963 2578869 
964 2578873 
965 2578876 
966 2578878 
967 2578880 
968 2578882 
969 2578882 
970 2578883 
971 2578884 
972 2578887 
973 2578887 
974 2578887 
975 2578888 
976 2578888 
977 2578888 
978 2578889 
979 2578895 
980 2578895 
981 2578896 
982 2578900 
983 2578908 
984 2578909 
985 2578909 
986 2578909 
987 2578910 
988 2578910 
989 2578911 
990 2578919 
991 2578922 
992 2578922 
993 2578922 
994 2578924 
995 2578924 
996 2578924 
997 2578924 
998 2578925 
999 2578925 
1000 2578926 
1001 2578928 
1002 2578928 
1003 2578929 
1004 2578929 
1005 2578930 
1006 2578930 
1007 2578933 
1008 2578936 
1009 2578938 
1010 2578938 
1011 2578938 
1012 2578938 
1013 2578939 
1014 2578939 
1015 2578942 
1016 2578942 
1017 2578943 
1018 2578944 
1019 2578944 
1020 2578944 
1021 2578944 
1022 2578946 
1023 2578947 
1024 2578950 
1025 2578955 
1026 2578955 
1027 2578956 
1028 2578959 
1029 2578959 
1030 2578960 
1031 2578964 
1032 2578966 
1033 2578967 
1034 2578967 
1035 2578969 
1036 2578970 
1037 2578970 
1038 2578971 
1039 2578971 
1040 2578971 
1041 2578972 
1042 2578972 
1043 2578972 
1044 2578973 
1045 2578973 
1046 2578975 
1047 2578975 
1048 2578977 
1049 2578977 
1050 2578978 
1051 2578978 
1052 2578979 
1053 2578979 
1054 2578979 
1055 2578979 
1056 2578979 
1057 2578980 
1058 2578980 
1059 2578980 
1060 2578981 
1061 2578981 
1062 2578981 
1063 2578982 
1064 2578982 
1065 2578983 
1066 2578983 
1067 2578984 
1068 2578985 
1069 2578986 
1070 2578989 
1071 2578990 
1072 2578992 
1073 2578996 
1074 2578998 
1075 2578998 
1076 2578998 
1077 2578999 
1078 2579001 
1079 2579001 
1080 2579002 
1081 2579002 
1082 2579003 
1083 2579005 
1084 2579005 
1085 2579011 
1086 2579014 
1087 2579015 
1088 2579018 
1089 2579018 
1090 2579024 
1091 2579024 
1092 2579024 
1093 2579025 
1094 2579025 
1095 2579025 
1096 2579026 
1097 2579026 
1098 2579027 
1099 2579030 
1100 2579030 
1101 2579030 
1102 2579031 
1103 2579036 
1104 2579037 
1105 2579037 
1106 2579038 
1107 2579039 
1108 2579041 
1109 2579041 
1110 2579041 
1111 2579042 
1112 2579042 
1113 2579042 
1114 2579043 
1115 2579044 
1116 2579048 
1117 2579049 
1118 2579050 
1119 2579051 
1120 2579051 
1121 2579052 
1122 2579052 
1123 2579052 
1124 2579053 
1125 2579054 
1126 2579054 
1127 2579055 
1128 2579055 
1129 2579057 
1130 2579057 
1131 2579058 
1132 2579058 
1133 2579058 
1134 2579058 
1135 2579059 
1136 2579059 
1137 2579059 
1138 2579060 
1139 2579060 
1140 2579061 
1141 2579061 
1142 2579062 
1143 2579062 
1144 2579063 
1145 2579066 
1146 2579066 
1147 2579067 
1148 2579067 
1149 2579067 
1150 2579067 
1151 2579067 
1152 2579068 
1153 2579068 
1154 2579068 
1155 2579071 
1156 2579071 
1157 2579073 
1158 2579074 
1159 2579074 
1160 2579074 
1161 2579075 
1162 2579075 
1163 2579075 
1164 2579076 
1165 2579076 
1166 2579076 
1167 2579076 
1168 2579077 
1169 2579077 
1170 2579078 
1171 2579079 
1172 2579080 
1173 2579080 
1174 2579080 
1175 2579081 
1176 2579081 
1177 2579082 
1178 2579084 
1179 2579085 
1180 2579085 
1181 2579086 
1182 2579086 
1183 2579087 
1184 2579087 
1185 2579088 
1186 2579088 
1187 2579088 
1188 2579088 
1189 2579091 
1190 2579091 
1191 2579092 
1192 2579092 
1193 2579092 
1194 2579093 
1195 2579095 
1196 2579096 
1197 2579097 
1198 2579097 
1199 2579097 
1200 2579097 
1201 2579098 
1202 2579099 
1203 2579099 
1204 2579099 
1205 2579100 
1206 2579100 
1207 2579100 
1208 2579101 
1209 2579103 
1210 2579105 
1211 2579106 
1212 2579106 
1213 2579106 
1214 2579107 
1215 2579109 
1216 2579114 
1217 2579115 
1218 2579119 
1219 2579122 
1220 2579123 
1221 2579125 
1222 2579128 
1223 2579130 
1224 2579131 
1225 2579131 
1226 2579131 
1227 2579132 
1228 2579132 
1229 2579135 
1230 2579136 
1231 2579136 
1232 2579139 
1233 2579141 
1234 2579141 
1235 2579142 
1236 2579144 
1237 2579144 
1238 2579147 
1239 2579157 
1240 2579157 
1241 2579158 
1242 2579158 
1243 2579159 
1244 2579159 
1245 2579161 
1246 2579161 
1247 2579162 
1248 2579164 
1249 2579166 
1250 2579168 
1251 2579169 
1252 2579170 
1253 2579170 
1254 2579171 
1255 2579171 
1256 2579171 
1257 2579173 
1258 2579174 
1259 2579174 
1260 2579176 
1261 2579176 
1262 2579180 
1263 2579180 
1264 2579180 
1265 2579181 
1266 2579183 
1267 2579184 
1268 2579184 
1269 2579184 
1270 2579185 
1271 2579189 
1272 2579189 
1273 2579191 
1274 2579193 
1275 2579193 
1276 2579199 
1277 2579202 
1278 2579203 
1279 2579205 
1280 2579205 
1281 2579210 
1282 2579210 
1283 2579212 
1284 2579219 
1285 2579219 
1286 2579220 
1287 2579226 
1288 2579227 
1289 2579227 
1290 2579227 
1291 2579228 
1292 2579231 
1293 2579234 
1294 2579234 
1295 2579234 
1296 2579235 
1297 2579235 
1298 2579235 
1299 2579237 
1300 2579237 
1301 2579238 
1302 2579238 
1303 2579238 
1304 2579239 
1305 2579239 
1306 2579241 
1307 2579243 
1308 2579243 
1309 2579245 
1310 2579246 
1311 2579248 
1312 2579251 
1313 2579252 
1314 2579253 
1315 2579254 
1316 2579254 
1317 2579255 
1318 2579258 
1319 2579259 
1320 2579259 
1321 2579259 
1322 2579260 
1323 2579260 
1324 2579260 
1325 2579260 
1326 2579261 
1327 2579261 
1328 2579261 
1329 2579263 
1330 2579269 
1331 2579273 
1332 2579274 
1333 2579275 
1334 2579278 
1335 2579282 
1336 2579284 
1337 2579286 
1338 2579287 
1339 2579290 
1340 2579293 
1341 2579295 
1342 2579296 
1343 2579300 
1344 2579301 
1345 2579302 
1346 2579308 
1347 2579309 
1348 2579310 
1349 2579311 
1350 2579311 
1351 2579312 
1352 2579313 
1353 2579313 
1354 2579314 
1355 2579314 
1356 2579315 
1357 2579315 
1358 2579316 
1359 2579317 
1360 2579317 
1361 2579318 
1362 2579318 
1363 2579319 
1364 2579330 
1365 2579331 
1366 2579331 
1367 2579331 
1368 2579333 
1369 2579334 
1370 2579336 
1371 2579337 
1372 2579339 
1373 2579340 
1374 2579341 
1375 2579342 
1376 2579342 
1377 2579355 
1378 2579359 
1379 2579359 
1380 2579359 
1381 2579360 
1382 2579360 
1383 2579360 
1384 2579360 
1385 2579361 
1386 2579361 
1387 2579361 
1388 2579361 
1389 2579362 
1390 2579362 
1391 2579362 
1392 2579362 
1393 2579364 
1394 2579365 
1395 2579365 
1396 2579365 
1397 2579365 
1398 2579367 
1399 2579369 
1400 2579369 
1401 2579371 
1402 2579371 
1403 2579372 
1404 2579373 
1405 2579374 
1406 2579375 
1407 2579375 
1408 2579383 
1409 2579383 
1410 2579383 
1411 2579388 
1412 2579395 
1413 2579396 
1414 2579398 
1415 2579399 
1416 2579400 
1417 2579405 
1418 2579408 
1419 2579410 
1420 2579410 
1421 2579410 
1422 2579411 
1423 2579411 
1424 2579411 
1425 2579411 
1426 2579413 
1427 2579415 
1428 2579418 
1429 2579419 
1430 2579419 
1431 2579420 
1432 2579422 
1433 2579427 
1434 2579430 
1435 2579430 
1436 2579432 
1437 2579432 
1438 2579432 
1439 2579433 
1440 2579434 
1441 2579434 
1442 2579440 
1443 2579441 
1444 2579444 
1445 2579448 
1446 2579450 
1447 2579451 
1448 2579452 
1449 2579454 
1450 2579457 
1451 2579458 
1452 2579460 
1453 2579462 
1454 2579473 
1455 2579475 
1456 2579477 
1457 2579488 
1458 2579488 
1459 2579494 
1460 2579495 
1461 2579495 
1462 2579496 
1463 2579496 
1464 2579502 
1465 2579502 
1466 2579513 
1467 2579514 
1468 2579519 
1469 2579522 
1470 2579524 
1471 2579525 
1472 2579528 
1473 2579532 
1474 2579533 
1475 2579533 
1476 2579534 
1477 2579535 
1478 2579535 
1479 2579536 
1480 2579536 
1481 2579537 
1482 2579537 
1483 2579537 
1484 2579538 
1485 2579538 
1486 2579539 
1487 2579539 
1488 2579541 
1489 2579543 
1490 2579548 
1491 2579550 
1492 2579552 
1493 2579554 
1494 2579558 
1495 2579559 
1496 2579559 
1497 2579559 
1498 2579560 
1499 2579561 
1500 2579570 
1501 2579571 
1502 2579577 
1503 2579578 
1504 2579578 
1505 2579579 
1506 2579579 
1507 2579579 
1508 2579580 
1509 2579580 
1510 2579587 
1511 2579600 
1512 2579600 
1513 2579600 
1514 2579601 
1515 2579601 
1516 2579613 
1517 2579613 
1518 2579613 
1519 2579613 
1520 2579614 
1521 2579614 
1522 2579616 
1523 2579616 
1524 2579617 
1525 2579626 
1526 2579631 
1527 2579634 
1528 2579635 
1529 2579640 
1530 2579646 
1531 2579649 
1532 2579653 
1533 2579658 
1534 2579666 
1535 2579667 
1536 2579667 
1537 2579667 
1538 2579667 
1539 2579668 
1540 2579668 
1541 2579668 
1542 2579669 
1543 2579669 
1544 2579669 
1545 2579670 
1546 2579670 
1547 2579671 
1548 2579672 
1549 2579675 
1550 2579675 
1551 2579676 
1552 2579677 
1553 2579679 
1554 2579682 
1555 2579683 
1556 2579683 
1557 2579686 
1558 2579689 
1559 2579700 
1560 2579703 
1561 2579705 
1562 2579706 
1563 2579709 
1564 2579714 
1565 2579721 
1566 2579721 
1567 2579721 
1568 2579722 
1569 2579723 
1570 2579724 
1571 2579727 
1572 2579729 
1573 2579730 
1574 2579730 
1575 2579730 
1576 2579731 
1577 2579731 
1578 2579731 
1579 2579732 
1580 2579732 
1581 2579732 
1582 2579735 
1583 2579735 
1584 2579736 
1585 2579736 
1586 2579736 
1587 2579737 
1588 2579737 
1589 2579737 
1590 2579737 
1591 2579738 
1592 2579738 
1593 2579739 
1594 2579740 
1595 2579747 
1596 2579749 
1597 2579749 
1598 2579749 
1599 2579750 
1600 2579750 
1601 2579750 
1602 2579750 
1603 2579751 
1604 2579751 
1605 2579751 
1606 2579751 
1607 2579752 
1608 2579752 
1609 2579752 
1610 2579753 
1611 2579753 
1612 2579753 
1613 2579754 
1614 2579754 
1615 2579754 
1616 2579754 
1617 2579755 
1618 2579755 
1619 2579755 
1620 2579756 
1621 2579756 
1622 2579756 
1623 2579757 
1624 2579757 
1625 2579757 
1626 2579758 
1627 2579758 
1628 2579758 
1629 2579759 
1630 2579759 
1631 2579759 
1632 2579760 
1633 2579760 
1634 2579760 
1635 2579761 
1636 2579761 
1637 2579761 
1638 2579762 
1639 2579762 
1640 2579762 
1641 2579763 
1642 2579763 
1643 2579763 
1644 2579764 
1645 2579764 
1646 2579764 
1647 2579765 
1648 2579765 
1649 2579765 
1650 2579766 
1651 2579766 
1652 2579766 
1653 2579767 
1654 2579767 
1655 2579767 
1656 2579768 
1657 2579768 
1658 2579768 
1659 2579769 
1660 2579769 
1661 2579769 
1662 2579770 
1663 2579770 
1664 2579770 
1665 2579771 
1666 2579771 
1667 2579771 
1668 2579771 
1669 2579772 
1670 2579772 
1671 2579772 
1672 2579773 
1673 2579773 
1674 2579773 
1675 2579774 
1676 2579774 
1677 2579774 
1678 2579775 
1679 2579775 
1680 2579775 
1681 2579776 
1682 2579776 
1683 2579776 
1684 2579776 
1685 2579777 
1686 2579777 
1687 2579778 
1688 2579778 
1689 2579778 
1690 2579779 
1691 2579779 
1692 2579779 
1693 2579780 
1694 2579780 
1695 2579780 
1696 2579781 
1697 2579781 
1698 2579781 
1699 2579782 
1700 2579782 
1701 2579782 
1702 2579783 
1703 2579783 
1704 2579784 
1705 2579784 
1706 2579784 
1707 2579785 
1708 2579785 
1709 2579786 
1710 2579786 
1711 2579786 
1712 2579786 
1713 2579787 
1714 2579787 
1715 2579787 
1716 2579788 
1717 2579788 
1718 2579788 
1719 2579789 
1720 2579789 
1721 2579789 
1722 2579790 
1723 2579790 
1724 2579790 
1725 2579790 
1726 2579791 
1727 2579791 
1728 2579791 
1729 2579792 
1730 2579792 
1731 2579792 
1732 2579793 
1733 2579793 
1734 2579793 
1735 2579793 
1736 2579794 
1737 2579794 
1738 2579794 
1739 2579795 
1740 2579795 
1741 2579795 
1742 2579796 
1743 2579796 
1744 2579796 
1745 2579796 
1746 2579797 
1747 2579797 
1748 2579797 
1749 2579798 
1750 2579798 
1751 2579799 
1752 2579799 
1753 2579799 
1754 2579799 
1755 2579800 
1756 2579800 
1757 2579800 
1758 2579800 
1759 2579801 
1760 2579801 
1761 2579802 
1762 2579802 
1763 2579802 
1764 2579803 
1765 2579803 
1766 2579803 
1767 2579804 
1768 2579804 
1769 2579804 
1770 2579804 
1771 2579805 
1772 2579805 
1773 2579805 
1774 2579806 
1775 2579806 
1776 2579806 
1777 2579807 
1778 2579807 
1779 2579807 
1780 2579808 
1781 2579808 
1782 2579808 
1783 2579809 
1784 2579809 
1785 2579809 
1786 2579810 
1787 2579810 
1788 2579810 
1789 2579811 
1790 2579811 
1791 2579811 
1792 2579811 
1793 2579812 
1794 2579812 
1795 2579812 
1796 2579812 
1797 2579813 
1798 2579813 
1799 2579813 
1800 2579813 
1801 2579814 
1802 2579814 
1803 2579814 
1804 2579815 
1805 2579815 
1806 2579815 
1807 2579816 
1808 2579816 
1809 2579816 
1810 2579817 
1811 2579817 
1812 2579817 
1813 2579818 
1814 2579818 
1815 2579818 
1816 2579819 
1817 2579819 
1818 2579819 
1819 2579820 
1820 2579820 
1821 2579820 
1822 2579821 
1823 2579821 
1824 2579821 
1825 2579822 
1826 2579822 
1827 2579822 
1828 2579823 
1829 2579823 
1830 2579823 
1831 2579824 
1832 2579824 
1833 2579824 
1834 2579824 
1835 2579825 
1836 2579825 
1837 2579825 
1838 2579825 
1839 2579826 
1840 2579826 
1841 2579826 
1842 2579827 
1843 2579827 
1844 2579827 
1845 2579827 
1846 2579828 
1847 2579828 
1848 2579828 
1849 2579829 
1850 2579829 
1851 2579829 
1852 2579829 
1853 2579830 
1854 2579830 
1855 2579830 
1856 2579830 
1857 2579831 
1858 2579831 
1859 2579831 
1860 2579832 
1861 2579832 
1862 2579832 
1863 2579833 
1864 2579833 
1865 2579833 
1866 2579834 
1867 2579834 
1868 2579834 
1869 2579835 
1870 2579835 
1871 2579835 
1872 2579836 
1873 2579836 
1874 2579836 
1875 2579837 
1876 2579837 
1877 2579838 
1878 2579838 
1879 2579838 
1880 2579838 
1881 2579839 
1882 2579839 
1883 2579840 
1884 2579840 
1885 2579840 
1886 2579840 
1887 2579841 
1888 2579841 
1889 2579841 
1890 2579842 
1891 2579842 
1892 2579842 
1893 2579843 
1894 2579843 
1895 2579843 
1896 2579844 
1897 2579844 
1898 2579844 
1899 2579845 
1900 2579845 
1901 2579845 
1902 2579846 
1903 2579846 
1904 2579846 
1905 2579846 
1906 2579847 
1907 2579847 
1908 2579847 
1909 2579848 
1910 2579848 
1911 2579848 
1912 2579849 
1913 2579849 
1914 2579849 
1915 2579850 
1916 2579850 
1917 2579850 
1918 2579851 
1919 2579851 
1920 2579851 
1921 2579852 
1922 2579852 
1923 2579852 
1924 2579853 
1925 2579853 
1926 2579853 
1927 2579854 
1928 2579854 
1929 2579854 
1930 2579854 
1931 2579854 
1932 2579855 
1933 2579855 
1934 2579855 
1935 2579856 
1936 2579856 
1937 2579856 
1938 2579857 
1939 2579857 
1940 2579857 
1941 2579858 
1942 2579858 
1943 2579858 
1944 2579858 
1945 2579858 
1946 2579859 
1947 2579859 
1948 2579859 
1949 2579860 
1950 2579860 
1951 2579860 
1952 2579861 
1953 2579861 
1954 2579861 
1955 2579862 
1956 2579862 
1957 2579862 
1958 2579862 
1959 2579863 
1960 2579863 
1961 2579863 
1962 2579863 
1963 2579863 
1964 2579864 
1965 2579864 
1966 2579864 
1967 2579865 
1968 2579865 
1969 2579865 
1970 2579865 
1971 2579866 
1972 2579866 
1973 2579866 
1974 2579867 
1975 2579867 
1976 2579867 
1977 2579867 
1978 2579868 
1979 2579868 
1980 2579868 
1981 2579868 
1982 2579869 
1983 2579869 
1984 2579869 
1985 2579869 
1986 2579870 
1987 2579870 
1988 2579870 
1989 2579870 
1990 2579871 
1991 2579871 
1992 2579871 
1993 2579871 
1994 2579872 
1995 2579872 
1996 2579872 
1997 2579872 
1998 2579873 
1999 2579873 
2000 2579873 
2001 2579873 
2002 2579874 
2003 2579874 
2004 2579874 
2005 2579874 
2006 2579875 
2007 2579875 
2008 2579875 
2009 2579876 
2010 2579876 
2011 2579876 
2012 2579877 
2013 2579877 
2014 2579877 
2015 2579878 
2016 2579878 
2017 2579878 
2018 2579879 
2019 2579879 
2020 2579879 
2021 2579880 
2022 2579880 
2023 2579880 
2024 2579881 
2025 2579881 
2026 2579881 
2027 2579882 
2028 2579882 
2029 2579882 
2030 2579882 
2031 2579883 
2032 2579883 
2033 2579883 
2034 2579884 
2035 2579884 
2036 2579884 
2037 2579884 
2038 2579885 
2039 2579885 
2040 2579885 
2041 2579885 
2042 2579886 
2043 2579886 
2044 2579886 
2045 2579887 
2046 2579887 
2047 2579887 
2048 2579887 
2049 2579888 
2050 2579888 
2051 2579888 
2052 2579888 
2053 2579889 
2054 2579889 
2055 2579889 
2056 2579889 
2057 2579890 
2058 2579890 
2059 2579891 
2060 2579891 
2061 2579891 
2062 2579891 
2063 2579892 
2064 2579892 
2065 2579892 
2066 2579893 
2067 2579893 
2068 2579893 
2069 2579894 
2070 2579894 
2071 2579894 
2072 2579895 
2073 2579895 
2074 2579896 
2075 2579896 
2076 2579896 
2077 2579897 
2078 2579897 
2079 2579897 
2080 2579897 
2081 2579898 
2082 2579898 
2083 2579898 
2084 2579899 
2085 2579899 
2086 2579899 
2087 2579900 
2088 2579900 
2089 2579900 
2090 2579900 
2091 2579901 
2092 2579901 
2093 2579901 
2094 2579901 
2095 2579902 
2096 2579902 
2097 2579902 
2098 2579903 
2099 2579903 
2100 2579903 
2101 2579904 
2102 2579904 
2103 2579904 
2104 2579905 
2105 2579905 
2106 2579905 
2107 2579906 
2108 2579906 
2109 2579906 
2110 2579907 
2111 2579907 
2112 2579907 
2113 2579908 
2114 2579908 
2115 2579908 
2116 2579909 
2117 2579909 
2118 2579909 
2119 2579910 
2120 2579910 
2121 2579910 
2122 2579911 
2123 2579911 
2124 2579911 
2125 2579911 
2126 2579912 
2127 2579912 
2128 2579912 
2129 2579913 
2130 2579913 
2131 2579913 
2132 2579914 
2133 2579914 
2134 2579914 
2135 2579914 
2136 2579915 
2137 2579915 
2138 2579915 
2139 2579916 
2140 2579916 
2141 2579916 
2142 2579917 
2143 2579917 
2144 2579918 
2145 2579918 
2146 2579918 
2147 2579919 
2148 2579919 
2149 2579919 
2150 2579920 
2151 2579920 
2152 2579920 
2153 2579921 
2154 2579921 
2155 2579921 
2156 2579922 
2157 2579922 
2158 2579923 
2159 2579923 
2160 2579923 
2161 2579923 
2162 2579924 
2163 2579924 
2164 2579924 
2165 2579925 
2166 2579925 
2167 2579925 
2168 2579925 
2169 2579926 
2170 2579926 
2171 2579926 
2172 2579927 
2173 2579927 
2174 2579927 
2175 2579928 
2176 2579928 
2177 2579928 
2178 2579928 
2179 2579929 
2180 2579929 
2181 2579930 
2182 2579930 
2183 2579930 
2184 2579930 
2185 2579931 
2186 2579931 
2187 2579931 
2188 2579931 
2189 2579932 
2190 2579932 
2191 2579932 
2192 2579933 
2193 2579933 
2194 2579934 
2195 2579934 
2196 2579934 
2197 2579934 
2198 2579935 
2199 2579935 
2200 2579935 
2201 2579936 
2202 2579936 
2203 2579936 
2204 2579937 
2205 2579937 
2206 2579937 
2207 2579938 
2208 2579938 
2209 2579938 
2210 2579939 
2211 2579939 
2212 2579939 
2213 2579940 
2214 2579940 
2215 2579940 
2216 2579941 
2217 2579941 
2218 2579941 
2219 2579942 
2220 2579942 
2221 2579942 
2222 2579943 
2223 2579943 
2224 2579943 
2225 2579944 
2226 2579944 
2227 2579944 
2228 2579945 
2229 2579945 
2230 2579945 
2231 2579946 
2232 2579946 
2233 2579946 
2234 2579947 
2235 2579947 
2236 2579947 
2237 2579952 
2238 2579955 
2239 2579955 
2240 2579956 
2241 2579959 
2242 2579960 
2243 2579961 
2244 2579962 
2245 2579962 
2246 2579964 
2247 2579966 
2248 2579966 
2249 2579971 
2250 2579973 
2251 2579973 
2252 2579973 
2253 2579976 
2254 2579979 
2255 2579980 
2256 2579980 
2257 2579980 
2258 2579980 
2259 2579982 
2260 2579983 
2261 2579983 
2262 2579989 
2263 2579990 
2264 2579997 
2265 2579999 
2266 2580002 
2267 2580005 
2268 2580006 
2269 2580007 
2270 2580008 
2271 2580009 
2272 2580009 
2273 2580009 
2274 2580009 
2275 2580010 
2276 2580010 
2277 2580011 
2278 2580011 
2279 2580012 
2280 2580013 
2281 2580013 
2282 2580013 
2283 2580014 
2284 2580014 
2285 2580018 
2286 2580020 
2287 2580020 
2288 2580023 
2289 2580026 
2290 2580026 
2291 2580027 
2292 2580028 
2293 2580028 
2294 2580032 
2295 2580032 
2296 2580035 
2297 2580038 
2298 2580038 
2299 2580039 
2300 2580039 
2301 2580039 
2302 2580040 
2303 2580040 
2304 2580040 
2305 2580041 
2306 2580041 
2307 2580041 
2308 2580042 
2309 2580042 
2310 2580042 
2311 2580043 
2312 2580043 
2313 2580044 
2314 2580044 
2315 2580044 
2316 2580045 
2317 2580045 
2318 2580046 
2319 2580049 
2320 2580050 
2321 2580051 
2322 2580052 
2323 2580056 
2324 2580057 
2325 2580057 
2326 2580057 
2327 2580058 
2328 2580058 
2329 2580058 
2330 2580059 
2331 2580059 
2332 2580060 
2333 2580060 
2334 2580060 
2335 2580061 
2336 2580061 
2337 2580061 
2338 2580063 
2339 2580064 
2340 2580064 
2341 2580068 
2342 2580068 
2343 2580069 
2344 2580069 
2345 2580069 
2346 2580070 
2347 2580070 
2348 2580070 
2349 2580070 
2350 2580071 
2351 2580071 
2352 2580072 
2353 2580072 
2354 2580072 
2355 2580072 
2356 2580073 
2357 2580073 
2358 2580073 
2359 2580074 
2360 2580075 
2361 2580075 
2362 2580075 
2363 2580076 
2364 2580078 
2365 2580081 
2366 2580081 
2367 2580084 
2368 2580086 
2369 2580091 
2370 2580097 
2371 2580097 
2372 2580100 
2373 2580104 
2374 2580107 
2375 2580121 
2376 2580139 
2377 2580140 
2378 2580140 
2379 2580144 
2380 2580145 
2381 2580145 
2382 2580145 
2383 2580148 
2384 2580148 
2385 2580151 
2386 2580153 
2387 2580157 
2388 2580159 
2389 2580159 
2390 2580161 
2391 2580162 
2392 2580168 
2393 2580177 
2394 2580182 
2395 2580187 
2396 2580188 
2397 2580190 
2398 2580190 
2399 2580193 
2400 2580194 
2401 2580195 
2402 2580195 
2403 2580196 
2404 2580197 
2405 2580197 
2406 2580198 
2407 2580200 
2408 2580201 
2409 2580202 
2410 2580202 
2411 2580202 
2412 2580206 
2413 2580206 
2414 2580206 
2415 2580208 
2416 2580209 
2417 2580212 
2418 2580214 
2419 2580214 
2420 2580217 
2421 2580218 
2422 2580219 
2423 2580222 
2424 2580223 
2425 2580224 
2426 2580224 
2427 2580226 
2428 2580228 
2429 2580229 
2430 2580229 
2431 2580231 
2432 2580231 
2433 2580231 
2434 2580232 
2435 2580235 
2436 2580236 
2437 2580237 
2438 2580237 
2439 2580238 
2440 2580241 
2441 2580241 
2442 2580243 
2443 2580249 
2444 2580253 
2445 2580260 
2446 2580262 
2447 2580263 
2448 2580278 
2449 2580278 
2450 2580281 
2451 2580282 
2452 2580283 
2453 2580285 
2454 2580285 
2455 2580286 
2456 2580286 
2457 2580286 
2458 2580287 
2459 2580287 
2460 2580287 
2461 2580288 
2462 2580288 
2463 2580289 
2464 2580289 
2465 2580289 
2466 2580290 
2467 2580291 
2468 2580291 
2469 2580291 
2470 2580292 
2471 2580293 
2472 2580293 
2473 2580293 
2474 2580295 
2475 2580299 
2476 2580299 
2477 2580301 
2478 2580302 
2479 2580302 
2480 2580309 
2481 2580312 
2482 2580316 
2483 2580317 
2484 2580319 
2485 2580329 
2486 2580331 
2487 2580331 
2488 2580333 
2489 2580336 
2490 2580345 
2491 2580345 
2492 2580347 
2493 2580347 
2494 2580347 
2495 2580349 
2496 2580354 
2497 2580354 
2498 2580354 
2499 2580355 
2500 2580355 
2501 2580355 
2502 2580356 
2503 2580356 
2504 2580356 
2505 2580357 
2506 2580357 
2507 2580357 
2508 2580358 
2509 2580358 
2510 2580358 
2511 2580376 
2512 2580376 
2513 2580377 
2514 2580377 
2515 2580377 
2516 2580378 
2517 2580378 
2518 2580379 
2519 2580379 
2520 2580379 
2521 2580380 
2522 2580380 
2523 2580380 
2524 2580381 
2525 2580381 
2526 2580381 
2527 2580382 
2528 2580382 
2529 2580382 
2530 2580383 
2531 2580383 
2532 2580383 
2533 2580384 
2534 2580384 
2535 2580385 
2536 2580385 
2537 2580386 
2538 2580386 
2539 2580387 
2540 2580387 
2541 2580387 
2542 2580388 
2543 2580388 
2544 2580388 
2545 2580389 
2546 2580389 
2547 2580389 
2548 2580390 
2549 2580390 
2550 2580390 
2551 2580391 
2552 2580391 
2553 2580391 
2554 2580391 
2555 2580395 
2556 2580395 
2557 2580395 
2558 2580396 
2559 2580396 
2560 2580417 
2561 2580423 
2562 2580426 
2563 2580426 
2564 2580427 
2565 2580427 
2566 2580427 
2567 2580428 
2568 2580428 
2569 2580428 
2570 2580429 
2571 2580429 
2572 2580429 
2573 2580430 
2574 2580430 
2575 2580430 
2576 2580431 
2577 2580435 
2578 2580439 
2579 2580439 
2580 2580444 
2581 2580446 
2582 2580446 
2583 2580450 
2584 2580450 
2585 2580451 
2586 2580458 
2587 2580459 
2588 2580459 
2589 2580460 
2590 2580469 
2591 2580469 
2592 2580470 
2593 2580477 
2594 2580479 
2595 2580479 
2596 2580479 
2597 2580480 
2598 2580480 
2599 2580480 
2600 2580481 
2601 2580495 
2602 2580497 
2603 2580500 
2604 2580502 
2605 2580503 
2606 2580505 
2607 2580510 
2608 2580513 
2609 2580514 
2610 2580514 
2611 2580514 
2612 2580518 
2613 2580519 
2614 2580519 
2615 2580520 
2616 2580520 
2617 2580520 
2618 2580520 
2619 2580521 
2620 2580523 
2621 2580524 
2622 2580530 
2623 2580531 
2624 2580531 
2625 2580531 
2626 2580532 
2627 2580532 
2628 2580538 
2629 2580539 
2630 2580540 
2631 2580543 
2632 2580543 
2633 2580543 
2634 2580543 
2635 2580544 
2636 2580544 
2637 2580544 
2638 2580545 
2639 2580545 
2640 2580550 
2641 2580551 
2642 2580551 
2643 2580552 
2644 2580552 
2645 2580552 
2646 2580552 
2647 2580552 
2648 2580553 
2649 2580553 
2650 2580553 
2651 2580554 
2652 2580554 
2653 2580556 
2654 2580562 
2655 2580567 
2656 2580567 
2657 2580569 
2658 2580571 
2659 2580573 
2660 2580576 
2661 2580578 
2662 2580578 
2663 2580584 
2664 2580585 
2665 2580585 
2666 2580587 
2667 2580588 
2668 2580588 
2669 2580588 
2670 2580588 
2671 2580589 
2672 2580589 
2673 2580589 
2674 2580589 
2675 2580590 
2676 2580590 
2677 2580590 
2678 2580591 
2679 2580591 
2680 2580591 
2681 2580591 
2682 2580592 
2683 2580592 
2684 2580592 
2685 2580593 
2686 2580593 
2687 2580595 
2688 2580595 
2689 2580602 
2690 2580602 
2691 2580606 
2692 2580607 
2693 2580607 
2694 2580610 
2695 2580611 
2696 2580612 
2697 2580612 
2698 2580612 
2699 2580615 
2700 2580616 
2701 2580616 
2702 2580619 
2703 2580626 
2704 2580629 
2705 2580631 
2706 2580644 
2707 2580645 
2708 2580645 
2709 2580646 
2710 2580649 
2711 2580650 
2712 2580651 
2713 2580651 
2714 2580657 
2715 2580657 
2716 2580658 
2717 2580660 
2718 2580663 
2719 2580663 
2720 2580666 
2721 2580667 
2722 2580668 
2723 2580670 
2724 2580671 
2725 2580673 
2726 2580674 
2727 2580675 
2728 2580676 
2729 2580678 
2730 2580681 
2731 2580681 
2732 2580681 
2733 2580683 
2734 2580683 
2735 2580683 
2736 2580683 
2737 2580684 
2738 2580685 
2739 2580685 
2740 2580687 
2741 2580689 
2742 2580689 
2743 2580689 
2744 2580690 
2745 2580691 
2746 2580692 
2747 2580692 
2748 2580692 
2749 2580692 
2750 2580693 
2751 2580693 
2752 2580694 
2753 2580695 
2754 2580696 
2755 2580696 
2756 2580696 
2757 2580697 
2758 2580697 
2759 2580697 
2760 2580698 
2761 2580698 
2762 2580699 
2763 2580699 
2764 2580699 
2765 2580700 
2766 2580700 
2767 2580702 
2768 2580703 
2769 2580706 
2770 2580707 
2771 2580708 
2772 2580709 
2773 2580710 
2774 2580712 
2775 2580713 
2776 2580714 
2777 2580714 
2778 2580714 
2779 2580715 
2780 2580716 
2781 2580717 
2782 2580717 
2783 2580718 
2784 2580718 
2785 2580722 
2786 2580722 
2787 2580724 
2788 2580725 
2789 2580726 
2790 2580727 
2791 2580727 
2792 2580728 
2793 2580729 
2794 2580729 
2795 2580729 
2796 2580729 
2797 2580730 
2798 2580731 
2799 2580731 
2800 2580732 
2801 2580732 
2802 2580733 
2803 2580734 
2804 2580734 
2805 2580735 
2806 2580735 
2807 2580736 
2808 2580736 
2809 2580736 
2810 2580737 
2811 2580737 
2812 2580737 
2813 2580738 
2814 2580738 
2815 2580738 
2816 2580739 
2817 2580739 
2818 2580739 
2819 2580740 
2820 2580740 
2821 2580740 
2822 2580741 
2823 2580741 
2824 2580742 
2825 2580742 
2826 2580742 
2827 2580743 
2828 2580743 
2829 2580743 
2830 2580744 
2831 2580744 
2832 2580744 
2833 2580744 
2834 2580745 
2835 2580745 
2836 2580745 
2837 2580746 
2838 2580746 
2839 2580746 
2840 2580746 
2841 2580747 
2842 2580747 
2843 2580747 
2844 2580748 
2845 2580748 
2846 2580748 
2847 2580748 
2848 2580749 
2849 2580749 
2850 2580750 
2851 2580750 
2852 2580750 
2853 2580750 
2854 2580751 
2855 2580751 
2856 2580751 
2857 2580752 
2858 2580752 
2859 2580752 
2860 2580753 
2861 2580753 
2862 2580753 
2863 2580753 
2864 2580753 
2865 2580754 
2866 2580754 
2867 2580754 
2868 2580755 
2869 2580755 
2870 2580755 
2871 2580756 
2872 2580756 
2873 2580756 
2874 2580757 
2875 2580757 
2876 2580757 
2877 2580757 
2878 2580758 
2879 2580758 
2880 2580758 
2881 2580762 
2882 2580762 
2883 2580763 
2884 2580763 
2885 2580763 
2886 2580764 
2887 2580764 
2888 2580764 
2889 2580765 
2890 2580766 
2891 2580770 
2892 2580775 
2893 2580780 
2894 2580782 
2895 2580784 
2896 2580785 
2897 2580804 
2898 2580805 
2899 2580809 
2900 2580809 
2901 2580810 
2902 2580810 
2903 2580810 
2904 2580811 
2905 2580816 
2906 2580817 
2907 2580817 
2908 2580817 
2909 2580817 
2910 2580818 
2911 2580819 
2912 2580819 
2913 2580820 
2914 2580821 
2915 2580821 
2916 2580822 
2917 2580822 
2918 2580822 
2919 2580823 
2920 2580823 
2921 2580823 
2922 2580824 
2923 2580824 
2924 2580824 
2925 2580825 
2926 2580825 
2927 2580825 
2928 2580825 
2929 2580826 
2930 2580826 
2931 2580826 
2932 2580827 
2933 2580827 
2934 2580828 
2935 2580828 
2936 2580829 
2937 2580829 
2938 2580829 
2939 2580829 
2940 2580837 
2941 2580837 
2942 2580838 
2943 2580838 
2944 2580838 
2945 2580842 
2946 2580842 
2947 2580848 
2948 2580848 
2949 2580850 
2950 2580851 
2951 2580852 
2952 2580854 
2953 2580854 
2954 2580854 
2955 2580855 
2956 2580855 
2957 2580855 
2958 2580856 
2959 2580856 
2960 2580856 
2961 2580857 
2962 2580857 
2963 2580857 
2964 2580858 
2965 2580858 
2966 2580858 
2967 2580859 
2968 2580859 
2969 2580859 
2970 2580860 
2971 2580861 
2972 2580861 
2973 2580862 
2974 2580863 
2975 2580863 
2976 2580863 
2977 2580863 
2978 2580864 
2979 2580864 
2980 2580864 
2981 2580865 
2982 2580865 
2983 2580866 
2984 2580866 
2985 2580866 
2986 2580867 
2987 2580867 
2988 2580867 
2989 2580867 
2990 2580868 
2991 2580868 
2992 2580868 
2993 2580873 
2994 2580873 
2995 2580873 
2996 2580874 
2997 2580874 
2998 2580874 
2999 2580875 
3000 2580875 
3001 2580875 
3002 2580879 
3003 2580880 
3004 2580881 
3005 2580881 
3006 2580881 
3007 2580882 
3008 2580885 
3009 2580885 
3010 2580886 
3011 2580886 
3012 2580888 
3013 2580892 
3014 2580892 
3015 2580902 
3016 2580905 
3017 2580907 
3018 2580907 
3019 2580908 
3020 2580909 
3021 2580911 
3022 2580913 
3023 2580922 
3024 2580923 
3025 2580929 
3026 2580930 
3027 2580930 
3028 2580931 
3029 2580931 
3030 2580932 
3031 2580949 
3032 2580950 
3033 2580953 
3034 2580954 
3035 2580962 
3036 2580964 
3037 2580968 
3038 2580973 
3039 2580973 
3040 2580975 
3041 2580975 
3042 2580976 
3043 2580979 
3044 2580979 
3045 2580981 
3046 2580990 
3047 2580990 
3048 2580993 
3049 2581006 
3050 2581011 
3051 2581011 
3052 2581018 
3053 2581025 
3054 2581027 
3055 2581027 
3056 2581027 
3057 2581028 
3058 2581030 
3059 2581031 
3060 2581032 
3061 2581034 
3062 2581036 
3063 2581041 
3064 2581041 
3065 2581041 
3066 2581043 
3067 2581043 
3068 2581044 
3069 2581044 
3070 2581046 
3071 2581046 
3072 2581057 
3073 2581058 
3074 2581060 
3075 2581060 
3076 2581061 
3077 2581061 
3078 2581062 
3079 2581062 
3080 2581062 
3081 2581065 
3082 2581066 
3083 2581067 
3084 2581067 
3085 2581069 
3086 2581069 
3087 2581071 
3088 2581072 
3089 2581073 
3090 2581073 
3091 2581075 
3092 2581075 
3093 2581076 
3094 2581079 
3095 2581087 
3096 2581087 
3097 2581087 
3098 2581095 
3099 2581096 
3100 2581096 
3101 2581096 
3102 2581105 
3103 2581106 
3104 2581108 
3105 2581108 
3106 2581126 
3107 2581129 
3108 2581139 
3109 2581139 
3110 2581140 
3111 2581140 
3112 2581141 
3113 2581142 
3114 2581142 
3115 2581143 
3116 2581145 
3117 2581146 
3118 2581146 
3119 2581146 
3120 2581147 
3121 2581147 
3122 2581147 
3123 2581148 
3124 2581148 
3125 2581151 
3126 2581151 
3127 2581153 
3128 2581155 
3129 2581158 
3130 2581162 
3131 2581165 
3132 2581168 
3133 2581170 
3134 2581174 
3135 2581174 
3136 2581175 
3137 2581175 
3138 2581177 
3139 2581178 
3140 2581180 
3141 2581182 
3142 2581182 
3143 2581182 
3144 2581186 
3145 2581189 
3146 2581189 
3147 2581191 
3148 2581192 
3149 2581192 
3150 2581195 
3151 2581197 
3152 2581199 
