1 2721602 
2 2721603 
3 2721603 
4 2721605 
5 2721610 
6 2721614 
7 2721631 
8 2721632 
9 2721633 
10 2721634 
11 2721634 
12 2721634 
13 2721635 
14 2721635 
15 2721638 
16 2721638 
17 2721638 
18 2721640 
19 2721640 
20 2721641 
21 2721641 
22 2721641 
23 2721643 
24 2721653 
25 2721654 
26 2721655 
27 2721717 
28 2721718 
29 2721718 
30 2721722 
31 2721722 
32 2721725 
33 2721726 
34 2721726 
35 2721734 
36 2721745 
37 2721745 
38 2721746 
39 2721746 
40 2721747 
41 2721747 
42 2721748 
43 2721759 
44 2721765 
45 2721767 
46 2721773 
47 2721774 
48 2721774 
49 2721774 
50 2721775 
51 2721776 
52 2721776 
53 2721777 
54 2721778 
55 2721781 
56 2721784 
57 2721785 
58 2721785 
59 2721786 
60 2721786 
61 2721786 
62 2721787 
63 2721787 
64 2721788 
65 2721788 
66 2721789 
67 2721790 
68 2721790 
69 2721791 
70 2721791 
71 2721791 
72 2721792 
73 2721792 
74 2721797 
75 2721812 
76 2721812 
77 2721813 
78 2721813 
79 2721813 
80 2721818 
81 2721819 
82 2721819 
83 2721820 
84 2721820 
85 2721820 
86 2721820 
87 2721821 
88 2721821 
89 2721821 
90 2721828 
91 2721828 
92 2721828 
93 2721829 
94 2721829 
95 2721829 
96 2721829 
97 2721830 
98 2721830 
99 2721830 
100 2721830 
101 2721830 
102 2721831 
103 2721831 
104 2721831 
105 2721831 
106 2721832 
107 2721832 
108 2721837 
109 2721844 
110 2721844 
111 2721845 
112 2721845 
113 2721845 
114 2721846 
115 2721846 
116 2721846 
117 2721847 
118 2721847 
119 2721848 
120 2721848 
121 2721849 
122 2721850 
123 2721850 
124 2721852 
125 2721853 
126 2721853 
127 2721853 
128 2721854 
129 2721854 
130 2721854 
131 2721854 
132 2721857 
133 2721857 
134 2721857 
135 2721857 
136 2721857 
137 2721858 
138 2721858 
139 2721858 
140 2721858 
141 2721858 
142 2721859 
143 2721859 
144 2721860 
145 2721860 
146 2721860 
147 2721861 
148 2721861 
149 2721861 
150 2721862 
151 2721862 
152 2721863 
153 2721863 
154 2721863 
155 2721864 
156 2721864 
157 2721864 
158 2721865 
159 2721865 
160 2721866 
161 2721866 
162 2721867 
163 2721867 
164 2721867 
165 2721868 
166 2721868 
167 2721869 
168 2721870 
169 2721870 
170 2721870 
171 2721871 
172 2721871 
173 2721871 
174 2721872 
175 2721872 
176 2721873 
177 2721873 
178 2721874 
179 2721874 
180 2721874 
181 2721875 
182 2721875 
183 2721876 
184 2721876 
185 2721876 
186 2721877 
187 2721877 
188 2721877 
189 2721878 
190 2721878 
191 2721878 
192 2721879 
193 2721879 
194 2721879 
195 2721880 
196 2721880 
197 2721880 
198 2721881 
199 2721881 
200 2721881 
201 2721882 
202 2721882 
203 2721882 
204 2721883 
205 2721883 
206 2721883 
207 2721883 
208 2721884 
209 2721884 
210 2721884 
211 2721885 
212 2721885 
213 2721885 
214 2721886 
215 2721886 
216 2721886 
217 2721886 
218 2721887 
219 2721887 
220 2721887 
221 2721888 
222 2721888 
223 2721888 
224 2721889 
225 2721889 
226 2721889 
227 2721890 
228 2721890 
229 2721890 
230 2721890 
231 2721891 
232 2721891 
233 2721892 
234 2721892 
235 2721893 
236 2721893 
237 2721893 
238 2721894 
239 2721894 
240 2721894 
241 2721895 
242 2721895 
243 2721896 
244 2721896 
245 2721896 
246 2721897 
247 2721897 
248 2721897 
249 2721898 
250 2721905 
251 2721905 
252 2721906 
253 2721906 
254 2721911 
255 2721911 
256 2721912 
257 2721912 
258 2721912 
259 2721913 
260 2721913 
261 2721913 
262 2721913 
263 2721914 
264 2721914 
265 2721914 
266 2721915 
267 2721915 
268 2721919 
269 2721919 
270 2721919 
271 2721919 
272 2721920 
273 2721920 
274 2721920 
275 2721921 
276 2721921 
277 2721921 
278 2721921 
279 2721922 
280 2721923 
281 2721924 
282 2721927 
283 2721928 
284 2721929 
285 2721929 
286 2721929 
287 2721929 
288 2721930 
289 2721930 
290 2721931 
291 2721931 
292 2721931 
293 2721931 
294 2721931 
295 2721931 
296 2721931 
297 2721932 
298 2721936 
299 2721938 
300 2721941 
301 2721943 
302 2721943 
303 2721943 
304 2721944 
305 2721945 
306 2721946 
307 2721949 
308 2721951 
309 2721952 
310 2721952 
311 2721952 
312 2721953 
313 2721953 
314 2721953 
315 2721954 
316 2721955 
317 2721956 
318 2721956 
319 2721957 
320 2721957 
321 2721958 
322 2721959 
323 2721960 
324 2721960 
325 2721961 
326 2721964 
327 2721964 
328 2721966 
329 2721966 
330 2721967 
331 2721967 
332 2721967 
333 2721967 
334 2721968 
335 2721968 
336 2721968 
337 2721969 
338 2721969 
339 2721969 
340 2721970 
341 2721970 
342 2721971 
343 2721971 
344 2721971 
345 2721971 
346 2721972 
347 2721972 
348 2721972 
349 2721972 
350 2721972 
351 2721973 
352 2721973 
353 2721974 
354 2721974 
355 2721974 
356 2721974 
357 2721976 
358 2721983 
359 2721983 
360 2721983 
361 2721984 
362 2721984 
363 2721984 
364 2721984 
365 2721985 
366 2721985 
367 2721985 
368 2721986 
369 2721986 
370 2721986 
371 2721987 
372 2721988 
373 2721989 
374 2721989 
375 2721991 
376 2721994 
377 2721994 
378 2721995 
379 2721997 
380 2721998 
381 2721998 
382 2721998 
383 2721999 
384 2721999 
385 2722000 
386 2722000 
387 2722001 
388 2722001 
389 2722001 
390 2722002 
391 2722002 
392 2722003 
393 2722003 
394 2722004 
395 2722004 
396 2722005 
397 2722005 
398 2722005 
399 2722006 
400 2722006 
401 2722006 
402 2722007 
403 2722007 
404 2722008 
405 2722008 
406 2722008 
407 2722009 
408 2722009 
409 2722009 
410 2722010 
411 2722010 
412 2722011 
413 2722011 
414 2722011 
415 2722012 
416 2722012 
417 2722012 
418 2722013 
419 2722013 
420 2722013 
421 2722014 
422 2722014 
423 2722014 
424 2722014 
425 2722015 
426 2722015 
427 2722015 
428 2722016 
429 2722018 
430 2722021 
431 2722021 
432 2722022 
433 2722023 
434 2722023 
435 2722024 
436 2722024 
437 2722028 
438 2722032 
439 2722033 
440 2722036 
441 2722038 
442 2722039 
443 2722039 
444 2722041 
445 2722042 
446 2722043 
447 2722045 
448 2722049 
449 2722052 
450 2722053 
451 2722054 
452 2722054 
453 2722054 
454 2722055 
455 2722056 
456 2722056 
457 2722057 
458 2722057 
459 2722057 
460 2722058 
461 2722058 
462 2722058 
463 2722059 
464 2722059 
465 2722059 
466 2722060 
467 2722060 
468 2722060 
469 2722061 
470 2722061 
471 2722061 
472 2722062 
473 2722062 
474 2722062 
475 2722063 
476 2722063 
477 2722063 
478 2722063 
479 2722063 
480 2722064 
481 2722065 
482 2722065 
483 2722066 
484 2722066 
485 2722073 
486 2722074 
487 2722077 
488 2722082 
489 2722103 
490 2722103 
491 2722104 
492 2722104 
493 2722104 
494 2722105 
495 2722105 
496 2722106 
497 2722109 
498 2722117 
499 2722117 
500 2722118 
501 2722118 
502 2722119 
503 2722119 
504 2722121 
505 2722127 
506 2722127 
507 2722128 
508 2722128 
509 2722128 
510 2722129 
511 2722129 
512 2722129 
513 2722130 
514 2722130 
515 2722130 
516 2722131 
517 2722131 
518 2722132 
519 2722132 
520 2722132 
521 2722133 
522 2722134 
523 2722134 
524 2722135 
525 2722135 
526 2722135 
527 2722136 
528 2722136 
529 2722137 
530 2722137 
531 2722137 
532 2722138 
533 2722139 
534 2722139 
535 2722140 
536 2722140 
537 2722140 
538 2722141 
539 2722141 
540 2722141 
541 2722144 
542 2722145 
543 2722148 
544 2722149 
545 2722150 
546 2722175 
547 2722175 
548 2722176 
549 2722176 
550 2722180 
551 2722185 
552 2722185 
553 2722185 
554 2722186 
555 2722186 
556 2722186 
557 2722187 
558 2722187 
559 2722188 
560 2722191 
561 2722196 
562 2722199 
563 2722201 
564 2722207 
565 2722208 
566 2722212 
567 2722214 
568 2722215 
569 2722215 
570 2722215 
571 2722216 
572 2722216 
573 2722216 
574 2722216 
575 2722217 
576 2722218 
577 2722222 
578 2722227 
579 2722227 
580 2722227 
581 2722227 
582 2722234 
583 2722238 
584 2722239 
585 2722239 
586 2722239 
587 2722239 
588 2722246 
589 2722248 
590 2722250 
591 2722251 
592 2722252 
593 2722252 
594 2722253 
595 2722253 
596 2722253 
597 2722254 
598 2722254 
599 2722254 
600 2722255 
601 2722255 
602 2722256 
603 2722256 
604 2722256 
605 2722257 
606 2722257 
607 2722257 
608 2722258 
609 2722262 
610 2722266 
611 2722267 
612 2722268 
613 2722269 
614 2722279 
615 2722281 
616 2722281 
617 2722283 
618 2722283 
619 2722285 
620 2722287 
621 2722287 
622 2722287 
623 2722288 
624 2722288 
625 2722288 
626 2722291 
627 2722295 
628 2722296 
629 2722296 
630 2722303 
631 2722303 
632 2722308 
633 2722308 
634 2722311 
635 2722314 
636 2722315 
637 2722318 
638 2722322 
639 2722322 
640 2722322 
641 2722323 
642 2722323 
643 2722323 
644 2722324 
645 2722324 
646 2722324 
647 2722325 
648 2722325 
649 2722325 
650 2722326 
651 2722326 
652 2722326 
653 2722327 
654 2722327 
655 2722327 
656 2722328 
657 2722328 
658 2722328 
659 2722329 
660 2722329 
661 2722329 
662 2722329 
663 2722330 
664 2722330 
665 2722331 
666 2722331 
667 2722331 
668 2722332 
669 2722332 
670 2722332 
671 2722332 
672 2722333 
673 2722333 
674 2722333 
675 2722334 
676 2722335 
677 2722336 
678 2722336 
679 2722336 
680 2722336 
681 2722337 
682 2722337 
683 2722337 
684 2722338 
685 2722338 
686 2722339 
687 2722339 
688 2722349 
689 2722360 
690 2722366 
691 2722368 
692 2722372 
693 2722374 
694 2722374 
695 2722375 
696 2722377 
697 2722401 
698 2722401 
699 2722424 
700 2722424 
701 2722435 
702 2722438 
703 2722438 
704 2722445 
705 2722449 
706 2722453 
707 2722453 
708 2722471 
709 2722496 
710 2722502 
711 2722505 
712 2722505 
713 2722506 
714 2722508 
715 2722509 
716 2722509 
717 2722510 
718 2722510 
719 2722511 
720 2722511 
721 2722511 
722 2722515 
723 2722520 
724 2722520 
725 2722527 
726 2722529 
727 2722532 
728 2722533 
729 2722550 
730 2722554 
731 2722557 
732 2722558 
733 2722566 
734 2722568 
735 2722571 
736 2722583 
737 2722590 
738 2722606 
739 2722612 
740 2722622 
741 2722624 
742 2722627 
743 2722634 
744 2722635 
745 2722643 
746 2722644 
747 2722648 
748 2722649 
749 2722652 
750 2722655 
751 2722655 
752 2722658 
753 2722658 
754 2722658 
755 2722663 
756 2722663 
757 2722664 
758 2722664 
759 2722664 
760 2722672 
761 2722672 
762 2722673 
763 2722673 
764 2722674 
765 2722675 
766 2722675 
767 2722684 
768 2722687 
769 2722690 
770 2722690 
771 2722691 
772 2722706 
773 2722706 
774 2722714 
775 2722714 
776 2722714 
777 2722715 
778 2722715 
779 2722715 
780 2722751 
781 2722754 
782 2722754 
783 2722787 
784 2722789 
785 2722790 
786 2722791 
787 2722794 
788 2722795 
789 2722797 
790 2722803 
791 2722806 
792 2722807 
793 2722808 
794 2722808 
795 2722808 
796 2722809 
797 2722809 
798 2722809 
799 2722809 
800 2722811 
801 2722811 
802 2722812 
803 2722812 
804 2722812 
805 2722813 
806 2722813 
807 2722813 
808 2722814 
809 2722816 
810 2722816 
811 2722817 
812 2722817 
813 2722818 
814 2722820 
815 2722821 
816 2722824 
817 2722824 
818 2722825 
819 2722825 
820 2722825 
821 2722825 
822 2722826 
823 2722826 
824 2722826 
825 2722827 
826 2722827 
827 2722827 
828 2722829 
829 2722832 
830 2722838 
831 2722838 
832 2722841 
833 2722841 
834 2722842 
835 2722842 
836 2722843 
837 2722843 
838 2722843 
839 2722844 
840 2722844 
841 2722845 
842 2722845 
843 2722845 
844 2722846 
845 2722846 
846 2722846 
847 2722851 
848 2722852 
849 2722853 
850 2722853 
851 2722854 
852 2722857 
853 2722857 
854 2722862 
855 2722867 
856 2722878 
857 2722885 
858 2722888 
859 2722890 
860 2722891 
861 2722892 
862 2722892 
863 2722894 
864 2722898 
865 2722903 
866 2722903 
867 2722903 
868 2722904 
869 2722904 
870 2722905 
871 2722906 
872 2722908 
873 2722909 
874 2722909 
875 2722909 
876 2722910 
877 2722910 
878 2722912 
879 2722912 
880 2722912 
881 2722913 
882 2722913 
883 2722913 
884 2722915 
885 2722915 
886 2722915 
887 2722916 
888 2722916 
889 2722917 
890 2722917 
891 2722917 
892 2722917 
893 2722920 
894 2722923 
895 2722923 
896 2722925 
897 2722926 
898 2722927 
899 2722927 
900 2722927 
901 2722929 
902 2722930 
903 2722932 
904 2722933 
905 2722934 
906 2722934 
907 2722934 
908 2722935 
909 2722936 
910 2722936 
911 2722936 
912 2722937 
913 2722937 
914 2722937 
915 2722938 
916 2722939 
917 2722940 
918 2722941 
919 2722945 
920 2722946 
921 2722946 
922 2722948 
923 2722949 
924 2722949 
925 2722949 
926 2722953 
927 2722953 
928 2722954 
929 2722956 
930 2722956 
931 2722964 
932 2722964 
933 2722964 
934 2722986 
935 2722986 
936 2723000 
937 2723001 
938 2723006 
939 2723027 
940 2723048 
941 2723052 
942 2723059 
943 2723089 
944 2723102 
945 2723106 
946 2723110 
947 2723113 
948 2723113 
949 2723115 
950 2723116 
951 2723124 
952 2723126 
953 2723128 
954 2723130 
955 2723134 
956 2723171 
957 2723172 
958 2723173 
959 2723173 
960 2723173 
961 2723174 
962 2723181 
963 2723183 
964 2723184 
965 2723184 
966 2723185 
967 2723185 
968 2723187 
969 2723187 
970 2723188 
971 2723191 
972 2723191 
973 2723192 
974 2723192 
975 2723192 
976 2723197 
977 2723200 
978 2723201 
979 2723244 
980 2723245 
981 2723245 
982 2723247 
983 2723253 
984 2723253 
985 2723254 
986 2723259 
987 2723260 
988 2723262 
989 2723288 
990 2723289 
991 2723301 
992 2723308 
993 2723308 
994 2723308 
995 2723314 
996 2723314 
997 2723315 
998 2723315 
999 2723315 
1000 2723315 
1001 2723316 
1002 2723316 
1003 2723316 
1004 2723317 
1005 2723317 
1006 2723317 
1007 2723318 
1008 2723318 
1009 2723318 
1010 2723318 
1011 2723319 
1012 2723323 
1013 2723324 
1014 2723325 
1015 2723325 
1016 2723326 
1017 2723326 
1018 2723327 
1019 2723328 
1020 2723329 
1021 2723329 
1022 2723329 
1023 2723332 
1024 2723332 
1025 2723332 
1026 2723332 
1027 2723334 
1028 2723334 
1029 2723335 
1030 2723335 
1031 2723335 
1032 2723336 
1033 2723336 
1034 2723336 
1035 2723337 
1036 2723337 
1037 2723337 
1038 2723338 
1039 2723338 
1040 2723339 
1041 2723345 
1042 2723348 
1043 2723355 
1044 2723356 
1045 2723356 
1046 2723360 
1047 2723365 
1048 2723389 
1049 2723394 
1050 2723399 
1051 2723399 
1052 2723399 
1053 2723401 
1054 2723408 
1055 2723425 
1056 2723427 
1057 2723429 
1058 2723430 
1059 2723430 
1060 2723434 
1061 2723439 
1062 2723447 
1063 2723448 
1064 2723454 
1065 2723457 
1066 2723457 
1067 2723457 
1068 2723458 
1069 2723458 
1070 2723458 
1071 2723458 
1072 2723459 
1073 2723459 
1074 2723463 
1075 2723465 
1076 2723466 
1077 2723467 
1078 2723467 
1079 2723467 
1080 2723469 
1081 2723470 
1082 2723471 
1083 2723471 
1084 2723471 
1085 2723472 
1086 2723472 
1087 2723472 
1088 2723472 
1089 2723473 
1090 2723473 
1091 2723473 
1092 2723473 
1093 2723474 
1094 2723474 
1095 2723480 
1096 2723486 
1097 2723490 
1098 2723494 
1099 2723501 
1100 2723502 
1101 2723505 
1102 2723512 
1103 2723515 
1104 2723516 
1105 2723518 
1106 2723518 
1107 2723518 
1108 2723518 
1109 2723519 
1110 2723520 
1111 2723520 
1112 2723520 
1113 2723521 
1114 2723521 
1115 2723523 
1116 2723523 
1117 2723523 
1118 2723524 
1119 2723524 
1120 2723525 
1121 2723525 
1122 2723525 
1123 2723526 
1124 2723527 
1125 2723528 
1126 2723528 
1127 2723528 
1128 2723529 
1129 2723529 
1130 2723529 
1131 2723529 
1132 2723530 
1133 2723530 
1134 2723530 
1135 2723530 
1136 2723531 
1137 2723533 
1138 2723539 
1139 2723539 
1140 2723539 
1141 2723539 
1142 2723540 
1143 2723540 
1144 2723540 
1145 2723558 
1146 2723558 
1147 2723559 
1148 2723559 
1149 2723559 
1150 2723559 
1151 2723559 
1152 2723560 
1153 2723560 
1154 2723561 
1155 2723561 
1156 2723561 
1157 2723562 
1158 2723568 
1159 2723568 
1160 2723568 
1161 2723571 
1162 2723571 
1163 2723572 
1164 2723575 
1165 2723577 
1166 2723578 
1167 2723579 
1168 2723579 
1169 2723579 
1170 2723580 
1171 2723580 
1172 2723580 
1173 2723581 
1174 2723581 
1175 2723582 
1176 2723582 
1177 2723582 
1178 2723583 
1179 2723583 
1180 2723584 
1181 2723584 
1182 2723584 
1183 2723584 
1184 2723585 
1185 2723587 
1186 2723587 
1187 2723589 
1188 2723591 
1189 2723592 
1190 2723592 
1191 2723592 
1192 2723593 
1193 2723593 
1194 2723593 
1195 2723594 
1196 2723594 
1197 2723594 
1198 2723595 
1199 2723596 
1200 2723597 
1201 2723597 
1202 2723598 
1203 2723598 
1204 2723599 
1205 2723599 
1206 2723599 
1207 2723600 
1208 2723600 
1209 2723600 
1210 2723601 
1211 2723602 
1212 2723602 
1213 2723605 
1214 2723605 
1215 2723608 
1216 2723610 
1217 2723612 
1218 2723624 
1219 2723631 
1220 2723631 
1221 2723663 
1222 2723668 
1223 2723677 
1224 2723677 
1225 2723678 
1226 2723678 
1227 2723679 
1228 2723680 
1229 2723680 
1230 2723680 
1231 2723681 
1232 2723681 
1233 2723681 
1234 2723681 
1235 2723685 
1236 2723685 
1237 2723701 
1238 2723701 
1239 2723702 
1240 2723703 
1241 2723704 
1242 2723704 
1243 2723705 
1244 2723705 
1245 2723705 
1246 2723706 
1247 2723706 
1248 2723706 
1249 2723706 
1250 2723707 
1251 2723707 
1252 2723707 
1253 2723708 
1254 2723708 
1255 2723708 
1256 2723709 
1257 2723709 
1258 2723709 
1259 2723709 
1260 2723710 
1261 2723710 
1262 2723711 
1263 2723711 
1264 2723711 
1265 2723712 
1266 2723712 
1267 2723712 
1268 2723713 
1269 2723713 
1270 2723713 
1271 2723714 
1272 2723714 
1273 2723715 
1274 2723715 
1275 2723715 
1276 2723716 
1277 2723716 
1278 2723716 
1279 2723717 
1280 2723717 
1281 2723718 
1282 2723719 
1283 2723719 
1284 2723719 
1285 2723719 
1286 2723720 
1287 2723720 
1288 2723720 
1289 2723723 
1290 2723725 
1291 2723726 
1292 2723730 
1293 2723730 
1294 2723731 
1295 2723731 
1296 2723731 
1297 2723737 
1298 2723738 
1299 2723740 
1300 2723740 
1301 2723740 
1302 2723741 
1303 2723741 
1304 2723741 
1305 2723742 
1306 2723742 
1307 2723742 
1308 2723750 
1309 2723751 
1310 2723751 
1311 2723755 
1312 2723755 
1313 2723756 
1314 2723756 
1315 2723756 
1316 2723757 
1317 2723757 
1318 2723757 
1319 2723758 
1320 2723758 
1321 2723758 
1322 2723759 
1323 2723762 
1324 2723764 
1325 2723765 
1326 2723765 
1327 2723766 
1328 2723766 
1329 2723768 
1330 2723769 
1331 2723771 
1332 2723773 
1333 2723776 
1334 2723780 
1335 2723780 
1336 2723781 
1337 2723781 
1338 2723782 
1339 2723785 
1340 2723790 
1341 2723794 
1342 2723796 
1343 2723799 
1344 2723799 
1345 2723805 
1346 2723807 
1347 2723815 
1348 2723815 
1349 2723820 
1350 2723820 
1351 2723821 
1352 2723822 
1353 2723825 
1354 2723850 
1355 2723850 
1356 2723851 
1357 2723855 
1358 2723864 
1359 2723867 
1360 2723869 
1361 2723871 
1362 2723874 
1363 2723893 
1364 2723908 
1365 2723908 
1366 2723910 
1367 2723910 
1368 2723910 
1369 2723911 
1370 2723911 
1371 2723911 
1372 2723913 
1373 2723916 
1374 2723923 
1375 2723928 
1376 2723928 
1377 2723929 
1378 2723932 
1379 2723932 
1380 2723933 
1381 2723933 
1382 2723933 
1383 2723934 
1384 2723934 
1385 2723934 
1386 2723935 
1387 2723935 
1388 2723938 
1389 2723938 
1390 2723938 
1391 2723939 
1392 2723939 
1393 2723951 
1394 2723955 
1395 2723960 
1396 2723960 
1397 2723961 
1398 2723961 
1399 2723961 
1400 2723962 
1401 2723962 
1402 2723962 
1403 2723963 
1404 2723963 
1405 2723963 
1406 2723964 
1407 2723964 
1408 2723964 
1409 2723965 
1410 2723965 
1411 2723966 
1412 2723966 
1413 2723966 
1414 2723967 
1415 2723967 
1416 2723968 
1417 2723968 
1418 2723968 
1419 2723969 
1420 2723969 
1421 2723976 
1422 2723977 
1423 2723988 
1424 2723991 
1425 2723994 
1426 2723997 
1427 2723998 
1428 2723999 
1429 2724000 
1430 2724003 
1431 2724004 
1432 2724004 
1433 2724004 
1434 2724004 
1435 2724005 
1436 2724005 
1437 2724007 
1438 2724008 
1439 2724008 
1440 2724009 
1441 2724010 
1442 2724011 
1443 2724011 
1444 2724013 
1445 2724013 
1446 2724017 
1447 2724017 
1448 2724017 
1449 2724018 
1450 2724018 
1451 2724018 
1452 2724019 
1453 2724019 
1454 2724020 
1455 2724020 
1456 2724021 
1457 2724021 
1458 2724022 
1459 2724022 
1460 2724024 
1461 2724029 
1462 2724030 
1463 2724043 
1464 2724046 
1465 2724048 
1466 2724055 
1467 2724057 
1468 2724062 
1469 2724074 
1470 2724078 
1471 2724078 
1472 2724078 
1473 2724079 
1474 2724079 
1475 2724079 
1476 2724079 
1477 2724080 
1478 2724082 
1479 2724082 
1480 2724089 
1481 2724098 
1482 2724101 
1483 2724104 
1484 2724109 
1485 2724109 
1486 2724109 
1487 2724110 
1488 2724122 
1489 2724122 
1490 2724123 
1491 2724123 
1492 2724123 
1493 2724124 
1494 2724124 
1495 2724144 
1496 2724151 
1497 2724153 
1498 2724153 
1499 2724153 
1500 2724154 
1501 2724154 
1502 2724154 
1503 2724155 
1504 2724155 
1505 2724156 
1506 2724156 
1507 2724156 
1508 2724157 
1509 2724157 
1510 2724157 
1511 2724158 
1512 2724158 
1513 2724158 
1514 2724159 
1515 2724159 
1516 2724159 
1517 2724160 
1518 2724160 
1519 2724169 
1520 2724172 
1521 2724200 
1522 2724204 
1523 2724219 
1524 2724220 
1525 2724222 
1526 2724237 
1527 2724242 
1528 2724242 
1529 2724242 
1530 2724243 
1531 2724243 
1532 2724243 
1533 2724244 
1534 2724248 
1535 2724249 
1536 2724249 
1537 2724249 
1538 2724250 
1539 2724250 
1540 2724250 
1541 2724251 
1542 2724251 
1543 2724251 
1544 2724252 
1545 2724252 
1546 2724252 
1547 2724269 
1548 2724280 
1549 2724281 
1550 2724281 
1551 2724281 
1552 2724285 
1553 2724288 
1554 2724293 
1555 2724357 
1556 2724359 
1557 2724361 
1558 2724363 
1559 2724366 
1560 2724399 
1561 2724403 
1562 2724405 
1563 2724409 
1564 2724410 
1565 2724411 
1566 2724411 
1567 2724412 
1568 2724413 
1569 2724413 
1570 2724414 
1571 2724414 
1572 2724415 
1573 2724415 
1574 2724416 
1575 2724421 
1576 2724430 
1577 2724441 
1578 2724443 
1579 2724455 
1580 2724465 
1581 2724471 
1582 2724498 
1583 2724503 
1584 2724557 
1585 2724568 
1586 2724569 
1587 2724571 
1588 2724573 
1589 2724583 
1590 2724585 
1591 2724586 
1592 2724586 
1593 2724590 
1594 2724590 
1595 2724591 
1596 2724591 
1597 2724615 
1598 2724615 
1599 2724617 
1600 2724618 
1601 2724620 
1602 2724673 
1603 2724673 
1604 2724673 
1605 2724673 
1606 2724674 
1607 2724674 
1608 2724675 
1609 2724675 
1610 2724675 
1611 2724676 
1612 2724676 
1613 2724677 
1614 2724678 
1615 2724678 
1616 2724678 
1617 2724679 
1618 2724679 
1619 2724679 
1620 2724680 
1621 2724680 
1622 2724690 
1623 2724690 
1624 2724691 
1625 2724700 
1626 2724703 
1627 2724704 
1628 2724706 
1629 2724714 
1630 2724715 
1631 2724724 
1632 2724726 
1633 2724728 
1634 2724729 
1635 2724730 
1636 2724730 
1637 2724730 
1638 2724731 
1639 2724731 
1640 2724731 
1641 2724732 
1642 2724735 
1643 2724735 
1644 2724736 
1645 2724736 
1646 2724736 
1647 2724737 
1648 2724737 
1649 2724737 
1650 2724738 
1651 2724738 
1652 2724738 
1653 2724738 
1654 2724739 
1655 2724739 
1656 2724740 
1657 2724741 
1658 2724741 
1659 2724742 
1660 2724742 
1661 2724743 
1662 2724744 
1663 2724745 
1664 2724747 
1665 2724748 
1666 2724748 
1667 2724750 
1668 2724753 
1669 2724770 
1670 2724772 
1671 2724774 
1672 2724790 
1673 2724809 
1674 2724818 
1675 2724861 
1676 2724866 
1677 2724867 
1678 2724873 
1679 2724874 
1680 2724874 
1681 2724875 
1682 2724875 
1683 2724875 
1684 2724878 
1685 2724879 
1686 2724886 
1687 2724886 
1688 2724887 
1689 2724887 
1690 2724887 
1691 2724888 
1692 2724888 
1693 2724888 
1694 2724889 
1695 2724889 
1696 2724889 
1697 2724890 
1698 2724890 
1699 2724890 
1700 2724891 
1701 2724891 
1702 2724891 
1703 2724892 
1704 2724892 
1705 2724893 
1706 2724893 
1707 2724901 
1708 2724901 
1709 2724905 
1710 2724905 
1711 2724905 
1712 2724919 
1713 2724920 
1714 2724920 
1715 2724922 
1716 2724924 
1717 2724924 
1718 2724926 
1719 2724927 
1720 2724927 
1721 2724927 
1722 2724928 
1723 2724944 
1724 2724947 
1725 2724973 
1726 2724979 
1727 2725082 
1728 2725082 
1729 2725088 
1730 2725094 
1731 2725097 
