1 2556005 
2 2556010 
3 2556011 
4 2556011 
5 2556012 
6 2556015 
7 2556018 
8 2556020 
9 2556021 
10 2556021 
11 2556021 
12 2556023 
13 2556024 
14 2556025 
15 2556025 
16 2556026 
17 2556026 
18 2556029 
19 2556030 
20 2556030 
21 2556031 
22 2556031 
23 2556031 
24 2556034 
25 2556037 
26 2556040 
27 2556041 
28 2556041 
29 2556041 
30 2556042 
31 2556042 
32 2556042 
33 2556043 
34 2556043 
35 2556043 
36 2556043 
37 2556044 
38 2556044 
39 2556044 
40 2556045 
41 2556045 
42 2556045 
43 2556046 
44 2556049 
45 2556050 
46 2556050 
47 2556052 
48 2556059 
49 2556059 
50 2556060 
51 2556062 
52 2556062 
53 2556064 
54 2556067 
55 2556068 
56 2556068 
57 2556087 
58 2556087 
59 2556092 
60 2556092 
61 2556093 
62 2556098 
63 2556101 
64 2556102 
65 2556103 
66 2556105 
67 2556110 
68 2556110 
69 2556111 
70 2556111 
71 2556111 
72 2556112 
73 2556112 
74 2556112 
75 2556112 
76 2556113 
77 2556113 
78 2556113 
79 2556114 
80 2556114 
81 2556114 
82 2556117 
83 2556117 
84 2556117 
85 2556123 
86 2556123 
87 2556126 
88 2556126 
89 2556134 
90 2556138 
91 2556139 
92 2556139 
93 2556140 
94 2556141 
95 2556141 
96 2556143 
97 2556148 
98 2556148 
99 2556151 
100 2556152 
101 2556152 
102 2556154 
103 2556154 
104 2556159 
105 2556161 
106 2556163 
107 2556164 
108 2556165 
109 2556171 
110 2556174 
111 2556177 
112 2556177 
113 2556179 
114 2556179 
115 2556180 
116 2556185 
117 2556185 
118 2556190 
119 2556191 
120 2556193 
121 2556193 
122 2556193 
123 2556196 
124 2556197 
125 2556203 
126 2556203 
127 2556203 
128 2556203 
129 2556206 
130 2556207 
131 2556207 
132 2556207 
133 2556208 
134 2556208 
135 2556213 
136 2556214 
137 2556214 
138 2556215 
139 2556216 
140 2556216 
141 2556216 
142 2556217 
143 2556217 
144 2556218 
145 2556221 
146 2556222 
147 2556222 
148 2556225 
149 2556231 
150 2556232 
151 2556233 
152 2556233 
153 2556233 
154 2556235 
155 2556236 
156 2556238 
157 2556238 
158 2556240 
159 2556241 
160 2556245 
161 2556246 
162 2556246 
163 2556247 
164 2556247 
165 2556249 
166 2556250 
167 2556250 
168 2556251 
169 2556251 
170 2556251 
171 2556252 
172 2556252 
173 2556253 
174 2556254 
175 2556254 
176 2556254 
177 2556255 
178 2556258 
179 2556258 
180 2556258 
181 2556258 
182 2556260 
183 2556261 
184 2556261 
185 2556262 
186 2556262 
187 2556263 
188 2556263 
189 2556264 
190 2556265 
191 2556267 
192 2556267 
193 2556269 
194 2556269 
195 2556270 
196 2556270 
197 2556271 
198 2556271 
199 2556271 
200 2556271 
201 2556272 
202 2556272 
203 2556276 
204 2556277 
205 2556277 
206 2556278 
207 2556278 
208 2556278 
209 2556279 
210 2556279 
211 2556279 
212 2556281 
213 2556283 
214 2556284 
215 2556286 
216 2556286 
217 2556290 
218 2556291 
219 2556296 
220 2556296 
221 2556300 
222 2556303 
223 2556303 
224 2556303 
225 2556307 
226 2556310 
227 2556314 
228 2556314 
229 2556315 
230 2556315 
231 2556316 
232 2556316 
233 2556318 
234 2556318 
235 2556319 
236 2556319 
237 2556319 
238 2556320 
239 2556320 
240 2556320 
241 2556320 
242 2556321 
243 2556321 
244 2556321 
245 2556322 
246 2556322 
247 2556323 
248 2556325 
249 2556329 
250 2556329 
251 2556338 
252 2556341 
253 2556341 
254 2556344 
255 2556345 
256 2556345 
257 2556346 
258 2556346 
259 2556347 
260 2556353 
261 2556353 
262 2556354 
263 2556354 
264 2556355 
265 2556355 
266 2556355 
267 2556356 
268 2556356 
269 2556356 
270 2556357 
271 2556357 
272 2556357 
273 2556358 
274 2556358 
275 2556358 
276 2556359 
277 2556359 
278 2556359 
279 2556360 
280 2556360 
281 2556360 
282 2556361 
283 2556361 
284 2556361 
285 2556362 
286 2556362 
287 2556362 
288 2556363 
289 2556363 
290 2556364 
291 2556364 
292 2556364 
293 2556365 
294 2556365 
295 2556366 
296 2556366 
297 2556375 
298 2556378 
299 2556381 
300 2556381 
301 2556382 
302 2556382 
303 2556382 
304 2556383 
305 2556383 
306 2556383 
307 2556383 
308 2556384 
309 2556384 
310 2556384 
311 2556385 
312 2556385 
313 2556386 
314 2556386 
315 2556388 
316 2556388 
317 2556389 
318 2556389 
319 2556394 
320 2556395 
321 2556397 
322 2556397 
323 2556398 
324 2556399 
325 2556399 
326 2556400 
327 2556400 
328 2556402 
329 2556404 
330 2556406 
331 2556417 
332 2556418 
333 2556419 
334 2556419 
335 2556419 
336 2556419 
337 2556421 
338 2556422 
339 2556422 
340 2556424 
341 2556424 
342 2556425 
343 2556428 
344 2556430 
345 2556430 
346 2556432 
347 2556432 
348 2556432 
349 2556433 
350 2556433 
351 2556433 
352 2556436 
353 2556436 
354 2556436 
355 2556436 
356 2556437 
357 2556442 
358 2556442 
359 2556442 
360 2556444 
361 2556449 
362 2556451 
363 2556451 
364 2556454 
365 2556462 
366 2556466 
367 2556466 
368 2556466 
369 2556471 
370 2556472 
371 2556475 
372 2556481 
373 2556481 
374 2556486 
375 2556487 
376 2556488 
377 2556489 
378 2556489 
379 2556491 
380 2556498 
381 2556500 
382 2556501 
383 2556501 
384 2556501 
385 2556505 
386 2556506 
387 2556510 
388 2556515 
389 2556517 
390 2556517 
391 2556517 
392 2556518 
393 2556518 
394 2556518 
395 2556519 
396 2556519 
397 2556520 
398 2556521 
399 2556521 
400 2556521 
401 2556521 
402 2556522 
403 2556522 
404 2556522 
405 2556522 
406 2556522 
407 2556523 
408 2556523 
409 2556523 
410 2556524 
411 2556524 
412 2556525 
413 2556525 
414 2556528 
415 2556528 
416 2556528 
417 2556529 
418 2556529 
419 2556529 
420 2556530 
421 2556531 
422 2556531 
423 2556532 
424 2556532 
425 2556532 
426 2556533 
427 2556533 
428 2556533 
429 2556534 
430 2556534 
431 2556535 
432 2556536 
433 2556536 
434 2556538 
435 2556540 
436 2556546 
437 2556546 
438 2556547 
439 2556548 
440 2556551 
441 2556554 
442 2556555 
443 2556555 
444 2556556 
445 2556556 
446 2556559 
447 2556562 
448 2556563 
449 2556563 
450 2556565 
451 2556566 
452 2556566 
453 2556577 
454 2556578 
455 2556578 
456 2556578 
457 2556579 
458 2556579 
459 2556579 
460 2556580 
461 2556580 
462 2556580 
463 2556581 
464 2556581 
465 2556582 
466 2556582 
467 2556582 
468 2556582 
469 2556583 
470 2556584 
471 2556584 
472 2556584 
473 2556585 
474 2556585 
475 2556585 
476 2556585 
477 2556586 
478 2556588 
479 2556588 
480 2556588 
481 2556589 
482 2556590 
483 2556593 
484 2556597 
485 2556598 
486 2556599 
487 2556599 
488 2556599 
489 2556600 
490 2556600 
491 2556600 
492 2556601 
493 2556601 
494 2556601 
495 2556602 
496 2556602 
497 2556606 
498 2556609 
499 2556610 
500 2556610 
501 2556614 
502 2556620 
503 2556625 
504 2556625 
505 2556631 
506 2556632 
507 2556632 
508 2556632 
509 2556633 
510 2556634 
511 2556635 
512 2556635 
513 2556635 
514 2556636 
515 2556640 
516 2556640 
517 2556648 
518 2556649 
519 2556653 
520 2556654 
521 2556657 
522 2556658 
523 2556658 
524 2556659 
525 2556660 
526 2556660 
527 2556663 
528 2556676 
529 2556679 
530 2556679 
531 2556679 
532 2556680 
533 2556680 
534 2556680 
535 2556682 
536 2556683 
537 2556685 
538 2556687 
539 2556688 
540 2556692 
541 2556692 
542 2556701 
543 2556701 
544 2556702 
545 2556704 
546 2556707 
547 2556707 
548 2556711 
549 2556715 
550 2556722 
551 2556723 
552 2556725 
553 2556725 
554 2556725 
555 2556727 
556 2556728 
557 2556729 
558 2556731 
559 2556732 
560 2556732 
561 2556732 
562 2556733 
563 2556734 
564 2556734 
565 2556736 
566 2556736 
567 2556738 
568 2556739 
569 2556739 
570 2556741 
571 2556745 
572 2556747 
573 2556747 
574 2556748 
575 2556749 
576 2556749 
577 2556750 
578 2556750 
579 2556750 
580 2556751 
581 2556751 
582 2556751 
583 2556752 
584 2556752 
585 2556752 
586 2556753 
587 2556753 
588 2556753 
589 2556754 
590 2556756 
591 2556757 
592 2556757 
593 2556758 
594 2556759 
595 2556760 
596 2556760 
597 2556761 
598 2556762 
599 2556762 
600 2556762 
601 2556763 
602 2556763 
603 2556763 
604 2556764 
605 2556764 
606 2556764 
607 2556765 
608 2556765 
609 2556765 
610 2556766 
611 2556766 
612 2556766 
613 2556766 
614 2556767 
615 2556768 
616 2556769 
617 2556769 
618 2556769 
619 2556771 
620 2556771 
621 2556771 
622 2556772 
623 2556772 
624 2556772 
625 2556773 
626 2556773 
627 2556773 
628 2556774 
629 2556774 
630 2556775 
631 2556775 
632 2556776 
633 2556776 
634 2556777 
635 2556778 
636 2556778 
637 2556778 
638 2556779 
639 2556780 
640 2556780 
641 2556780 
642 2556781 
643 2556781 
644 2556781 
645 2556782 
646 2556782 
647 2556783 
648 2556783 
649 2556783 
650 2556784 
651 2556785 
652 2556786 
653 2556786 
654 2556786 
655 2556787 
656 2556787 
657 2556787 
658 2556788 
659 2556788 
660 2556822 
661 2556822 
662 2556823 
663 2556823 
664 2556824 
665 2556824 
666 2556824 
667 2556825 
668 2556825 
669 2556825 
670 2556826 
671 2556826 
672 2556826 
673 2556836 
674 2556841 
675 2556841 
676 2556841 
677 2556843 
678 2556844 
679 2556846 
680 2556852 
681 2556852 
682 2556853 
683 2556863 
684 2556863 
685 2556863 
686 2556864 
687 2556864 
688 2556865 
689 2556865 
690 2556865 
691 2556866 
692 2556866 
693 2556866 
694 2556867 
695 2556867 
696 2556867 
697 2556868 
698 2556868 
699 2556868 
700 2556869 
701 2556869 
702 2556869 
703 2556870 
704 2556870 
705 2556870 
706 2556871 
707 2556871 
708 2556872 
709 2556895 
710 2556897 
711 2556897 
712 2556899 
713 2556921 
714 2556925 
715 2556925 
716 2556926 
717 2556932 
718 2556936 
719 2556937 
720 2556938 
721 2556939 
722 2556939 
723 2556939 
724 2556939 
725 2556943 
726 2556946 
727 2556950 
728 2556951 
729 2556951 
730 2556951 
731 2556952 
732 2556953 
733 2556953 
734 2556953 
735 2556954 
736 2556955 
737 2556955 
738 2556962 
739 2556965 
740 2556966 
741 2556967 
742 2556967 
743 2556968 
744 2556968 
745 2556969 
746 2556972 
747 2556972 
748 2556972 
749 2556976 
750 2556977 
751 2556977 
752 2556979 
753 2556982 
754 2556982 
755 2556991 
756 2556994 
757 2556994 
758 2556996 
759 2557000 
760 2557001 
761 2557001 
762 2557007 
763 2557010 
764 2557013 
765 2557016 
766 2557018 
767 2557018 
768 2557020 
769 2557020 
770 2557020 
771 2557024 
772 2557024 
773 2557032 
774 2557034 
775 2557035 
776 2557036 
777 2557039 
778 2557039 
779 2557041 
780 2557041 
781 2557041 
782 2557043 
783 2557044 
784 2557045 
785 2557046 
786 2557056 
787 2557060 
788 2557060 
789 2557062 
790 2557087 
791 2557087 
792 2557088 
793 2557088 
794 2557088 
795 2557089 
796 2557089 
797 2557089 
798 2557090 
799 2557090 
800 2557090 
801 2557091 
802 2557091 
803 2557091 
804 2557092 
805 2557092 
806 2557092 
807 2557093 
808 2557093 
809 2557093 
810 2557093 
811 2557094 
812 2557094 
813 2557094 
814 2557094 
815 2557095 
816 2557095 
817 2557095 
818 2557096 
819 2557096 
820 2557096 
821 2557097 
822 2557097 
823 2557097 
824 2557097 
825 2557098 
826 2557098 
827 2557098 
828 2557098 
829 2557099 
830 2557099 
831 2557099 
832 2557099 
833 2557100 
834 2557100 
835 2557100 
836 2557101 
837 2557101 
838 2557101 
839 2557102 
840 2557102 
841 2557102 
842 2557103 
843 2557103 
844 2557103 
845 2557103 
846 2557104 
847 2557104 
848 2557105 
849 2557105 
850 2557105 
851 2557106 
852 2557106 
853 2557106 
854 2557107 
855 2557107 
856 2557107 
857 2557108 
858 2557108 
859 2557108 
860 2557109 
861 2557109 
862 2557109 
863 2557110 
864 2557110 
865 2557110 
866 2557111 
867 2557111 
868 2557112 
869 2557112 
870 2557112 
871 2557113 
872 2557113 
873 2557113 
874 2557113 
875 2557114 
876 2557114 
877 2557114 
878 2557115 
879 2557115 
880 2557115 
881 2557116 
882 2557116 
883 2557116 
884 2557117 
885 2557117 
886 2557117 
887 2557118 
888 2557118 
889 2557118 
890 2557118 
891 2557119 
892 2557119 
893 2557119 
894 2557120 
895 2557120 
896 2557120 
897 2557121 
898 2557121 
899 2557121 
900 2557122 
901 2557122 
902 2557122 
903 2557123 
904 2557123 
905 2557123 
906 2557123 
907 2557124 
908 2557124 
909 2557124 
910 2557125 
911 2557125 
912 2557125 
913 2557125 
914 2557126 
915 2557126 
916 2557126 
917 2557127 
918 2557127 
919 2557127 
920 2557127 
921 2557127 
922 2557128 
923 2557128 
924 2557128 
925 2557128 
926 2557129 
927 2557129 
928 2557129 
929 2557130 
930 2557130 
931 2557130 
932 2557131 
933 2557131 
934 2557131 
935 2557131 
936 2557132 
937 2557132 
938 2557132 
939 2557133 
940 2557133 
941 2557133 
942 2557134 
943 2557134 
944 2557134 
945 2557134 
946 2557135 
947 2557135 
948 2557135 
949 2557136 
950 2557136 
951 2557136 
952 2557137 
953 2557137 
954 2557137 
955 2557137 
956 2557138 
957 2557138 
958 2557138 
959 2557139 
960 2557139 
961 2557139 
962 2557139 
963 2557140 
964 2557140 
965 2557140 
966 2557141 
967 2557141 
968 2557141 
969 2557141 
970 2557142 
971 2557142 
972 2557142 
973 2557143 
974 2557143 
975 2557143 
976 2557143 
977 2557143 
978 2557144 
979 2557144 
980 2557144 
981 2557144 
982 2557145 
983 2557145 
984 2557145 
985 2557146 
986 2557146 
987 2557146 
988 2557147 
989 2557147 
990 2557147 
991 2557147 
992 2557148 
993 2557148 
994 2557148 
995 2557149 
996 2557149 
997 2557149 
998 2557149 
999 2557150 
1000 2557150 
1001 2557150 
1002 2557150 
1003 2557150 
1004 2557151 
1005 2557151 
1006 2557151 
1007 2557151 
1008 2557151 
1009 2557151 
1010 2557152 
1011 2557152 
1012 2557152 
1013 2557152 
1014 2557153 
1015 2557153 
1016 2557153 
1017 2557153 
1018 2557153 
1019 2557154 
1020 2557154 
1021 2557154 
1022 2557154 
1023 2557154 
1024 2557155 
1025 2557155 
1026 2557155 
1027 2557155 
1028 2557156 
1029 2557156 
1030 2557156 
1031 2557156 
1032 2557156 
1033 2557156 
1034 2557157 
1035 2557157 
1036 2557157 
1037 2557157 
1038 2557158 
1039 2557158 
1040 2557158 
1041 2557158 
1042 2557159 
1043 2557159 
1044 2557159 
1045 2557160 
1046 2557160 
1047 2557160 
1048 2557160 
1049 2557161 
1050 2557161 
1051 2557162 
1052 2557162 
1053 2557162 
1054 2557163 
1055 2557163 
1056 2557163 
1057 2557164 
1058 2557164 
1059 2557164 
1060 2557164 
1061 2557165 
1062 2557165 
1063 2557166 
1064 2557166 
1065 2557166 
1066 2557167 
1067 2557167 
1068 2557167 
1069 2557168 
1070 2557169 
1071 2557169 
1072 2557169 
1073 2557170 
1074 2557170 
1075 2557170 
1076 2557171 
1077 2557171 
1078 2557172 
1079 2557173 
1080 2557174 
1081 2557174 
1082 2557175 
1083 2557176 
1084 2557176 
1085 2557176 
1086 2557177 
1087 2557177 
1088 2557177 
1089 2557178 
1090 2557178 
1091 2557178 
1092 2557178 
1093 2557179 
1094 2557179 
1095 2557181 
1096 2557182 
1097 2557182 
1098 2557183 
1099 2557183 
1100 2557184 
1101 2557184 
1102 2557185 
1103 2557187 
1104 2557188 
1105 2557188 
1106 2557188 
1107 2557189 
1108 2557189 
1109 2557190 
1110 2557190 
1111 2557190 
1112 2557191 
1113 2557192 
1114 2557192 
1115 2557193 
1116 2557193 
1117 2557194 
1118 2557194 
1119 2557195 
1120 2557195 
1121 2557195 
1122 2557196 
1123 2557196 
1124 2557196 
1125 2557197 
1126 2557197 
1127 2557197 
1128 2557197 
1129 2557198 
1130 2557198 
1131 2557198 
1132 2557198 
1133 2557198 
1134 2557199 
1135 2557199 
1136 2557199 
1137 2557199 
1138 2557200 
1139 2557200 
1140 2557200 
1141 2557200 
1142 2557200 
1143 2557200 
1144 2557201 
1145 2557201 
1146 2557201 
1147 2557201 
1148 2557201 
1149 2557202 
1150 2557202 
1151 2557202 
1152 2557202 
1153 2557203 
1154 2557203 
1155 2557203 
1156 2557204 
1157 2557204 
1158 2557204 
1159 2557204 
1160 2557205 
1161 2557205 
1162 2557205 
1163 2557205 
1164 2557206 
1165 2557206 
1166 2557206 
1167 2557207 
1168 2557207 
1169 2557207 
1170 2557207 
1171 2557208 
1172 2557208 
1173 2557208 
1174 2557209 
1175 2557209 
1176 2557209 
1177 2557210 
1178 2557210 
1179 2557210 
1180 2557210 
1181 2557211 
1182 2557211 
1183 2557211 
1184 2557212 
1185 2557212 
1186 2557212 
1187 2557213 
1188 2557213 
1189 2557213 
1190 2557214 
1191 2557214 
1192 2557214 
1193 2557214 
1194 2557215 
1195 2557215 
1196 2557215 
1197 2557216 
1198 2557216 
1199 2557216 
1200 2557216 
1201 2557217 
1202 2557217 
1203 2557217 
1204 2557218 
1205 2557218 
1206 2557219 
1207 2557219 
1208 2557219 
1209 2557220 
1210 2557220 
1211 2557220 
1212 2557220 
1213 2557221 
1214 2557221 
1215 2557221 
1216 2557221 
1217 2557222 
1218 2557222 
1219 2557223 
1220 2557223 
1221 2557223 
1222 2557224 
1223 2557224 
1224 2557224 
1225 2557225 
1226 2557225 
1227 2557225 
1228 2557226 
1229 2557226 
1230 2557226 
1231 2557226 
1232 2557227 
1233 2557227 
1234 2557227 
1235 2557227 
1236 2557228 
1237 2557228 
1238 2557228 
1239 2557229 
1240 2557229 
1241 2557229 
1242 2557229 
1243 2557230 
1244 2557230 
1245 2557230 
1246 2557230 
1247 2557230 
1248 2557231 
1249 2557231 
1250 2557231 
1251 2557232 
1252 2557232 
1253 2557232 
1254 2557232 
1255 2557233 
1256 2557233 
1257 2557233 
1258 2557234 
1259 2557234 
1260 2557234 
1261 2557235 
1262 2557235 
1263 2557235 
1264 2557235 
1265 2557236 
1266 2557236 
1267 2557236 
1268 2557237 
1269 2557237 
1270 2557237 
1271 2557237 
1272 2557238 
1273 2557238 
1274 2557238 
1275 2557238 
1276 2557239 
1277 2557239 
1278 2557239 
1279 2557240 
1280 2557240 
1281 2557240 
1282 2557241 
1283 2557241 
1284 2557241 
1285 2557241 
1286 2557242 
1287 2557242 
1288 2557242 
1289 2557243 
1290 2557243 
1291 2557243 
1292 2557243 
1293 2557244 
1294 2557244 
1295 2557244 
1296 2557245 
1297 2557245 
1298 2557245 
1299 2557245 
1300 2557246 
1301 2557246 
1302 2557246 
1303 2557247 
1304 2557248 
1305 2557248 
1306 2557248 
1307 2557248 
1308 2557249 
1309 2557249 
1310 2557249 
1311 2557250 
1312 2557250 
1313 2557250 
1314 2557250 
1315 2557251 
1316 2557251 
1317 2557251 
1318 2557252 
1319 2557252 
1320 2557252 
1321 2557253 
1322 2557253 
1323 2557253 
1324 2557253 
1325 2557253 
1326 2557254 
1327 2557254 
1328 2557254 
1329 2557255 
1330 2557255 
1331 2557255 
1332 2557255 
1333 2557256 
1334 2557256 
1335 2557256 
1336 2557257 
1337 2557257 
1338 2557257 
1339 2557258 
1340 2557258 
1341 2557258 
1342 2557258 
1343 2557259 
1344 2557259 
1345 2557259 
1346 2557260 
1347 2557260 
1348 2557260 
1349 2557260 
1350 2557261 
1351 2557261 
1352 2557261 
1353 2557262 
1354 2557262 
1355 2557262 
1356 2557262 
1357 2557263 
1358 2557263 
1359 2557263 
1360 2557264 
1361 2557264 
1362 2557264 
1363 2557265 
1364 2557265 
1365 2557265 
1366 2557266 
1367 2557266 
1368 2557266 
1369 2557267 
1370 2557267 
1371 2557268 
1372 2557268 
1373 2557269 
1374 2557269 
1375 2557269 
1376 2557270 
1377 2557270 
1378 2557271 
1379 2557271 
1380 2557271 
1381 2557272 
1382 2557272 
1383 2557273 
1384 2557273 
1385 2557273 
1386 2557274 
1387 2557275 
1388 2557275 
1389 2557275 
1390 2557276 
1391 2557276 
1392 2557277 
1393 2557277 
1394 2557285 
1395 2557285 
1396 2557285 
1397 2557288 
1398 2557288 
1399 2557288 
1400 2557289 
1401 2557289 
1402 2557289 
1403 2557290 
1404 2557290 
1405 2557290 
1406 2557291 
1407 2557291 
1408 2557291 
1409 2557291 
1410 2557294 
1411 2557294 
1412 2557295 
1413 2557295 
1414 2557295 
1415 2557297 
1416 2557298 
1417 2557299 
1418 2557299 
1419 2557299 
1420 2557300 
1421 2557300 
1422 2557300 
1423 2557301 
1424 2557301 
1425 2557301 
1426 2557302 
1427 2557302 
1428 2557302 
1429 2557303 
1430 2557303 
1431 2557303 
1432 2557304 
1433 2557304 
1434 2557304 
1435 2557305 
1436 2557306 
1437 2557306 
1438 2557307 
1439 2557308 
1440 2557308 
1441 2557311 
1442 2557312 
1443 2557312 
1444 2557312 
1445 2557313 
1446 2557313 
1447 2557314 
1448 2557314 
1449 2557314 
1450 2557315 
1451 2557318 
1452 2557318 
1453 2557319 
1454 2557319 
1455 2557320 
1456 2557323 
1457 2557324 
1458 2557324 
1459 2557324 
1460 2557325 
1461 2557330 
1462 2557334 
1463 2557335 
1464 2557335 
1465 2557336 
1466 2557336 
1467 2557336 
1468 2557337 
1469 2557337 
1470 2557337 
1471 2557337 
1472 2557337 
1473 2557338 
1474 2557341 
1475 2557341 
1476 2557342 
1477 2557342 
1478 2557345 
1479 2557345 
1480 2557346 
1481 2557346 
1482 2557347 
1483 2557347 
1484 2557348 
1485 2557349 
1486 2557349 
1487 2557349 
1488 2557350 
1489 2557351 
1490 2557351 
1491 2557352 
1492 2557352 
1493 2557352 
1494 2557352 
1495 2557353 
1496 2557353 
1497 2557354 
1498 2557355 
1499 2557355 
1500 2557356 
1501 2557356 
1502 2557357 
1503 2557357 
1504 2557357 
1505 2557358 
1506 2557358 
1507 2557358 
1508 2557359 
1509 2557359 
1510 2557359 
1511 2557359 
1512 2557360 
1513 2557360 
1514 2557360 
1515 2557360 
1516 2557361 
1517 2557361 
1518 2557361 
1519 2557361 
1520 2557362 
1521 2557362 
1522 2557362 
1523 2557362 
1524 2557362 
1525 2557363 
1526 2557363 
1527 2557363 
1528 2557364 
1529 2557364 
1530 2557364 
1531 2557364 
1532 2557365 
1533 2557365 
1534 2557365 
1535 2557365 
1536 2557365 
1537 2557366 
1538 2557366 
1539 2557366 
1540 2557366 
1541 2557367 
1542 2557367 
1543 2557367 
1544 2557368 
1545 2557368 
1546 2557368 
1547 2557368 
1548 2557368 
1549 2557368 
1550 2557368 
1551 2557369 
1552 2557369 
1553 2557369 
1554 2557369 
1555 2557369 
1556 2557370 
1557 2557370 
1558 2557370 
1559 2557370 
1560 2557370 
1561 2557371 
1562 2557371 
1563 2557371 
1564 2557372 
1565 2557372 
1566 2557372 
1567 2557372 
1568 2557372 
1569 2557373 
1570 2557373 
1571 2557373 
1572 2557373 
1573 2557373 
1574 2557374 
1575 2557374 
1576 2557374 
1577 2557374 
1578 2557375 
1579 2557375 
1580 2557375 
1581 2557375 
1582 2557375 
1583 2557376 
1584 2557376 
1585 2557376 
1586 2557377 
1587 2557377 
1588 2557377 
1589 2557378 
1590 2557378 
1591 2557378 
1592 2557379 
1593 2557379 
1594 2557379 
1595 2557380 
1596 2557380 
1597 2557380 
1598 2557381 
1599 2557381 
1600 2557382 
1601 2557382 
1602 2557383 
1603 2557383 
1604 2557383 
1605 2557384 
1606 2557385 
1607 2557388 
1608 2557389 
1609 2557389 
1610 2557389 
1611 2557390 
1612 2557390 
1613 2557390 
1614 2557390 
1615 2557391 
1616 2557391 
1617 2557391 
1618 2557391 
1619 2557391 
1620 2557392 
1621 2557392 
1622 2557392 
1623 2557392 
1624 2557393 
1625 2557393 
1626 2557393 
1627 2557394 
1628 2557394 
1629 2557394 
1630 2557394 
1631 2557395 
1632 2557395 
1633 2557395 
1634 2557395 
1635 2557396 
1636 2557396 
1637 2557396 
1638 2557397 
1639 2557397 
1640 2557397 
1641 2557397 
1642 2557398 
1643 2557398 
1644 2557398 
1645 2557398 
1646 2557399 
1647 2557399 
1648 2557399 
1649 2557399 
1650 2557400 
1651 2557400 
1652 2557400 
1653 2557400 
1654 2557401 
1655 2557401 
1656 2557401 
1657 2557401 
1658 2557401 
1659 2557402 
1660 2557402 
1661 2557402 
1662 2557403 
1663 2557403 
1664 2557403 
1665 2557403 
1666 2557404 
1667 2557404 
1668 2557404 
1669 2557404 
1670 2557405 
1671 2557405 
1672 2557405 
1673 2557405 
1674 2557406 
1675 2557406 
1676 2557406 
1677 2557406 
1678 2557407 
1679 2557407 
1680 2557407 
1681 2557407 
1682 2557408 
1683 2557408 
1684 2557408 
1685 2557408 
1686 2557409 
1687 2557409 
1688 2557409 
1689 2557410 
1690 2557410 
1691 2557410 
1692 2557410 
1693 2557411 
1694 2557411 
1695 2557411 
1696 2557411 
1697 2557412 
1698 2557412 
1699 2557412 
1700 2557412 
1701 2557412 
1702 2557413 
1703 2557413 
1704 2557413 
1705 2557413 
1706 2557417 
1707 2557420 
1708 2557421 
1709 2557421 
1710 2557421 
1711 2557423 
1712 2557423 
1713 2557423 
1714 2557424 
1715 2557424 
1716 2557424 
1717 2557425 
1718 2557425 
1719 2557426 
1720 2557426 
1721 2557426 
1722 2557427 
1723 2557428 
1724 2557428 
1725 2557428 
1726 2557429 
1727 2557429 
1728 2557429 
1729 2557430 
1730 2557430 
1731 2557430 
1732 2557431 
1733 2557432 
1734 2557432 
1735 2557432 
1736 2557433 
1737 2557433 
1738 2557433 
1739 2557434 
1740 2557434 
1741 2557434 
1742 2557435 
1743 2557435 
1744 2557436 
1745 2557436 
1746 2557436 
1747 2557436 
1748 2557437 
1749 2557437 
1750 2557438 
1751 2557438 
1752 2557438 
1753 2557439 
1754 2557439 
1755 2557440 
1756 2557440 
1757 2557440 
1758 2557441 
1759 2557441 
1760 2557444 
1761 2557445 
1762 2557445 
1763 2557445 
1764 2557446 
1765 2557446 
1766 2557447 
1767 2557447 
1768 2557448 
1769 2557448 
1770 2557449 
1771 2557449 
1772 2557450 
1773 2557450 
1774 2557450 
1775 2557451 
1776 2557451 
1777 2557452 
1778 2557453 
1779 2557454 
1780 2557455 
1781 2557455 
1782 2557456 
1783 2557460 
1784 2557460 
1785 2557460 
1786 2557461 
1787 2557461 
1788 2557461 
1789 2557462 
1790 2557462 
1791 2557463 
1792 2557463 
1793 2557464 
1794 2557464 
1795 2557465 
1796 2557465 
1797 2557465 
1798 2557466 
1799 2557467 
1800 2557467 
1801 2557467 
1802 2557468 
1803 2557468 
1804 2557469 
1805 2557469 
1806 2557469 
1807 2557470 
1808 2557470 
1809 2557471 
1810 2557471 
1811 2557471 
1812 2557472 
1813 2557472 
1814 2557473 
1815 2557473 
1816 2557473 
1817 2557474 
1818 2557474 
1819 2557475 
1820 2557475 
1821 2557475 
1822 2557475 
1823 2557476 
1824 2557476 
1825 2557477 
1826 2557477 
1827 2557477 
1828 2557477 
1829 2557478 
1830 2557478 
1831 2557478 
1832 2557478 
1833 2557479 
1834 2557479 
1835 2557479 
1836 2557479 
1837 2557480 
1838 2557480 
1839 2557480 
1840 2557481 
1841 2557481 
1842 2557482 
1843 2557482 
1844 2557482 
1845 2557483 
1846 2557483 
1847 2557486 
1848 2557487 
1849 2557487 
1850 2557488 
1851 2557492 
1852 2557500 
1853 2557501 
1854 2557501 
1855 2557501 
1856 2557504 
1857 2557505 
1858 2557506 
1859 2557506 
1860 2557507 
1861 2557514 
1862 2557516 
1863 2557518 
1864 2557518 
1865 2557518 
1866 2557519 
1867 2557519 
1868 2557519 
1869 2557520 
1870 2557523 
1871 2557523 
1872 2557523 
1873 2557524 
1874 2557525 
1875 2557525 
1876 2557526 
1877 2557526 
1878 2557526 
1879 2557527 
1880 2557527 
1881 2557528 
1882 2557528 
1883 2557528 
1884 2557528 
1885 2557528 
1886 2557529 
1887 2557529 
1888 2557530 
1889 2557530 
1890 2557530 
1891 2557530 
1892 2557531 
1893 2557531 
1894 2557531 
1895 2557532 
1896 2557532 
1897 2557532 
1898 2557533 
1899 2557533 
1900 2557533 
1901 2557533 
1902 2557534 
1903 2557534 
1904 2557534 
1905 2557536 
1906 2557538 
1907 2557539 
1908 2557540 
1909 2557542 
1910 2557543 
1911 2557543 
1912 2557544 
1913 2557544 
1914 2557544 
1915 2557545 
1916 2557546 
1917 2557546 
1918 2557547 
1919 2557547 
1920 2557547 
1921 2557548 
1922 2557548 
1923 2557552 
1924 2557552 
1925 2557553 
1926 2557553 
1927 2557553 
1928 2557553 
1929 2557554 
1930 2557554 
1931 2557554 
1932 2557554 
1933 2557555 
1934 2557555 
1935 2557555 
1936 2557555 
1937 2557556 
1938 2557556 
1939 2557557 
1940 2557558 
1941 2557559 
1942 2557559 
1943 2557560 
1944 2557561 
1945 2557562 
1946 2557562 
1947 2557562 
1948 2557562 
1949 2557563 
1950 2557563 
1951 2557564 
1952 2557564 
1953 2557564 
1954 2557565 
1955 2557565 
1956 2557566 
1957 2557566 
1958 2557566 
1959 2557566 
1960 2557567 
1961 2557567 
1962 2557567 
1963 2557567 
1964 2557568 
1965 2557569 
1966 2557569 
1967 2557569 
1968 2557570 
1969 2557570 
1970 2557570 
1971 2557570 
1972 2557571 
1973 2557571 
1974 2557572 
1975 2557572 
1976 2557572 
1977 2557573 
1978 2557573 
1979 2557573 
1980 2557574 
1981 2557575 
1982 2557577 
1983 2557577 
1984 2557578 
1985 2557578 
1986 2557579 
1987 2557580 
1988 2557580 
1989 2557580 
1990 2557581 
1991 2557581 
1992 2557581 
1993 2557582 
1994 2557582 
1995 2557582 
1996 2557583 
1997 2557583 
1998 2557584 
1999 2557584 
2000 2557585 
2001 2557585 
2002 2557585 
2003 2557585 
2004 2557586 
2005 2557586 
2006 2557586 
2007 2557587 
2008 2557588 
2009 2557588 
2010 2557589 
2011 2557589 
2012 2557591 
2013 2557595 
2014 2557595 
2015 2557595 
2016 2557596 
2017 2557596 
2018 2557596 
2019 2557597 
2020 2557597 
2021 2557597 
2022 2557597 
2023 2557600 
2024 2557603 
2025 2557603 
2026 2557603 
2027 2557603 
2028 2557604 
2029 2557604 
2030 2557605 
2031 2557608 
2032 2557608 
2033 2557608 
2034 2557609 
2035 2557609 
2036 2557610 
2037 2557613 
2038 2557615 
2039 2557616 
2040 2557618 
2041 2557618 
2042 2557619 
2043 2557621 
2044 2557628 
2045 2557628 
2046 2557629 
2047 2557629 
2048 2557629 
2049 2557630 
2050 2557630 
2051 2557630 
2052 2557631 
2053 2557631 
2054 2557631 
2055 2557632 
2056 2557632 
2057 2557632 
2058 2557632 
2059 2557633 
2060 2557633 
2061 2557633 
2062 2557636 
2063 2557636 
2064 2557637 
2065 2557638 
2066 2557638 
2067 2557638 
2068 2557639 
2069 2557639 
2070 2557639 
2071 2557639 
2072 2557640 
2073 2557640 
2074 2557640 
2075 2557640 
2076 2557641 
2077 2557642 
2078 2557642 
2079 2557642 
2080 2557643 
2081 2557643 
2082 2557643 
2083 2557644 
2084 2557644 
2085 2557645 
2086 2557651 
2087 2557654 
2088 2557656 
2089 2557660 
2090 2557660 
2091 2557666 
2092 2557666 
2093 2557666 
2094 2557667 
2095 2557667 
2096 2557668 
2097 2557668 
2098 2557668 
2099 2557668 
2100 2557669 
2101 2557669 
2102 2557670 
2103 2557670 
2104 2557671 
2105 2557671 
2106 2557671 
2107 2557672 
2108 2557673 
2109 2557673 
2110 2557673 
2111 2557674 
2112 2557674 
2113 2557674 
2114 2557674 
2115 2557675 
2116 2557675 
2117 2557675 
2118 2557676 
2119 2557676 
2120 2557676 
2121 2557677 
2122 2557677 
2123 2557678 
2124 2557678 
2125 2557678 
2126 2557679 
2127 2557679 
2128 2557679 
2129 2557679 
2130 2557680 
2131 2557680 
2132 2557680 
2133 2557681 
2134 2557681 
2135 2557681 
2136 2557681 
2137 2557682 
2138 2557682 
2139 2557682 
2140 2557683 
2141 2557683 
2142 2557683 
2143 2557684 
2144 2557684 
2145 2557684 
2146 2557684 
2147 2557685 
2148 2557685 
2149 2557685 
2150 2557686 
2151 2557686 
2152 2557686 
2153 2557686 
2154 2557687 
2155 2557687 
2156 2557687 
2157 2557688 
2158 2557688 
2159 2557688 
2160 2557688 
2161 2557689 
2162 2557689 
2163 2557695 
2164 2557695 
2165 2557696 
2166 2557696 
2167 2557696 
2168 2557697 
2169 2557697 
2170 2557698 
2171 2557698 
2172 2557699 
2173 2557699 
2174 2557699 
2175 2557699 
2176 2557700 
2177 2557700 
2178 2557700 
2179 2557701 
2180 2557701 
2181 2557715 
2182 2557715 
2183 2557715 
2184 2557716 
2185 2557716 
2186 2557716 
2187 2557717 
2188 2557717 
2189 2557717 
2190 2557718 
2191 2557718 
2192 2557718 
2193 2557719 
2194 2557719 
2195 2557719 
2196 2557720 
2197 2557720 
2198 2557721 
2199 2557721 
2200 2557721 
2201 2557722 
2202 2557722 
2203 2557729 
2204 2557729 
2205 2557730 
2206 2557730 
2207 2557730 
2208 2557731 
2209 2557731 
2210 2557731 
2211 2557732 
2212 2557735 
2213 2557736 
2214 2557736 
2215 2557736 
2216 2557737 
2217 2557737 
2218 2557737 
2219 2557737 
2220 2557738 
2221 2557738 
2222 2557740 
2223 2557740 
2224 2557741 
2225 2557741 
2226 2557741 
2227 2557743 
2228 2557745 
2229 2557746 
2230 2557746 
2231 2557748 
2232 2557749 
2233 2557752 
2234 2557752 
2235 2557753 
2236 2557754 
2237 2557755 
2238 2557755 
2239 2557756 
2240 2557756 
2241 2557757 
2242 2557758 
2243 2557758 
2244 2557758 
2245 2557760 
2246 2557762 
2247 2557763 
2248 2557763 
2249 2557764 
2250 2557764 
2251 2557764 
2252 2557765 
2253 2557765 
2254 2557765 
2255 2557766 
2256 2557766 
2257 2557766 
2258 2557766 
2259 2557766 
2260 2557767 
2261 2557767 
2262 2557767 
2263 2557768 
2264 2557768 
2265 2557769 
2266 2557769 
2267 2557769 
2268 2557770 
2269 2557770 
2270 2557770 
2271 2557771 
2272 2557772 
2273 2557773 
2274 2557780 
2275 2557781 
2276 2557785 
2277 2557785 
2278 2557785 
2279 2557786 
2280 2557786 
2281 2557789 
2282 2557789 
2283 2557793 
2284 2557793 
2285 2557794 
2286 2557794 
2287 2557794 
2288 2557795 
2289 2557796 
2290 2557797 
2291 2557798 
2292 2557799 
2293 2557801 
2294 2557803 
2295 2557805 
2296 2557805 
2297 2557806 
2298 2557810 
2299 2557812 
2300 2557815 
2301 2557816 
2302 2557828 
2303 2557832 
2304 2557833 
2305 2557833 
2306 2557833 
2307 2557834 
2308 2557834 
2309 2557837 
2310 2557838 
2311 2557838 
2312 2557839 
2313 2557839 
2314 2557839 
2315 2557840 
2316 2557840 
2317 2557840 
2318 2557840 
2319 2557841 
2320 2557841 
2321 2557841 
2322 2557841 
2323 2557842 
2324 2557843 
2325 2557844 
2326 2557845 
2327 2557845 
2328 2557845 
2329 2557846 
2330 2557846 
2331 2557847 
2332 2557847 
2333 2557847 
2334 2557848 
2335 2557848 
2336 2557848 
2337 2557848 
2338 2557849 
2339 2557850 
2340 2557850 
2341 2557851 
2342 2557851 
2343 2557855 
2344 2557856 
2345 2557857 
2346 2557858 
2347 2557858 
2348 2557858 
2349 2557859 
2350 2557860 
2351 2557863 
2352 2557864 
2353 2557864 
2354 2557865 
2355 2557865 
2356 2557868 
2357 2557868 
2358 2557870 
2359 2557870 
2360 2557872 
2361 2557873 
2362 2557873 
2363 2557875 
2364 2557877 
2365 2557880 
2366 2557881 
2367 2557882 
2368 2557882 
2369 2557883 
2370 2557883 
2371 2557883 
2372 2557884 
2373 2557884 
2374 2557884 
2375 2557884 
2376 2557884 
2377 2557885 
2378 2557888 
2379 2557889 
2380 2557890 
2381 2557890 
2382 2557890 
2383 2557891 
2384 2557891 
2385 2557891 
2386 2557892 
2387 2557892 
2388 2557895 
2389 2557895 
2390 2557896 
2391 2557896 
2392 2557897 
2393 2557897 
2394 2557897 
2395 2557897 
2396 2557897 
2397 2557898 
2398 2557898 
2399 2557898 
2400 2557901 
2401 2557902 
2402 2557904 
2403 2557906 
2404 2557920 
2405 2557923 
2406 2557926 
2407 2557929 
2408 2557931 
2409 2557958 
2410 2557962 
2411 2557962 
2412 2557962 
2413 2557963 
2414 2557968 
2415 2557976 
2416 2557977 
2417 2557983 
2418 2557983 
2419 2557984 
2420 2557984 
2421 2557984 
2422 2557984 
2423 2557985 
2424 2557985 
2425 2557985 
2426 2557986 
2427 2557986 
2428 2557986 
2429 2557987 
2430 2557987 
2431 2557988 
2432 2557988 
2433 2557988 
2434 2557989 
2435 2557990 
2436 2557990 
2437 2557991 
2438 2557992 
2439 2557992 
2440 2557993 
2441 2557993 
2442 2557993 
2443 2557994 
2444 2557994 
2445 2557994 
2446 2557995 
2447 2557999 
2448 2557999 
2449 2558000 
2450 2558000 
2451 2558001 
2452 2558001 
2453 2558001 
2454 2558002 
2455 2558003 
2456 2558004 
2457 2558004 
2458 2558004 
2459 2558005 
2460 2558005 
2461 2558005 
2462 2558006 
2463 2558006 
2464 2558006 
2465 2558007 
2466 2558007 
2467 2558007 
2468 2558008 
2469 2558008 
2470 2558009 
2471 2558009 
2472 2558009 
2473 2558010 
2474 2558010 
2475 2558012 
2476 2558012 
2477 2558016 
2478 2558016 
2479 2558016 
2480 2558017 
2481 2558017 
2482 2558018 
2483 2558022 
2484 2558028 
2485 2558028 
2486 2558028 
2487 2558032 
2488 2558032 
2489 2558033 
2490 2558033 
2491 2558033 
2492 2558034 
2493 2558034 
2494 2558035 
2495 2558035 
2496 2558035 
2497 2558036 
2498 2558038 
2499 2558038 
2500 2558040 
2501 2558043 
2502 2558043 
2503 2558045 
2504 2558045 
2505 2558046 
2506 2558047 
2507 2558048 
2508 2558048 
2509 2558048 
2510 2558049 
2511 2558049 
2512 2558050 
2513 2558051 
2514 2558054 
2515 2558057 
2516 2558058 
2517 2558058 
2518 2558058 
2519 2558061 
2520 2558062 
2521 2558062 
2522 2558062 
2523 2558062 
2524 2558065 
2525 2558065 
2526 2558065 
2527 2558066 
2528 2558067 
2529 2558068 
2530 2558068 
2531 2558068 
2532 2558071 
2533 2558071 
2534 2558071 
2535 2558071 
2536 2558072 
2537 2558072 
2538 2558072 
2539 2558073 
2540 2558073 
2541 2558073 
2542 2558074 
2543 2558075 
2544 2558075 
2545 2558075 
2546 2558075 
2547 2558075 
2548 2558076 
2549 2558076 
2550 2558076 
2551 2558077 
2552 2558077 
2553 2558078 
2554 2558078 
2555 2558078 
2556 2558079 
2557 2558079 
2558 2558079 
2559 2558080 
2560 2558080 
2561 2558080 
2562 2558081 
2563 2558081 
2564 2558081 
2565 2558082 
2566 2558083 
2567 2558086 
2568 2558088 
2569 2558101 
2570 2558102 
2571 2558102 
2572 2558103 
2573 2558112 
2574 2558113 
2575 2558114 
2576 2558114 
2577 2558115 
2578 2558115 
2579 2558117 
2580 2558120 
2581 2558123 
2582 2558124 
2583 2558124 
2584 2558125 
2585 2558132 
2586 2558132 
2587 2558136 
2588 2558150 
2589 2558150 
2590 2558150 
2591 2558151 
2592 2558151 
2593 2558151 
2594 2558152 
2595 2558156 
2596 2558156 
2597 2558157 
2598 2558157 
2599 2558158 
2600 2558158 
2601 2558160 
2602 2558160 
2603 2558161 
2604 2558161 
2605 2558162 
2606 2558166 
2607 2558167 
2608 2558169 
2609 2558171 
2610 2558172 
2611 2558173 
2612 2558175 
2613 2558180 
2614 2558184 
2615 2558185 
2616 2558186 
2617 2558189 
2618 2558191 
2619 2558191 
2620 2558192 
2621 2558192 
2622 2558193 
2623 2558193 
2624 2558193 
2625 2558194 
2626 2558194 
2627 2558195 
2628 2558195 
2629 2558196 
2630 2558196 
2631 2558196 
2632 2558196 
2633 2558197 
2634 2558197 
2635 2558197 
2636 2558198 
2637 2558198 
2638 2558198 
2639 2558198 
2640 2558199 
2641 2558199 
2642 2558199 
2643 2558202 
2644 2558202 
2645 2558208 
2646 2558209 
2647 2558209 
2648 2558209 
2649 2558209 
2650 2558211 
2651 2558211 
2652 2558215 
2653 2558215 
2654 2558216 
2655 2558216 
2656 2558217 
2657 2558220 
2658 2558220 
2659 2558220 
2660 2558221 
2661 2558221 
2662 2558221 
2663 2558221 
2664 2558227 
2665 2558228 
2666 2558228 
2667 2558228 
2668 2558231 
2669 2558232 
2670 2558232 
2671 2558235 
2672 2558235 
2673 2558236 
2674 2558247 
2675 2558249 
2676 2558249 
2677 2558251 
2678 2558251 
2679 2558251 
2680 2558251 
2681 2558252 
2682 2558252 
2683 2558252 
2684 2558253 
2685 2558253 
2686 2558254 
2687 2558254 
2688 2558254 
2689 2558255 
2690 2558255 
2691 2558255 
2692 2558255 
2693 2558258 
2694 2558262 
2695 2558262 
2696 2558264 
2697 2558265 
2698 2558265 
2699 2558265 
2700 2558271 
2701 2558271 
2702 2558272 
2703 2558272 
2704 2558273 
2705 2558273 
2706 2558274 
2707 2558274 
2708 2558275 
2709 2558275 
2710 2558275 
2711 2558276 
2712 2558276 
2713 2558276 
2714 2558277 
2715 2558277 
2716 2558277 
2717 2558277 
2718 2558277 
2719 2558278 
2720 2558278 
2721 2558278 
2722 2558282 
2723 2558282 
2724 2558287 
2725 2558288 
2726 2558288 
2727 2558288 
2728 2558290 
2729 2558293 
2730 2558294 
2731 2558294 
2732 2558296 
2733 2558304 
2734 2558307 
2735 2558307 
2736 2558309 
2737 2558314 
2738 2558314 
2739 2558316 
2740 2558317 
2741 2558317 
2742 2558317 
2743 2558318 
2744 2558319 
2745 2558319 
2746 2558320 
2747 2558320 
2748 2558320 
2749 2558321 
2750 2558321 
2751 2558321 
2752 2558322 
2753 2558322 
2754 2558322 
2755 2558323 
2756 2558323 
2757 2558323 
2758 2558324 
2759 2558324 
2760 2558324 
2761 2558324 
2762 2558325 
2763 2558325 
2764 2558326 
2765 2558326 
2766 2558327 
2767 2558327 
2768 2558327 
2769 2558328 
2770 2558328 
2771 2558328 
2772 2558328 
2773 2558328 
2774 2558329 
2775 2558329 
2776 2558329 
2777 2558330 
2778 2558330 
2779 2558331 
2780 2558331 
2781 2558332 
2782 2558332 
2783 2558332 
2784 2558332 
2785 2558333 
2786 2558333 
2787 2558333 
2788 2558333 
2789 2558334 
2790 2558334 
2791 2558334 
2792 2558335 
2793 2558335 
2794 2558335 
2795 2558335 
2796 2558336 
2797 2558336 
2798 2558336 
2799 2558336 
2800 2558337 
2801 2558337 
2802 2558337 
2803 2558338 
2804 2558338 
2805 2558338 
2806 2558339 
2807 2558339 
2808 2558339 
2809 2558340 
2810 2558340 
2811 2558340 
2812 2558341 
2813 2558341 
2814 2558341 
2815 2558342 
2816 2558342 
2817 2558342 
2818 2558343 
2819 2558343 
2820 2558344 
2821 2558346 
2822 2558346 
2823 2558347 
2824 2558347 
2825 2558347 
2826 2558348 
2827 2558348 
2828 2558348 
2829 2558348 
2830 2558350 
2831 2558351 
2832 2558352 
2833 2558352 
2834 2558354 
2835 2558357 
2836 2558358 
2837 2558359 
2838 2558360 
2839 2558363 
2840 2558364 
2841 2558364 
2842 2558364 
2843 2558365 
2844 2558365 
2845 2558365 
2846 2558369 
2847 2558369 
2848 2558370 
2849 2558370 
2850 2558374 
2851 2558381 
2852 2558382 
2853 2558382 
2854 2558382 
2855 2558383 
2856 2558383 
2857 2558384 
2858 2558385 
2859 2558385 
2860 2558386 
2861 2558386 
2862 2558387 
2863 2558387 
2864 2558387 
2865 2558388 
2866 2558388 
2867 2558389 
2868 2558389 
2869 2558390 
2870 2558392 
2871 2558392 
2872 2558393 
2873 2558394 
2874 2558394 
2875 2558395 
2876 2558395 
2877 2558395 
2878 2558396 
2879 2558398 
2880 2558399 
2881 2558399 
2882 2558400 
2883 2558400 
2884 2558400 
2885 2558401 
2886 2558401 
2887 2558401 
2888 2558402 
2889 2558402 
2890 2558403 
2891 2558404 
2892 2558406 
2893 2558408 
2894 2558408 
2895 2558411 
2896 2558411 
2897 2558413 
2898 2558422 
2899 2558425 
2900 2558426 
2901 2558426 
2902 2558426 
2903 2558426 
2904 2558426 
2905 2558427 
2906 2558427 
2907 2558427 
2908 2558428 
2909 2558428 
2910 2558428 
2911 2558429 
2912 2558429 
2913 2558430 
2914 2558430 
2915 2558430 
2916 2558431 
2917 2558431 
2918 2558431 
2919 2558432 
2920 2558432 
2921 2558432 
2922 2558432 
2923 2558433 
2924 2558433 
2925 2558433 
2926 2558433 
2927 2558434 
2928 2558435 
2929 2558435 
2930 2558435 
2931 2558436 
2932 2558436 
2933 2558436 
2934 2558437 
2935 2558437 
2936 2558437 
2937 2558438 
2938 2558439 
2939 2558439 
2940 2558439 
2941 2558440 
2942 2558440 
2943 2558441 
2944 2558441 
2945 2558442 
2946 2558442 
2947 2558442 
2948 2558443 
2949 2558443 
2950 2558443 
2951 2558443 
2952 2558444 
2953 2558444 
2954 2558444 
2955 2558444 
2956 2558445 
2957 2558445 
2958 2558445 
2959 2558445 
2960 2558445 
2961 2558446 
2962 2558446 
2963 2558446 
2964 2558446 
2965 2558447 
2966 2558447 
2967 2558447 
2968 2558447 
2969 2558447 
2970 2558448 
2971 2558448 
2972 2558448 
2973 2558448 
2974 2558449 
2975 2558449 
2976 2558449 
2977 2558449 
2978 2558450 
2979 2558450 
2980 2558450 
2981 2558450 
2982 2558450 
2983 2558450 
2984 2558451 
2985 2558451 
2986 2558451 
2987 2558451 
2988 2558452 
2989 2558452 
2990 2558452 
2991 2558452 
2992 2558452 
2993 2558452 
2994 2558453 
2995 2558453 
2996 2558453 
2997 2558454 
2998 2558454 
2999 2558454 
3000 2558456 
3001 2558458 
3002 2558458 
3003 2558461 
3004 2558469 
3005 2558469 
3006 2558470 
3007 2558470 
3008 2558470 
3009 2558470 
3010 2558470 
3011 2558471 
3012 2558471 
3013 2558472 
3014 2558473 
3015 2558473 
3016 2558474 
3017 2558474 
3018 2558474 
3019 2558475 
3020 2558475 
3021 2558475 
3022 2558476 
3023 2558476 
3024 2558476 
3025 2558476 
3026 2558476 
3027 2558477 
3028 2558477 
3029 2558477 
3030 2558478 
3031 2558478 
3032 2558478 
3033 2558478 
3034 2558479 
3035 2558479 
3036 2558479 
3037 2558480 
3038 2558480 
3039 2558480 
3040 2558480 
3041 2558481 
3042 2558481 
3043 2558481 
3044 2558481 
3045 2558482 
3046 2558482 
3047 2558482 
3048 2558483 
3049 2558483 
3050 2558483 
3051 2558483 
3052 2558484 
3053 2558484 
3054 2558485 
3055 2558485 
3056 2558485 
3057 2558486 
3058 2558486 
3059 2558486 
3060 2558486 
3061 2558487 
3062 2558487 
3063 2558487 
3064 2558487 
3065 2558487 
3066 2558488 
3067 2558488 
3068 2558488 
3069 2558488 
3070 2558489 
3071 2558489 
3072 2558489 
3073 2558490 
3074 2558490 
3075 2558490 
3076 2558491 
3077 2558491 
3078 2558491 
3079 2558491 
3080 2558492 
3081 2558492 
3082 2558492 
3083 2558493 
3084 2558493 
3085 2558493 
3086 2558494 
3087 2558494 
3088 2558494 
3089 2558495 
3090 2558495 
3091 2558495 
3092 2558496 
3093 2558496 
3094 2558496 
3095 2558496 
3096 2558497 
3097 2558497 
3098 2558497 
3099 2558498 
3100 2558498 
3101 2558498 
3102 2558499 
3103 2558499 
3104 2558499 
3105 2558500 
3106 2558500 
3107 2558501 
3108 2558501 
3109 2558501 
3110 2558502 
3111 2558502 
3112 2558502 
3113 2558503 
3114 2558503 
3115 2558503 
3116 2558504 
3117 2558504 
3118 2558504 
3119 2558505 
3120 2558505 
3121 2558505 
3122 2558506 
3123 2558506 
3124 2558506 
3125 2558507 
3126 2558507 
3127 2558507 
3128 2558508 
3129 2558508 
3130 2558508 
3131 2558508 
3132 2558509 
3133 2558509 
3134 2558509 
3135 2558509 
3136 2558510 
3137 2558510 
3138 2558510 
3139 2558510 
3140 2558511 
3141 2558511 
3142 2558511 
3143 2558512 
3144 2558512 
3145 2558513 
3146 2558513 
3147 2558513 
3148 2558514 
3149 2558514 
3150 2558514 
3151 2558515 
3152 2558515 
3153 2558515 
3154 2558515 
3155 2558516 
3156 2558516 
3157 2558516 
3158 2558517 
3159 2558518 
3160 2558518 
3161 2558518 
3162 2558519 
3163 2558519 
3164 2558519 
3165 2558520 
3166 2558520 
3167 2558520 
3168 2558529 
3169 2558529 
3170 2558531 
3171 2558531 
3172 2558532 
3173 2558532 
3174 2558532 
3175 2558532 
3176 2558533 
3177 2558533 
3178 2558536 
3179 2558536 
3180 2558536 
3181 2558537 
3182 2558537 
3183 2558537 
3184 2558538 
3185 2558538 
3186 2558539 
3187 2558539 
3188 2558542 
3189 2558545 
3190 2558545 
3191 2558545 
3192 2558546 
3193 2558550 
3194 2558551 
3195 2558551 
3196 2558551 
3197 2558552 
3198 2558552 
3199 2558552 
3200 2558553 
3201 2558553 
3202 2558553 
3203 2558553 
3204 2558554 
3205 2558554 
3206 2558554 
3207 2558556 
3208 2558556 
3209 2558556 
3210 2558557 
3211 2558557 
3212 2558559 
3213 2558559 
3214 2558560 
3215 2558560 
3216 2558560 
3217 2558561 
3218 2558561 
3219 2558561 
3220 2558562 
3221 2558562 
3222 2558562 
3223 2558563 
3224 2558563 
3225 2558563 
3226 2558563 
3227 2558564 
3228 2558564 
3229 2558564 
3230 2558565 
3231 2558565 
3232 2558565 
3233 2558566 
3234 2558566 
3235 2558566 
3236 2558567 
3237 2558567 
3238 2558567 
3239 2558568 
3240 2558568 
3241 2558568 
3242 2558568 
3243 2558569 
3244 2558569 
3245 2558569 
3246 2558570 
3247 2558570 
3248 2558570 
3249 2558570 
3250 2558571 
3251 2558571 
3252 2558571 
3253 2558572 
3254 2558572 
3255 2558572 
3256 2558573 
3257 2558573 
3258 2558573 
3259 2558573 
3260 2558574 
3261 2558574 
3262 2558574 
3263 2558575 
3264 2558575 
3265 2558575 
3266 2558575 
3267 2558576 
3268 2558576 
3269 2558576 
3270 2558576 
3271 2558577 
3272 2558577 
3273 2558577 
3274 2558577 
3275 2558578 
3276 2558578 
3277 2558578 
3278 2558579 
3279 2558579 
3280 2558579 
3281 2558580 
3282 2558580 
3283 2558580 
3284 2558581 
3285 2558581 
3286 2558581 
3287 2558582 
3288 2558582 
3289 2558582 
3290 2558582 
3291 2558583 
3292 2558583 
3293 2558583 
3294 2558584 
3295 2558584 
3296 2558584 
3297 2558585 
3298 2558585 
3299 2558585 
3300 2558585 
3301 2558586 
3302 2558586 
3303 2558586 
3304 2558587 
3305 2558587 
3306 2558587 
3307 2558588 
3308 2558588 
3309 2558588 
3310 2558589 
3311 2558589 
3312 2558589 
3313 2558589 
3314 2558590 
3315 2558590 
3316 2558590 
3317 2558591 
3318 2558591 
3319 2558591 
3320 2558592 
3321 2558592 
3322 2558592 
3323 2558593 
3324 2558593 
3325 2558593 
3326 2558594 
3327 2558594 
3328 2558594 
3329 2558595 
3330 2558595 
3331 2558595 
3332 2558595 
3333 2558596 
3334 2558596 
3335 2558596 
3336 2558597 
3337 2558598 
3338 2558600 
3339 2558601 
3340 2558601 
3341 2558601 
3342 2558601 
3343 2558602 
3344 2558602 
3345 2558602 
3346 2558603 
3347 2558603 
3348 2558603 
3349 2558604 
3350 2558604 
3351 2558604 
3352 2558605 
3353 2558605 
3354 2558605 
3355 2558606 
3356 2558606 
3357 2558606 
3358 2558607 
3359 2558607 
3360 2558607 
3361 2558608 
3362 2558608 
3363 2558608 
3364 2558609 
3365 2558609 
3366 2558609 
3367 2558609 
3368 2558610 
3369 2558610 
3370 2558610 
3371 2558610 
3372 2558611 
3373 2558611 
3374 2558611 
3375 2558612 
3376 2558612 
3377 2558612 
3378 2558613 
3379 2558613 
3380 2558613 
3381 2558614 
3382 2558614 
3383 2558614 
3384 2558616 
3385 2558618 
3386 2558618 
3387 2558620 
3388 2558620 
3389 2558621 
3390 2558621 
3391 2558621 
3392 2558622 
3393 2558622 
3394 2558622 
3395 2558623 
3396 2558623 
3397 2558633 
3398 2558636 
3399 2558645 
3400 2558645 
3401 2558645 
3402 2558646 
3403 2558646 
3404 2558646 
3405 2558647 
3406 2558647 
3407 2558647 
3408 2558648 
3409 2558648 
3410 2558648 
3411 2558648 
3412 2558649 
3413 2558649 
3414 2558649 
3415 2558649 
3416 2558649 
3417 2558650 
3418 2558650 
3419 2558653 
3420 2558653 
3421 2558654 
3422 2558654 
3423 2558655 
3424 2558655 
3425 2558655 
3426 2558657 
3427 2558667 
3428 2558669 
3429 2558671 
3430 2558671 
3431 2558673 
3432 2558673 
3433 2558674 
3434 2558674 
3435 2558674 
3436 2558675 
3437 2558675 
3438 2558675 
3439 2558676 
3440 2558676 
3441 2558676 
3442 2558677 
3443 2558677 
3444 2558677 
3445 2558678 
3446 2558678 
3447 2558678 
3448 2558679 
3449 2558679 
3450 2558679 
3451 2558680 
3452 2558680 
3453 2558680 
3454 2558681 
3455 2558681 
3456 2558681 
3457 2558682 
3458 2558682 
3459 2558682 
3460 2558683 
3461 2558683 
3462 2558684 
3463 2558684 
3464 2558684 
3465 2558693 
3466 2558694 
3467 2558697 
3468 2558697 
3469 2558699 
3470 2558700 
3471 2558702 
3472 2558702 
3473 2558705 
3474 2558709 
3475 2558716 
3476 2558717 
3477 2558717 
3478 2558718 
3479 2558718 
3480 2558719 
3481 2558721 
3482 2558721 
3483 2558721 
3484 2558722 
3485 2558722 
3486 2558723 
3487 2558723 
3488 2558724 
3489 2558724 
3490 2558725 
3491 2558725 
3492 2558725 
3493 2558726 
3494 2558726 
3495 2558726 
3496 2558727 
3497 2558727 
3498 2558728 
3499 2558730 
3500 2558731 
3501 2558731 
3502 2558731 
3503 2558733 
3504 2558733 
3505 2558734 
3506 2558734 
3507 2558734 
3508 2558735 
3509 2558735 
3510 2558735 
3511 2558736 
3512 2558736 
3513 2558737 
3514 2558738 
3515 2558738 
3516 2558739 
3517 2558745 
3518 2558746 
3519 2558755 
3520 2558755 
3521 2558755 
3522 2558756 
3523 2558756 
3524 2558756 
3525 2558757 
3526 2558757 
3527 2558757 
3528 2558758 
3529 2558758 
3530 2558758 
3531 2558759 
3532 2558759 
3533 2558759 
3534 2558760 
3535 2558760 
3536 2558760 
3537 2558761 
3538 2558761 
3539 2558762 
3540 2558762 
3541 2558762 
3542 2558762 
3543 2558763 
3544 2558763 
3545 2558764 
3546 2558764 
3547 2558764 
3548 2558764 
3549 2558764 
3550 2558765 
3551 2558765 
3552 2558765 
3553 2558766 
3554 2558766 
3555 2558766 
3556 2558766 
3557 2558766 
3558 2558767 
3559 2558767 
3560 2558767 
3561 2558768 
3562 2558768 
3563 2558769 
3564 2558769 
3565 2558769 
3566 2558770 
3567 2558770 
3568 2558770 
3569 2558770 
3570 2558771 
3571 2558771 
3572 2558778 
3573 2558778 
3574 2558780 
3575 2558780 
3576 2558780 
3577 2558781 
3578 2558782 
3579 2558784 
3580 2558784 
3581 2558784 
3582 2558790 
3583 2558791 
3584 2558791 
3585 2558794 
3586 2558801 
3587 2558802 
3588 2558803 
3589 2558803 
3590 2558804 
3591 2558806 
3592 2558807 
3593 2558810 
3594 2558810 
3595 2558811 
3596 2558811 
3597 2558812 
3598 2558812 
3599 2558812 
3600 2558813 
3601 2558813 
3602 2558813 
3603 2558814 
3604 2558814 
3605 2558817 
3606 2558819 
3607 2558819 
3608 2558819 
3609 2558820 
3610 2558820 
3611 2558820 
3612 2558821 
3613 2558821 
3614 2558821 
3615 2558821 
3616 2558822 
3617 2558822 
3618 2558822 
3619 2558822 
3620 2558822 
3621 2558823 
3622 2558823 
3623 2558824 
3624 2558824 
3625 2558824 
3626 2558832 
3627 2558835 
3628 2558837 
3629 2558837 
3630 2558840 
3631 2558840 
3632 2558840 
3633 2558841 
3634 2558842 
3635 2558842 
3636 2558843 
3637 2558843 
3638 2558844 
3639 2558844 
3640 2558844 
3641 2558845 
3642 2558845 
3643 2558845 
3644 2558846 
3645 2558846 
3646 2558846 
3647 2558847 
3648 2558847 
3649 2558847 
3650 2558848 
3651 2558848 
3652 2558848 
3653 2558849 
3654 2558849 
3655 2558849 
3656 2558850 
3657 2558850 
3658 2558851 
3659 2558851 
3660 2558851 
3661 2558852 
3662 2558852 
3663 2558852 
3664 2558853 
3665 2558853 
3666 2558855 
3667 2558855 
3668 2558857 
3669 2558857 
3670 2558868 
3671 2558868 
3672 2558868 
3673 2558869 
3674 2558869 
3675 2558871 
3676 2558872 
3677 2558872 
3678 2558873 
3679 2558873 
3680 2558873 
3681 2558874 
3682 2558874 
3683 2558876 
3684 2558889 
3685 2558892 
3686 2558893 
3687 2558893 
3688 2558894 
3689 2558895 
3690 2558896 
3691 2558896 
3692 2558897 
3693 2558900 
3694 2558901 
3695 2558902 
3696 2558902 
3697 2558902 
3698 2558903 
3699 2558903 
3700 2558903 
3701 2558906 
3702 2558908 
3703 2558908 
3704 2558909 
3705 2558910 
3706 2558910 
3707 2558910 
3708 2558911 
3709 2558911 
3710 2558912 
3711 2558912 
3712 2558913 
3713 2558914 
3714 2558915 
3715 2558915 
3716 2558916 
3717 2558917 
3718 2558917 
3719 2558917 
3720 2558917 
3721 2558918 
3722 2558918 
3723 2558918 
3724 2558919 
3725 2558919 
3726 2558919 
3727 2558920 
3728 2558920 
3729 2558920 
3730 2558921 
3731 2558921 
3732 2558921 
3733 2558922 
3734 2558922 
3735 2558922 
3736 2558923 
3737 2558923 
3738 2558923 
3739 2558923 
3740 2558924 
3741 2558924 
3742 2558924 
3743 2558925 
3744 2558925 
3745 2558925 
3746 2558926 
3747 2558926 
3748 2558926 
3749 2558927 
3750 2558927 
3751 2558927 
3752 2558928 
3753 2558928 
3754 2558928 
3755 2558931 
3756 2558932 
3757 2558932 
3758 2558933 
3759 2558933 
3760 2558934 
3761 2558934 
3762 2558935 
3763 2558935 
3764 2558936 
3765 2558936 
3766 2558936 
3767 2558936 
3768 2558937 
3769 2558937 
3770 2558937 
3771 2558938 
3772 2558938 
3773 2558938 
3774 2558938 
3775 2558939 
3776 2558939 
3777 2558939 
3778 2558939 
3779 2558940 
3780 2558940 
3781 2558940 
3782 2558940 
3783 2558940 
3784 2558941 
3785 2558941 
3786 2558941 
3787 2558941 
3788 2558942 
3789 2558942 
3790 2558942 
3791 2558944 
3792 2558944 
3793 2558944 
3794 2558945 
3795 2558945 
3796 2558945 
3797 2558945 
3798 2558946 
3799 2558948 
3800 2558953 
3801 2558955 
3802 2558955 
3803 2558957 
3804 2558959 
3805 2558960 
3806 2558961 
3807 2558962 
3808 2558962 
3809 2558963 
3810 2558964 
3811 2558964 
3812 2558964 
3813 2558964 
3814 2558965 
3815 2558965 
3816 2558965 
3817 2558966 
3818 2558966 
3819 2558966 
3820 2558967 
3821 2558967 
3822 2558967 
3823 2558968 
3824 2558968 
3825 2558968 
3826 2558968 
3827 2558969 
3828 2558969 
3829 2558969 
3830 2558970 
3831 2558970 
3832 2558970 
3833 2558971 
3834 2558971 
3835 2558971 
3836 2558972 
3837 2558972 
3838 2558972 
3839 2558972 
3840 2558972 
3841 2558973 
3842 2558973 
3843 2558973 
3844 2558973 
3845 2558973 
3846 2558974 
3847 2558974 
3848 2558974 
3849 2558974 
3850 2558975 
3851 2558975 
3852 2558975 
3853 2558975 
3854 2558976 
3855 2558976 
3856 2558976 
3857 2558976 
3858 2558977 
3859 2558977 
3860 2558977 
3861 2558978 
3862 2558978 
3863 2558978 
3864 2558978 
3865 2558978 
3866 2558978 
3867 2558979 
3868 2558979 
3869 2558979 
3870 2558980 
3871 2558980 
3872 2558980 
3873 2558981 
3874 2558981 
3875 2558981 
3876 2558981 
3877 2558982 
3878 2558982 
3879 2558982 
3880 2558982 
3881 2558983 
3882 2558983 
3883 2558985 
3884 2558986 
3885 2558986 
3886 2558987 
3887 2558987 
3888 2558987 
3889 2558988 
3890 2558988 
3891 2558989 
3892 2558989 
3893 2558989 
3894 2558990 
3895 2559006 
3896 2559007 
3897 2559007 
3898 2559008 
3899 2559013 
3900 2559013 
3901 2559014 
3902 2559014 
3903 2559014 
3904 2559015 
3905 2559015 
3906 2559016 
3907 2559016 
3908 2559017 
3909 2559018 
3910 2559019 
3911 2559019 
3912 2559020 
3913 2559023 
3914 2559023 
3915 2559023 
3916 2559024 
3917 2559024 
3918 2559024 
3919 2559027 
3920 2559027 
3921 2559027 
3922 2559027 
3923 2559029 
3924 2559029 
3925 2559041 
3926 2559044 
3927 2559045 
3928 2559045 
3929 2559046 
3930 2559046 
3931 2559047 
3932 2559048 
3933 2559048 
3934 2559048 
3935 2559049 
3936 2559049 
3937 2559049 
3938 2559050 
3939 2559050 
3940 2559051 
3941 2559051 
3942 2559051 
3943 2559052 
3944 2559052 
3945 2559052 
3946 2559052 
3947 2559053 
3948 2559053 
3949 2559053 
3950 2559054 
3951 2559054 
3952 2559054 
3953 2559055 
3954 2559055 
3955 2559055 
3956 2559056 
3957 2559056 
3958 2559056 
3959 2559057 
3960 2559057 
3961 2559058 
3962 2559058 
3963 2559058 
3964 2559058 
3965 2559059 
3966 2559059 
3967 2559059 
3968 2559060 
3969 2559060 
3970 2559060 
3971 2559061 
3972 2559061 
3973 2559061 
3974 2559062 
3975 2559062 
3976 2559062 
3977 2559063 
3978 2559063 
3979 2559063 
3980 2559064 
3981 2559064 
3982 2559064 
3983 2559065 
3984 2559065 
3985 2559065 
3986 2559066 
3987 2559066 
3988 2559066 
3989 2559067 
3990 2559067 
3991 2559067 
3992 2559068 
3993 2559068 
3994 2559068 
3995 2559069 
3996 2559069 
3997 2559069 
3998 2559070 
3999 2559070 
4000 2559070 
4001 2559070 
4002 2559071 
4003 2559071 
4004 2559071 
4005 2559072 
4006 2559072 
4007 2559072 
4008 2559073 
4009 2559073 
4010 2559073 
4011 2559074 
4012 2559074 
4013 2559075 
4014 2559075 
4015 2559075 
4016 2559083 
4017 2559083 
4018 2559086 
4019 2559093 
4020 2559093 
4021 2559095 
4022 2559097 
4023 2559100 
4024 2559106 
4025 2559106 
4026 2559110 
4027 2559111 
4028 2559119 
4029 2559121 
4030 2559121 
4031 2559122 
4032 2559122 
4033 2559123 
4034 2559123 
4035 2559124 
4036 2559125 
4037 2559126 
4038 2559127 
4039 2559127 
4040 2559127 
4041 2559128 
4042 2559128 
4043 2559128 
4044 2559129 
4045 2559129 
4046 2559130 
4047 2559130 
4048 2559130 
4049 2559131 
4050 2559131 
4051 2559132 
4052 2559132 
4053 2559133 
4054 2559133 
4055 2559134 
4056 2559134 
4057 2559134 
4058 2559135 
4059 2559143 
4060 2559147 
4061 2559151 
4062 2559152 
4063 2559152 
4064 2559152 
4065 2559152 
4066 2559153 
4067 2559153 
4068 2559155 
4069 2559155 
4070 2559156 
4071 2559156 
4072 2559156 
4073 2559157 
4074 2559157 
4075 2559158 
4076 2559158 
4077 2559158 
4078 2559159 
4079 2559159 
4080 2559160 
4081 2559160 
4082 2559161 
4083 2559161 
4084 2559161 
4085 2559162 
4086 2559163 
4087 2559163 
4088 2559165 
4089 2559168 
4090 2559169 
4091 2559170 
4092 2559173 
4093 2559173 
4094 2559174 
4095 2559175 
4096 2559177 
4097 2559177 
4098 2559180 
4099 2559181 
4100 2559181 
4101 2559197 
4102 2559198 
4103 2559198 
4104 2559199 
4105 2559199 
4106 2559199 
4107 2559200 
4108 2559200 
4109 2559200 
4110 2559203 
4111 2559253 
4112 2559253 
4113 2559255 
4114 2559255 
4115 2559257 
4116 2559259 
4117 2559259 
4118 2559260 
4119 2559260 
4120 2559260 
4121 2559262 
4122 2559272 
4123 2559275 
4124 2559275 
4125 2559279 
4126 2559279 
4127 2559285 
4128 2559298 
4129 2559299 
4130 2559299 
4131 2559299 
4132 2559300 
4133 2559300 
4134 2559301 
4135 2559301 
4136 2559301 
4137 2559302 
4138 2559302 
4139 2559302 
4140 2559303 
4141 2559303 
4142 2559303 
4143 2559304 
4144 2559304 
4145 2559325 
4146 2559325 
4147 2559326 
4148 2559326 
4149 2559326 
4150 2559327 
4151 2559327 
4152 2559328 
4153 2559328 
4154 2559329 
4155 2559329 
4156 2559330 
4157 2559330 
4158 2559331 
4159 2559331 
4160 2559331 
4161 2559332 
4162 2559344 
4163 2559345 
4164 2559351 
4165 2559353 
4166 2559354 
4167 2559354 
4168 2559354 
4169 2559354 
4170 2559355 
4171 2559355 
4172 2559355 
4173 2559356 
4174 2559356 
4175 2559356 
4176 2559357 
4177 2559357 
4178 2559357 
4179 2559357 
4180 2559358 
4181 2559358 
4182 2559358 
4183 2559359 
4184 2559359 
4185 2559359 
4186 2559360 
4187 2559360 
4188 2559360 
4189 2559361 
4190 2559361 
4191 2559361 
4192 2559362 
4193 2559362 
4194 2559363 
4195 2559363 
4196 2559370 
4197 2559370 
4198 2559371 
4199 2559375 
4200 2559379 
4201 2559379 
4202 2559379 
4203 2559380 
4204 2559380 
4205 2559380 
4206 2559381 
4207 2559381 
4208 2559382 
4209 2559382 
4210 2559383 
4211 2559387 
4212 2559388 
4213 2559389 
4214 2559392 
4215 2559393 
4216 2559393 
4217 2559397 
4218 2559397 
4219 2559397 
4220 2559398 
4221 2559398 
4222 2559399 
4223 2559399 
4224 2559400 
4225 2559400 
4226 2559400 
4227 2559401 
4228 2559401 
4229 2559424 
4230 2559424 
4231 2559424 
4232 2559425 
4233 2559425 
4234 2559425 
4235 2559426 
4236 2559426 
4237 2559426 
4238 2559427 
4239 2559427 
4240 2559427 
4241 2559428 
4242 2559428 
4243 2559430 
4244 2559430 
4245 2559431 
4246 2559433 
4247 2559433 
4248 2559433 
4249 2559434 
4250 2559437 
4251 2559437 
4252 2559438 
4253 2559446 
4254 2559446 
4255 2559448 
4256 2559449 
4257 2559451 
4258 2559451 
4259 2559451 
4260 2559454 
4261 2559454 
4262 2559454 
4263 2559455 
4264 2559455 
4265 2559456 
4266 2559456 
4267 2559457 
4268 2559457 
4269 2559457 
4270 2559458 
4271 2559461 
4272 2559462 
4273 2559462 
4274 2559463 
4275 2559463 
4276 2559464 
4277 2559464 
4278 2559465 
4279 2559465 
4280 2559465 
4281 2559466 
4282 2559466 
4283 2559466 
4284 2559466 
4285 2559467 
4286 2559467 
4287 2559467 
4288 2559468 
4289 2559468 
4290 2559469 
4291 2559469 
4292 2559470 
4293 2559471 
4294 2559471 
4295 2559471 
4296 2559472 
4297 2559472 
4298 2559473 
4299 2559473 
4300 2559473 
4301 2559474 
4302 2559474 
4303 2559500 
4304 2559500 
4305 2559500 
4306 2559501 
4307 2559501 
4308 2559501 
4309 2559502 
4310 2559502 
4311 2559502 
4312 2559502 
4313 2559502 
4314 2559503 
4315 2559503 
4316 2559503 
4317 2559504 
4318 2559504 
4319 2559504 
4320 2559505 
4321 2559505 
4322 2559505 
4323 2559506 
4324 2559506 
4325 2559506 
4326 2559507 
4327 2559507 
4328 2559507 
4329 2559508 
4330 2559508 
4331 2559508 
4332 2559508 
4333 2559511 
4334 2559511 
4335 2559520 
4336 2559520 
4337 2559521 
4338 2559522 
4339 2559522 
4340 2559524 
4341 2559524 
4342 2559524 
4343 2559525 
4344 2559526 
4345 2559527 
4346 2559528 
4347 2559535 
4348 2559536 
4349 2559539 
4350 2559540 
4351 2559540 
4352 2559541 
4353 2559564 
4354 2559565 
4355 2559565 
4356 2559565 
4357 2559569 
4358 2559574 
4359 2559574 
4360 2559575 
4361 2559575 
4362 2559575 
4363 2559575 
4364 2559577 
4365 2559578 
4366 2559580 
4367 2559590 
4368 2559594 
4369 2559596 
4370 2559596 
4371 2559597 
4372 2559597 
4373 2559598 
4374 2559598 
4375 2559598 
4376 2559598 
