593 525 0 593 0 593 0 19 0 0 504 0 178 0 0 206 577 0 593 20 593 0 0 579 0 7 0 593 0 590 24 593 593 0 593 0 0 0 0 0 0 200 528 0 0 0 2 593 0 0 17 0 593 0 411 0 587 0 0
525 593 40 525 1 525 40 20 2 40 436 40 110 1 40 138 509 0 525 21 525 40 40 511 40 20 1 525 40 522 16 525 525 40 525 40 40 40 2 2 40 202 460 40 40 40 42 525 40 40 57 40 525 40 451 40 525 40 40
0 40 593 0 0 0 593 24 0 593 89 511 415 414 593 387 0 0 0 0 0 593 593 0 593 573 0 0 593 0 569 0 0 593 0 593 593 593 57 0 593 34 0 593 593 593 591 0 593 593 383 593 0 593 172 593 0 593 593
593 525 0 593 0 593 0 19 0 0 504 0 178 0 0 206 577 0 593 20 593 0 0 579 0 7 0 593 0 590 24 593 593 0 593 0 0 0 0 0 0 200 528 0 0 0 2 593 0 0 17 0 593 0 411 0 587 0 0
0 1 0 0 593 0 0 294 0 0 0 1 0 179 0 0 1 0 0 239 0 0 0 8 0 7 593 0 0 0 0 0 0 0 0 0 0 0 0 0 0 41 8 0 0 0 0 0 0 0 4 0 0 0 0 0 2 0 0
593 525 0 593 0 593 0 19 0 0 504 0 178 0 0 206 577 0 593 20 593 0 0 579 0 7 0 593 0 590 24 593 593 0 593 0 0 0 0 0 0 200 528 0 0 0 2 593 0 0 17 0 593 0 411 0 587 0 0
0 40 593 0 0 0 593 24 0 593 89 511 415 414 593 387 0 0 0 0 0 593 593 0 593 573 0 0 593 0 569 0 0 593 0 593 593 593 57 0 593 34 0 593 593 593 591 0 593 593 383 593 0 593 172 593 0 593 593
19 20 24 19 294 19 24 593 43 24 19 24 24 114 24 24 19 0 19 155 19 24 24 20 24 31 294 19 24 20 24 19 19 24 19 24 24 24 7 7 24 47 25 24 24 24 24 19 24 24 6 24 19 24 19 24 21 24 24
0 2 0 0 0 0 0 43 593 0 0 3 0 0 0 0 3 0 0 7 0 0 0 0 0 2 0 0 0 1 0 0 0 0 0 0 0 0 0 0 0 27 14 0 0 0 0 0 0 0 2 0 0 0 0 0 0 0 0
0 40 593 0 0 0 593 24 0 593 89 511 415 414 593 387 0 0 0 0 0 593 593 0 593 573 0 0 593 0 569 0 0 593 0 593 593 593 57 0 593 34 0 593 593 593 591 0 593 593 383 593 0 593 172 593 0 593 593
504 436 89 504 0 504 89 19 0 89 593 7 267 89 89 295 504 0 504 20 504 89 89 490 89 96 0 504 89 504 113 504 504 89 504 89 89 89 57 0 89 200 439 89 89 89 87 504 89 89 55 89 504 89 322 89 498 89 89
0 40 511 0 1 0 511 24 3 511 7 593 333 332 511 305 3 0 0 1 0 511 511 0 511 491 1 0 511 0 487 0 0 511 0 511 511 511 0 0 511 39 0 511 511 511 511 0 511 511 357 511 0 511 172 511 0 511 511
178 110 415 178 0 178 415 24 0 415 267 333 593 414 415 565 178 0 178 0 178 415 415 178 415 422 0 178 415 178 439 178 178 415 178 415 415 415 57 0 415 112 178 415 415 415 413 178 415 415 205 415 178 415 6 415 172 415 415
0 1 414 0 179 0 414 114 0 414 89 332 414 593 414 387 0 0 0 6 0 414 414 0 414 421 179 0 414 0 414 0 0 414 0 414 414 414 57 0 414 4 0 414 414 414 412 0 414 414 204 414 0 414 0 414 2 414 414
0 40 593 0 0 0 593 24 0 593 89 511 415 414 593 387 0 0 0 0 0 593 593 0 593 573 0 0 593 0 569 0 0 593 0 593 593 593 57 0 593 34 0 593 593 593 591 0 593 593 383 593 0 593 172 593 0 593 593
206 138 387 206 0 206 387 24 0 387 295 305 565 387 387 593 206 0 206 0 206 387 387 206 387 394 0 206 387 206 411 206 206 387 206 387 387 387 57 0 387 140 206 387 387 387 385 206 387 387 177 387 206 387 24 387 200 387 387
577 509 0 577 1 577 0 19 3 0 504 3 178 0 0 206 593 0 577 20 577 0 0 563 0 7 1 577 0 577 24 577 577 0 577 0 0 0 0 0 0 200 512 0 0 0 0 577 0 0 17 0 577 0 395 0 571 0 0
0 0 0 0 0 0 0 0 0 0 0 0 0 0 0 0 0 593 0 0 0 0 0 2 0 0 0 0 0 0 0 0 0 0 0 0 0 0 0 0 0 28 0 0 0 0 0 0 0 0 0 0 0 0 10 0 0 0 0
593 525 0 593 0 593 0 19 0 0 504 0 178 0 0 206 577 0 593 20 593 0 0 579 0 7 0 593 0 590 24 593 593 0 593 0 0 0 0 0 0 200 528 0 0 0 2 593 0 0 17 0 593 0 411 0 587 0 0
20 21 0 20 239 20 0 155 7 0 20 1 0 6 0 0 20 0 20 593 20 0 0 20 0 0 239 20 0 20 0 20 20 0 20 0 0 0 0 0 0 71 28 0 0 0 0 20 0 0 2 0 20 0 20 0 20 0 0
593 525 0 593 0 593 0 19 0 0 504 0 178 0 0 206 577 0 593 20 593 0 0 579 0 7 0 593 0 590 24 593 593 0 593 0 0 0 0 0 0 200 528 0 0 0 2 593 0 0 17 0 593 0 411 0 587 0 0
0 40 593 0 0 0 593 24 0 593 89 511 415 414 593 387 0 0 0 0 0 593 593 0 593 573 0 0 593 0 569 0 0 593 0 593 593 593 57 0 593 34 0 593 593 593 591 0 593 593 383 593 0 593 172 593 0 593 593
0 40 593 0 0 0 593 24 0 593 89 511 415 414 593 387 0 0 0 0 0 593 593 0 593 573 0 0 593 0 569 0 0 593 0 593 593 593 57 0 593 34 0 593 593 593 591 0 593 593 383 593 0 593 172 593 0 593 593
579 511 0 579 8 579 0 20 0 0 490 0 178 0 0 206 563 2 579 20 579 0 0 593 0 7 8 579 0 576 24 579 579 0 579 0 0 0 0 0 0 200 514 0 0 0 2 579 0 0 17 0 579 0 397 0 573 0 0
0 40 593 0 0 0 593 24 0 593 89 511 415 414 593 387 0 0 0 0 0 593 593 0 593 573 0 0 593 0 569 0 0 593 0 593 593 593 57 0 593 34 0 593 593 593 591 0 593 593 383 593 0 593 172 593 0 593 593
7 20 573 7 7 7 573 31 2 573 96 491 422 421 573 394 7 0 7 0 7 573 573 7 573 593 7 7 573 7 576 7 7 573 7 573 573 573 59 2 573 34 7 573 573 573 571 7 573 573 363 573 7 573 152 573 7 573 573
0 1 0 0 593 0 0 294 0 0 0 1 0 179 0 0 1 0 0 239 0 0 0 8 0 7 593 0 0 0 0 0 0 0 0 0 0 0 0 0 0 41 8 0 0 0 0 0 0 0 4 0 0 0 0 0 2 0 0
593 525 0 593 0 593 0 19 0 0 504 0 178 0 0 206 577 0 593 20 593 0 0 579 0 7 0 593 0 590 24 593 593 0 593 0 0 0 0 0 0 200 528 0 0 0 2 593 0 0 17 0 593 0 411 0 587 0 0
0 40 593 0 0 0 593 24 0 593 89 511 415 414 593 387 0 0 0 0 0 593 593 0 593 573 0 0 593 0 569 0 0 593 0 593 593 593 57 0 593 34 0 593 593 593 591 0 593 593 383 593 0 593 172 593 0 593 593
590 522 0 590 0 590 0 20 1 0 504 0 178 0 0 206 577 0 590 20 590 0 0 576 0 7 0 590 0 593 24 590 590 0 590 0 0 0 0 1 0 200 525 0 0 0 2 590 0 0 17 0 590 0 408 0 584 0 0
24 16 569 24 0 24 569 24 0 569 113 487 439 414 569 411 24 0 24 0 24 569 569 24 569 576 0 24 569 24 593 24 24 569 24 569 569 569 57 0 569 34 24 569 569 569 567 24 569 569 359 569 24 569 148 569 24 569 569
593 525 0 593 0 593 0 19 0 0 504 0 178 0 0 206 577 0 593 20 593 0 0 579 0 7 0 593 0 590 24 593 593 0 593 0 0 0 0 0 0 200 528 0 0 0 2 593 0 0 17 0 593 0 411 0 587 0 0
593 525 0 593 0 593 0 19 0 0 504 0 178 0 0 206 577 0 593 20 593 0 0 579 0 7 0 593 0 590 24 593 593 0 593 0 0 0 0 0 0 200 528 0 0 0 2 593 0 0 17 0 593 0 411 0 587 0 0
0 40 593 0 0 0 593 24 0 593 89 511 415 414 593 387 0 0 0 0 0 593 593 0 593 573 0 0 593 0 569 0 0 593 0 593 593 593 57 0 593 34 0 593 593 593 591 0 593 593 383 593 0 593 172 593 0 593 593
593 525 0 593 0 593 0 19 0 0 504 0 178 0 0 206 577 0 593 20 593 0 0 579 0 7 0 593 0 590 24 593 593 0 593 0 0 0 0 0 0 200 528 0 0 0 2 593 0 0 17 0 593 0 411 0 587 0 0
0 40 593 0 0 0 593 24 0 593 89 511 415 414 593 387 0 0 0 0 0 593 593 0 593 573 0 0 593 0 569 0 0 593 0 593 593 593 57 0 593 34 0 593 593 593 591 0 593 593 383 593 0 593 172 593 0 593 593
0 40 593 0 0 0 593 24 0 593 89 511 415 414 593 387 0 0 0 0 0 593 593 0 593 573 0 0 593 0 569 0 0 593 0 593 593 593 57 0 593 34 0 593 593 593 591 0 593 593 383 593 0 593 172 593 0 593 593
0 40 593 0 0 0 593 24 0 593 89 511 415 414 593 387 0 0 0 0 0 593 593 0 593 573 0 0 593 0 569 0 0 593 0 593 593 593 57 0 593 34 0 593 593 593 591 0 593 593 383 593 0 593 172 593 0 593 593
0 2 57 0 0 0 57 7 0 57 57 0 57 57 57 57 0 0 0 0 0 57 57 0 57 59 0 0 57 0 57 0 0 57 0 57 57 57 593 536 57 108 7 57 57 57 55 0 57 57 40 57 0 57 0 57 0 57 57
0 2 0 0 0 0 0 7 0 0 0 0 0 0 0 0 0 0 0 0 0 0 0 0 0 2 0 0 0 1 0 0 0 0 0 0 0 0 536 593 0 108 7 0 0 0 0 0 0 0 5 0 0 0 0 0 0 0 0
0 40 593 0 0 0 593 24 0 593 89 511 415 414 593 387 0 0 0 0 0 593 593 0 593 573 0 0 593 0 569 0 0 593 0 593 593 593 57 0 593 34 0 593 593 593 591 0 593 593 383 593 0 593 172 593 0 593 593
200 202 34 200 41 200 34 47 27 34 200 39 112 4 34 140 200 28 200 71 200 34 34 200 34 34 41 200 34 200 34 200 200 34 200 34 34 34 108 108 34 593 182 34 34 34 34 200 34 34 36 34 200 34 118 34 198 34 34
528 460 0 528 8 528 0 25 14 0 439 0 178 0 0 206 512 0 528 28 528 0 0 514 0 7 8 528 0 525 24 528 528 0 528 0 0 0 7 7 0 182 593 0 0 0 2 528 0 0 11 0 528 0 346 0 522 0 0
0 40 593 0 0 0 593 24 0 593 89 511 415 414 593 387 0 0 0 0 0 593 593 0 593 573 0 0 593 0 569 0 0 593 0 593 593 593 57 0 593 34 0 593 593 593 591 0 593 593 383 593 0 593 172 593 0 593 593
0 40 593 0 0 0 593 24 0 593 89 511 415 414 593 387 0 0 0 0 0 593 593 0 593 573 0 0 593 0 569 0 0 593 0 593 593 593 57 0 593 34 0 593 593 593 591 0 593 593 383 593 0 593 172 593 0 593 593
0 40 593 0 0 0 593 24 0 593 89 511 415 414 593 387 0 0 0 0 0 593 593 0 593 573 0 0 593 0 569 0 0 593 0 593 593 593 57 0 593 34 0 593 593 593 591 0 593 593 383 593 0 593 172 593 0 593 593
2 42 591 2 0 2 591 24 0 591 87 511 413 412 591 385 0 0 2 0 2 591 591 2 591 571 0 2 591 2 567 2 2 591 2 591 591 591 55 0 591 34 2 591 591 591 593 2 591 591 381 591 2 591 174 591 2 591 591
593 525 0 593 0 593 0 19 0 0 504 0 178 0 0 206 577 0 593 20 593 0 0 579 0 7 0 593 0 590 24 593 593 0 593 0 0 0 0 0 0 200 528 0 0 0 2 593 0 0 17 0 593 0 411 0 587 0 0
0 40 593 0 0 0 593 24 0 593 89 511 415 414 593 387 0 0 0 0 0 593 593 0 593 573 0 0 593 0 569 0 0 593 0 593 593 593 57 0 593 34 0 593 593 593 591 0 593 593 383 593 0 593 172 593 0 593 593
0 40 593 0 0 0 593 24 0 593 89 511 415 414 593 387 0 0 0 0 0 593 593 0 593 573 0 0 593 0 569 0 0 593 0 593 593 593 57 0 593 34 0 593 593 593 591 0 593 593 383 593 0 593 172 593 0 593 593
17 57 383 17 4 17 383 6 2 383 55 357 205 204 383 177 17 0 17 2 17 383 383 17 383 363 4 17 383 17 359 17 17 383 17 383 383 383 40 5 383 36 11 383 383 383 381 17 383 383 593 383 17 383 189 383 17 383 383
0 40 593 0 0 0 593 24 0 593 89 511 415 414 593 387 0 0 0 0 0 593 593 0 593 573 0 0 593 0 569 0 0 593 0 593 593 593 57 0 593 34 0 593 593 593 591 0 593 593 383 593 0 593 172 593 0 593 593
593 525 0 593 0 593 0 19 0 0 504 0 178 0 0 206 577 0 593 20 593 0 0 579 0 7 0 593 0 590 24 593 593 0 593 0 0 0 0 0 0 200 528 0 0 0 2 593 0 0 17 0 593 0 411 0 587 0 0
0 40 593 0 0 0 593 24 0 593 89 511 415 414 593 387 0 0 0 0 0 593 593 0 593 573 0 0 593 0 569 0 0 593 0 593 593 593 57 0 593 34 0 593 593 593 591 0 593 593 383 593 0 593 172 593 0 593 593
411 451 172 411 0 411 172 19 0 172 322 172 6 0 172 24 395 10 411 20 411 172 172 397 172 152 0 411 172 408 148 411 411 172 411 172 172 172 0 0 172 118 346 172 172 172 174 411 172 172 189 172 411 172 593 172 411 172 172
0 40 593 0 0 0 593 24 0 593 89 511 415 414 593 387 0 0 0 0 0 593 593 0 593 573 0 0 593 0 569 0 0 593 0 593 593 593 57 0 593 34 0 593 593 593 591 0 593 593 383 593 0 593 172 593 0 593 593
587 525 0 587 2 587 0 21 0 0 498 0 172 2 0 200 571 0 587 20 587 0 0 573 0 7 2 587 0 584 24 587 587 0 587 0 0 0 0 0 0 198 522 0 0 0 2 587 0 0 17 0 587 0 411 0 593 0 0
0 40 593 0 0 0 593 24 0 593 89 511 415 414 593 387 0 0 0 0 0 593 593 0 593 573 0 0 593 0 569 0 0 593 0 593 593 593 57 0 593 34 0 593 593 593 591 0 593 593 383 593 0 593 172 593 0 593 593
0 40 593 0 0 0 593 24 0 593 89 511 415 414 593 387 0 0 0 0 0 593 593 0 593 573 0 0 593 0 569 0 0 593 0 593 593 593 57 0 593 34 0 593 593 593 591 0 593 593 383 593 0 593 172 593 0 593 593
