1 2772014 
2 2772021 
3 2772021 
4 2772021 
5 2772028 
6 2772030 
7 2772050 
8 2772060 
9 2772063 
10 2772071 
11 2772071 
12 2772072 
13 2772083 
14 2772092 
15 2772129 
16 2772137 
17 2772141 
18 2772144 
19 2772191 
20 2772350 
21 2772563 
22 2772601 
23 2772608 
24 2772686 
25 2772687 
26 2772705 
27 2772705 
28 2772706 
29 2772706 
30 2772707 
31 2772707 
32 2772707 
33 2772712 
34 2772735 
35 2772741 
36 2772755 
37 2772755 
38 2772756 
39 2772766 
40 2772776 
41 2772777 
42 2772778 
43 2772778 
44 2772778 
45 2772779 
46 2772779 
47 2772779 
48 2772780 
49 2772780 
50 2772781 
51 2772781 
52 2772781 
53 2772787 
54 2772793 
55 2772793 
56 2772793 
57 2772794 
58 2772794 
59 2772795 
60 2772795 
61 2772795 
62 2772796 
63 2772796 
64 2772797 
65 2772797 
66 2772798 
67 2772799 
68 2772803 
69 2772803 
70 2772804 
71 2772804 
72 2772804 
73 2772804 
74 2772805 
75 2772806 
76 2772807 
77 2772813 
78 2772817 
79 2772819 
80 2772824 
81 2772836 
82 2772840 
83 2772844 
84 2772851 
85 2772852 
86 2772852 
87 2772857 
88 2772858 
89 2772861 
90 2772862 
91 2772863 
92 2772882 
93 2772883 
94 2772885 
95 2772888 
96 2772892 
97 2772893 
98 2772895 
99 2772897 
100 2772900 
101 2772905 
102 2772908 
103 2772911 
104 2772915 
105 2772915 
106 2772918 
107 2772922 
108 2772923 
109 2772939 
110 2772945 
111 2772945 
112 2772949 
113 2772957 
114 2772957 
115 2772957 
116 2772958 
117 2772958 
118 2772958 
119 2772976 
120 2772996 
121 2773000 
122 2773001 
123 2773005 
124 2773012 
125 2773015 
126 2773017 
127 2773018 
128 2773021 
129 2773024 
130 2773031 
131 2773035 
132 2773036 
133 2773039 
134 2773040 
135 2773041 
136 2773106 
137 2773107 
138 2773107 
139 2773107 
140 2773108 
141 2773108 
142 2773110 
143 2773111 
144 2773112 
145 2773113 
146 2773115 
147 2773115 
148 2773116 
149 2773118 
150 2773292 
151 2773294 
152 2773298 
153 2773300 
154 2773304 
155 2773313 
156 2773318 
157 2773329 
158 2773332 
159 2773335 
160 2773336 
161 2773336 
162 2773337 
163 2773337 
164 2773337 
165 2773338 
166 2773338 
167 2773338 
168 2773340 
169 2773340 
170 2773341 
171 2773341 
172 2773342 
173 2773342 
174 2773342 
175 2773343 
176 2773343 
177 2773344 
178 2773344 
179 2773346 
180 2773347 
181 2773347 
182 2773347 
183 2773348 
184 2773348 
185 2773361 
186 2773363 
187 2773366 
188 2773372 
189 2773376 
190 2773399 
191 2773399 
192 2773403 
193 2773535 
194 2773536 
195 2773536 
196 2773536 
197 2773538 
198 2773708 
199 2773745 
200 2773747 
201 2773750 
202 2773751 
203 2773755 
204 2773756 
205 2773764 
206 2773769 
207 2773771 
208 2773773 
209 2773775 
210 2773783 
211 2773793 
212 2773793 
213 2773794 
214 2773805 
215 2773807 
216 2773808 
217 2773808 
218 2773809 
219 2773809 
220 2773810 
221 2773814 
222 2773817 
223 2773817 
224 2773817 
225 2773817 
226 2773818 
227 2773818 
228 2773818 
229 2773819 
230 2773819 
231 2773820 
232 2773820 
233 2773820 
234 2773821 
235 2773821 
236 2773822 
237 2773822 
238 2773822 
239 2773822 
240 2773823 
241 2773823 
242 2773824 
243 2773824 
244 2773824 
245 2773825 
246 2773825 
247 2773825 
248 2773826 
249 2773826 
250 2773826 
251 2773827 
252 2773827 
253 2773827 
254 2773828 
255 2773828 
256 2773828 
257 2773829 
258 2773829 
259 2773829 
260 2773830 
261 2773830 
262 2773830 
263 2773831 
264 2773831 
265 2773831 
266 2773831 
267 2773832 
268 2773832 
269 2773833 
270 2773833 
271 2773833 
272 2773834 
273 2773834 
274 2773834 
275 2773835 
276 2773835 
277 2773835 
278 2773836 
279 2773836 
280 2773836 
281 2773837 
282 2773837 
283 2773837 
284 2773838 
285 2773838 
286 2773838 
287 2773839 
288 2773839 
289 2773839 
290 2773911 
291 2773911 
292 2773919 
293 2773919 
294 2773920 
295 2773920 
296 2773920 
297 2773921 
298 2773921 
299 2773922 
300 2773922 
301 2773922 
302 2773923 
303 2773923 
304 2773923 
305 2773924 
306 2773924 
307 2773924 
308 2773925 
309 2773925 
310 2773925 
311 2773926 
312 2773926 
313 2773926 
314 2773927 
315 2773927 
316 2773927 
317 2773928 
318 2773928 
319 2773928 
320 2773929 
321 2773929 
322 2773930 
323 2773930 
324 2773930 
325 2773931 
326 2773934 
327 2773943 
328 2773943 
329 2773944 
330 2773944 
331 2773945 
332 2773945 
333 2773946 
334 2773946 
335 2773946 
336 2773947 
337 2773948 
338 2773952 
339 2773980 
340 2773984 
341 2774009 
342 2774072 
343 2774076 
344 2774077 
345 2774083 
346 2774084 
347 2774084 
348 2774098 
349 2774098 
350 2774109 
351 2774110 
352 2774111 
353 2774112 
354 2774112 
355 2774127 
356 2774130 
357 2774147 
358 2774149 
359 2774149 
360 2774152 
361 2774155 
362 2774161 
363 2774163 
364 2774165 
365 2774173 
366 2774199 
367 2774205 
368 2774209 
369 2774262 
370 2774294 
371 2774294 
372 2774331 
373 2774344 
374 2774345 
375 2774345 
376 2774372 
377 2774374 
378 2774382 
379 2774394 
380 2774395 
381 2774395 
382 2774408 
383 2774415 
384 2774417 
385 2774417 
386 2774420 
387 2774420 
388 2774429 
389 2774433 
390 2774434 
391 2774438 
392 2774454 
393 2774460 
394 2774460 
395 2774470 
396 2774471 
397 2774471 
398 2774472 
399 2774472 
400 2774472 
401 2774473 
402 2774473 
403 2774476 
404 2774499 
405 2774522 
406 2774566 
407 2774579 
408 2774589 
409 2774589 
410 2774589 
411 2774594 
412 2774595 
413 2774595 
414 2774632 
415 2774633 
416 2774633 
417 2774634 
418 2774634 
419 2774634 
420 2774634 
421 2774635 
422 2774635 
423 2774635 
424 2774636 
425 2774636 
426 2774637 
427 2774637 
428 2774637 
429 2774638 
430 2774638 
431 2774645 
432 2774662 
433 2774662 
434 2774662 
435 2774663 
436 2774663 
437 2774663 
438 2774664 
439 2774664 
440 2774665 
441 2774667 
442 2774667 
443 2774673 
444 2774674 
445 2774674 
446 2774676 
447 2774676 
448 2774677 
449 2774679 
450 2774681 
451 2774687 
452 2774690 
453 2774692 
454 2774696 
455 2774702 
456 2774705 
457 2774705 
458 2774709 
459 2774710 
460 2774712 
461 2774713 
462 2774714 
463 2774718 
464 2774718 
465 2774720 
466 2774725 
467 2774728 
468 2774741 
469 2774742 
470 2774744 
471 2774744 
472 2774747 
473 2774751 
474 2774753 
475 2774759 
476 2774763 
477 2774766 
478 2774770 
479 2774775 
480 2774776 
481 2774783 
482 2774791 
483 2774795 
484 2774820 
485 2774824 
486 2774826 
487 2774828 
488 2774842 
489 2774843 
490 2774844 
491 2774844 
492 2774845 
493 2774845 
494 2774851 
495 2774852 
496 2774949 
497 2774950 
498 2774955 
499 2774962 
500 2774963 
501 2774966 
502 2774967 
503 2774969 
504 2774992 
505 2774993 
506 2774995 
507 2775000 
508 2775004 
509 2775070 
510 2775071 
511 2775075 
512 2775078 
513 2775082 
514 2775089 
515 2775089 
516 2775113 
517 2775113 
518 2775120 
519 2775120 
520 2775126 
521 2775128 
522 2775130 
523 2775131 
524 2775155 
525 2775155 
526 2775222 
527 2775248 
528 2775248 
529 2775250 
530 2775250 
531 2775250 
532 2775251 
533 2775251 
534 2775251 
535 2775252 
536 2775252 
537 2775252 
538 2775253 
539 2775253 
540 2775254 
541 2775254 
542 2775259 
543 2775260 
544 2775260 
545 2775269 
546 2775270 
547 2775270 
548 2775270 
549 2775271 
550 2775271 
551 2775271 
552 2775272 
553 2775272 
554 2775272 
555 2775273 
556 2775273 
557 2775273 
558 2775274 
559 2775274 
560 2775274 
561 2775275 
562 2775275 
563 2775276 
564 2775276 
565 2775276 
566 2775277 
567 2775277 
568 2775277 
569 2775277 
570 2775278 
571 2775278 
572 2775278 
573 2775279 
574 2775279 
575 2775280 
576 2775280 
577 2775280 
578 2775285 
579 2775296 
580 2775305 
581 2775308 
582 2775310 
583 2775314 
584 2775318 
585 2775338 
586 2775342 
587 2775343 
588 2775347 
589 2775348 
590 2775348 
591 2775349 
592 2775351 
593 2775353 
594 2775358 
595 2775358 
596 2775358 
597 2775358 
598 2775359 
599 2775360 
600 2775361 
601 2775361 
602 2775361 
603 2775362 
604 2775362 
605 2775362 
606 2775363 
607 2775363 
608 2775364 
609 2775365 
610 2775365 
611 2775366 
612 2775370 
613 2775370 
614 2775370 
615 2775371 
616 2775371 
617 2775371 
618 2775372 
619 2775372 
620 2775372 
621 2775373 
622 2775373 
623 2775373 
624 2775374 
625 2775374 
626 2775375 
627 2775385 
628 2775386 
629 2775392 
630 2775396 
631 2775396 
632 2775396 
633 2775397 
634 2775398 
635 2775398 
636 2775398 
637 2775399 
638 2775399 
639 2775450 
640 2775450 
641 2775451 
642 2775451 
643 2775478 
644 2775478 
645 2775478 
646 2775479 
647 2775487 
648 2775489 
649 2775495 
650 2775497 
651 2775497 
652 2775498 
653 2775498 
654 2775499 
655 2775499 
656 2775499 
657 2775499 
658 2775500 
659 2775502 
660 2775506 
661 2775531 
662 2775534 
663 2775549 
664 2775562 
665 2775563 
666 2775564 
667 2775564 
668 2775579 
669 2775580 
670 2775580 
671 2775580 
672 2775581 
673 2775585 
674 2775585 
675 2775591 
676 2775591 
677 2775591 
678 2775599 
679 2775599 
