1 2408454 
2 2408454 
3 2408457 
4 2408457 
5 2408458 
6 2408460 
7 2408469 
8 2408470 
9 2408470 
10 2408474 
11 2408480 
12 2408481 
13 2408484 
14 2408485 
15 2408485 
16 2408487 
17 2408488 
18 2408495 
19 2408496 
20 2408496 
21 2408496 
22 2408497 
23 2408497 
24 2408498 
25 2408498 
26 2408514 
27 2408517 
28 2408523 
29 2408523 
30 2408530 
31 2408536 
32 2408536 
33 2408540 
34 2408541 
35 2408542 
36 2408542 
37 2408543 
38 2408543 
39 2408543 
40 2408544 
41 2408544 
42 2408544 
43 2408545 
44 2408545 
45 2408546 
46 2408546 
47 2408546 
48 2408547 
49 2408547 
50 2408547 
51 2408548 
52 2408548 
53 2408548 
54 2408549 
55 2408549 
56 2408553 
57 2408553 
58 2408554 
59 2408554 
60 2408555 
61 2408555 
62 2408555 
63 2408556 
64 2408556 
65 2408556 
66 2408557 
67 2408557 
68 2408557 
69 2408558 
70 2408558 
71 2408558 
72 2408559 
73 2408559 
74 2408560 
75 2408561 
76 2408561 
77 2408561 
78 2408562 
79 2408562 
80 2408562 
81 2408562 
82 2408563 
83 2408563 
84 2408565 
85 2408565 
86 2408565 
87 2408565 
88 2408566 
89 2408566 
90 2408566 
91 2408567 
92 2408567 
93 2408567 
94 2408568 
95 2408568 
96 2408568 
97 2408568 
98 2408569 
99 2408570 
100 2408571 
101 2408571 
102 2408571 
103 2408572 
104 2408572 
105 2408572 
106 2408574 
107 2408575 
108 2408575 
109 2408576 
110 2408579 
111 2408582 
112 2408582 
113 2408585 
114 2408589 
115 2408593 
116 2408594 
117 2408594 
118 2408594 
119 2408595 
120 2408595 
121 2408596 
122 2408599 
123 2408605 
124 2408613 
125 2408614 
126 2408620 
127 2408621 
128 2408621 
129 2408621 
130 2408637 
131 2408651 
132 2408652 
133 2408659 
134 2408672 
135 2408675 
136 2408678 
137 2408678 
138 2408678 
139 2408683 
140 2408690 
141 2408695 
142 2408721 
143 2408723 
144 2408749 
145 2408767 
146 2408769 
147 2408769 
148 2408769 
149 2408770 
150 2408770 
151 2408770 
152 2408770 
153 2408771 
154 2408775 
155 2408779 
156 2408779 
157 2408780 
158 2408780 
159 2408780 
160 2408781 
161 2408781 
162 2408782 
163 2408782 
164 2408783 
165 2408784 
166 2408785 
167 2408788 
168 2408788 
169 2408788 
170 2408789 
171 2408792 
172 2408792 
173 2408793 
174 2408794 
175 2408794 
176 2408794 
177 2408795 
178 2408795 
179 2408796 
180 2408796 
181 2408798 
182 2408799 
183 2408799 
184 2408800 
185 2408800 
186 2408800 
187 2408811 
188 2408825 
189 2408836 
190 2408842 
191 2408843 
192 2408843 
193 2408844 
194 2408853 
195 2408853 
196 2408857 
197 2408866 
198 2408867 
199 2408867 
200 2408867 
201 2408868 
202 2408868 
203 2408868 
204 2408869 
205 2408869 
206 2408869 
207 2408870 
208 2408870 
209 2408870 
210 2408870 
211 2408879 
212 2408879 
213 2408883 
214 2408886 
215 2408887 
216 2408887 
217 2408887 
218 2408888 
219 2408888 
220 2408888 
221 2408888 
222 2408889 
223 2408889 
224 2408889 
225 2408890 
226 2408890 
227 2408890 
228 2408890 
229 2408891 
230 2408894 
231 2408895 
232 2408900 
233 2408906 
234 2408906 
235 2408910 
236 2408910 
237 2408911 
238 2408911 
239 2408911 
240 2408912 
241 2408912 
242 2408912 
243 2408913 
244 2408913 
245 2408913 
246 2408914 
247 2408918 
248 2408933 
249 2408935 
250 2408941 
251 2408941 
252 2408942 
253 2408942 
254 2408942 
255 2408943 
256 2408943 
257 2408943 
258 2408944 
259 2408944 
260 2408944 
261 2408945 
262 2408945 
263 2408946 
264 2408948 
265 2408948 
266 2408949 
267 2408949 
268 2408949 
269 2408951 
270 2408961 
271 2408967 
272 2408968 
273 2408968 
274 2408969 
275 2408970 
276 2408971 
277 2408973 
278 2408973 
279 2409000 
280 2409016 
281 2409016 
282 2409017 
283 2409019 
284 2409019 
285 2409021 
286 2409025 
287 2409025 
288 2409039 
289 2409041 
290 2409042 
291 2409048 
292 2409048 
293 2409049 
294 2409049 
295 2409049 
296 2409050 
297 2409050 
298 2409050 
299 2409051 
300 2409051 
301 2409051 
302 2409052 
303 2409052 
304 2409052 
305 2409053 
306 2409062 
307 2409063 
308 2409063 
309 2409063 
310 2409064 
311 2409064 
312 2409064 
313 2409065 
314 2409065 
315 2409065 
316 2409066 
317 2409068 
318 2409068 
319 2409069 
320 2409069 
321 2409070 
322 2409070 
323 2409070 
324 2409071 
325 2409071 
326 2409071 
327 2409072 
328 2409072 
329 2409074 
330 2409077 
331 2409087 
332 2409088 
333 2409088 
334 2409088 
335 2409089 
336 2409093 
337 2409096 
338 2409097 
339 2409097 
340 2409097 
341 2409098 
342 2409098 
343 2409108 
344 2409109 
345 2409109 
346 2409109 
347 2409110 
348 2409110 
349 2409148 
350 2409153 
351 2409154 
352 2409154 
353 2409155 
354 2409155 
355 2409159 
356 2409159 
357 2409160 
358 2409160 
359 2409160 
360 2409161 
361 2409163 
362 2409164 
363 2409169 
364 2409170 
365 2409180 
366 2409191 
367 2409192 
368 2409207 
369 2409208 
370 2409213 
371 2409216 
372 2409227 
373 2409228 
374 2409236 
375 2409237 
376 2409239 
377 2409249 
378 2409249 
379 2409249 
380 2409266 
381 2409283 
382 2409287 
383 2409301 
384 2409301 
385 2409301 
386 2409301 
387 2409302 
388 2409330 
389 2409331 
390 2409331 
391 2409335 
392 2409358 
393 2409364 
394 2409378 
395 2409379 
396 2409385 
397 2409392 
398 2409392 
399 2409395 
400 2409395 
401 2409396 
402 2409397 
403 2409397 
404 2409402 
405 2409402 
406 2409412 
407 2409417 
408 2409417 
409 2409417 
410 2409417 
411 2409418 
412 2409418 
413 2409418 
414 2409419 
415 2409419 
416 2409419 
417 2409421 
418 2409426 
419 2409426 
420 2409427 
421 2409427 
422 2409427 
423 2409428 
424 2409428 
425 2409429 
426 2409429 
427 2409430 
428 2409431 
429 2409433 
430 2409440 
431 2409441 
432 2409442 
433 2409450 
434 2409462 
435 2409466 
436 2409466 
437 2409466 
438 2409466 
439 2409467 
440 2409467 
441 2409467 
442 2409468 
443 2409468 
444 2409469 
445 2409469 
446 2409469 
447 2409470 
448 2409470 
449 2409471 
450 2409471 
451 2409471 
452 2409472 
453 2409476 
454 2409493 
455 2409494 
456 2409500 
457 2409504 
458 2409507 
459 2409507 
460 2409508 
461 2409508 
462 2409511 
463 2409511 
464 2409511 
465 2409515 
466 2409515 
467 2409532 
468 2409538 
469 2409538 
470 2409551 
471 2409552 
472 2409553 
473 2409554 
474 2409574 
475 2409574 
476 2409575 
477 2409603 
478 2409603 
479 2409604 
480 2409604 
481 2409604 
482 2409605 
483 2409605 
484 2409606 
485 2409607 
486 2409608 
487 2409608 
488 2409608 
489 2409609 
490 2409609 
491 2409610 
492 2409615 
493 2409624 
494 2409625 
495 2409630 
496 2409630 
497 2409630 
498 2409658 
499 2409664 
500 2409664 
501 2409668 
502 2409668 
503 2409668 
504 2409669 
505 2409669 
506 2409670 
507 2409670 
508 2409670 
509 2409671 
510 2409675 
511 2409675 
512 2409675 
513 2409691 
514 2409693 
515 2409705 
516 2409708 
517 2409711 
518 2409716 
519 2409716 
520 2409722 
521 2409729 
522 2409744 
523 2409744 
524 2409744 
525 2409757 
526 2409758 
527 2409758 
528 2409758 
529 2409763 
530 2409775 
531 2409776 
532 2409776 
533 2409779 
534 2409779 
535 2409779 
536 2409780 
537 2409780 
538 2409781 
539 2409781 
540 2409781 
541 2409782 
542 2409782 
543 2409782 
544 2409783 
545 2409783 
546 2409783 
547 2409790 
548 2409790 
549 2409790 
550 2409792 
551 2409796 
552 2409799 
553 2409801 
554 2409801 
555 2409804 
556 2409804 
557 2409808 
558 2409809 
559 2409819 
560 2409823 
561 2409828 
562 2409829 
563 2409829 
564 2409829 
565 2409830 
566 2409830 
567 2409830 
568 2409830 
569 2409831 
570 2409831 
571 2409831 
572 2409831 
573 2409832 
574 2409832 
575 2409833 
576 2409836 
577 2409837 
578 2409837 
579 2409837 
580 2409839 
581 2409839 
582 2409840 
583 2409840 
584 2409840 
585 2409841 
586 2409850 
587 2409853 
588 2409853 
589 2409854 
590 2409854 
591 2409854 
592 2409855 
593 2409855 
594 2409855 
595 2409858 
596 2409867 
597 2409867 
598 2409867 
599 2409868 
600 2409868 
601 2409869 
602 2409869 
603 2409869 
604 2409872 
605 2409872 
606 2409873 
607 2409883 
608 2409883 
609 2409884 
610 2409884 
611 2409885 
612 2409886 
613 2409886 
614 2409886 
615 2409887 
616 2409887 
617 2409887 
618 2409904 
619 2409904 
620 2409911 
621 2409912 
622 2409912 
623 2409915 
624 2409916 
625 2409916 
626 2409920 
627 2409920 
628 2409921 
629 2409921 
630 2409921 
631 2409922 
632 2409922 
633 2409932 
634 2409932 
635 2409932 
636 2410007 
637 2410020 
638 2410023 
639 2410023 
640 2410023 
641 2410033 
642 2410037 
643 2410040 
644 2410041 
645 2410041 
646 2410041 
647 2410041 
648 2410042 
649 2410044 
650 2410047 
651 2410052 
652 2410057 
653 2410065 
654 2410065 
655 2410072 
656 2410075 
657 2410082 
658 2410083 
659 2410085 
660 2410087 
661 2410088 
662 2410088 
663 2410089 
664 2410089 
665 2410090 
666 2410090 
667 2410091 
668 2410092 
669 2410092 
670 2410092 
671 2410093 
672 2410093 
673 2410093 
674 2410094 
675 2410094 
676 2410094 
677 2410095 
678 2410095 
679 2410096 
680 2410096 
681 2410096 
682 2410097 
683 2410097 
684 2410098 
685 2410098 
686 2410098 
687 2410100 
688 2410103 
689 2410103 
690 2410104 
691 2410104 
692 2410104 
693 2410105 
694 2410106 
695 2410106 
696 2410106 
697 2410107 
698 2410107 
699 2410107 
700 2410108 
701 2410108 
702 2410108 
703 2410108 
704 2410109 
705 2410109 
706 2410110 
707 2410110 
708 2410111 
709 2410111 
710 2410111 
711 2410112 
712 2410112 
713 2410113 
714 2410113 
715 2410114 
716 2410114 
717 2410114 
718 2410115 
719 2410116 
720 2410119 
721 2410123 
722 2410123 
723 2410124 
724 2410124 
725 2410124 
726 2410125 
727 2410128 
728 2410131 
729 2410139 
730 2410139 
731 2410141 
732 2410150 
733 2410155 
734 2410155 
735 2410164 
736 2410170 
737 2410183 
738 2410188 
739 2410193 
740 2410193 
741 2410194 
742 2410195 
743 2410201 
744 2410218 
745 2410238 
746 2410251 
747 2410251 
748 2410260 
749 2410271 
750 2410278 
751 2410284 
752 2410284 
753 2410285 
754 2410290 
755 2410291 
756 2410293 
757 2410297 
758 2410298 
759 2410298 
760 2410299 
761 2410300 
762 2410302 
763 2410302 
764 2410303 
765 2410303 
766 2410303 
767 2410304 
768 2410304 
769 2410304 
770 2410305 
771 2410309 
772 2410310 
773 2410311 
774 2410311 
775 2410311 
776 2410313 
777 2410313 
778 2410314 
779 2410319 
780 2410320 
781 2410320 
782 2410320 
783 2410320 
784 2410320 
785 2410321 
786 2410321 
787 2410321 
788 2410342 
789 2410343 
790 2410353 
791 2410360 
792 2410362 
793 2410370 
794 2410373 
795 2410374 
796 2410383 
797 2410384 
798 2410391 
799 2410393 
800 2410393 
801 2410393 
802 2410394 
803 2410394 
804 2410394 
805 2410431 
806 2410441 
807 2410446 
808 2410452 
809 2410452 
810 2410455 
811 2410456 
812 2410462 
813 2410463 
814 2410463 
815 2410465 
816 2410465 
817 2410468 
818 2410477 
819 2410486 
820 2410506 
821 2410510 
822 2410510 
823 2410513 
824 2410528 
825 2410528 
826 2410537 
827 2410550 
828 2410566 
829 2410569 
830 2410572 
831 2410576 
832 2410584 
833 2410598 
834 2410604 
835 2410605 
836 2410607 
837 2410608 
838 2410616 
839 2410617 
840 2410618 
841 2410618 
842 2410618 
843 2410624 
844 2410627 
845 2410631 
846 2410634 
847 2410642 
848 2410643 
849 2410645 
850 2410651 
851 2410653 
852 2410655 
853 2410656 
854 2410656 
855 2410663 
856 2410672 
857 2410675 
858 2410676 
859 2410676 
860 2410682 
861 2410691 
862 2410692 
863 2410693 
864 2410694 
865 2410699 
866 2410703 
867 2410707 
868 2410709 
869 2410709 
870 2410712 
871 2410714 
872 2410728 
873 2410732 
874 2410745 
875 2410762 
876 2410770 
877 2410770 
878 2410770 
879 2410771 
880 2410771 
881 2410772 
882 2410790 
883 2410826 
884 2410837 
885 2410841 
886 2410842 
887 2410843 
888 2410846 
889 2410846 
890 2410846 
891 2410847 
892 2410847 
893 2410850 
894 2410857 
895 2410858 
896 2410859 
897 2410862 
898 2410862 
899 2410873 
900 2410878 
901 2410881 
902 2410886 
903 2410889 
904 2410890 
905 2410892 
906 2410895 
907 2410897 
908 2410899 
909 2410900 
910 2410900 
911 2410900 
912 2410901 
913 2410901 
914 2410901 
915 2410903 
916 2410903 
917 2410905 
918 2410907 
919 2410907 
920 2410910 
921 2410913 
922 2410913 
923 2410914 
924 2410916 
925 2410918 
926 2410920 
927 2410920 
928 2410922 
929 2410925 
930 2410925 
931 2410925 
932 2410926 
933 2410926 
934 2410926 
935 2410927 
936 2410927 
937 2410927 
938 2410939 
939 2410940 
940 2410941 
941 2410941 
942 2410941 
943 2410954 
944 2410954 
945 2410954 
946 2410954 
947 2410955 
948 2410957 
949 2410960 
950 2410964 
951 2410967 
952 2410976 
953 2410976 
954 2410977 
955 2410982 
956 2410982 
957 2410983 
958 2410983 
959 2410984 
960 2410984 
961 2410985 
962 2410985 
963 2410987 
964 2410988 
965 2410989 
966 2410992 
967 2410992 
968 2410993 
969 2410993 
970 2410994 
971 2410994 
972 2410995 
973 2410997 
974 2410999 
975 2411003 
976 2411022 
977 2411024 
978 2411026 
979 2411032 
980 2411032 
981 2411037 
982 2411048 
983 2411051 
984 2411053 
985 2411069 
986 2411072 
987 2411081 
988 2411094 
989 2411100 
990 2411117 
991 2411120 
992 2411123 
993 2411128 
994 2411129 
995 2411129 
996 2411130 
997 2411130 
998 2411134 
999 2411137 
1000 2411138 
1001 2411139 
1002 2411140 
1003 2411144 
1004 2411146 
1005 2411147 
1006 2411147 
1007 2411147 
1008 2411148 
1009 2411150 
1010 2411152 
1011 2411152 
1012 2411153 
1013 2411155 
1014 2411155 
1015 2411157 
1016 2411157 
1017 2411160 
1018 2411161 
1019 2411161 
1020 2411161 
1021 2411162 
1022 2411163 
1023 2411163 
1024 2411163 
1025 2411164 
1026 2411165 
1027 2411166 
1028 2411167 
1029 2411167 
1030 2411168 
1031 2411168 
1032 2411168 
1033 2411168 
1034 2411169 
1035 2411169 
1036 2411169 
1037 2411169 
1038 2411170 
1039 2411170 
1040 2411170 
1041 2411170 
1042 2411171 
1043 2411171 
1044 2411171 
1045 2411171 
1046 2411172 
1047 2411172 
1048 2411172 
1049 2411173 
1050 2411173 
1051 2411173 
1052 2411174 
1053 2411174 
1054 2411174 
1055 2411174 
1056 2411175 
1057 2411175 
1058 2411176 
1059 2411180 
1060 2411181 
1061 2411190 
1062 2411193 
1063 2411193 
1064 2411195 
1065 2411195 
1066 2411196 
1067 2411206 
1068 2411209 
1069 2411209 
1070 2411214 
1071 2411216 
1072 2411263 
1073 2411263 
1074 2411265 
1075 2411265 
1076 2411266 
1077 2411266 
1078 2411269 
1079 2411280 
1080 2411286 
1081 2411289 
1082 2411298 
1083 2411299 
1084 2411299 
1085 2411300 
1086 2411300 
1087 2411301 
1088 2411310 
1089 2411311 
1090 2411313 
1091 2411328 
1092 2411337 
1093 2411351 
1094 2411352 
1095 2411361 
1096 2411366 
1097 2411366 
1098 2411366 
1099 2411367 
1100 2411367 
1101 2411367 
1102 2411368 
1103 2411368 
1104 2411368 
1105 2411369 
1106 2411369 
1107 2411369 
1108 2411370 
1109 2411370 
1110 2411370 
1111 2411373 
1112 2411373 
1113 2411374 
1114 2411384 
1115 2411384 
1116 2411386 
1117 2411397 
1118 2411403 
1119 2411417 
1120 2411417 
1121 2411418 
1122 2411430 
1123 2411430 
1124 2411431 
1125 2411431 
1126 2411432 
1127 2411432 
1128 2411432 
1129 2411434 
1130 2411434 
1131 2411435 
1132 2411435 
1133 2411436 
1134 2411436 
1135 2411436 
1136 2411438 
1137 2411439 
1138 2411439 
1139 2411439 
1140 2411440 
1141 2411440 
1142 2411440 
1143 2411441 
1144 2411441 
1145 2411441 
1146 2411441 
1147 2411442 
1148 2411442 
1149 2411442 
1150 2411443 
1151 2411443 
1152 2411443 
1153 2411444 
1154 2411444 
1155 2411445 
1156 2411446 
1157 2411450 
1158 2411450 
1159 2411466 
1160 2411468 
1161 2411469 
1162 2411469 
1163 2411469 
1164 2411474 
1165 2411475 
1166 2411475 
1167 2411475 
1168 2411479 
1169 2411489 
1170 2411489 
1171 2411489 
1172 2411490 
1173 2411490 
1174 2411490 
1175 2411491 
1176 2411491 
1177 2411491 
1178 2411491 
1179 2411492 
1180 2411492 
1181 2411492 
1182 2411493 
1183 2411493 
1184 2411497 
1185 2411500 
1186 2411500 
1187 2411500 
1188 2411501 
1189 2411501 
1190 2411501 
1191 2411502 
1192 2411504 
1193 2411506 
1194 2411509 
1195 2411510 
1196 2411510 
1197 2411515 
1198 2411515 
1199 2411515 
1200 2411515 
1201 2411516 
1202 2411516 
1203 2411516 
1204 2411519 
1205 2411519 
1206 2411520 
1207 2411520 
1208 2411520 
1209 2411521 
1210 2411521 
1211 2411521 
1212 2411522 
1213 2411522 
1214 2411523 
1215 2411523 
1216 2411530 
1217 2411530 
1218 2411531 
1219 2411531 
1220 2411532 
1221 2411533 
1222 2411541 
1223 2411545 
1224 2411552 
1225 2411555 
1226 2411559 
1227 2411559 
1228 2411560 
1229 2411566 
1230 2411571 
1231 2411573 
1232 2411573 
1233 2411573 
1234 2411574 
1235 2411574 
1236 2411584 
1237 2411584 
1238 2411585 
1239 2411585 
1240 2411586 
1241 2411590 
1242 2411590 
1243 2411592 
1244 2411596 
1245 2411598 
1246 2411602 
1247 2411603 
1248 2411603 
1249 2411603 
1250 2411604 
1251 2411604 
1252 2411604 
1253 2411605 
1254 2411605 
1255 2411606 
1256 2411607 
1257 2411611 
1258 2411611 
1259 2411622 
1260 2411623 
1261 2411648 
1262 2411648 
1263 2411649 
1264 2411656 
1265 2411656 
1266 2411671 
1267 2411671 
1268 2411672 
1269 2411672 
1270 2411673 
1271 2411673 
1272 2411673 
1273 2411684 
1274 2411684 
1275 2411686 
1276 2411691 
1277 2411699 
1278 2411699 
1279 2411706 
1280 2411706 
1281 2411707 
1282 2411707 
1283 2411707 
1284 2411708 
1285 2411708 
1286 2411708 
1287 2411709 
1288 2411709 
1289 2411709 
1290 2411715 
1291 2411728 
1292 2411728 
1293 2411729 
1294 2411730 
1295 2411730 
1296 2411730 
1297 2411730 
1298 2411731 
1299 2411731 
1300 2411735 
1301 2411736 
1302 2411736 
1303 2411740 
1304 2411742 
1305 2411742 
1306 2411742 
1307 2411746 
1308 2411746 
1309 2411746 
1310 2411747 
1311 2411747 
1312 2411748 
1313 2411748 
1314 2411759 
1315 2411759 
1316 2411760 
1317 2411760 
1318 2411761 
1319 2411762 
1320 2411762 
1321 2411762 
1322 2411762 
1323 2411763 
1324 2411763 
1325 2411763 
1326 2411763 
1327 2411764 
1328 2411764 
1329 2411764 
1330 2411764 
1331 2411765 
1332 2411765 
1333 2411765 
1334 2411766 
1335 2411766 
1336 2411766 
1337 2411767 
1338 2411767 
1339 2411767 
1340 2411768 
1341 2411768 
1342 2411768 
1343 2411768 
1344 2411769 
1345 2411772 
1346 2411774 
1347 2411778 
1348 2411778 
1349 2411779 
1350 2411781 
1351 2411781 
1352 2411781 
1353 2411783 
1354 2411783 
1355 2411787 
1356 2411792 
1357 2411793 
1358 2411802 
1359 2411813 
1360 2411813 
1361 2411825 
1362 2411825 
1363 2411826 
1364 2411827 
1365 2411833 
1366 2411833 
1367 2411833 
1368 2411834 
1369 2411834 
1370 2411835 
1371 2411836 
1372 2411836 
1373 2411837 
1374 2411837 
1375 2411837 
1376 2411838 
1377 2411839 
1378 2411839 
1379 2411840 
1380 2411840 
1381 2411840 
1382 2411841 
1383 2411841 
1384 2411841 
1385 2411842 
1386 2411844 
1387 2411845 
1388 2411848 
1389 2411851 
1390 2411855 
1391 2411858 
1392 2411859 
1393 2411860 
1394 2411861 
1395 2411861 
1396 2411861 
1397 2411861 
1398 2411863 
1399 2411864 
1400 2411864 
1401 2411865 
1402 2411865 
1403 2411865 
1404 2411866 
1405 2411866 
1406 2411866 
1407 2411871 
1408 2411872 
1409 2411873 
1410 2411874 
1411 2411875 
1412 2411877 
1413 2411878 
1414 2411880 
1415 2411881 
1416 2411881 
1417 2411881 
1418 2411882 
1419 2411882 
1420 2411883 
1421 2411883 
1422 2411883 
1423 2411884 
1424 2411884 
1425 2411885 
1426 2411885 
1427 2411886 
1428 2411886 
1429 2411887 
1430 2411891 
1431 2411892 
1432 2411892 
1433 2411892 
1434 2411893 
1435 2411893 
1436 2411893 
1437 2411894 
1438 2411897 
1439 2411897 
1440 2411898 
1441 2411900 
1442 2411900 
1443 2411901 
1444 2411904 
1445 2411905 
1446 2411905 
1447 2411906 
1448 2411910 
1449 2411911 
1450 2411916 
1451 2411926 
1452 2411926 
1453 2411926 
1454 2411927 
1455 2411927 
1456 2411927 
1457 2411928 
1458 2411928 
1459 2411929 
1460 2411929 
1461 2411929 
1462 2411930 
1463 2411935 
1464 2411935 
1465 2411935 
1466 2411942 
1467 2411946 
1468 2411947 
1469 2411956 
1470 2411957 
1471 2411959 
1472 2411963 
1473 2411988 
1474 2411991 
1475 2411996 
1476 2411997 
