1 2854804 
2 2854810 
3 2854814 
4 2854814 
5 2854814 
6 2854815 
7 2854815 
8 2854826 
9 2854832 
10 2854832 
11 2854833 
12 2854833 
13 2854834 
14 2854834 
15 2854835 
16 2854835 
17 2854835 
18 2854836 
19 2854836 
20 2854839 
21 2854847 
22 2854847 
23 2854847 
24 2854849 
25 2854853 
26 2854856 
27 2854856 
28 2854857 
29 2854859 
30 2854859 
31 2854863 
32 2854864 
33 2854866 
34 2854867 
35 2854867 
36 2854867 
37 2854868 
38 2854868 
39 2854868 
40 2854868 
41 2854868 
42 2854869 
43 2854869 
44 2854869 
45 2854870 
46 2854870 
47 2854870 
48 2854870 
49 2854871 
50 2854871 
51 2854873 
52 2854874 
53 2854874 
54 2854875 
55 2854879 
56 2854891 
57 2854894 
58 2854895 
59 2854896 
60 2854896 
61 2854897 
62 2854897 
63 2854900 
64 2854902 
65 2854902 
66 2854902 
67 2854903 
68 2854903 
69 2854903 
70 2854904 
71 2854906 
72 2854907 
73 2854913 
74 2854914 
75 2854914 
76 2854914 
77 2854923 
78 2854924 
79 2854927 
80 2854929 
81 2854929 
82 2854930 
83 2854930 
84 2854931 
85 2854932 
86 2854933 
87 2854933 
88 2854933 
89 2854934 
90 2854934 
91 2854935 
92 2854935 
93 2854935 
94 2854936 
95 2854937 
96 2854937 
97 2854938 
98 2854948 
99 2854951 
100 2854954 
101 2854954 
102 2854955 
103 2854955 
104 2854955 
105 2854955 
106 2854957 
107 2854959 
108 2854964 
109 2854972 
110 2854975 
111 2854975 
112 2854977 
113 2854978 
114 2854980 
115 2854980 
116 2854980 
117 2854985 
118 2854992 
119 2854994 
120 2854996 
121 2854998 
122 2854999 
123 2854999 
124 2855000 
125 2855000 
126 2855000 
127 2855002 
128 2855002 
129 2855002 
130 2855002 
131 2855003 
132 2855003 
133 2855003 
134 2855013 
135 2855014 
136 2855016 
137 2855017 
138 2855017 
139 2855018 
140 2855018 
141 2855019 
142 2855019 
143 2855019 
144 2855020 
145 2855021 
146 2855022 
147 2855025 
148 2855025 
149 2855026 
150 2855026 
151 2855037 
152 2855043 
153 2855043 
154 2855044 
155 2855046 
156 2855046 
157 2855048 
158 2855049 
159 2855049 
160 2855050 
161 2855051 
162 2855052 
163 2855063 
164 2855075 
165 2855079 
166 2855085 
167 2855086 
168 2855088 
169 2855089 
170 2855093 
171 2855096 
172 2855097 
173 2855100 
174 2855101 
175 2855102 
176 2855108 
177 2855108 
178 2855122 
179 2855125 
180 2855127 
181 2855134 
182 2855134 
183 2855137 
184 2855138 
185 2855141 
186 2855141 
187 2855141 
188 2855147 
189 2855148 
190 2855148 
191 2855150 
192 2855155 
193 2855163 
194 2855165 
195 2855165 
196 2855165 
197 2855166 
198 2855168 
199 2855171 
200 2855175 
201 2855176 
202 2855179 
203 2855180 
204 2855182 
205 2855183 
206 2855183 
207 2855183 
208 2855184 
209 2855184 
210 2855185 
211 2855185 
212 2855189 
213 2855190 
214 2855191 
215 2855192 
216 2855194 
217 2855195 
218 2855195 
219 2855196 
220 2855199 
221 2855199 
222 2855205 
223 2855208 
224 2855209 
225 2855216 
226 2855216 
227 2855217 
228 2855219 
229 2855219 
230 2855221 
231 2855222 
232 2855225 
233 2855231 
234 2855233 
235 2855237 
236 2855245 
237 2855254 
238 2855255 
239 2855255 
240 2855258 
241 2855263 
242 2855263 
243 2855264 
244 2855265 
245 2855265 
246 2855269 
247 2855270 
248 2855270 
249 2855271 
250 2855273 
251 2855273 
252 2855273 
253 2855273 
254 2855274 
255 2855275 
256 2855286 
257 2855294 
258 2855304 
259 2855307 
260 2855309 
261 2855311 
262 2855311 
263 2855313 
264 2855313 
265 2855314 
266 2855314 
267 2855315 
268 2855316 
269 2855318 
270 2855319 
271 2855319 
272 2855321 
273 2855322 
274 2855323 
275 2855326 
276 2855328 
277 2855329 
278 2855329 
279 2855329 
280 2855330 
281 2855330 
282 2855331 
283 2855331 
284 2855331 
285 2855332 
286 2855332 
287 2855332 
288 2855333 
289 2855333 
290 2855336 
291 2855336 
292 2855340 
293 2855341 
294 2855341 
295 2855342 
296 2855342 
297 2855343 
298 2855343 
299 2855344 
300 2855344 
301 2855345 
302 2855345 
303 2855346 
304 2855346 
305 2855346 
306 2855350 
307 2855351 
308 2855351 
309 2855351 
310 2855352 
311 2855352 
312 2855353 
313 2855353 
314 2855353 
315 2855353 
316 2855354 
317 2855354 
318 2855354 
319 2855355 
320 2855356 
321 2855357 
322 2855359 
323 2855359 
324 2855362 
325 2855365 
326 2855365 
327 2855366 
328 2855367 
329 2855367 
330 2855367 
331 2855368 
332 2855368 
333 2855368 
334 2855369 
335 2855369 
336 2855371 
337 2855371 
338 2855374 
339 2855375 
340 2855377 
341 2855377 
342 2855378 
343 2855378 
344 2855379 
345 2855382 
346 2855383 
347 2855384 
348 2855385 
349 2855385 
350 2855385 
351 2855386 
352 2855386 
353 2855386 
354 2855386 
355 2855388 
356 2855389 
357 2855389 
358 2855389 
359 2855389 
360 2855390 
361 2855390 
362 2855392 
363 2855392 
364 2855395 
365 2855395 
366 2855395 
367 2855398 
368 2855399 
369 2855404 
370 2855405 
371 2855406 
372 2855408 
373 2855408 
374 2855408 
375 2855411 
376 2855411 
377 2855412 
378 2855412 
379 2855412 
380 2855413 
381 2855413 
382 2855413 
383 2855413 
384 2855414 
385 2855414 
386 2855414 
387 2855416 
388 2855419 
389 2855419 
390 2855419 
391 2855421 
392 2855422 
393 2855424 
394 2855428 
395 2855433 
396 2855440 
397 2855440 
398 2855441 
399 2855441 
400 2855441 
401 2855442 
402 2855442 
403 2855442 
404 2855442 
405 2855443 
406 2855444 
407 2855444 
408 2855445 
409 2855445 
410 2855448 
411 2855451 
412 2855451 
413 2855454 
414 2855454 
415 2855459 
416 2855460 
417 2855465 
418 2855467 
419 2855470 
420 2855474 
421 2855475 
422 2855476 
423 2855476 
424 2855477 
425 2855477 
426 2855477 
427 2855478 
428 2855478 
429 2855479 
430 2855479 
431 2855480 
432 2855480 
433 2855480 
434 2855480 
435 2855481 
436 2855482 
437 2855484 
438 2855486 
439 2855487 
440 2855493 
441 2855493 
442 2855497 
443 2855499 
444 2855501 
445 2855504 
446 2855504 
447 2855505 
448 2855506 
449 2855507 
450 2855507 
451 2855507 
452 2855508 
453 2855508 
454 2855509 
455 2855509 
456 2855509 
457 2855509 
458 2855510 
459 2855510 
460 2855510 
461 2855511 
462 2855511 
463 2855511 
464 2855512 
465 2855512 
466 2855514 
467 2855517 
468 2855517 
469 2855518 
470 2855518 
471 2855518 
472 2855519 
473 2855519 
474 2855519 
475 2855519 
476 2855520 
477 2855523 
478 2855523 
479 2855523 
480 2855523 
481 2855524 
482 2855524 
483 2855524 
484 2855525 
485 2855525 
486 2855526 
487 2855527 
488 2855527 
489 2855527 
490 2855527 
491 2855528 
492 2855528 
493 2855529 
494 2855529 
495 2855529 
496 2855530 
497 2855530 
498 2855530 
499 2855531 
500 2855531 
501 2855531 
502 2855532 
503 2855536 
504 2855538 
505 2855538 
506 2855538 
507 2855540 
508 2855540 
509 2855541 
510 2855541 
511 2855545 
512 2855545 
513 2855546 
514 2855547 
515 2855548 
516 2855549 
517 2855549 
518 2855551 
519 2855551 
520 2855552 
521 2855553 
522 2855560 
523 2855564 
524 2855564 
525 2855564 
526 2855565 
527 2855565 
528 2855565 
529 2855566 
530 2855566 
531 2855566 
532 2855566 
533 2855567 
534 2855567 
535 2855567 
536 2855568 
537 2855568 
538 2855568 
539 2855569 
540 2855569 
541 2855569 
542 2855571 
543 2855577 
544 2855577 
545 2855579 
546 2855580 
547 2855580 
548 2855580 
549 2855581 
550 2855581 
551 2855581 
552 2855582 
553 2855582 
554 2855582 
555 2855583 
556 2855583 
557 2855583 
558 2855593 
559 2855595 
560 2855597 
561 2855599 
562 2855600 
563 2855602 
564 2855602 
565 2855604 
566 2855605 
567 2855607 
568 2855608 
569 2855609 
570 2855610 
571 2855611 
572 2855611 
573 2855612 
574 2855612 
575 2855612 
576 2855613 
577 2855613 
578 2855614 
579 2855616 
580 2855622 
581 2855624 
582 2855630 
583 2855631 
584 2855631 
585 2855631 
586 2855633 
587 2855638 
588 2855639 
589 2855643 
590 2855644 
591 2855645 
592 2855647 
593 2855648 
594 2855653 
595 2855654 
596 2855654 
597 2855654 
598 2855656 
599 2855656 
600 2855656 
601 2855656 
602 2855657 
603 2855657 
604 2855657 
605 2855658 
606 2855658 
607 2855659 
608 2855659 
609 2855660 
610 2855663 
611 2855664 
612 2855665 
613 2855668 
614 2855668 
615 2855669 
616 2855669 
617 2855669 
618 2855670 
619 2855671 
620 2855671 
621 2855671 
622 2855672 
623 2855672 
624 2855672 
625 2855673 
626 2855675 
627 2855675 
628 2855675 
629 2855676 
630 2855676 
631 2855676 
632 2855677 
633 2855677 
634 2855677 
635 2855678 
636 2855678 
637 2855678 
638 2855679 
639 2855679 
640 2855679 
641 2855680 
642 2855680 
643 2855680 
644 2855681 
645 2855681 
646 2855681 
647 2855682 
648 2855682 
649 2855682 
650 2855683 
651 2855683 
652 2855684 
653 2855684 
654 2855684 
655 2855684 
656 2855685 
657 2855686 
658 2855687 
659 2855688 
660 2855691 
661 2855692 
662 2855692 
663 2855693 
664 2855694 
665 2855696 
666 2855699 
667 2855702 
668 2855702 
669 2855705 
670 2855705 
671 2855706 
672 2855706 
673 2855707 
674 2855707 
675 2855707 
676 2855708 
677 2855708 
678 2855708 
679 2855709 
680 2855709 
681 2855709 
682 2855710 
683 2855710 
684 2855711 
685 2855711 
686 2855711 
687 2855711 
688 2855712 
689 2855712 
690 2855712 
691 2855713 
692 2855713 
693 2855713 
694 2855714 
695 2855714 
696 2855714 
697 2855715 
698 2855715 
699 2855715 
700 2855716 
701 2855716 
702 2855716 
703 2855717 
704 2855717 
705 2855717 
706 2855718 
707 2855718 
708 2855719 
709 2855719 
710 2855719 
711 2855719 
712 2855720 
713 2855720 
714 2855721 
715 2855721 
716 2855721 
717 2855722 
718 2855722 
719 2855722 
720 2855723 
721 2855723 
722 2855723 
723 2855724 
724 2855724 
725 2855724 
726 2855725 
727 2855726 
728 2855726 
729 2855727 
730 2855727 
731 2855727 
732 2855728 
733 2855728 
734 2855728 
735 2855729 
736 2855729 
737 2855729 
738 2855730 
739 2855730 
740 2855731 
741 2855731 
742 2855732 
743 2855732 
744 2855732 
745 2855733 
746 2855733 
747 2855733 
748 2855733 
749 2855734 
750 2855734 
751 2855734 
752 2855734 
753 2855735 
754 2855735 
755 2855736 
756 2855736 
757 2855736 
758 2855737 
759 2855737 
760 2855737 
761 2855738 
762 2855738 
763 2855738 
764 2855738 
765 2855739 
766 2855740 
767 2855740 
768 2855741 
769 2855741 
770 2855742 
771 2855742 
772 2855742 
773 2855742 
774 2855742 
775 2855743 
776 2855743 
777 2855743 
778 2855743 
779 2855744 
780 2855744 
781 2855744 
782 2855745 
783 2855745 
784 2855745 
785 2855749 
786 2855750 
787 2855751 
788 2855751 
789 2855751 
790 2855752 
791 2855753 
792 2855756 
793 2855758 
794 2855760 
795 2855760 
796 2855761 
797 2855761 
798 2855761 
799 2855762 
800 2855762 
801 2855762 
802 2855762 
803 2855762 
804 2855763 
805 2855763 
806 2855764 
807 2855764 
808 2855768 
809 2855770 
810 2855772 
811 2855772 
812 2855772 
813 2855774 
814 2855774 
815 2855775 
816 2855775 
817 2855775 
818 2855776 
819 2855776 
820 2855776 
821 2855776 
822 2855777 
823 2855777 
824 2855777 
825 2855777 
826 2855778 
827 2855778 
828 2855778 
829 2855778 
830 2855779 
831 2855779 
832 2855779 
833 2855779 
834 2855780 
835 2855780 
836 2855781 
837 2855784 
838 2855785 
839 2855785 
840 2855785 
841 2855785 
842 2855788 
843 2855790 
844 2855790 
845 2855790 
846 2855791 
847 2855791 
848 2855791 
849 2855792 
850 2855792 
851 2855792 
852 2855792 
853 2855792 
854 2855793 
855 2855793 
856 2855793 
857 2855793 
858 2855794 
859 2855794 
860 2855794 
861 2855794 
862 2855795 
863 2855795 
864 2855795 
865 2855795 
866 2855795 
867 2855796 
868 2855796 
869 2855796 
870 2855796 
871 2855797 
872 2855797 
873 2855797 
874 2855797 
875 2855798 
876 2855798 
877 2855798 
878 2855798 
879 2855799 
880 2855799 
881 2855800 
882 2855800 
883 2855800 
884 2855801 
885 2855801 
886 2855802 
887 2855802 
888 2855802 
889 2855803 
890 2855803 
891 2855803 
892 2855804 
893 2855804 
894 2855805 
895 2855808 
896 2855809 
897 2855819 
898 2855821 
899 2855821 
900 2855821 
901 2855822 
902 2855822 
903 2855822 
904 2855822 
905 2855823 
906 2855823 
907 2855823 
908 2855823 
909 2855824 
910 2855824 
911 2855825 
912 2855825 
913 2855825 
914 2855826 
915 2855826 
916 2855826 
917 2855826 
918 2855827 
919 2855827 
920 2855828 
921 2855830 
922 2855830 
923 2855834 
924 2855835 
925 2855835 
926 2855835 
927 2855836 
928 2855836 
929 2855836 
930 2855837 
931 2855837 
932 2855837 
933 2855838 
934 2855838 
935 2855839 
936 2855839 
937 2855840 
938 2855840 
939 2855841 
940 2855841 
941 2855841 
942 2855842 
943 2855842 
944 2855842 
945 2855843 
946 2855843 
947 2855843 
948 2855843 
949 2855843 
950 2855844 
951 2855844 
952 2855844 
953 2855844 
954 2855844 
955 2855844 
956 2855845 
957 2855845 
958 2855845 
959 2855845 
960 2855845 
961 2855846 
962 2855846 
963 2855847 
964 2855847 
965 2855847 
966 2855847 
967 2855848 
968 2855848 
969 2855848 
970 2855848 
971 2855849 
972 2855849 
973 2855850 
974 2855850 
975 2855850 
976 2855850 
977 2855850 
978 2855851 
979 2855851 
980 2855851 
981 2855852 
982 2855852 
983 2855852 
984 2855852 
985 2855853 
986 2855853 
987 2855853 
988 2855854 
989 2855854 
990 2855854 
991 2855855 
992 2855855 
993 2855855 
994 2855856 
995 2855856 
996 2855856 
997 2855857 
998 2855857 
999 2855857 
1000 2855858 
1001 2855858 
1002 2855858 
1003 2855858 
1004 2855858 
1005 2855858 
1006 2855859 
1007 2855859 
1008 2855859 
1009 2855859 
1010 2855860 
1011 2855860 
1012 2855860 
1013 2855860 
1014 2855861 
1015 2855861 
1016 2855861 
1017 2855861 
1018 2855862 
1019 2855862 
1020 2855862 
1021 2855862 
1022 2855862 
1023 2855863 
1024 2855863 
1025 2855863 
1026 2855863 
1027 2855864 
1028 2855864 
1029 2855864 
1030 2855865 
1031 2855865 
1032 2855865 
1033 2855866 
1034 2855866 
1035 2855866 
1036 2855867 
1037 2855867 
1038 2855867 
1039 2855868 
1040 2855868 
1041 2855868 
1042 2855869 
1043 2855869 
1044 2855869 
1045 2855870 
1046 2855870 
1047 2855871 
1048 2855871 
1049 2855873 
1050 2855877 
1051 2855878 
1052 2855878 
1053 2855878 
1054 2855879 
1055 2855880 
1056 2855884 
1057 2855884 
1058 2855885 
1059 2855886 
1060 2855886 
1061 2855892 
1062 2855892 
1063 2855892 
1064 2855893 
1065 2855893 
1066 2855893 
1067 2855895 
1068 2855895 
1069 2855895 
1070 2855897 
1071 2855897 
1072 2855897 
1073 2855898 
1074 2855898 
1075 2855899 
1076 2855899 
1077 2855899 
1078 2855900 
1079 2855900 
1080 2855901 
1081 2855901 
1082 2855901 
1083 2855902 
1084 2855902 
1085 2855902 
1086 2855903 
1087 2855903 
1088 2855904 
1089 2855904 
1090 2855904 
1091 2855904 
1092 2855905 
1093 2855905 
1094 2855905 
1095 2855906 
1096 2855906 
1097 2855906 
1098 2855906 
1099 2855907 
1100 2855907 
1101 2855908 
1102 2855910 
1103 2855912 
1104 2855914 
1105 2855915 
1106 2855917 
1107 2855919 
1108 2855928 
1109 2855928 
1110 2855930 
1111 2855930 
1112 2855930 
1113 2855931 
1114 2855931 
1115 2855932 
1116 2855933 
1117 2855933 
1118 2855936 
1119 2855943 
1120 2855943 
1121 2855943 
1122 2855944 
1123 2855944 
1124 2855944 
1125 2855945 
1126 2855945 
1127 2855946 
1128 2855946 
1129 2855946 
1130 2855947 
1131 2855947 
1132 2855947 
1133 2855948 
1134 2855948 
1135 2855948 
1136 2855949 
1137 2855949 
1138 2855949 
1139 2855950 
1140 2855950 
1141 2855950 
1142 2855951 
1143 2855951 
1144 2855951 
1145 2855951 
1146 2855952 
1147 2855952 
1148 2855953 
1149 2855953 
1150 2855954 
1151 2855954 
1152 2855955 
1153 2855955 
1154 2855955 
1155 2855955 
1156 2855956 
1157 2855960 
1158 2855960 
1159 2855961 
1160 2855961 
1161 2855962 
1162 2855964 
1163 2855965 
1164 2855965 
1165 2855965 
1166 2855966 
1167 2855966 
1168 2855966 
1169 2855967 
1170 2855967 
1171 2855967 
1172 2855969 
1173 2855970 
1174 2855970 
1175 2855970 
1176 2855971 
1177 2855972 
1178 2855972 
1179 2855973 
1180 2855974 
1181 2855974 
1182 2855976 
1183 2855980 
1184 2855982 
1185 2855983 
1186 2855983 
1187 2855984 
1188 2855984 
1189 2855984 
1190 2855985 
1191 2855985 
1192 2855985 
1193 2855986 
1194 2855986 
1195 2855987 
1196 2855987 
1197 2855988 
1198 2855989 
1199 2855989 
1200 2855989 
1201 2855989 
1202 2855990 
1203 2855990 
1204 2855991 
1205 2855991 
1206 2855991 
1207 2855992 
1208 2855993 
1209 2855993 
1210 2855993 
1211 2855994 
1212 2855994 
1213 2855994 
1214 2855995 
1215 2855995 
1216 2855995 
1217 2855996 
1218 2855996 
1219 2855996 
1220 2855997 
1221 2855997 
1222 2855997 
1223 2855998 
1224 2855998 
1225 2855998 
1226 2855999 
1227 2855999 
1228 2855999 
1229 2855999 
1230 2856000 
1231 2856000 
1232 2856000 
1233 2856001 
1234 2856001 
1235 2856001 
1236 2856002 
1237 2856002 
1238 2856003 
1239 2856003 
1240 2856004 
1241 2856004 
1242 2856004 
1243 2856005 
1244 2856005 
1245 2856006 
1246 2856006 
1247 2856006 
1248 2856007 
1249 2856007 
1250 2856007 
1251 2856008 
1252 2856008 
1253 2856008 
1254 2856009 
1255 2856009 
1256 2856009 
1257 2856010 
1258 2856010 
1259 2856011 
1260 2856011 
1261 2856011 
1262 2856012 
1263 2856012 
1264 2856012 
1265 2856013 
1266 2856013 
1267 2856013 
1268 2856014 
1269 2856015 
1270 2856016 
1271 2856017 
1272 2856017 
1273 2856017 
1274 2856018 
1275 2856018 
1276 2856018 
1277 2856019 
1278 2856019 
1279 2856019 
1280 2856020 
1281 2856020 
1282 2856021 
1283 2856021 
1284 2856021 
1285 2856022 
1286 2856022 
1287 2856022 
1288 2856023 
1289 2856023 
1290 2856023 
1291 2856024 
1292 2856024 
1293 2856024 
1294 2856025 
1295 2856025 
1296 2856026 
1297 2856026 
1298 2856026 
1299 2856026 
1300 2856027 
1301 2856027 
1302 2856027 
1303 2856028 
1304 2856028 
1305 2856028 
1306 2856028 
1307 2856029 
1308 2856029 
1309 2856030 
1310 2856030 
1311 2856031 
1312 2856031 
1313 2856031 
1314 2856031 
1315 2856032 
1316 2856032 
1317 2856032 
1318 2856033 
1319 2856033 
1320 2856033 
1321 2856034 
1322 2856034 
1323 2856034 
1324 2856034 
1325 2856035 
1326 2856035 
1327 2856035 
1328 2856036 
1329 2856036 
1330 2856038 
1331 2856039 
1332 2856039 
1333 2856039 
1334 2856040 
1335 2856040 
1336 2856040 
1337 2856041 
1338 2856041 
1339 2856041 
1340 2856041 
1341 2856042 
1342 2856042 
1343 2856043 
1344 2856043 
1345 2856044 
1346 2856044 
1347 2856045 
1348 2856045 
1349 2856045 
1350 2856045 
1351 2856046 
1352 2856046 
1353 2856046 
1354 2856046 
1355 2856047 
1356 2856047 
1357 2856049 
1358 2856049 
1359 2856050 
1360 2856050 
1361 2856050 
1362 2856050 
1363 2856051 
1364 2856051 
1365 2856051 
1366 2856052 
1367 2856052 
1368 2856053 
1369 2856053 
1370 2856054 
1371 2856054 
1372 2856055 
1373 2856055 
1374 2856055 
1375 2856056 
1376 2856062 
1377 2856063 
1378 2856063 
1379 2856063 
1380 2856064 
1381 2856064 
1382 2856064 
1383 2856064 
1384 2856065 
1385 2856065 
1386 2856065 
1387 2856066 
1388 2856066 
1389 2856067 
1390 2856067 
1391 2856067 
1392 2856067 
1393 2856068 
1394 2856068 
1395 2856070 
1396 2856071 
1397 2856071 
1398 2856072 
1399 2856072 
1400 2856073 
1401 2856073 
1402 2856074 
1403 2856074 
1404 2856074 
1405 2856074 
1406 2856075 
1407 2856075 
1408 2856076 
1409 2856076 
1410 2856076 
1411 2856077 
1412 2856077 
1413 2856077 
1414 2856078 
1415 2856078 
1416 2856078 
1417 2856079 
1418 2856079 
1419 2856079 
1420 2856080 
1421 2856080 
1422 2856081 
1423 2856081 
1424 2856081 
1425 2856081 
1426 2856082 
1427 2856082 
1428 2856082 
1429 2856083 
1430 2856083 
1431 2856083 
1432 2856084 
1433 2856084 
1434 2856085 
1435 2856085 
1436 2856085 
1437 2856085 
1438 2856086 
1439 2856086 
1440 2856087 
1441 2856087 
1442 2856087 
1443 2856088 
1444 2856088 
1445 2856088 
1446 2856089 
1447 2856089 
1448 2856089 
1449 2856091 
1450 2856101 
1451 2856106 
1452 2856107 
1453 2856107 
1454 2856107 
1455 2856108 
1456 2856108 
1457 2856108 
1458 2856109 
1459 2856109 
1460 2856109 
1461 2856110 
1462 2856110 
1463 2856110 
1464 2856110 
1465 2856111 
1466 2856111 
1467 2856111 
1468 2856111 
1469 2856112 
1470 2856112 
1471 2856112 
1472 2856112 
1473 2856113 
1474 2856113 
1475 2856113 
1476 2856113 
1477 2856114 
1478 2856114 
1479 2856114 
1480 2856114 
1481 2856115 
1482 2856115 
1483 2856115 
1484 2856115 
1485 2856116 
1486 2856116 
1487 2856116 
1488 2856116 
1489 2856116 
1490 2856117 
1491 2856117 
1492 2856117 
1493 2856118 
1494 2856118 
1495 2856119 
1496 2856119 
1497 2856119 
1498 2856120 
1499 2856120 
1500 2856120 
1501 2856121 
1502 2856121 
1503 2856121 
1504 2856122 
1505 2856122 
1506 2856122 
1507 2856123 
1508 2856123 
1509 2856123 
1510 2856123 
1511 2856123 
1512 2856124 
1513 2856124 
1514 2856124 
1515 2856124 
1516 2856125 
1517 2856125 
1518 2856125 
1519 2856125 
1520 2856126 
1521 2856126 
1522 2856126 
1523 2856127 
1524 2856127 
1525 2856127 
1526 2856128 
1527 2856128 
1528 2856128 
1529 2856129 
1530 2856129 
1531 2856129 
1532 2856130 
1533 2856130 
1534 2856131 
1535 2856131 
1536 2856132 
1537 2856132 
1538 2856132 
1539 2856132 
1540 2856133 
1541 2856133 
1542 2856134 
1543 2856134 
1544 2856134 
1545 2856135 
1546 2856135 
1547 2856135 
1548 2856136 
1549 2856136 
1550 2856137 
1551 2856137 
1552 2856137 
1553 2856138 
1554 2856138 
1555 2856138 
1556 2856138 
1557 2856139 
1558 2856139 
1559 2856139 
1560 2856139 
1561 2856139 
1562 2856140 
1563 2856140 
1564 2856140 
1565 2856141 
1566 2856141 
1567 2856141 
1568 2856142 
1569 2856142 
1570 2856143 
1571 2856143 
1572 2856143 
1573 2856144 
1574 2856144 
1575 2856144 
1576 2856145 
1577 2856145 
1578 2856145 
1579 2856146 
1580 2856146 
1581 2856148 
1582 2856148 
1583 2856149 
1584 2856149 
1585 2856150 
1586 2856150 
1587 2856150 
1588 2856150 
1589 2856151 
1590 2856151 
1591 2856152 
1592 2856152 
1593 2856153 
1594 2856153 
1595 2856153 
1596 2856153 
1597 2856153 
1598 2856154 
1599 2856154 
1600 2856154 
1601 2856154 
1602 2856155 
1603 2856155 
1604 2856155 
1605 2856155 
1606 2856156 
1607 2856156 
1608 2856156 
1609 2856157 
1610 2856157 
1611 2856157 
1612 2856157 
1613 2856158 
1614 2856158 
1615 2856158 
1616 2856159 
1617 2856159 
1618 2856159 
1619 2856160 
1620 2856160 
1621 2856160 
1622 2856161 
1623 2856161 
1624 2856161 
1625 2856161 
1626 2856162 
1627 2856162 
1628 2856162 
1629 2856163 
1630 2856163 
1631 2856164 
1632 2856164 
1633 2856165 
1634 2856165 
1635 2856165 
1636 2856166 
1637 2856166 
1638 2856166 
1639 2856167 
1640 2856167 
1641 2856167 
1642 2856167 
1643 2856168 
1644 2856168 
1645 2856169 
1646 2856169 
1647 2856170 
1648 2856172 
1649 2856172 
1650 2856172 
1651 2856173 
1652 2856173 
1653 2856173 
1654 2856174 
1655 2856174 
1656 2856175 
1657 2856175 
1658 2856175 
1659 2856176 
1660 2856176 
1661 2856176 
1662 2856177 
1663 2856177 
1664 2856177 
1665 2856178 
1666 2856178 
1667 2856178 
1668 2856179 
1669 2856179 
1670 2856179 
1671 2856179 
1672 2856180 
1673 2856180 
1674 2856180 
1675 2856181 
1676 2856181 
1677 2856181 
1678 2856181 
1679 2856182 
1680 2856182 
1681 2856182 
1682 2856183 
1683 2856184 
1684 2856184 
1685 2856184 
1686 2856185 
1687 2856185 
1688 2856185 
1689 2856185 
1690 2856186 
1691 2856186 
1692 2856186 
1693 2856187 
1694 2856187 
1695 2856187 
1696 2856188 
1697 2856188 
1698 2856188 
1699 2856189 
1700 2856189 
1701 2856189 
1702 2856189 
1703 2856190 
1704 2856190 
1705 2856190 
1706 2856191 
1707 2856191 
1708 2856191 
1709 2856191 
1710 2856192 
1711 2856193 
1712 2856193 
1713 2856194 
1714 2856194 
1715 2856194 
1716 2856195 
1717 2856195 
1718 2856198 
1719 2856199 
1720 2856199 
1721 2856200 
1722 2856200 
1723 2856200 
1724 2856201 
1725 2856201 
1726 2856201 
1727 2856202 
1728 2856202 
1729 2856202 
1730 2856202 
1731 2856203 
1732 2856203 
1733 2856203 
1734 2856203 
1735 2856204 
1736 2856204 
1737 2856204 
1738 2856204 
1739 2856205 
1740 2856205 
1741 2856205 
1742 2856205 
1743 2856206 
1744 2856206 
1745 2856206 
1746 2856206 
1747 2856207 
1748 2856207 
1749 2856207 
1750 2856207 
1751 2856208 
1752 2856208 
1753 2856208 
1754 2856208 
1755 2856209 
1756 2856209 
1757 2856209 
1758 2856209 
1759 2856210 
1760 2856210 
1761 2856210 
1762 2856211 
1763 2856211 
1764 2856211 
1765 2856212 
1766 2856212 
1767 2856212 
1768 2856213 
1769 2856213 
1770 2856213 
1771 2856213 
1772 2856214 
1773 2856214 
1774 2856214 
1775 2856214 
1776 2856215 
1777 2856215 
1778 2856215 
1779 2856215 
1780 2856215 
1781 2856216 
1782 2856216 
1783 2856216 
1784 2856216 
1785 2856216 
1786 2856217 
1787 2856217 
1788 2856217 
1789 2856218 
1790 2856218 
1791 2856218 
1792 2856218 
1793 2856219 
1794 2856219 
1795 2856219 
1796 2856220 
1797 2856220 
1798 2856220 
1799 2856220 
1800 2856220 
1801 2856221 
1802 2856221 
1803 2856221 
1804 2856221 
1805 2856222 
1806 2856222 
1807 2856222 
1808 2856222 
1809 2856222 
1810 2856223 
1811 2856223 
1812 2856223 
1813 2856224 
1814 2856224 
1815 2856224 
1816 2856225 
1817 2856225 
1818 2856225 
1819 2856226 
1820 2856226 
1821 2856226 
1822 2856227 
1823 2856227 
1824 2856227 
1825 2856228 
1826 2856228 
1827 2856229 
1828 2856230 
1829 2856230 
1830 2856231 
1831 2856232 
1832 2856232 
1833 2856233 
1834 2856233 
1835 2856233 
1836 2856233 
1837 2856234 
1838 2856235 
1839 2856239 
1840 2856242 
1841 2856245 
1842 2856245 
1843 2856246 
1844 2856246 
1845 2856247 
1846 2856247 
1847 2856247 
1848 2856248 
1849 2856248 
1850 2856248 
1851 2856249 
1852 2856249 
1853 2856249 
1854 2856250 
1855 2856250 
1856 2856251 
1857 2856251 
1858 2856251 
1859 2856252 
1860 2856252 
1861 2856252 
1862 2856253 
1863 2856253 
1864 2856253 
1865 2856253 
1866 2856254 
1867 2856254 
1868 2856254 
1869 2856255 
1870 2856255 
1871 2856255 
1872 2856255 
1873 2856256 
1874 2856256 
1875 2856256 
1876 2856257 
1877 2856257 
1878 2856257 
1879 2856258 
1880 2856258 
1881 2856258 
1882 2856258 
1883 2856258 
1884 2856259 
1885 2856259 
1886 2856259 
1887 2856259 
1888 2856260 
1889 2856260 
1890 2856260 
1891 2856260 
1892 2856261 
1893 2856261 
1894 2856261 
1895 2856261 
1896 2856262 
1897 2856262 
1898 2856262 
1899 2856262 
1900 2856263 
1901 2856263 
1902 2856263 
1903 2856263 
1904 2856263 
1905 2856264 
1906 2856264 
1907 2856265 
1908 2856265 
1909 2856265 
1910 2856265 
1911 2856266 
1912 2856266 
1913 2856266 
1914 2856267 
1915 2856267 
1916 2856267 
1917 2856268 
1918 2856268 
1919 2856268 
1920 2856269 
1921 2856269 
1922 2856269 
1923 2856270 
1924 2856270 
1925 2856270 
1926 2856271 
1927 2856271 
1928 2856271 
1929 2856272 
1930 2856272 
1931 2856272 
1932 2856273 
1933 2856273 
1934 2856274 
1935 2856274 
1936 2856274 
1937 2856275 
1938 2856275 
1939 2856275 
1940 2856276 
1941 2856276 
1942 2856277 
1943 2856277 
1944 2856277 
1945 2856278 
1946 2856278 
1947 2856278 
1948 2856279 
1949 2856279 
1950 2856279 
1951 2856280 
1952 2856280 
1953 2856280 
1954 2856281 
1955 2856281 
1956 2856281 
1957 2856281 
1958 2856282 
1959 2856282 
1960 2856288 
1961 2856289 
1962 2856289 
1963 2856290 
1964 2856290 
1965 2856291 
1966 2856291 
1967 2856291 
1968 2856292 
1969 2856292 
1970 2856292 
1971 2856293 
1972 2856293 
1973 2856293 
1974 2856294 
1975 2856294 
1976 2856294 
1977 2856295 
1978 2856295 
1979 2856295 
1980 2856296 
1981 2856296 
1982 2856296 
1983 2856297 
1984 2856297 
1985 2856297 
1986 2856298 
1987 2856298 
1988 2856298 
1989 2856299 
1990 2856299 
1991 2856299 
1992 2856300 
1993 2856300 
1994 2856300 
1995 2856301 
1996 2856301 
1997 2856301 
1998 2856302 
1999 2856302 
2000 2856303 
2001 2856303 
2002 2856303 
2003 2856304 
2004 2856304 
2005 2856305 
2006 2856306 
2007 2856308 
2008 2856309 
2009 2856315 
2010 2856316 
2011 2856316 
2012 2856316 
2013 2856317 
2014 2856317 
2015 2856317 
2016 2856318 
2017 2856318 
2018 2856319 
2019 2856320 
2020 2856321 
2021 2856321 
2022 2856322 
2023 2856322 
2024 2856322 
2025 2856323 
2026 2856323 
2027 2856324 
2028 2856324 
2029 2856324 
2030 2856325 
2031 2856325 
2032 2856325 
2033 2856326 
2034 2856326 
2035 2856326 
2036 2856327 
2037 2856327 
2038 2856328 
2039 2856328 
2040 2856328 
2041 2856329 
2042 2856329 
2043 2856329 
2044 2856330 
2045 2856330 
2046 2856330 
2047 2856331 
2048 2856331 
2049 2856331 
2050 2856332 
2051 2856332 
2052 2856332 
2053 2856333 
2054 2856333 
2055 2856333 
2056 2856334 
2057 2856334 
2058 2856334 
2059 2856335 
2060 2856335 
2061 2856335 
2062 2856336 
2063 2856336 
2064 2856336 
2065 2856336 
2066 2856337 
2067 2856337 
2068 2856337 
2069 2856338 
2070 2856338 
2071 2856338 
2072 2856339 
2073 2856339 
2074 2856339 
2075 2856340 
2076 2856340 
2077 2856340 
2078 2856341 
2079 2856341 
2080 2856341 
2081 2856342 
2082 2856342 
2083 2856343 
2084 2856343 
2085 2856344 
2086 2856344 
2087 2856344 
2088 2856345 
2089 2856345 
2090 2856346 
2091 2856346 
2092 2856346 
2093 2856347 
2094 2856347 
2095 2856347 
2096 2856348 
2097 2856348 
2098 2856349 
2099 2856349 
2100 2856350 
2101 2856350 
2102 2856351 
2103 2856351 
2104 2856352 
2105 2856352 
2106 2856353 
2107 2856353 
2108 2856353 
2109 2856354 
2110 2856354 
2111 2856354 
2112 2856354 
2113 2856355 
2114 2856355 
2115 2856356 
2116 2856356 
2117 2856356 
2118 2856356 
2119 2856357 
2120 2856357 
2121 2856357 
2122 2856357 
2123 2856358 
2124 2856358 
2125 2856358 
2126 2856359 
2127 2856359 
2128 2856359 
2129 2856359 
2130 2856360 
2131 2856360 
2132 2856360 
2133 2856360 
2134 2856361 
2135 2856361 
2136 2856362 
2137 2856362 
2138 2856362 
2139 2856362 
2140 2856363 
2141 2856363 
2142 2856364 
2143 2856364 
2144 2856364 
2145 2856365 
2146 2856365 
2147 2856365 
2148 2856366 
2149 2856366 
2150 2856367 
2151 2856367 
2152 2856367 
2153 2856367 
2154 2856368 
2155 2856371 
2156 2856371 
2157 2856372 
2158 2856372 
2159 2856372 
2160 2856372 
2161 2856373 
2162 2856373 
2163 2856373 
2164 2856374 
2165 2856374 
2166 2856374 
2167 2856375 
2168 2856375 
2169 2856375 
2170 2856376 
2171 2856376 
2172 2856376 
2173 2856377 
2174 2856377 
2175 2856377 
2176 2856378 
2177 2856378 
2178 2856378 
2179 2856379 
2180 2856379 
2181 2856379 
2182 2856380 
2183 2856380 
2184 2856380 
2185 2856381 
2186 2856381 
2187 2856381 
2188 2856382 
2189 2856382 
2190 2856382 
2191 2856383 
2192 2856383 
2193 2856384 
2194 2856386 
2195 2856386 
2196 2856386 
2197 2856387 
2198 2856387 
2199 2856387 
2200 2856388 
2201 2856388 
2202 2856389 
2203 2856389 
2204 2856394 
2205 2856394 
2206 2856394 
2207 2856395 
2208 2856395 
2209 2856395 
2210 2856395 
2211 2856396 
2212 2856396 
2213 2856396 
2214 2856396 
2215 2856397 
2216 2856397 
2217 2856397 
2218 2856397 
2219 2856398 
2220 2856398 
2221 2856399 
2222 2856399 
2223 2856399 
2224 2856400 
2225 2856400 
2226 2856400 
2227 2856400 
2228 2856401 
2229 2856401 
2230 2856401 
2231 2856402 
2232 2856402 
2233 2856403 
2234 2856403 
2235 2856404 
2236 2856405 
2237 2856405 
2238 2856405 
2239 2856406 
2240 2856406 
2241 2856409 
2242 2856409 
2243 2856410 
2244 2856410 
2245 2856411 
2246 2856411 
2247 2856412 
2248 2856414 
2249 2856414 
2250 2856416 
2251 2856416 
2252 2856416 
2253 2856417 
2254 2856417 
2255 2856417 
2256 2856417 
2257 2856418 
2258 2856419 
2259 2856419 
2260 2856419 
2261 2856420 
2262 2856420 
2263 2856420 
2264 2856421 
2265 2856421 
2266 2856421 
2267 2856422 
2268 2856422 
2269 2856422 
2270 2856423 
2271 2856423 
2272 2856424 
2273 2856424 
2274 2856424 
2275 2856425 
2276 2856425 
2277 2856427 
2278 2856428 
2279 2856428 
2280 2856428 
2281 2856429 
2282 2856431 
2283 2856431 
2284 2856432 
2285 2856432 
2286 2856433 
2287 2856437 
2288 2856438 
2289 2856438 
2290 2856438 
2291 2856438 
2292 2856439 
2293 2856439 
2294 2856439 
2295 2856440 
2296 2856441 
2297 2856441 
2298 2856442 
2299 2856442 
2300 2856442 
2301 2856443 
2302 2856443 
2303 2856444 
2304 2856444 
2305 2856444 
2306 2856445 
2307 2856445 
2308 2856445 
2309 2856446 
2310 2856446 
2311 2856446 
2312 2856447 
2313 2856447 
2314 2856447 
2315 2856448 
2316 2856448 
2317 2856448 
2318 2856449 
2319 2856449 
2320 2856458 
2321 2856460 
2322 2856461 
2323 2856461 
2324 2856461 
2325 2856463 
2326 2856464 
2327 2856464 
2328 2856465 
2329 2856465 
2330 2856465 
2331 2856466 
2332 2856466 
2333 2856466 
2334 2856467 
2335 2856467 
2336 2856469 
2337 2856471 
2338 2856474 
2339 2856474 
2340 2856475 
2341 2856476 
2342 2856476 
2343 2856477 
2344 2856480 
2345 2856480 
2346 2856481 
2347 2856481 
2348 2856482 
2349 2856482 
2350 2856483 
2351 2856483 
2352 2856483 
2353 2856483 
2354 2856484 
2355 2856484 
2356 2856485 
2357 2856485 
2358 2856485 
2359 2856486 
2360 2856486 
2361 2856487 
2362 2856487 
2363 2856488 
2364 2856489 
2365 2856490 
2366 2856490 
2367 2856490 
2368 2856491 
2369 2856492 
2370 2856492 
2371 2856493 
2372 2856493 
2373 2856494 
2374 2856494 
2375 2856495 
2376 2856495 
2377 2856495 
2378 2856496 
2379 2856497 
2380 2856497 
2381 2856497 
2382 2856498 
2383 2856499 
2384 2856500 
2385 2856500 
2386 2856501 
2387 2856501 
2388 2856502 
2389 2856502 
2390 2856502 
2391 2856503 
2392 2856503 
2393 2856503 
2394 2856504 
2395 2856504 
2396 2856504 
2397 2856505 
2398 2856505 
2399 2856505 
2400 2856506 
2401 2856506 
2402 2856506 
2403 2856506 
2404 2856507 
2405 2856507 
2406 2856507 
2407 2856507 
2408 2856507 
2409 2856508 
2410 2856508 
2411 2856508 
2412 2856509 
2413 2856509 
2414 2856509 
2415 2856510 
2416 2856510 
2417 2856510 
2418 2856511 
2419 2856511 
2420 2856511 
2421 2856512 
2422 2856512 
2423 2856512 
2424 2856513 
2425 2856513 
2426 2856513 
2427 2856514 
2428 2856514 
2429 2856514 
2430 2856514 
2431 2856515 
2432 2856515 
2433 2856515 
2434 2856516 
2435 2856520 
2436 2856521 
2437 2856521 
2438 2856521 
2439 2856522 
2440 2856522 
2441 2856523 
2442 2856524 
2443 2856524 
2444 2856525 
2445 2856525 
2446 2856526 
2447 2856526 
2448 2856527 
2449 2856527 
2450 2856527 
2451 2856528 
2452 2856528 
2453 2856528 
2454 2856529 
2455 2856529 
2456 2856530 
2457 2856530 
2458 2856530 
2459 2856534 
2460 2856534 
2461 2856535 
2462 2856535 
2463 2856535 
2464 2856536 
2465 2856536 
2466 2856536 
2467 2856537 
2468 2856537 
2469 2856538 
2470 2856538 
2471 2856547 
2472 2856547 
2473 2856548 
2474 2856548 
2475 2856552 
2476 2856553 
2477 2856564 
2478 2856565 
2479 2856568 
2480 2856570 
2481 2856571 
2482 2856577 
2483 2856578 
2484 2856578 
2485 2856579 
2486 2856579 
2487 2856579 
2488 2856579 
2489 2856580 
2490 2856581 
2491 2856588 
2492 2856597 
2493 2856599 
2494 2856600 
2495 2856600 
2496 2856608 
2497 2856618 
2498 2856622 
2499 2856623 
2500 2856626 
2501 2856628 
2502 2856630 
2503 2856633 
2504 2856633 
2505 2856633 
2506 2856635 
2507 2856636 
2508 2856636 
2509 2856638 
2510 2856638 
2511 2856639 
2512 2856640 
2513 2856641 
2514 2856643 
2515 2856643 
2516 2856643 
2517 2856643 
2518 2856647 
2519 2856651 
2520 2856668 
2521 2856671 
2522 2856671 
2523 2856671 
2524 2856672 
2525 2856672 
2526 2856672 
2527 2856673 
2528 2856675 
2529 2856675 
2530 2856676 
2531 2856677 
2532 2856678 
2533 2856679 
2534 2856679 
2535 2856679 
2536 2856680 
2537 2856680 
2538 2856681 
2539 2856681 
2540 2856682 
2541 2856682 
2542 2856684 
2543 2856687 
2544 2856688 
2545 2856694 
2546 2856694 
2547 2856695 
2548 2856695 
2549 2856695 
2550 2856698 
2551 2856699 
2552 2856699 
2553 2856699 
2554 2856700 
2555 2856700 
2556 2856701 
2557 2856701 
2558 2856701 
2559 2856702 
2560 2856705 
2561 2856709 
2562 2856710 
2563 2856710 
2564 2856711 
2565 2856711 
2566 2856712 
2567 2856712 
2568 2856713 
2569 2856713 
2570 2856713 
2571 2856714 
2572 2856715 
2573 2856715 
2574 2856715 
2575 2856716 
2576 2856716 
2577 2856717 
2578 2856718 
2579 2856718 
2580 2856718 
2581 2856718 
2582 2856719 
2583 2856722 
2584 2856725 
2585 2856726 
2586 2856727 
2587 2856728 
2588 2856728 
2589 2856728 
2590 2856730 
2591 2856730 
2592 2856730 
2593 2856731 
2594 2856731 
2595 2856732 
2596 2856732 
2597 2856732 
2598 2856733 
2599 2856733 
2600 2856734 
2601 2856734 
2602 2856734 
2603 2856735 
2604 2856735 
2605 2856736 
2606 2856736 
2607 2856737 
2608 2856739 
2609 2856739 
2610 2856740 
2611 2856740 
2612 2856740 
2613 2856740 
2614 2856741 
2615 2856742 
2616 2856742 
2617 2856742 
2618 2856743 
2619 2856743 
2620 2856745 
2621 2856752 
2622 2856753 
2623 2856753 
2624 2856754 
2625 2856759 
2626 2856759 
2627 2856760 
2628 2856761 
2629 2856761 
2630 2856761 
2631 2856762 
2632 2856763 
2633 2856764 
2634 2856764 
2635 2856765 
2636 2856765 
2637 2856765 
2638 2856766 
2639 2856766 
2640 2856766 
2641 2856766 
2642 2856767 
2643 2856767 
2644 2856767 
2645 2856768 
2646 2856768 
2647 2856769 
2648 2856769 
2649 2856770 
2650 2856770 
2651 2856771 
2652 2856772 
2653 2856775 
2654 2856775 
2655 2856775 
2656 2856776 
2657 2856776 
2658 2856776 
2659 2856777 
2660 2856777 
2661 2856777 
2662 2856778 
2663 2856778 
2664 2856778 
2665 2856779 
2666 2856779 
2667 2856780 
2668 2856780 
2669 2856780 
2670 2856781 
2671 2856781 
2672 2856782 
2673 2856782 
2674 2856782 
2675 2856786 
2676 2856786 
2677 2856786 
2678 2856787 
2679 2856787 
2680 2856787 
2681 2856788 
2682 2856788 
2683 2856788 
2684 2856789 
2685 2856789 
2686 2856790 
2687 2856790 
2688 2856790 
2689 2856792 
2690 2856793 
2691 2856794 
2692 2856795 
2693 2856796 
2694 2856796 
2695 2856796 
2696 2856797 
2697 2856797 
2698 2856798 
2699 2856799 
2700 2856799 
2701 2856799 
2702 2856800 
2703 2856807 
2704 2856808 
2705 2856808 
2706 2856808 
2707 2856811 
2708 2856816 
2709 2856816 
2710 2856816 
2711 2856829 
2712 2856830 
2713 2856830 
2714 2856831 
2715 2856833 
2716 2856833 
2717 2856833 
2718 2856836 
2719 2856836 
2720 2856836 
2721 2856837 
2722 2856837 
2723 2856841 
2724 2856842 
2725 2856844 
2726 2856844 
2727 2856845 
2728 2856845 
2729 2856845 
2730 2856846 
2731 2856846 
2732 2856846 
2733 2856847 
2734 2856847 
2735 2856847 
2736 2856848 
2737 2856848 
2738 2856848 
2739 2856849 
2740 2856856 
2741 2856860 
2742 2856861 
2743 2856873 
2744 2856873 
2745 2856874 
2746 2856874 
2747 2856875 
2748 2856876 
2749 2856880 
2750 2856881 
2751 2856884 
2752 2856889 
2753 2856890 
2754 2856891 
2755 2856891 
2756 2856900 
2757 2856901 
2758 2856902 
2759 2856902 
2760 2856904 
2761 2856905 
2762 2856905 
2763 2856905 
2764 2856906 
2765 2856907 
2766 2856907 
2767 2856907 
2768 2856908 
2769 2856908 
2770 2856908 
2771 2856909 
2772 2856909 
2773 2856909 
2774 2856910 
2775 2856910 
2776 2856910 
2777 2856910 
2778 2856911 
2779 2856911 
2780 2856911 
2781 2856912 
2782 2856912 
2783 2856912 
2784 2856912 
2785 2856913 
2786 2856916 
2787 2856916 
2788 2856917 
2789 2856917 
2790 2856917 
2791 2856919 
2792 2856919 
2793 2856920 
2794 2856920 
2795 2856921 
2796 2856921 
2797 2856921 
2798 2856922 
2799 2856922 
2800 2856922 
2801 2856923 
2802 2856923 
2803 2856923 
2804 2856924 
2805 2856927 
2806 2856930 
2807 2856930 
2808 2856931 
2809 2856932 
2810 2856932 
2811 2856933 
2812 2856933 
2813 2856933 
2814 2856934 
2815 2856934 
2816 2856935 
2817 2856935 
2818 2856935 
2819 2856936 
2820 2856936 
2821 2856936 
2822 2856937 
2823 2856937 
2824 2856938 
2825 2856944 
2826 2856948 
2827 2856948 
2828 2856948 
2829 2856949 
2830 2856954 
2831 2856963 
2832 2856964 
2833 2856964 
2834 2856965 
2835 2856967 
2836 2856967 
2837 2856968 
2838 2856968 
2839 2856968 
2840 2856969 
2841 2856969 
2842 2856969 
2843 2856970 
2844 2856971 
2845 2856972 
2846 2856973 
2847 2856973 
2848 2856974 
2849 2856975 
2850 2856977 
2851 2856977 
2852 2856979 
2853 2856980 
2854 2856980 
2855 2856980 
2856 2856983 
2857 2856984 
2858 2856986 
2859 2856986 
2860 2856987 
2861 2856987 
2862 2856987 
2863 2856989 
2864 2856989 
2865 2856990 
2866 2856992 
2867 2856992 
2868 2856993 
2869 2857009 
2870 2857010 
2871 2857010 
2872 2857013 
2873 2857014 
2874 2857015 
2875 2857015 
2876 2857015 
2877 2857016 
2878 2857016 
2879 2857016 
2880 2857017 
2881 2857017 
2882 2857017 
2883 2857018 
2884 2857018 
2885 2857019 
2886 2857019 
2887 2857019 
2888 2857020 
2889 2857020 
2890 2857021 
2891 2857021 
2892 2857025 
2893 2857029 
2894 2857033 
2895 2857033 
2896 2857034 
2897 2857034 
2898 2857035 
2899 2857038 
2900 2857038 
2901 2857039 
2902 2857041 
2903 2857041 
2904 2857047 
2905 2857047 
2906 2857047 
2907 2857051 
2908 2857052 
2909 2857052 
2910 2857053 
2911 2857063 
2912 2857064 
2913 2857064 
2914 2857065 
2915 2857065 
2916 2857065 
2917 2857072 
2918 2857074 
2919 2857074 
2920 2857074 
2921 2857075 
2922 2857076 
2923 2857076 
2924 2857077 
2925 2857077 
2926 2857077 
2927 2857078 
2928 2857078 
2929 2857079 
2930 2857079 
2931 2857080 
2932 2857080 
2933 2857080 
2934 2857081 
2935 2857081 
2936 2857082 
2937 2857082 
2938 2857083 
2939 2857083 
2940 2857084 
2941 2857084 
2942 2857085 
2943 2857085 
2944 2857085 
2945 2857086 
2946 2857086 
2947 2857086 
2948 2857087 
2949 2857087 
2950 2857087 
2951 2857088 
2952 2857089 
2953 2857089 
2954 2857090 
2955 2857090 
2956 2857090 
2957 2857091 
2958 2857095 
2959 2857095 
2960 2857095 
2961 2857096 
2962 2857096 
2963 2857096 
2964 2857097 
2965 2857097 
2966 2857097 
2967 2857098 
2968 2857099 
2969 2857101 
2970 2857102 
2971 2857104 
2972 2857105 
2973 2857105 
2974 2857107 
2975 2857107 
2976 2857108 
2977 2857111 
2978 2857114 
2979 2857114 
2980 2857115 
2981 2857115 
2982 2857123 
2983 2857127 
2984 2857128 
2985 2857128 
2986 2857128 
2987 2857128 
2988 2857129 
2989 2857129 
2990 2857129 
2991 2857130 
2992 2857131 
2993 2857132 
2994 2857132 
2995 2857135 
2996 2857135 
2997 2857137 
2998 2857143 
2999 2857143 
3000 2857145 
3001 2857145 
3002 2857145 
3003 2857146 
3004 2857146 
3005 2857148 
3006 2857149 
3007 2857149 
3008 2857149 
3009 2857149 
3010 2857150 
3011 2857150 
3012 2857150 
3013 2857151 
3014 2857151 
3015 2857151 
3016 2857152 
3017 2857152 
3018 2857152 
3019 2857153 
3020 2857153 
3021 2857153 
3022 2857154 
3023 2857154 
3024 2857154 
3025 2857154 
3026 2857154 
3027 2857154 
3028 2857155 
3029 2857155 
3030 2857155 
3031 2857156 
3032 2857156 
3033 2857156 
3034 2857156 
3035 2857157 
3036 2857157 
3037 2857157 
3038 2857158 
3039 2857158 
3040 2857158 
3041 2857158 
3042 2857158 
3043 2857159 
3044 2857159 
3045 2857159 
3046 2857159 
3047 2857160 
3048 2857160 
3049 2857160 
3050 2857160 
3051 2857161 
3052 2857161 
3053 2857161 
3054 2857162 
3055 2857162 
3056 2857162 
3057 2857162 
3058 2857162 
3059 2857163 
3060 2857163 
3061 2857163 
3062 2857163 
3063 2857163 
3064 2857164 
3065 2857164 
3066 2857164 
3067 2857164 
3068 2857165 
3069 2857166 
3070 2857166 
3071 2857167 
3072 2857167 
3073 2857167 
3074 2857167 
3075 2857172 
3076 2857174 
3077 2857175 
3078 2857176 
3079 2857179 
3080 2857179 
3081 2857180 
3082 2857180 
3083 2857181 
3084 2857181 
3085 2857181 
3086 2857181 
3087 2857182 
3088 2857182 
3089 2857182 
3090 2857183 
3091 2857184 
3092 2857185 
3093 2857186 
3094 2857187 
3095 2857187 
3096 2857187 
3097 2857189 
3098 2857189 
3099 2857190 
3100 2857191 
3101 2857192 
3102 2857198 
3103 2857200 
3104 2857203 
3105 2857207 
3106 2857211 
3107 2857212 
3108 2857212 
3109 2857212 
3110 2857212 
3111 2857213 
3112 2857214 
3113 2857215 
3114 2857215 
3115 2857215 
3116 2857216 
3117 2857216 
3118 2857216 
3119 2857217 
3120 2857217 
3121 2857217 
3122 2857218 
3123 2857218 
3124 2857218 
3125 2857219 
3126 2857219 
3127 2857219 
3128 2857220 
3129 2857220 
3130 2857220 
3131 2857221 
3132 2857221 
3133 2857221 
3134 2857221 
3135 2857222 
3136 2857222 
3137 2857223 
3138 2857223 
3139 2857226 
3140 2857228 
3141 2857228 
3142 2857231 
3143 2857231 
3144 2857234 
3145 2857234 
3146 2857235 
3147 2857237 
3148 2857238 
3149 2857238 
3150 2857238 
3151 2857239 
3152 2857242 
3153 2857244 
3154 2857245 
3155 2857245 
3156 2857245 
3157 2857246 
3158 2857246 
3159 2857247 
3160 2857247 
3161 2857247 
3162 2857248 
3163 2857248 
3164 2857248 
3165 2857249 
3166 2857249 
3167 2857249 
3168 2857250 
3169 2857250 
3170 2857251 
3171 2857251 
3172 2857251 
3173 2857251 
3174 2857252 
3175 2857252 
3176 2857255 
3177 2857256 
3178 2857257 
3179 2857257 
3180 2857257 
3181 2857258 
3182 2857258 
3183 2857258 
3184 2857259 
3185 2857259 
3186 2857260 
3187 2857261 
3188 2857262 
3189 2857262 
3190 2857262 
3191 2857262 
3192 2857263 
3193 2857263 
3194 2857263 
3195 2857265 
3196 2857266 
3197 2857266 
3198 2857266 
3199 2857266 
3200 2857266 
3201 2857267 
3202 2857268 
3203 2857269 
3204 2857270 
3205 2857271 
3206 2857271 
3207 2857272 
3208 2857274 
3209 2857275 
3210 2857279 
3211 2857279 
3212 2857282 
3213 2857282 
3214 2857283 
3215 2857283 
3216 2857284 
3217 2857285 
3218 2857286 
3219 2857286 
3220 2857287 
3221 2857287 
3222 2857287 
3223 2857287 
3224 2857288 
3225 2857288 
3226 2857288 
3227 2857293 
3228 2857293 
3229 2857293 
3230 2857295 
3231 2857295 
3232 2857296 
3233 2857300 
3234 2857302 
3235 2857303 
3236 2857305 
3237 2857306 
3238 2857306 
3239 2857307 
3240 2857308 
3241 2857308 
3242 2857309 
3243 2857309 
3244 2857310 
3245 2857311 
3246 2857311 
3247 2857312 
3248 2857312 
3249 2857312 
3250 2857312 
3251 2857313 
3252 2857313 
3253 2857313 
3254 2857314 
3255 2857314 
3256 2857315 
3257 2857316 
3258 2857316 
3259 2857316 
3260 2857317 
3261 2857317 
3262 2857317 
3263 2857318 
3264 2857318 
3265 2857319 
3266 2857319 
3267 2857320 
3268 2857320 
3269 2857320 
3270 2857320 
3271 2857321 
3272 2857321 
3273 2857321 
3274 2857321 
3275 2857328 
3276 2857329 
3277 2857329 
3278 2857329 
3279 2857330 
3280 2857330 
3281 2857330 
3282 2857331 
3283 2857331 
3284 2857333 
3285 2857333 
3286 2857333 
3287 2857335 
3288 2857335 
3289 2857341 
3290 2857343 
3291 2857343 
3292 2857346 
3293 2857350 
3294 2857370 
3295 2857370 
3296 2857371 
3297 2857372 
3298 2857372 
3299 2857373 
3300 2857374 
3301 2857374 
3302 2857374 
3303 2857375 
3304 2857376 
3305 2857377 
3306 2857378 
3307 2857379 
3308 2857382 
3309 2857383 
3310 2857384 
3311 2857386 
3312 2857388 
3313 2857388 
3314 2857388 
3315 2857389 
3316 2857389 
3317 2857391 
3318 2857394 
3319 2857394 
3320 2857400 
3321 2857400 
3322 2857400 
3323 2857401 
3324 2857402 
3325 2857402 
3326 2857406 
3327 2857407 
3328 2857407 
3329 2857407 
3330 2857408 
3331 2857417 
3332 2857419 
3333 2857426 
3334 2857428 
3335 2857429 
3336 2857430 
3337 2857430 
3338 2857430 
3339 2857431 
3340 2857431 
3341 2857432 
3342 2857432 
3343 2857432 
3344 2857433 
3345 2857433 
3346 2857433 
3347 2857438 
3348 2857438 
3349 2857441 
3350 2857443 
3351 2857446 
3352 2857448 
3353 2857448 
3354 2857448 
3355 2857448 
3356 2857449 
3357 2857449 
3358 2857449 
3359 2857450 
3360 2857450 
3361 2857450 
3362 2857450 
3363 2857451 
3364 2857451 
3365 2857451 
3366 2857452 
3367 2857452 
3368 2857453 
3369 2857453 
3370 2857454 
3371 2857454 
3372 2857455 
3373 2857455 
3374 2857456 
3375 2857457 
3376 2857457 
3377 2857457 
3378 2857459 
3379 2857460 
3380 2857460 
3381 2857460 
3382 2857465 
3383 2857466 
3384 2857467 
3385 2857469 
3386 2857469 
3387 2857470 
3388 2857470 
3389 2857471 
3390 2857471 
3391 2857471 
3392 2857473 
3393 2857473 
3394 2857473 
3395 2857474 
3396 2857474 
3397 2857474 
3398 2857475 
3399 2857475 
3400 2857475 
3401 2857476 
3402 2857476 
3403 2857476 
3404 2857477 
3405 2857477 
3406 2857480 
3407 2857481 
3408 2857486 
3409 2857486 
3410 2857493 
3411 2857493 
3412 2857493 
3413 2857493 
3414 2857498 
3415 2857498 
3416 2857503 
3417 2857504 
3418 2857510 
3419 2857510 
3420 2857511 
3421 2857511 
3422 2857519 
3423 2857520 
3424 2857520 
3425 2857520 
3426 2857521 
3427 2857521 
3428 2857521 
3429 2857522 
3430 2857522 
3431 2857522 
3432 2857523 
3433 2857524 
3434 2857524 
3435 2857525 
3436 2857525 
3437 2857526 
3438 2857527 
3439 2857527 
3440 2857527 
3441 2857528 
3442 2857528 
3443 2857529 
3444 2857529 
3445 2857531 
3446 2857531 
3447 2857532 
3448 2857534 
3449 2857534 
3450 2857535 
3451 2857541 
3452 2857541 
3453 2857541 
3454 2857543 
3455 2857546 
3456 2857546 
3457 2857546 
3458 2857548 
3459 2857548 
3460 2857550 
3461 2857557 
3462 2857564 
3463 2857564 
3464 2857564 
3465 2857565 
3466 2857565 
3467 2857567 
3468 2857567 
3469 2857568 
3470 2857574 
3471 2857580 
3472 2857582 
3473 2857584 
3474 2857585 
3475 2857596 
3476 2857596 
3477 2857597 
3478 2857603 
3479 2857605 
3480 2857614 
3481 2857614 
3482 2857614 
3483 2857615 
3484 2857618 
3485 2857618 
3486 2857620 
3487 2857621 
3488 2857622 
3489 2857622 
3490 2857623 
3491 2857623 
3492 2857623 
3493 2857624 
3494 2857625 
3495 2857626 
3496 2857626 
3497 2857626 
3498 2857634 
3499 2857635 
3500 2857635 
3501 2857637 
3502 2857638 
3503 2857638 
3504 2857639 
3505 2857639 
3506 2857645 
3507 2857645 
3508 2857648 
3509 2857651 
3510 2857652 
3511 2857660 
3512 2857660 
3513 2857662 
3514 2857662 
3515 2857662 
3516 2857663 
3517 2857663 
3518 2857663 
3519 2857664 
3520 2857664 
3521 2857665 
3522 2857665 
3523 2857666 
3524 2857666 
3525 2857668 
3526 2857669 
3527 2857669 
3528 2857671 
3529 2857672 
3530 2857672 
3531 2857672 
3532 2857673 
3533 2857673 
3534 2857679 
3535 2857680 
3536 2857680 
3537 2857680 
3538 2857681 
3539 2857681 
3540 2857682 
3541 2857689 
3542 2857689 
3543 2857689 
3544 2857690 
3545 2857692 
3546 2857693 
3547 2857694 
3548 2857694 
3549 2857695 
3550 2857697 
3551 2857701 
3552 2857702 
3553 2857702 
3554 2857703 
3555 2857705 
3556 2857706 
3557 2857708 
3558 2857708 
3559 2857709 
3560 2857712 
3561 2857717 
3562 2857718 
3563 2857718 
3564 2857722 
3565 2857722 
3566 2857723 
3567 2857723 
3568 2857724 
3569 2857729 
3570 2857729 
3571 2857733 
3572 2857733 
3573 2857734 
3574 2857735 
3575 2857738 
3576 2857748 
3577 2857748 
3578 2857751 
3579 2857753 
3580 2857758 
3581 2857758 
3582 2857758 
3583 2857761 
3584 2857761 
3585 2857762 
3586 2857762 
3587 2857762 
3588 2857764 
3589 2857765 
3590 2857765 
3591 2857765 
3592 2857766 
3593 2857767 
3594 2857767 
3595 2857767 
3596 2857768 
3597 2857770 
3598 2857770 
3599 2857771 
3600 2857775 
3601 2857776 
3602 2857776 
3603 2857776 
3604 2857777 
3605 2857777 
3606 2857777 
3607 2857777 
3608 2857777 
3609 2857778 
3610 2857778 
3611 2857778 
3612 2857778 
3613 2857778 
3614 2857779 
3615 2857779 
3616 2857779 
3617 2857780 
3618 2857780 
3619 2857780 
3620 2857781 
3621 2857781 
3622 2857783 
3623 2857783 
3624 2857784 
3625 2857785 
3626 2857786 
3627 2857787 
3628 2857789 
3629 2857789 
3630 2857789 
3631 2857792 
3632 2857792 
3633 2857793 
3634 2857793 
3635 2857793 
3636 2857794 
3637 2857794 
3638 2857795 
3639 2857797 
3640 2857801 
3641 2857803 
3642 2857803 
3643 2857804 
3644 2857804 
3645 2857805 
3646 2857805 
3647 2857806 
3648 2857806 
3649 2857806 
3650 2857808 
3651 2857809 
3652 2857809 
3653 2857810 
3654 2857810 
3655 2857810 
3656 2857811 
3657 2857811 
3658 2857812 
3659 2857823 
3660 2857823 
3661 2857827 
3662 2857830 
3663 2857830 
3664 2857831 
3665 2857833 
3666 2857834 
3667 2857835 
3668 2857836 
3669 2857837 
3670 2857838 
3671 2857841 
3672 2857842 
3673 2857843 
3674 2857844 
3675 2857846 
3676 2857849 
3677 2857852 
3678 2857855 
3679 2857856 
3680 2857862 
3681 2857862 
3682 2857862 
3683 2857863 
3684 2857863 
3685 2857864 
3686 2857864 
3687 2857864 
3688 2857865 
3689 2857865 
3690 2857865 
3691 2857866 
3692 2857866 
3693 2857866 
3694 2857867 
3695 2857867 
3696 2857867 
3697 2857868 
3698 2857868 
3699 2857869 
3700 2857869 
3701 2857873 
3702 2857874 
3703 2857875 
3704 2857880 
3705 2857881 
3706 2857881 
3707 2857890 
3708 2857900 
3709 2857904 
3710 2857906 
3711 2857912 
3712 2857913 
3713 2857917 
3714 2857921 
3715 2857928 
3716 2857929 
3717 2857930 
3718 2857931 
3719 2857932 
3720 2857933 
3721 2857933 
3722 2857933 
3723 2857933 
3724 2857934 
3725 2857936 
3726 2857936 
3727 2857936 
3728 2857937 
3729 2857938 
3730 2857938 
3731 2857938 
3732 2857938 
3733 2857938 
3734 2857939 
3735 2857941 
3736 2857941 
3737 2857942 
3738 2857943 
3739 2857944 
3740 2857945 
3741 2857945 
3742 2857945 
3743 2857946 
3744 2857946 
3745 2857946 
3746 2857946 
3747 2857946 
3748 2857947 
3749 2857949 
3750 2857949 
3751 2857949 
3752 2857950 
3753 2857950 
3754 2857952 
3755 2857952 
3756 2857953 
3757 2857954 
3758 2857954 
3759 2857954 
3760 2857955 
3761 2857955 
3762 2857955 
3763 2857956 
3764 2857958 
3765 2857958 
3766 2857960 
3767 2857960 
3768 2857962 
3769 2857963 
3770 2857963 
3771 2857963 
3772 2857963 
3773 2857964 
3774 2857965 
3775 2857965 
3776 2857966 
3777 2857966 
3778 2857967 
3779 2857968 
3780 2857969 
3781 2857971 
3782 2857971 
3783 2857971 
3784 2857972 
3785 2857972 
3786 2857974 
3787 2857976 
3788 2857977 
3789 2857977 
3790 2857978 
3791 2857979 
3792 2857979 
3793 2857979 
3794 2857980 
3795 2857981 
3796 2857982 
3797 2857983 
3798 2857983 
3799 2857985 
3800 2857985 
3801 2857987 
3802 2857988 
3803 2857988 
3804 2857989 
3805 2857989 
3806 2857990 
3807 2857990 
3808 2857991 
3809 2857991 
3810 2857992 
3811 2857992 
3812 2857993 
3813 2858000 
3814 2858005 
3815 2858005 
3816 2858009 
3817 2858012 
3818 2858012 
3819 2858012 
3820 2858012 
3821 2858013 
3822 2858013 
3823 2858014 
3824 2858015 
3825 2858015 
3826 2858016 
3827 2858016 
3828 2858016 
3829 2858017 
3830 2858017 
3831 2858017 
3832 2858018 
3833 2858018 
3834 2858019 
3835 2858019 
3836 2858020 
3837 2858020 
3838 2858020 
3839 2858021 
3840 2858022 
3841 2858024 
3842 2858024 
3843 2858025 
3844 2858025 
3845 2858025 
3846 2858026 
3847 2858027 
3848 2858027 
3849 2858027 
3850 2858027 
3851 2858027 
3852 2858028 
3853 2858028 
3854 2858028 
3855 2858033 
3856 2858036 
3857 2858037 
3858 2858037 
3859 2858037 
3860 2858038 
3861 2858038 
3862 2858038 
3863 2858039 
3864 2858041 
3865 2858041 
3866 2858043 
3867 2858045 
3868 2858049 
3869 2858049 
3870 2858050 
3871 2858052 
3872 2858053 
3873 2858056 
3874 2858057 
3875 2858057 
3876 2858058 
3877 2858059 
3878 2858059 
3879 2858060 
3880 2858060 
3881 2858062 
3882 2858062 
3883 2858064 
3884 2858072 
3885 2858074 
3886 2858074 
3887 2858078 
3888 2858078 
3889 2858078 
3890 2858079 
3891 2858079 
3892 2858082 
3893 2858084 
3894 2858085 
3895 2858086 
3896 2858086 
3897 2858086 
3898 2858086 
3899 2858087 
3900 2858087 
3901 2858088 
3902 2858090 
3903 2858090 
3904 2858091 
3905 2858091 
3906 2858092 
3907 2858092 
3908 2858093 
3909 2858094 
3910 2858094 
3911 2858096 
3912 2858096 
3913 2858097 
3914 2858097 
3915 2858097 
3916 2858097 
3917 2858098 
3918 2858098 
3919 2858098 
3920 2858099 
3921 2858099 
3922 2858099 
3923 2858100 
3924 2858100 
3925 2858101 
3926 2858101 
3927 2858102 
3928 2858102 
3929 2858102 
3930 2858103 
3931 2858103 
3932 2858103 
3933 2858104 
3934 2858107 
3935 2858107 
3936 2858108 
3937 2858108 
3938 2858108 
3939 2858109 
3940 2858109 
3941 2858109 
3942 2858109 
3943 2858110 
3944 2858110 
3945 2858113 
3946 2858113 
3947 2858116 
3948 2858116 
3949 2858116 
3950 2858117 
3951 2858118 
3952 2858119 
3953 2858120 
3954 2858120 
3955 2858121 
3956 2858121 
3957 2858121 
3958 2858122 
3959 2858122 
3960 2858122 
3961 2858123 
3962 2858123 
3963 2858124 
3964 2858124 
3965 2858124 
3966 2858125 
3967 2858125 
3968 2858125 
3969 2858129 
3970 2858130 
3971 2858130 
3972 2858131 
3973 2858131 
3974 2858131 
3975 2858132 
3976 2858133 
3977 2858134 
3978 2858141 
3979 2858142 
3980 2858143 
3981 2858155 
3982 2858155 
3983 2858155 
3984 2858155 
3985 2858159 
3986 2858159 
3987 2858161 
3988 2858161 
3989 2858161 
3990 2858162 
3991 2858162 
3992 2858162 
3993 2858162 
3994 2858163 
3995 2858168 
3996 2858169 
3997 2858170 
3998 2858170 
3999 2858171 
4000 2858173 
4001 2858173 
4002 2858174 
4003 2858174 
4004 2858174 
4005 2858175 
4006 2858181 
4007 2858181 
4008 2858182 
4009 2858182 
4010 2858182 
4011 2858183 
4012 2858183 
4013 2858183 
4014 2858184 
4015 2858188 
4016 2858188 
4017 2858189 
4018 2858190 
4019 2858190 
4020 2858191 
4021 2858198 
4022 2858198 
4023 2858199 
4024 2858199 
4025 2858200 
4026 2858200 
4027 2858200 
4028 2858200 
4029 2858201 
4030 2858202 
4031 2858202 
4032 2858205 
4033 2858208 
4034 2858208 
4035 2858211 
4036 2858212 
4037 2858213 
4038 2858216 
4039 2858216 
4040 2858219 
4041 2858222 
4042 2858223 
4043 2858224 
4044 2858225 
4045 2858225 
4046 2858225 
4047 2858226 
4048 2858229 
4049 2858229 
4050 2858232 
4051 2858232 
4052 2858233 
4053 2858233 
4054 2858233 
4055 2858237 
4056 2858241 
4057 2858242 
4058 2858246 
4059 2858248 
4060 2858252 
4061 2858252 
4062 2858254 
4063 2858254 
4064 2858257 
4065 2858260 
4066 2858263 
4067 2858263 
4068 2858267 
4069 2858271 
4070 2858283 
4071 2858286 
4072 2858288 
4073 2858288 
4074 2858289 
4075 2858289 
4076 2858290 
4077 2858292 
4078 2858298 
4079 2858299 
4080 2858310 
4081 2858311 
4082 2858311 
4083 2858311 
4084 2858312 
4085 2858312 
4086 2858312 
4087 2858313 
4088 2858313 
4089 2858313 
4090 2858314 
4091 2858314 
4092 2858314 
4093 2858314 
4094 2858315 
4095 2858316 
4096 2858316 
4097 2858316 
4098 2858317 
4099 2858317 
4100 2858317 
4101 2858318 
4102 2858318 
4103 2858318 
4104 2858319 
4105 2858319 
4106 2858319 
4107 2858320 
4108 2858320 
4109 2858320 
4110 2858321 
4111 2858321 
4112 2858321 
4113 2858322 
4114 2858322 
4115 2858322 
4116 2858322 
4117 2858323 
4118 2858323 
4119 2858324 
4120 2858324 
4121 2858324 
4122 2858324 
4123 2858325 
4124 2858325 
4125 2858325 
4126 2858326 
4127 2858326 
4128 2858326 
4129 2858327 
4130 2858327 
4131 2858327 
4132 2858327 
4133 2858328 
4134 2858328 
4135 2858329 
4136 2858329 
4137 2858332 
4138 2858332 
4139 2858334 
4140 2858335 
4141 2858335 
4142 2858335 
4143 2858336 
4144 2858336 
4145 2858336 
4146 2858337 
4147 2858337 
4148 2858337 
4149 2858338 
4150 2858339 
4151 2858342 
4152 2858342 
4153 2858342 
4154 2858344 
4155 2858345 
4156 2858345 
4157 2858347 
4158 2858348 
4159 2858348 
4160 2858350 
4161 2858350 
4162 2858350 
4163 2858350 
4164 2858350 
4165 2858353 
4166 2858354 
4167 2858354 
4168 2858354 
4169 2858355 
4170 2858356 
4171 2858357 
4172 2858360 
4173 2858360 
4174 2858361 
4175 2858362 
4176 2858363 
4177 2858365 
4178 2858365 
4179 2858366 
4180 2858366 
4181 2858366 
4182 2858369 
4183 2858369 
4184 2858369 
4185 2858369 
4186 2858371 
4187 2858371 
4188 2858371 
4189 2858371 
4190 2858372 
4191 2858373 
4192 2858373 
4193 2858373 
4194 2858374 
4195 2858374 
4196 2858374 
4197 2858375 
4198 2858375 
4199 2858375 
4200 2858375 
4201 2858376 
4202 2858376 
4203 2858376 
4204 2858377 
4205 2858377 
4206 2858377 
4207 2858377 
4208 2858380 
4209 2858381 
4210 2858381 
4211 2858382 
4212 2858383 
4213 2858388 
4214 2858388 
4215 2858389 
4216 2858392 
4217 2858395 
4218 2858396 
4219 2858396 
4220 2858397 
4221 2858397 
4222 2858398 
4223 2858398 
4224 2858399 
4225 2858400 
4226 2858400 
4227 2858400 
