1105 0 0 936 1 92 936 936 15 391 0 936 786 0 309 0 936 936 936 0 913 492 693 0 936 936 314 936 774 936 936 193 139 936 610 667 732 936 588 0 1 0 536 936 936 19 0 936 318 0 456 0 35 0 94 936 936 0 0
0 1105 1105 0 973 19 0 0 0 714 1105 0 0 0 674 1105 0 0 0 1105 0 0 174 1105 0 0 488 0 10 0 0 29 576 0 0 0 0 0 517 910 797 1105 0 0 0 0 1105 0 406 1105 83 1105 1070 1105 1011 0 0 1105 1105
0 1105 1105 0 973 19 0 0 0 714 1105 0 0 0 674 1105 0 0 0 1105 0 0 174 1105 0 0 488 0 10 0 0 29 576 0 0 0 0 0 517 910 797 1105 0 0 0 0 1105 0 406 1105 83 1105 1070 1105 1011 0 0 1105 1105
936 0 0 1105 1 112 1105 1105 0 391 0 1105 955 0 431 0 1105 1105 1105 0 1082 661 862 0 1105 1105 483 1105 814 1105 1105 219 138 1105 779 672 901 1105 588 0 1 0 534 1105 1105 17 0 1105 487 0 428 0 35 0 94 1105 1105 0 0
1 973 973 1 1105 19 1 1 0 582 973 1 117 9 675 973 1 1 1 973 1 1 175 973 1 1 489 1 11 1 1 52 444 1 1 1 1 1 385 778 821 973 1 1 1 1 973 1 407 973 83 973 938 973 879 1 1 973 973
92 19 19 112 19 1105 112 112 0 91 19 112 112 2 39 19 112 112 112 19 106 113 44 19 112 112 54 112 104 112 112 101 61 112 111 125 81 112 91 0 23 19 104 112 112 16 19 112 66 19 156 19 54 19 72 112 112 19 19
936 0 0 1105 1 112 1105 1105 0 391 0 1105 955 0 431 0 1105 1105 1105 0 1082 661 862 0 1105 1105 483 1105 814 1105 1105 219 138 1105 779 672 901 1105 588 0 1 0 534 1105 1105 17 0 1105 487 0 428 0 35 0 94 1105 1105 0 0
936 0 0 1105 1 112 1105 1105 0 391 0 1105 955 0 431 0 1105 1105 1105 0 1082 661 862 0 1105 1105 483 1105 814 1105 1105 219 138 1105 779 672 901 1105 588 0 1 0 534 1105 1105 17 0 1105 487 0 428 0 35 0 94 1105 1105 0 0
15 0 0 0 0 0 0 0 1105 0 0 0 0 0 0 0 0 0 0 0 15 0 0 0 0 0 0 0 0 0 0 0 0 0 0 0 2 0 0 0 0 0 0 0 0 0 0 0 26 0 0 0 0 0 0 0 0 0 0
391 714 714 391 582 91 391 391 0 1105 714 391 391 0 283 714 391 391 391 714 368 150 148 714 391 391 97 391 401 391 391 22 199 391 65 337 187 391 908 714 406 714 391 391 391 0 714 391 15 714 305 714 749 714 808 391 391 714 714
0 1105 1105 0 973 19 0 0 0 714 1105 0 0 0 674 1105 0 0 0 1105 0 0 174 1105 0 0 488 0 10 0 0 29 576 0 0 0 0 0 517 910 797 1105 0 0 0 0 1105 0 406 1105 83 1105 1070 1105 1011 0 0 1105 1105
936 0 0 1105 1 112 1105 1105 0 391 0 1105 955 0 431 0 1105 1105 1105 0 1082 661 862 0 1105 1105 483 1105 814 1105 1105 219 138 1105 779 672 901 1105 588 0 1 0 534 1105 1105 17 0 1105 487 0 428 0 35 0 94 1105 1105 0 0
786 0 0 955 117 112 955 955 0 391 0 955 1105 0 281 0 955 955 955 0 932 511 712 0 955 955 333 955 684 955 955 204 138 955 629 522 751 955 588 0 54 0 535 955 955 18 0 955 337 0 323 0 35 0 94 955 955 0 0
0 0 0 0 9 2 0 0 0 0 0 0 0 1105 0 0 0 0 0 0 0 7 0 0 0 0 0 0 0 0 0 0 0 0 0 0 87 0 0 0 75 0 11 0 0 0 0 0 0 0 0 0 0 0 0 0 0 0 0
309 674 674 431 675 39 431 431 0 283 674 431 281 0 1105 674 431 431 431 674 431 431 605 674 431 431 919 431 150 431 431 137 515 431 431 335 431 431 86 479 675 674 0 431 431 17 674 431 837 674 206 674 639 674 580 431 431 674 674
0 1105 1105 0 973 19 0 0 0 714 1105 0 0 0 674 1105 0 0 0 1105 0 0 174 1105 0 0 488 0 10 0 0 29 576 0 0 0 0 0 517 910 797 1105 0 0 0 0 1105 0 406 1105 83 1105 1070 1105 1011 0 0 1105 1105
936 0 0 1105 1 112 1105 1105 0 391 0 1105 955 0 431 0 1105 1105 1105 0 1082 661 862 0 1105 1105 483 1105 814 1105 1105 219 138 1105 779 672 901 1105 588 0 1 0 534 1105 1105 17 0 1105 487 0 428 0 35 0 94 1105 1105 0 0
936 0 0 1105 1 112 1105 1105 0 391 0 1105 955 0 431 0 1105 1105 1105 0 1082 661 862 0 1105 1105 483 1105 814 1105 1105 219 138 1105 779 672 901 1105 588 0 1 0 534 1105 1105 17 0 1105 487 0 428 0 35 0 94 1105 1105 0 0
936 0 0 1105 1 112 1105 1105 0 391 0 1105 955 0 431 0 1105 1105 1105 0 1082 661 862 0 1105 1105 483 1105 814 1105 1105 219 138 1105 779 672 901 1105 588 0 1 0 534 1105 1105 17 0 1105 487 0 428 0 35 0 94 1105 1105 0 0
0 1105 1105 0 973 19 0 0 0 714 1105 0 0 0 674 1105 0 0 0 1105 0 0 174 1105 0 0 488 0 10 0 0 29 576 0 0 0 0 0 517 910 797 1105 0 0 0 0 1105 0 406 1105 83 1105 1070 1105 1011 0 0 1105 1105
913 0 0 1082 1 106 1082 1082 15 368 0 1082 932 0 431 0 1082 1082 1082 0 1105 638 862 0 1082 1082 483 1082 791 1082 1082 219 138 1082 772 649 901 1082 565 0 1 0 511 1082 1082 17 0 1082 487 0 405 0 35 0 71 1082 1082 0 0
492 0 0 661 1 113 661 661 0 150 0 661 511 7 431 0 661 661 661 0 638 1105 517 0 661 661 498 661 370 661 661 189 148 661 563 498 535 661 150 0 1 0 153 661 661 26 0 661 512 0 295 0 34 0 93 661 661 0 0
693 174 174 862 175 44 862 862 0 148 174 862 712 0 605 174 862 862 862 174 862 517 1105 174 862 862 657 862 571 862 862 231 312 862 728 429 829 862 345 0 175 174 291 862 862 20 174 862 661 174 185 174 139 174 80 862 862 174 174
0 1105 1105 0 973 19 0 0 0 714 1105 0 0 0 674 1105 0 0 0 1105 0 0 174 1105 0 0 488 0 10 0 0 29 576 0 0 0 0 0 517 910 797 1105 0 0 0 0 1105 0 406 1105 83 1105 1070 1105 1011 0 0 1105 1105
936 0 0 1105 1 112 1105 1105 0 391 0 1105 955 0 431 0 1105 1105 1105 0 1082 661 862 0 1105 1105 483 1105 814 1105 1105 219 138 1105 779 672 901 1105 588 0 1 0 534 1105 1105 17 0 1105 487 0 428 0 35 0 94 1105 1105 0 0
936 0 0 1105 1 112 1105 1105 0 391 0 1105 955 0 431 0 1105 1105 1105 0 1082 661 862 0 1105 1105 483 1105 814 1105 1105 219 138 1105 779 672 901 1105 588 0 1 0 534 1105 1105 17 0 1105 487 0 428 0 35 0 94 1105 1105 0 0
314 488 488 483 489 54 483 483 0 97 488 483 333 0 919 488 483 483 483 488 483 498 657 488 483 483 1105 483 192 483 483 176 643 483 483 463 483 483 0 293 489 488 2 483 483 17 488 483 1002 488 286 488 453 488 394 483 483 488 488
936 0 0 1105 1 112 1105 1105 0 391 0 1105 955 0 431 0 1105 1105 1105 0 1082 661 862 0 1105 1105 483 1105 814 1105 1105 219 138 1105 779 672 901 1105 588 0 1 0 534 1105 1105 17 0 1105 487 0 428 0 35 0 94 1105 1105 0 0
774 10 10 814 11 104 814 814 0 401 10 814 684 0 150 10 814 814 814 10 791 370 571 10 814 814 192 814 1105 814 814 191 84 814 488 515 610 814 598 10 173 10 536 814 814 2 10 814 196 10 701 10 45 10 104 814 814 10 10
936 0 0 1105 1 112 1105 1105 0 391 0 1105 955 0 431 0 1105 1105 1105 0 1082 661 862 0 1105 1105 483 1105 814 1105 1105 219 138 1105 779 672 901 1105 588 0 1 0 534 1105 1105 17 0 1105 487 0 428 0 35 0 94 1105 1105 0 0
936 0 0 1105 1 112 1105 1105 0 391 0 1105 955 0 431 0 1105 1105 1105 0 1082 661 862 0 1105 1105 483 1105 814 1105 1105 219 138 1105 779 672 901 1105 588 0 1 0 534 1105 1105 17 0 1105 487 0 428 0 35 0 94 1105 1105 0 0
193 29 29 219 52 101 219 219 0 22 29 219 204 0 137 29 219 219 219 29 219 189 231 29 219 219 176 219 191 219 219 1105 84 219 200 132 311 219 45 29 90 29 274 219 219 299 29 219 196 29 137 29 29 29 29 219 219 29 29
139 576 576 138 444 61 138 138 0 199 576 138 138 0 515 576 138 138 138 576 138 148 312 576 138 138 643 138 84 138 138 84 1105 138 138 423 138 138 199 381 382 576 7 138 138 16 576 138 654 576 341 576 541 576 482 138 138 576 576
936 0 0 1105 1 112 1105 1105 0 391 0 1105 955 0 431 0 1105 1105 1105 0 1082 661 862 0 1105 1105 483 1105 814 1105 1105 219 138 1105 779 672 901 1105 588 0 1 0 534 1105 1105 17 0 1105 487 0 428 0 35 0 94 1105 1105 0 0
610 0 0 779 1 111 779 779 0 65 0 779 629 0 431 0 779 779 779 0 772 563 728 0 779 779 483 779 488 779 779 200 138 779 1105 390 756 779 262 11 1 0 208 779 779 98 0 779 487 0 181 0 31 0 50 779 779 0 0
667 0 0 672 1 125 672 672 0 337 0 672 522 0 335 0 672 672 672 0 649 498 429 0 672 672 463 672 515 672 672 132 423 672 390 1105 468 672 337 0 1 0 340 672 672 18 0 672 474 0 665 0 35 0 94 672 672 0 0
732 0 0 901 1 81 901 901 2 187 0 901 751 87 431 0 901 901 901 0 901 535 829 0 901 901 483 901 610 901 901 311 138 901 756 468 1105 901 384 6 1 0 330 901 901 21 0 901 487 0 224 0 19 0 19 901 901 0 0
936 0 0 1105 1 112 1105 1105 0 391 0 1105 955 0 431 0 1105 1105 1105 0 1082 661 862 0 1105 1105 483 1105 814 1105 1105 219 138 1105 779 672 901 1105 588 0 1 0 534 1105 1105 17 0 1105 487 0 428 0 35 0 94 1105 1105 0 0
588 517 517 588 385 91 588 588 0 908 517 588 588 0 86 517 588 588 588 517 565 150 345 517 588 588 0 588 598 588 588 45 199 588 262 337 384 588 1105 517 209 517 534 588 588 0 517 588 0 517 305 517 552 517 611 588 588 517 517
0 910 910 0 778 0 0 0 0 714 910 0 0 0 479 910 0 0 0 910 0 0 0 910 0 0 293 0 10 0 0 29 381 0 11 0 6 0 517 1105 602 910 0 0 0 6 910 0 211 910 83 910 910 910 910 0 0 910 910
1 797 797 1 821 23 1 1 0 406 797 1 54 75 675 797 1 1 1 797 1 1 175 797 1 1 489 1 173 1 1 90 382 1 1 1 1 1 209 602 1105 797 15 1 1 15 797 1 407 797 258 797 762 797 703 1 1 797 797
0 1105 1105 0 973 19 0 0 0 714 1105 0 0 0 674 1105 0 0 0 1105 0 0 174 1105 0 0 488 0 10 0 0 29 576 0 0 0 0 0 517 910 797 1105 0 0 0 0 1105 0 406 1105 83 1105 1070 1105 1011 0 0 1105 1105
536 0 0 534 1 104 534 534 0 391 0 534 535 11 0 0 534 534 534 0 511 153 291 0 534 534 2 534 536 534 534 274 7 534 208 340 330 534 534 0 15 0 1105 534 534 535 0 534 3 0 309 0 35 0 94 534 534 0 0
936 0 0 1105 1 112 1105 1105 0 391 0 1105 955 0 431 0 1105 1105 1105 0 1082 661 862 0 1105 1105 483 1105 814 1105 1105 219 138 1105 779 672 901 1105 588 0 1 0 534 1105 1105 17 0 1105 487 0 428 0 35 0 94 1105 1105 0 0
936 0 0 1105 1 112 1105 1105 0 391 0 1105 955 0 431 0 1105 1105 1105 0 1082 661 862 0 1105 1105 483 1105 814 1105 1105 219 138 1105 779 672 901 1105 588 0 1 0 534 1105 1105 17 0 1105 487 0 428 0 35 0 94 1105 1105 0 0
19 0 0 17 1 16 17 17 0 0 0 17 18 0 17 0 17 17 17 0 17 26 20 0 17 17 17 17 2 17 17 299 16 17 98 18 21 17 0 6 15 0 535 17 17 1105 0 17 18 0 5 0 0 0 0 17 17 0 0
0 1105 1105 0 973 19 0 0 0 714 1105 0 0 0 674 1105 0 0 0 1105 0 0 174 1105 0 0 488 0 10 0 0 29 576 0 0 0 0 0 517 910 797 1105 0 0 0 0 1105 0 406 1105 83 1105 1070 1105 1011 0 0 1105 1105
936 0 0 1105 1 112 1105 1105 0 391 0 1105 955 0 431 0 1105 1105 1105 0 1082 661 862 0 1105 1105 483 1105 814 1105 1105 219 138 1105 779 672 901 1105 588 0 1 0 534 1105 1105 17 0 1105 487 0 428 0 35 0 94 1105 1105 0 0
318 406 406 487 407 66 487 487 26 15 406 487 337 0 837 406 487 487 487 406 487 512 661 406 487 487 1002 487 196 487 487 196 654 487 487 474 487 487 0 211 407 406 3 487 487 18 406 487 1105 406 278 406 371 406 312 487 487 406 406
0 1105 1105 0 973 19 0 0 0 714 1105 0 0 0 674 1105 0 0 0 1105 0 0 174 1105 0 0 488 0 10 0 0 29 576 0 0 0 0 0 517 910 797 1105 0 0 0 0 1105 0 406 1105 83 1105 1070 1105 1011 0 0 1105 1105
456 83 83 428 83 156 428 428 0 305 83 428 323 0 206 83 428 428 428 83 405 295 185 83 428 428 286 428 701 428 428 137 341 428 181 665 224 428 305 83 258 83 309 428 428 5 83 428 278 83 1105 83 118 83 177 428 428 83 83
0 1105 1105 0 973 19 0 0 0 714 1105 0 0 0 674 1105 0 0 0 1105 0 0 174 1105 0 0 488 0 10 0 0 29 576 0 0 0 0 0 517 910 797 1105 0 0 0 0 1105 0 406 1105 83 1105 1070 1105 1011 0 0 1105 1105
35 1070 1070 35 938 54 35 35 0 749 1070 35 35 0 639 1070 35 35 35 1070 35 34 139 1070 35 35 453 35 45 35 35 29 541 35 31 35 19 35 552 910 762 1070 35 35 35 0 1070 35 371 1070 118 1070 1105 1070 1046 35 35 1070 1070
0 1105 1105 0 973 19 0 0 0 714 1105 0 0 0 674 1105 0 0 0 1105 0 0 174 1105 0 0 488 0 10 0 0 29 576 0 0 0 0 0 517 910 797 1105 0 0 0 0 1105 0 406 1105 83 1105 1070 1105 1011 0 0 1105 1105
94 1011 1011 94 879 72 94 94 0 808 1011 94 94 0 580 1011 94 94 94 1011 71 93 80 1011 94 94 394 94 104 94 94 29 482 94 50 94 19 94 611 910 703 1011 94 94 94 0 1011 94 312 1011 177 1011 1046 1011 1105 94 94 1011 1011
936 0 0 1105 1 112 1105 1105 0 391 0 1105 955 0 431 0 1105 1105 1105 0 1082 661 862 0 1105 1105 483 1105 814 1105 1105 219 138 1105 779 672 901 1105 588 0 1 0 534 1105 1105 17 0 1105 487 0 428 0 35 0 94 1105 1105 0 0
936 0 0 1105 1 112 1105 1105 0 391 0 1105 955 0 431 0 1105 1105 1105 0 1082 661 862 0 1105 1105 483 1105 814 1105 1105 219 138 1105 779 672 901 1105 588 0 1 0 534 1105 1105 17 0 1105 487 0 428 0 35 0 94 1105 1105 0 0
0 1105 1105 0 973 19 0 0 0 714 1105 0 0 0 674 1105 0 0 0 1105 0 0 174 1105 0 0 488 0 10 0 0 29 576 0 0 0 0 0 517 910 797 1105 0 0 0 0 1105 0 406 1105 83 1105 1070 1105 1011 0 0 1105 1105
0 1105 1105 0 973 19 0 0 0 714 1105 0 0 0 674 1105 0 0 0 1105 0 0 174 1105 0 0 488 0 10 0 0 29 576 0 0 0 0 0 517 910 797 1105 0 0 0 0 1105 0 406 1105 83 1105 1070 1105 1011 0 0 1105 1105
