1 2390400 
2 2390400 
3 2390401 
4 2390401 
5 2390401 
6 2390402 
7 2390402 
8 2390402 
9 2390403 
10 2390403 
11 2390403 
12 2390403 
13 2390404 
14 2390404 
15 2390404 
16 2390405 
17 2390405 
18 2390405 
19 2390405 
20 2390405 
21 2390406 
22 2390406 
23 2390406 
24 2390407 
25 2390407 
26 2390407 
27 2390407 
28 2390408 
29 2390408 
30 2390408 
31 2390409 
32 2390409 
33 2390410 
34 2390410 
35 2390411 
36 2390415 
37 2390416 
38 2390418 
39 2390420 
40 2390420 
41 2390422 
42 2390424 
43 2390426 
44 2390429 
45 2390430 
46 2390430 
47 2390431 
48 2390431 
49 2390435 
50 2390435 
51 2390435 
52 2390435 
53 2390436 
54 2390436 
55 2390436 
56 2390437 
57 2390438 
58 2390438 
59 2390440 
60 2390440 
61 2390444 
62 2390444 
63 2390445 
64 2390445 
65 2390445 
66 2390446 
67 2390446 
68 2390446 
69 2390447 
70 2390447 
71 2390447 
72 2390448 
73 2390450 
74 2390450 
75 2390451 
76 2390451 
77 2390451 
78 2390452 
79 2390454 
80 2390454 
81 2390455 
82 2390456 
83 2390456 
84 2390457 
85 2390457 
86 2390458 
87 2390458 
88 2390458 
89 2390459 
90 2390459 
91 2390459 
92 2390460 
93 2390460 
94 2390460 
95 2390460 
96 2390461 
97 2390461 
98 2390462 
99 2390462 
100 2390463 
101 2390464 
102 2390464 
103 2390464 
104 2390465 
105 2390465 
106 2390465 
107 2390465 
108 2390466 
109 2390466 
110 2390466 
111 2390466 
112 2390467 
113 2390467 
114 2390467 
115 2390468 
116 2390468 
117 2390468 
118 2390468 
119 2390468 
120 2390469 
121 2390469 
122 2390469 
123 2390469 
124 2390470 
125 2390470 
126 2390470 
127 2390471 
128 2390471 
129 2390471 
130 2390471 
131 2390472 
132 2390472 
133 2390472 
134 2390473 
135 2390473 
136 2390474 
137 2390474 
138 2390475 
139 2390476 
140 2390476 
141 2390476 
142 2390482 
143 2390482 
144 2390482 
145 2390483 
146 2390483 
147 2390483 
148 2390483 
149 2390484 
150 2390488 
151 2390488 
152 2390489 
153 2390489 
154 2390489 
155 2390490 
156 2390490 
157 2390490 
158 2390490 
159 2390491 
160 2390491 
161 2390491 
162 2390491 
163 2390492 
164 2390492 
165 2390492 
166 2390493 
167 2390493 
168 2390493 
169 2390494 
170 2390494 
171 2390494 
172 2390494 
173 2390495 
174 2390495 
175 2390496 
176 2390496 
177 2390497 
178 2390497 
179 2390497 
180 2390497 
181 2390497 
182 2390498 
183 2390498 
184 2390498 
185 2390498 
186 2390499 
187 2390499 
188 2390499 
189 2390500 
190 2390500 
191 2390500 
192 2390501 
193 2390501 
194 2390501 
195 2390501 
196 2390501 
197 2390502 
198 2390502 
199 2390502 
200 2390502 
201 2390503 
202 2390503 
203 2390503 
204 2390504 
205 2390504 
206 2390504 
207 2390505 
208 2390505 
209 2390505 
210 2390506 
211 2390506 
212 2390506 
213 2390506 
214 2390507 
215 2390507 
216 2390507 
217 2390508 
218 2390508 
219 2390509 
220 2390509 
221 2390512 
222 2390512 
223 2390513 
224 2390513 
225 2390513 
226 2390513 
227 2390514 
228 2390514 
229 2390514 
230 2390515 
231 2390516 
232 2390516 
233 2390517 
234 2390517 
235 2390517 
236 2390518 
237 2390518 
238 2390519 
239 2390519 
240 2390520 
241 2390520 
242 2390520 
243 2390520 
244 2390521 
245 2390521 
246 2390521 
247 2390521 
248 2390521 
249 2390522 
250 2390522 
251 2390522 
252 2390522 
253 2390524 
254 2390524 
255 2390524 
256 2390525 
257 2390525 
258 2390525 
259 2390525 
260 2390526 
261 2390526 
262 2390526 
263 2390527 
264 2390527 
265 2390527 
266 2390529 
267 2390529 
268 2390530 
269 2390531 
270 2390531 
271 2390531 
272 2390531 
273 2390531 
274 2390532 
275 2390533 
276 2390534 
277 2390534 
278 2390534 
279 2390535 
280 2390535 
281 2390537 
282 2390537 
283 2390539 
284 2390540 
285 2390540 
286 2390540 
287 2390541 
288 2390541 
289 2390542 
290 2390542 
291 2390543 
292 2390543 
293 2390543 
294 2390544 
295 2390544 
296 2390544 
297 2390545 
298 2390545 
299 2390545 
300 2390546 
301 2390547 
302 2390547 
303 2390547 
304 2390548 
305 2390548 
306 2390548 
307 2390549 
308 2390549 
309 2390550 
310 2390550 
311 2390550 
312 2390551 
313 2390551 
314 2390551 
315 2390553 
316 2390553 
317 2390556 
318 2390556 
319 2390557 
320 2390557 
321 2390557 
322 2390557 
323 2390558 
324 2390558 
325 2390558 
326 2390559 
327 2390559 
328 2390559 
329 2390560 
330 2390560 
331 2390560 
332 2390561 
333 2390561 
334 2390562 
335 2390562 
336 2390562 
337 2390562 
338 2390563 
339 2390563 
340 2390563 
341 2390564 
342 2390564 
343 2390564 
344 2390565 
345 2390565 
346 2390565 
347 2390566 
348 2390566 
349 2390568 
350 2390568 
351 2390569 
352 2390569 
353 2390569 
354 2390570 
355 2390571 
356 2390572 
357 2390572 
358 2390573 
359 2390573 
360 2390573 
361 2390573 
362 2390575 
363 2390575 
364 2390579 
365 2390579 
366 2390580 
367 2390580 
368 2390581 
369 2390581 
370 2390581 
371 2390584 
372 2390584 
373 2390584 
374 2390584 
375 2390584 
376 2390585 
377 2390585 
378 2390585 
379 2390585 
380 2390586 
381 2390587 
382 2390588 
383 2390588 
384 2390588 
385 2390588 
386 2390591 
387 2390592 
388 2390592 
389 2390593 
390 2390593 
391 2390593 
392 2390593 
393 2390594 
394 2390594 
395 2390594 
396 2390594 
397 2390595 
398 2390595 
399 2390595 
400 2390596 
401 2390596 
402 2390597 
403 2390600 
404 2390600 
405 2390600 
406 2390603 
407 2390604 
408 2390604 
409 2390605 
410 2390607 
411 2390607 
412 2390607 
413 2390608 
414 2390610 
415 2390611 
416 2390611 
417 2390612 
418 2390615 
419 2390615 
420 2390615 
421 2390616 
422 2390616 
423 2390617 
424 2390617 
425 2390617 
426 2390617 
427 2390618 
428 2390619 
429 2390620 
430 2390621 
431 2390623 
432 2390625 
433 2390625 
434 2390625 
435 2390625 
436 2390626 
437 2390626 
438 2390626 
439 2390627 
440 2390627 
441 2390628 
442 2390628 
443 2390629 
444 2390630 
445 2390630 
446 2390632 
447 2390632 
448 2390634 
449 2390636 
450 2390636 
451 2390636 
452 2390637 
453 2390637 
454 2390637 
455 2390638 
456 2390638 
457 2390638 
458 2390639 
459 2390639 
460 2390639 
461 2390640 
462 2390640 
463 2390640 
464 2390641 
465 2390641 
466 2390641 
467 2390642 
468 2390642 
469 2390643 
470 2390643 
471 2390643 
472 2390644 
473 2390644 
474 2390645 
475 2390647 
476 2390648 
477 2390648 
478 2390648 
479 2390649 
480 2390650 
481 2390650 
482 2390650 
483 2390651 
484 2390652 
485 2390652 
486 2390653 
487 2390653 
488 2390653 
489 2390654 
490 2390655 
491 2390657 
492 2390658 
493 2390660 
494 2390660 
495 2390660 
496 2390664 
497 2390664 
498 2390665 
499 2390665 
500 2390665 
501 2390666 
502 2390666 
503 2390667 
504 2390667 
505 2390670 
506 2390670 
507 2390670 
508 2390671 
509 2390671 
510 2390671 
511 2390672 
512 2390672 
513 2390672 
514 2390672 
515 2390673 
516 2390673 
517 2390673 
518 2390674 
519 2390674 
520 2390674 
521 2390674 
522 2390675 
523 2390675 
524 2390675 
525 2390676 
526 2390676 
527 2390676 
528 2390677 
529 2390677 
530 2390677 
531 2390677 
532 2390679 
533 2390679 
534 2390679 
535 2390679 
536 2390682 
537 2390682 
538 2390682 
539 2390682 
540 2390683 
541 2390683 
542 2390683 
543 2390684 
544 2390684 
545 2390685 
546 2390686 
547 2390687 
548 2390687 
549 2390687 
550 2390688 
551 2390688 
552 2390688 
553 2390689 
554 2390689 
555 2390689 
556 2390690 
557 2390690 
558 2390691 
559 2390691 
560 2390691 
561 2390691 
562 2390692 
563 2390692 
564 2390692 
565 2390695 
566 2390695 
567 2390696 
568 2390696 
569 2390696 
570 2390696 
571 2390696 
572 2390697 
573 2390697 
574 2390698 
575 2390699 
576 2390699 
577 2390699 
578 2390700 
579 2390700 
580 2390700 
581 2390701 
582 2390702 
583 2390703 
584 2390703 
585 2390703 
586 2390704 
587 2390704 
588 2390704 
589 2390705 
590 2390706 
591 2390707 
592 2390707 
593 2390707 
594 2390708 
595 2390709 
596 2390711 
597 2390711 
598 2390711 
599 2390711 
600 2390712 
601 2390712 
602 2390713 
603 2390713 
604 2390713 
605 2390715 
606 2390715 
607 2390715 
608 2390716 
609 2390716 
610 2390717 
611 2390718 
612 2390719 
613 2390721 
614 2390721 
615 2390721 
616 2390723 
617 2390723 
618 2390723 
619 2390724 
620 2390725 
621 2390726 
622 2390726 
623 2390727 
624 2390729 
625 2390731 
626 2390732 
627 2390732 
628 2390733 
629 2390733 
630 2390736 
631 2390736 
632 2390737 
633 2390737 
634 2390738 
635 2390738 
636 2390739 
637 2390739 
638 2390741 
639 2390742 
640 2390742 
641 2390745 
642 2390745 
643 2390745 
644 2390746 
645 2390746 
646 2390746 
647 2390748 
648 2390748 
649 2390748 
650 2390749 
651 2390749 
652 2390749 
653 2390750 
654 2390751 
655 2390752 
656 2390752 
657 2390752 
658 2390752 
659 2390755 
660 2390755 
661 2390755 
662 2390756 
663 2390756 
664 2390757 
665 2390758 
666 2390758 
667 2390758 
668 2390759 
669 2390759 
670 2390760 
671 2390760 
672 2390760 
673 2390760 
674 2390761 
675 2390761 
676 2390761 
677 2390762 
678 2390764 
679 2390764 
680 2390765 
681 2390765 
682 2390766 
683 2390766 
684 2390767 
685 2390767 
686 2390771 
687 2390771 
688 2390772 
689 2390774 
690 2390776 
691 2390777 
692 2390777 
693 2390777 
694 2390778 
695 2390778 
696 2390780 
697 2390780 
698 2390784 
699 2390785 
700 2390786 
701 2390786 
702 2390787 
703 2390790 
704 2390791 
705 2390798 
706 2390798 
707 2390798 
708 2390800 
709 2390801 
710 2390801 
711 2390801 
712 2390802 
713 2390803 
714 2390803 
715 2390804 
716 2390805 
717 2390810 
718 2390811 
719 2390811 
720 2390811 
721 2390814 
722 2390814 
723 2390817 
724 2390817 
725 2390817 
726 2390818 
727 2390818 
728 2390818 
729 2390818 
730 2390819 
731 2390819 
732 2390819 
733 2390819 
734 2390820 
735 2390820 
736 2390821 
737 2390821 
738 2390823 
739 2390823 
740 2390823 
741 2390824 
742 2390824 
743 2390824 
744 2390825 
745 2390825 
746 2390825 
747 2390826 
748 2390826 
749 2390826 
750 2390827 
751 2390827 
752 2390828 
753 2390828 
754 2390828 
755 2390830 
756 2390831 
757 2390831 
758 2390832 
759 2390834 
760 2390834 
761 2390834 
762 2390836 
763 2390836 
764 2390836 
765 2390836 
766 2390837 
767 2390837 
768 2390838 
769 2390838 
770 2390839 
771 2390840 
772 2390840 
773 2390840 
774 2390840 
775 2390841 
776 2390841 
777 2390841 
778 2390842 
779 2390842 
780 2390842 
781 2390843 
782 2390843 
783 2390844 
784 2390844 
785 2390844 
786 2390845 
787 2390845 
788 2390845 
789 2390848 
790 2390849 
791 2390850 
792 2390850 
793 2390850 
794 2390851 
795 2390851 
796 2390851 
797 2390852 
798 2390852 
799 2390852 
800 2390853 
801 2390853 
802 2390853 
803 2390853 
804 2390854 
805 2390854 
806 2390855 
807 2390855 
808 2390855 
809 2390855 
810 2390856 
811 2390858 
812 2390859 
813 2390859 
814 2390859 
815 2390860 
816 2390860 
817 2390860 
818 2390861 
819 2390862 
820 2390864 
821 2390864 
822 2390864 
823 2390865 
824 2390865 
825 2390866 
826 2390866 
827 2390867 
828 2390870 
829 2390871 
830 2390872 
831 2390872 
832 2390872 
833 2390872 
834 2390873 
835 2390873 
836 2390873 
837 2390874 
838 2390874 
839 2390874 
840 2390875 
841 2390877 
842 2390877 
843 2390877 
844 2390878 
845 2390878 
846 2390891 
847 2390892 
848 2390893 
849 2390893 
850 2390895 
851 2390895 
852 2390896 
853 2390896 
854 2390900 
855 2390903 
856 2390907 
857 2390909 
858 2390909 
859 2390909 
860 2390912 
861 2390912 
862 2390912 
863 2390913 
864 2390913 
865 2390914 
866 2390914 
867 2390916 
868 2390916 
869 2390916 
870 2390917 
871 2390917 
872 2390917 
873 2390917 
874 2390920 
875 2390920 
876 2390921 
877 2390926 
878 2390935 
879 2390937 
880 2390938 
881 2390939 
882 2390942 
883 2390944 
884 2390947 
885 2390948 
886 2390948 
887 2390949 
888 2390950 
889 2390955 
890 2390958 
891 2390959 
892 2390960 
893 2390962 
894 2390962 
895 2390969 
896 2390969 
897 2390973 
898 2390973 
899 2390974 
900 2390976 
901 2390978 
902 2390978 
903 2390979 
904 2390979 
905 2390981 
906 2390982 
907 2390983 
908 2390983 
909 2390983 
910 2390983 
911 2390984 
912 2390985 
913 2390985 
914 2390985 
915 2390986 
916 2390986 
917 2390986 
918 2390986 
919 2390987 
920 2390987 
921 2390987 
922 2390989 
923 2390989 
924 2390991 
925 2390992 
926 2390992 
927 2390992 
928 2390993 
929 2390993 
930 2390993 
931 2390993 
932 2390994 
933 2390994 
934 2390996 
935 2390997 
936 2390997 
937 2390997 
938 2390998 
939 2390998 
940 2390998 
941 2390999 
942 2390999 
943 2390999 
944 2391000 
945 2391002 
946 2391007 
947 2391007 
948 2391007 
949 2391008 
950 2391010 
951 2391011 
952 2391012 
953 2391013 
954 2391015 
955 2391015 
956 2391015 
957 2391016 
958 2391016 
959 2391016 
960 2391016 
961 2391018 
962 2391019 
963 2391020 
964 2391020 
965 2391020 
966 2391020 
967 2391021 
968 2391021 
969 2391021 
970 2391021 
971 2391021 
972 2391022 
973 2391022 
974 2391022 
975 2391023 
976 2391023 
977 2391023 
978 2391023 
979 2391024 
980 2391024 
981 2391024 
982 2391025 
983 2391025 
984 2391025 
985 2391025 
986 2391026 
987 2391026 
988 2391027 
989 2391027 
990 2391027 
991 2391028 
992 2391028 
993 2391028 
994 2391029 
995 2391029 
996 2391029 
997 2391030 
998 2391030 
999 2391030 
1000 2391030 
1001 2391031 
1002 2391031 
1003 2391031 
1004 2391032 
1005 2391032 
1006 2391032 
1007 2391032 
1008 2391033 
1009 2391033 
1010 2391033 
1011 2391034 
1012 2391034 
1013 2391034 
1014 2391035 
1015 2391035 
1016 2391035 
1017 2391035 
1018 2391036 
1019 2391036 
1020 2391036 
1021 2391037 
1022 2391037 
1023 2391037 
1024 2391038 
1025 2391038 
1026 2391038 
1027 2391038 
1028 2391039 
1029 2391039 
1030 2391039 
1031 2391040 
1032 2391040 
1033 2391041 
1034 2391041 
1035 2391041 
1036 2391042 
1037 2391042 
1038 2391043 
1039 2391043 
1040 2391044 
1041 2391044 
1042 2391045 
1043 2391046 
1044 2391046 
1045 2391046 
1046 2391047 
1047 2391048 
1048 2391048 
1049 2391048 
1050 2391048 
1051 2391051 
1052 2391055 
1053 2391057 
1054 2391058 
1055 2391058 
1056 2391058 
1057 2391058 
1058 2391059 
1059 2391059 
1060 2391060 
1061 2391060 
1062 2391061 
1063 2391062 
1064 2391063 
1065 2391063 
1066 2391063 
1067 2391065 
1068 2391065 
1069 2391065 
1070 2391066 
1071 2391067 
1072 2391067 
1073 2391068 
1074 2391068 
1075 2391068 
1076 2391072 
1077 2391073 
1078 2391073 
1079 2391074 
1080 2391074 
1081 2391074 
1082 2391075 
1083 2391075 
1084 2391075 
1085 2391075 
1086 2391076 
1087 2391077 
1088 2391077 
1089 2391077 
1090 2391077 
1091 2391078 
1092 2391078 
1093 2391078 
1094 2391078 
1095 2391079 
1096 2391079 
1097 2391079 
1098 2391080 
1099 2391080 
1100 2391080 
1101 2391081 
1102 2391081 
1103 2391081 
1104 2391082 
1105 2391082 
1106 2391082 
1107 2391083 
1108 2391083 
1109 2391084 
1110 2391084 
1111 2391084 
1112 2391084 
1113 2391084 
1114 2391085 
1115 2391085 
1116 2391085 
1117 2391086 
1118 2391086 
1119 2391086 
1120 2391087 
1121 2391087 
1122 2391087 
1123 2391088 
1124 2391088 
1125 2391088 
1126 2391089 
1127 2391090 
1128 2391090 
1129 2391090 
1130 2391091 
1131 2391091 
1132 2391092 
1133 2391092 
1134 2391092 
1135 2391093 
1136 2391093 
1137 2391094 
1138 2391094 
1139 2391094 
1140 2391094 
1141 2391095 
1142 2391095 
1143 2391095 
1144 2391096 
1145 2391096 
1146 2391097 
1147 2391097 
1148 2391099 
1149 2391099 
1150 2391100 
1151 2391100 
1152 2391100 
1153 2391101 
1154 2391101 
1155 2391101 
1156 2391102 
1157 2391102 
1158 2391104 
1159 2391105 
1160 2391105 
1161 2391106 
1162 2391106 
1163 2391106 
1164 2391107 
1165 2391108 
1166 2391109 
1167 2391110 
1168 2391110 
1169 2391110 
1170 2391111 
1171 2391111 
1172 2391111 
1173 2391112 
1174 2391112 
1175 2391112 
1176 2391113 
1177 2391113 
1178 2391113 
1179 2391114 
1180 2391114 
1181 2391114 
1182 2391114 
1183 2391114 
1184 2391115 
1185 2391115 
1186 2391116 
1187 2391119 
1188 2391119 
1189 2391120 
1190 2391123 
1191 2391124 
1192 2391124 
1193 2391124 
1194 2391124 
1195 2391125 
1196 2391125 
1197 2391125 
1198 2391126 
1199 2391127 
1200 2391128 
1201 2391128 
1202 2391128 
1203 2391129 
1204 2391130 
1205 2391130 
1206 2391131 
1207 2391131 
1208 2391131 
1209 2391132 
1210 2391132 
1211 2391133 
1212 2391133 
1213 2391133 
1214 2391134 
1215 2391134 
1216 2391134 
1217 2391134 
1218 2391135 
1219 2391135 
1220 2391135 
1221 2391136 
1222 2391136 
1223 2391136 
1224 2391137 
1225 2391137 
1226 2391138 
1227 2391138 
1228 2391138 
1229 2391139 
1230 2391139 
1231 2391139 
1232 2391140 
1233 2391140 
1234 2391141 
1235 2391141 
1236 2391142 
1237 2391142 
1238 2391142 
1239 2391143 
1240 2391143 
1241 2391143 
1242 2391143 
1243 2391144 
1244 2391144 
1245 2391145 
1246 2391145 
1247 2391146 
1248 2391146 
1249 2391146 
1250 2391146 
1251 2391147 
1252 2391147 
1253 2391147 
1254 2391147 
1255 2391148 
1256 2391148 
1257 2391148 
1258 2391148 
1259 2391149 
1260 2391149 
1261 2391149 
1262 2391149 
1263 2391150 
1264 2391150 
1265 2391150 
1266 2391151 
1267 2391151 
1268 2391151 
1269 2391151 
1270 2391151 
1271 2391152 
1272 2391152 
1273 2391152 
1274 2391152 
1275 2391152 
1276 2391153 
1277 2391153 
1278 2391153 
1279 2391156 
1280 2391157 
1281 2391158 
1282 2391158 
1283 2391158 
1284 2391159 
1285 2391159 
1286 2391159 
1287 2391160 
1288 2391160 
1289 2391161 
1290 2391161 
1291 2391162 
1292 2391162 
1293 2391162 
1294 2391162 
1295 2391163 
1296 2391163 
1297 2391163 
1298 2391163 
1299 2391164 
1300 2391164 
1301 2391164 
1302 2391164 
1303 2391165 
1304 2391165 
1305 2391166 
1306 2391166 
1307 2391166 
1308 2391167 
1309 2391167 
1310 2391168 
1311 2391168 
1312 2391168 
1313 2391168 
1314 2391168 
1315 2391169 
1316 2391169 
1317 2391169 
1318 2391170 
1319 2391170 
1320 2391170 
1321 2391171 
1322 2391171 
1323 2391171 
1324 2391172 
1325 2391172 
1326 2391172 
1327 2391173 
1328 2391173 
1329 2391173 
1330 2391174 
1331 2391174 
1332 2391174 
1333 2391175 
1334 2391175 
1335 2391175 
1336 2391176 
1337 2391176 
1338 2391177 
1339 2391177 
1340 2391178 
1341 2391178 
1342 2391178 
1343 2391178 
1344 2391179 
1345 2391179 
1346 2391179 
1347 2391179 
1348 2391180 
1349 2391180 
1350 2391180 
1351 2391182 
1352 2391182 
1353 2391183 
1354 2391183 
1355 2391184 
1356 2391184 
1357 2391185 
1358 2391185 
1359 2391186 
1360 2391186 
1361 2391186 
1362 2391187 
1363 2391187 
1364 2391187 
1365 2391187 
1366 2391188 
1367 2391188 
1368 2391188 
1369 2391188 
1370 2391190 
1371 2391191 
1372 2391191 
1373 2391191 
1374 2391192 
1375 2391192 
1376 2391193 
1377 2391194 
1378 2391194 
1379 2391194 
1380 2391194 
1381 2391195 
1382 2391196 
1383 2391196 
1384 2391197 
1385 2391197 
1386 2391197 
1387 2391201 
1388 2391201 
1389 2391202 
1390 2391202 
1391 2391203 
1392 2391203 
1393 2391203 
1394 2391204 
1395 2391204 
1396 2391204 
1397 2391205 
1398 2391205 
1399 2391205 
1400 2391205 
1401 2391206 
1402 2391207 
1403 2391208 
1404 2391208 
1405 2391209 
1406 2391209 
1407 2391209 
1408 2391209 
1409 2391210 
1410 2391210 
1411 2391210 
1412 2391210 
1413 2391211 
1414 2391211 
1415 2391211 
1416 2391211 
1417 2391212 
1418 2391212 
1419 2391212 
1420 2391212 
1421 2391212 
1422 2391213 
1423 2391213 
1424 2391213 
1425 2391213 
1426 2391214 
1427 2391214 
1428 2391214 
1429 2391215 
1430 2391215 
1431 2391215 
1432 2391216 
1433 2391216 
1434 2391216 
1435 2391216 
1436 2391217 
1437 2391217 
1438 2391218 
1439 2391218 
1440 2391218 
1441 2391218 
1442 2391219 
1443 2391219 
1444 2391219 
1445 2391219 
1446 2391220 
1447 2391220 
1448 2391220 
1449 2391221 
1450 2391221 
1451 2391221 
1452 2391222 
1453 2391223 
1454 2391223 
1455 2391224 
1456 2391224 
1457 2391225 
1458 2391226 
1459 2391226 
1460 2391226 
1461 2391227 
1462 2391227 
1463 2391227 
1464 2391228 
1465 2391228 
1466 2391229 
1467 2391229 
1468 2391230 
1469 2391230 
1470 2391230 
1471 2391231 
1472 2391231 
1473 2391231 
1474 2391231 
1475 2391232 
1476 2391232 
1477 2391232 
1478 2391232 
1479 2391233 
1480 2391233 
1481 2391233 
1482 2391233 
1483 2391234 
1484 2391234 
1485 2391234 
1486 2391234 
1487 2391235 
1488 2391235 
1489 2391235 
1490 2391235 
1491 2391235 
1492 2391236 
1493 2391236 
1494 2391237 
1495 2391237 
1496 2391237 
1497 2391238 
1498 2391240 
1499 2391240 
1500 2391241 
1501 2391241 
1502 2391242 
1503 2391244 
1504 2391244 
1505 2391244 
1506 2391244 
1507 2391245 
1508 2391246 
1509 2391246 
1510 2391246 
1511 2391247 
1512 2391248 
1513 2391248 
1514 2391250 
1515 2391250 
1516 2391253 
1517 2391254 
1518 2391255 
1519 2391255 
1520 2391255 
1521 2391258 
1522 2391258 
1523 2391262 
1524 2391262 
1525 2391264 
1526 2391265 
1527 2391265 
1528 2391267 
1529 2391267 
1530 2391268 
1531 2391268 
1532 2391268 
1533 2391269 
1534 2391269 
1535 2391269 
1536 2391270 
1537 2391271 
1538 2391271 
1539 2391272 
1540 2391272 
1541 2391272 
1542 2391273 
1543 2391273 
1544 2391273 
1545 2391273 
1546 2391274 
1547 2391274 
1548 2391274 
1549 2391274 
1550 2391275 
1551 2391275 
1552 2391275 
1553 2391283 
1554 2391283 
1555 2391283 
1556 2391284 
1557 2391284 
1558 2391284 
1559 2391284 
1560 2391285 
1561 2391285 
1562 2391288 
1563 2391289 
1564 2391289 
1565 2391290 
1566 2391290 
1567 2391292 
1568 2391293 
1569 2391293 
1570 2391294 
1571 2391294 
1572 2391294 
1573 2391295 
1574 2391295 
1575 2391295 
1576 2391296 
1577 2391300 
1578 2391300 
1579 2391302 
1580 2391302 
1581 2391303 
1582 2391304 
1583 2391304 
1584 2391305 
1585 2391305 
1586 2391306 
1587 2391306 
1588 2391306 
1589 2391307 
1590 2391307 
1591 2391307 
1592 2391307 
1593 2391308 
1594 2391310 
1595 2391311 
1596 2391311 
1597 2391316 
1598 2391317 
1599 2391319 
1600 2391319 
1601 2391319 
1602 2391319 
1603 2391320 
1604 2391322 
1605 2391322 
1606 2391322 
1607 2391323 
1608 2391323 
1609 2391323 
1610 2391329 
1611 2391329 
1612 2391330 
1613 2391330 
1614 2391331 
1615 2391331 
1616 2391332 
1617 2391333 
1618 2391334 
1619 2391334 
1620 2391334 
1621 2391334 
1622 2391335 
1623 2391335 
1624 2391335 
1625 2391336 
1626 2391336 
1627 2391336 
1628 2391337 
1629 2391337 
1630 2391337 
1631 2391338 
1632 2391339 
1633 2391341 
1634 2391341 
1635 2391341 
1636 2391342 
1637 2391342 
1638 2391342 
1639 2391343 
1640 2391344 
1641 2391345 
1642 2391345 
1643 2391345 
1644 2391345 
1645 2391345 
1646 2391346 
1647 2391346 
1648 2391346 
1649 2391347 
1650 2391347 
1651 2391351 
1652 2391351 
1653 2391351 
1654 2391352 
1655 2391352 
1656 2391352 
1657 2391353 
1658 2391353 
1659 2391353 
1660 2391353 
1661 2391353 
1662 2391354 
1663 2391354 
1664 2391354 
1665 2391354 
1666 2391355 
1667 2391355 
1668 2391355 
1669 2391355 
1670 2391355 
1671 2391355 
1672 2391356 
1673 2391356 
1674 2391358 
1675 2391358 
1676 2391359 
1677 2391360 
1678 2391360 
1679 2391362 
1680 2391363 
1681 2391363 
1682 2391364 
1683 2391364 
1684 2391364 
1685 2391364 
1686 2391365 
1687 2391365 
1688 2391365 
1689 2391366 
1690 2391366 
1691 2391366 
1692 2391367 
1693 2391367 
1694 2391367 
1695 2391368 
1696 2391368 
1697 2391368 
1698 2391369 
1699 2391369 
1700 2391370 
1701 2391371 
1702 2391371 
1703 2391371 
1704 2391372 
1705 2391372 
1706 2391372 
1707 2391372 
1708 2391373 
1709 2391373 
1710 2391373 
1711 2391373 
1712 2391374 
1713 2391374 
1714 2391374 
1715 2391375 
1716 2391375 
1717 2391375 
1718 2391376 
1719 2391376 
1720 2391376 
1721 2391377 
1722 2391377 
1723 2391377 
1724 2391377 
1725 2391378 
1726 2391378 
1727 2391379 
1728 2391379 
1729 2391379 
1730 2391380 
1731 2391383 
1732 2391383 
1733 2391383 
1734 2391384 
1735 2391384 
1736 2391384 
1737 2391385 
1738 2391385 
1739 2391386 
1740 2391386 
1741 2391386 
1742 2391386 
1743 2391386 
1744 2391387 
1745 2391387 
1746 2391387 
1747 2391387 
1748 2391387 
1749 2391388 
1750 2391388 
1751 2391388 
1752 2391389 
1753 2391389 
1754 2391389 
1755 2391389 
1756 2391390 
1757 2391390 
1758 2391390 
1759 2391391 
1760 2391391 
1761 2391391 
1762 2391392 
1763 2391392 
1764 2391395 
1765 2391396 
1766 2391396 
1767 2391396 
1768 2391397 
1769 2391397 
1770 2391397 
1771 2391398 
1772 2391398 
1773 2391400 
1774 2391400 
1775 2391400 
1776 2391400 
1777 2391401 
1778 2391401 
1779 2391402 
1780 2391402 
1781 2391403 
1782 2391403 
1783 2391403 
1784 2391404 
1785 2391404 
1786 2391404 
1787 2391405 
1788 2391405 
1789 2391407 
1790 2391407 
1791 2391407 
1792 2391407 
1793 2391408 
1794 2391408 
1795 2391408 
1796 2391408 
1797 2391409 
1798 2391410 
1799 2391410 
1800 2391410 
1801 2391411 
1802 2391411 
1803 2391412 
1804 2391412 
1805 2391412 
1806 2391412 
1807 2391413 
1808 2391413 
1809 2391413 
1810 2391414 
1811 2391415 
1812 2391416 
1813 2391416 
1814 2391417 
1815 2391417 
1816 2391417 
1817 2391417 
1818 2391418 
1819 2391418 
1820 2391418 
1821 2391418 
1822 2391419 
1823 2391419 
1824 2391419 
1825 2391419 
1826 2391419 
1827 2391420 
1828 2391420 
1829 2391420 
1830 2391420 
1831 2391421 
1832 2391421 
1833 2391421 
1834 2391422 
1835 2391422 
1836 2391423 
1837 2391423 
1838 2391423 
1839 2391424 
1840 2391424 
1841 2391424 
1842 2391425 
1843 2391425 
1844 2391425 
1845 2391426 
1846 2391426 
1847 2391426 
1848 2391427 
1849 2391427 
1850 2391427 
1851 2391428 
1852 2391428 
1853 2391429 
1854 2391429 
1855 2391429 
1856 2391430 
1857 2391432 
1858 2391432 
1859 2391433 
1860 2391434 
1861 2391436 
1862 2391436 
1863 2391441 
1864 2391441 
1865 2391442 
1866 2391442 
1867 2391442 
1868 2391443 
1869 2391443 
1870 2391443 
1871 2391444 
1872 2391444 
1873 2391444 
1874 2391445 
1875 2391445 
1876 2391445 
1877 2391445 
1878 2391446 
1879 2391447 
1880 2391447 
1881 2391448 
1882 2391448 
1883 2391448 
1884 2391449 
1885 2391449 
1886 2391449 
1887 2391451 
1888 2391451 
1889 2391451 
1890 2391452 
1891 2391452 
1892 2391452 
1893 2391452 
1894 2391453 
1895 2391455 
1896 2391455 
1897 2391456 
1898 2391456 
1899 2391456 
1900 2391458 
1901 2391459 
1902 2391459 
1903 2391459 
1904 2391462 
1905 2391463 
1906 2391463 
1907 2391464 
1908 2391464 
1909 2391464 
1910 2391464 
1911 2391465 
1912 2391465 
1913 2391465 
1914 2391465 
1915 2391466 
1916 2391466 
1917 2391467 
1918 2391467 
1919 2391467 
1920 2391467 
1921 2391467 
1922 2391468 
1923 2391468 
1924 2391469 
1925 2391469 
1926 2391470 
1927 2391470 
1928 2391470 
1929 2391470 
1930 2391471 
1931 2391471 
1932 2391472 
1933 2391472 
1934 2391472 
1935 2391473 
1936 2391473 
1937 2391473 
1938 2391473 
1939 2391474 
1940 2391475 
1941 2391476 
1942 2391476 
1943 2391476 
1944 2391477 
1945 2391477 
1946 2391477 
1947 2391478 
1948 2391478 
1949 2391478 
1950 2391479 
1951 2391479 
1952 2391480 
1953 2391480 
1954 2391480 
1955 2391480 
1956 2391481 
1957 2391484 
1958 2391484 
1959 2391486 
1960 2391487 
1961 2391488 
1962 2391488 
1963 2391488 
1964 2391493 
1965 2391494 
1966 2391494 
1967 2391494 
1968 2391494 
1969 2391495 
1970 2391495 
1971 2391496 
1972 2391497 
1973 2391498 
1974 2391500 
1975 2391502 
1976 2391502 
1977 2391502 
1978 2391503 
1979 2391503 
1980 2391503 
1981 2391504 
1982 2391504 
1983 2391504 
1984 2391505 
1985 2391505 
1986 2391507 
1987 2391508 
1988 2391508 
1989 2391508 
1990 2391509 
1991 2391511 
1992 2391511 
1993 2391512 
1994 2391512 
1995 2391512 
1996 2391514 
1997 2391515 
1998 2391516 
1999 2391517 
2000 2391517 
2001 2391520 
2002 2391520 
2003 2391521 
2004 2391522 
2005 2391522 
2006 2391523 
2007 2391524 
2008 2391532 
2009 2391533 
2010 2391534 
2011 2391534 
2012 2391535 
2013 2391535 
2014 2391535 
2015 2391535 
2016 2391536 
2017 2391537 
2018 2391537 
2019 2391537 
2020 2391538 
2021 2391538 
2022 2391538 
2023 2391538 
2024 2391539 
2025 2391539 
2026 2391539 
2027 2391540 
2028 2391540 
2029 2391542 
2030 2391545 
2031 2391549 
2032 2391554 
2033 2391558 
2034 2391560 
2035 2391560 
2036 2391561 
2037 2391562 
2038 2391562 
2039 2391562 
2040 2391563 
2041 2391563 
2042 2391563 
2043 2391563 
2044 2391563 
2045 2391564 
2046 2391564 
2047 2391564 
2048 2391565 
2049 2391565 
2050 2391565 
2051 2391566 
2052 2391566 
2053 2391566 
2054 2391571 
2055 2391572 
2056 2391572 
2057 2391578 
2058 2391579 
2059 2391582 
2060 2391583 
2061 2391583 
2062 2391588 
2063 2391589 
2064 2391589 
2065 2391589 
2066 2391595 
2067 2391596 
2068 2391596 
2069 2391601 
2070 2391608 
2071 2391609 
2072 2391611 
2073 2391612 
2074 2391612 
2075 2391612 
2076 2391616 
2077 2391618 
2078 2391619 
2079 2391619 
2080 2391619 
2081 2391620 
2082 2391623 
2083 2391623 
2084 2391626 
2085 2391626 
2086 2391626 
2087 2391627 
2088 2391627 
2089 2391627 
2090 2391631 
2091 2391632 
2092 2391633 
2093 2391633 
2094 2391636 
2095 2391636 
2096 2391637 
2097 2391637 
2098 2391638 
2099 2391641 
2100 2391644 
2101 2391646 
2102 2391646 
2103 2391646 
2104 2391647 
2105 2391647 
2106 2391647 
2107 2391647 
2108 2391648 
2109 2391648 
2110 2391653 
2111 2391654 
2112 2391654 
2113 2391655 
2114 2391655 
2115 2391657 
2116 2391658 
2117 2391659 
2118 2391662 
2119 2391663 
2120 2391663 
2121 2391664 
2122 2391667 
2123 2391667 
2124 2391668 
2125 2391668 
2126 2391668 
2127 2391670 
2128 2391670 
2129 2391670 
2130 2391670 
2131 2391671 
2132 2391671 
2133 2391671 
2134 2391672 
2135 2391672 
2136 2391673 
2137 2391674 
2138 2391677 
2139 2391677 
2140 2391677 
2141 2391679 
2142 2391679 
2143 2391681 
2144 2391682 
2145 2391683 
2146 2391684 
2147 2391684 
2148 2391687 
2149 2391692 
2150 2391693 
2151 2391695 
2152 2391695 
2153 2391695 
2154 2391695 
2155 2391696 
2156 2391696 
2157 2391696 
2158 2391697 
2159 2391697 
2160 2391697 
2161 2391697 
2162 2391698 
2163 2391698 
2164 2391698 
2165 2391699 
2166 2391699 
2167 2391700 
2168 2391700 
2169 2391700 
2170 2391701 
2171 2391702 
2172 2391705 
2173 2391705 
2174 2391706 
2175 2391706 
2176 2391706 
2177 2391707 
2178 2391707 
2179 2391707 
2180 2391708 
2181 2391711 
2182 2391712 
2183 2391712 
2184 2391712 
2185 2391713 
2186 2391716 
2187 2391717 
2188 2391717 
2189 2391717 
2190 2391720 
2191 2391721 
2192 2391722 
2193 2391723 
2194 2391726 
2195 2391726 
2196 2391727 
2197 2391727 
2198 2391728 
2199 2391735 
2200 2391736 
2201 2391736 
2202 2391739 
2203 2391740 
2204 2391749 
2205 2391749 
2206 2391749 
2207 2391750 
2208 2391762 
2209 2391763 
2210 2391765 
2211 2391766 
2212 2391766 
2213 2391767 
2214 2391767 
2215 2391768 
2216 2391768 
2217 2391768 
2218 2391769 
2219 2391769 
2220 2391769 
2221 2391769 
2222 2391769 
2223 2391770 
2224 2391770 
2225 2391770 
2226 2391770 
2227 2391771 
2228 2391771 
2229 2391771 
2230 2391772 
2231 2391772 
2232 2391772 
2233 2391773 
2234 2391773 
2235 2391773 
2236 2391775 
2237 2391776 
2238 2391776 
2239 2391776 
2240 2391776 
2241 2391777 
2242 2391777 
2243 2391777 
2244 2391778 
2245 2391778 
2246 2391778 
2247 2391779 
2248 2391779 
2249 2391780 
2250 2391780 
2251 2391780 
2252 2391780 
2253 2391780 
2254 2391781 
2255 2391781 
2256 2391782 
2257 2391783 
2258 2391783 
2259 2391783 
2260 2391786 
2261 2391787 
2262 2391787 
2263 2391788 
2264 2391788 
2265 2391788 
2266 2391788 
2267 2391789 
2268 2391789 
2269 2391789 
2270 2391790 
2271 2391790 
2272 2391791 
2273 2391791 
2274 2391792 
2275 2391792 
2276 2391794 
2277 2391795 
2278 2391796 
2279 2391798 
2280 2391798 
2281 2391801 
2282 2391801 
2283 2391801 
2284 2391804 
2285 2391805 
2286 2391805 
2287 2391805 
2288 2391809 
2289 2391812 
2290 2391812 
2291 2391821 
2292 2391825 
2293 2391825 
2294 2391825 
2295 2391826 
2296 2391826 
2297 2391826 
2298 2391827 
2299 2391827 
2300 2391830 
2301 2391835 
2302 2391836 
2303 2391839 
2304 2391841 
2305 2391842 
2306 2391842 
2307 2391843 
2308 2391846 
2309 2391848 
2310 2391848 
2311 2391850 
2312 2391852 
2313 2391857 
2314 2391857 
2315 2391858 
2316 2391858 
2317 2391860 
2318 2391861 
2319 2391862 
2320 2391863 
2321 2391863 
2322 2391863 
2323 2391863 
2324 2391864 
2325 2391865 
2326 2391865 
2327 2391865 
2328 2391866 
2329 2391866 
2330 2391867 
2331 2391867 
2332 2391867 
2333 2391868 
2334 2391868 
2335 2391869 
2336 2391869 
2337 2391869 
2338 2391870 
2339 2391870 
2340 2391870 
2341 2391870 
2342 2391875 
2343 2391875 
2344 2391876 
2345 2391876 
2346 2391876 
2347 2391876 
2348 2391877 
2349 2391877 
2350 2391877 
2351 2391878 
2352 2391878 
2353 2391878 
2354 2391879 
2355 2391879 
2356 2391879 
2357 2391879 
2358 2391880 
2359 2391880 
2360 2391880 
2361 2391881 
2362 2391881 
2363 2391882 
2364 2391882 
2365 2391882 
2366 2391882 
2367 2391883 
2368 2391884 
2369 2391887 
2370 2391889 
2371 2391889 
2372 2391890 
2373 2391890 
2374 2391890 
2375 2391890 
2376 2391891 
2377 2391891 
2378 2391891 
2379 2391892 
2380 2391892 
2381 2391892 
2382 2391893 
2383 2391893 
2384 2391893 
2385 2391894 
2386 2391894 
2387 2391894 
2388 2391895 
2389 2391896 
2390 2391896 
2391 2391897 
2392 2391897 
2393 2391897 
2394 2391898 
2395 2391898 
2396 2391899 
2397 2391899 
2398 2391899 
2399 2391900 
2400 2391900 
2401 2391900 
2402 2391901 
2403 2391901 
2404 2391901 
2405 2391902 
2406 2391902 
2407 2391902 
2408 2391903 
2409 2391903 
2410 2391903 
2411 2391903 
2412 2391903 
2413 2391904 
2414 2391904 
2415 2391904 
2416 2391905 
2417 2391905 
2418 2391905 
2419 2391906 
2420 2391906 
2421 2391906 
2422 2391907 
2423 2391907 
2424 2391907 
2425 2391908 
2426 2391908 
2427 2391908 
2428 2391909 
2429 2391909 
2430 2391909 
2431 2391909 
2432 2391910 
2433 2391910 
2434 2391910 
2435 2391911 
2436 2391911 
2437 2391911 
2438 2391911 
2439 2391913 
2440 2391914 
2441 2391914 
2442 2391914 
2443 2391917 
2444 2391918 
2445 2391918 
2446 2391918 
2447 2391919 
2448 2391919 
2449 2391919 
2450 2391920 
2451 2391920 
2452 2391920 
2453 2391920 
2454 2391921 
2455 2391925 
2456 2391925 
2457 2391926 
2458 2391926 
2459 2391926 
2460 2391927 
2461 2391931 
2462 2391932 
2463 2391933 
2464 2391933 
2465 2391933 
2466 2391934 
2467 2391934 
2468 2391934 
2469 2391934 
2470 2391935 
2471 2391935 
2472 2391935 
2473 2391936 
2474 2391936 
2475 2391937 
2476 2391937 
2477 2391937 
2478 2391937 
2479 2391938 
2480 2391938 
2481 2391938 
2482 2391939 
2483 2391939 
2484 2391940 
2485 2391940 
2486 2391940 
2487 2391941 
2488 2391941 
2489 2391941 
2490 2391942 
2491 2391943 
2492 2391943 
2493 2391943 
2494 2391943 
2495 2391944 
2496 2391944 
2497 2391946 
2498 2391946 
2499 2391946 
2500 2391947 
2501 2391948 
2502 2391948 
2503 2391949 
2504 2391949 
2505 2391949 
2506 2391950 
2507 2391950 
2508 2391950 
2509 2391951 
2510 2391952 
2511 2391954 
2512 2391954 
2513 2391955 
2514 2391955 
2515 2391956 
2516 2391956 
2517 2391959 
2518 2391959 
2519 2391962 
2520 2391962 
2521 2391964 
2522 2391964 
2523 2391965 
2524 2391966 
2525 2391966 
2526 2391967 
2527 2391967 
2528 2391968 
2529 2391968 
2530 2391968 
2531 2391969 
2532 2391969 
2533 2391969 
2534 2391970 
2535 2391970 
2536 2391970 
2537 2391971 
2538 2391971 
2539 2391971 
2540 2391972 
2541 2391972 
2542 2391972 
2543 2391973 
2544 2391973 
2545 2391973 
2546 2391973 
2547 2391973 
2548 2391974 
2549 2391974 
2550 2391975 
2551 2391975 
2552 2391975 
2553 2391975 
2554 2391976 
2555 2391976 
2556 2391976 
2557 2391977 
2558 2391979 
2559 2391980 
2560 2391980 
2561 2391980 
2562 2391981 
2563 2391982 
2564 2391983 
2565 2391983 
2566 2391983 
2567 2391984 
2568 2391984 
2569 2391984 
2570 2391985 
2571 2391985 
2572 2391987 
2573 2391987 
2574 2391988 
2575 2391988 
2576 2391991 
2577 2391991 
2578 2391992 
2579 2391995 
2580 2391997 
2581 2391998 
2582 2391999 
2583 2392000 
2584 2392001 
2585 2392004 
2586 2392005 
2587 2392009 
2588 2392010 
2589 2392021 
2590 2392023 
2591 2392028 
2592 2392028 
2593 2392029 
2594 2392029 
2595 2392031 
2596 2392031 
2597 2392031 
2598 2392032 
2599 2392032 
2600 2392032 
2601 2392033 
2602 2392033 
2603 2392033 
2604 2392036 
2605 2392037 
2606 2392037 
2607 2392038 
2608 2392042 
2609 2392042 
2610 2392043 
2611 2392043 
2612 2392044 
2613 2392046 
2614 2392047 
2615 2392047 
2616 2392047 
2617 2392048 
2618 2392052 
2619 2392052 
2620 2392052 
2621 2392052 
2622 2392052 
2623 2392053 
2624 2392053 
2625 2392053 
2626 2392053 
2627 2392054 
2628 2392054 
2629 2392056 
2630 2392058 
2631 2392058 
2632 2392059 
2633 2392059 
2634 2392059 
2635 2392060 
2636 2392060 
2637 2392060 
2638 2392061 
2639 2392061 
2640 2392062 
2641 2392062 
2642 2392064 
2643 2392066 
2644 2392066 
2645 2392066 
2646 2392067 
2647 2392067 
2648 2392072 
2649 2392072 
2650 2392072 
2651 2392073 
2652 2392075 
2653 2392076 
2654 2392077 
2655 2392077 
2656 2392077 
2657 2392078 
2658 2392078 
2659 2392078 
2660 2392078 
2661 2392079 
2662 2392079 
2663 2392079 
2664 2392080 
2665 2392080 
2666 2392080 
2667 2392081 
2668 2392081 
2669 2392081 
2670 2392081 
2671 2392081 
2672 2392082 
2673 2392082 
2674 2392082 
2675 2392083 
2676 2392083 
2677 2392083 
2678 2392084 
2679 2392084 
2680 2392084 
2681 2392085 
2682 2392085 
2683 2392085 
2684 2392086 
2685 2392086 
2686 2392087 
2687 2392087 
2688 2392087 
2689 2392087 
2690 2392088 
2691 2392088 
2692 2392088 
2693 2392089 
2694 2392089 
2695 2392089 
2696 2392089 
2697 2392089 
2698 2392090 
2699 2392091 
2700 2392091 
2701 2392091 
2702 2392093 
2703 2392093 
2704 2392093 
2705 2392097 
2706 2392103 
2707 2392103 
2708 2392104 
2709 2392104 
2710 2392105 
2711 2392105 
2712 2392105 
2713 2392106 
2714 2392106 
2715 2392106 
2716 2392109 
2717 2392109 
2718 2392109 
2719 2392110 
2720 2392110 
2721 2392110 
2722 2392111 
2723 2392111 
2724 2392111 
2725 2392112 
2726 2392112 
2727 2392113 
2728 2392118 
2729 2392125 
2730 2392125 
2731 2392126 
2732 2392126 
2733 2392129 
2734 2392129 
2735 2392129 
2736 2392130 
2737 2392132 
2738 2392133 
2739 2392133 
2740 2392133 
2741 2392134 
2742 2392134 
2743 2392134 
2744 2392135 
2745 2392135 
2746 2392135 
2747 2392136 
2748 2392136 
2749 2392136 
2750 2392137 
2751 2392137 
2752 2392137 
2753 2392137 
2754 2392138 
2755 2392138 
2756 2392138 
2757 2392139 
2758 2392139 
2759 2392139 
2760 2392139 
2761 2392140 
2762 2392140 
2763 2392140 
2764 2392141 
2765 2392141 
2766 2392141 
2767 2392142 
2768 2392142 
2769 2392142 
2770 2392143 
2771 2392143 
2772 2392143 
2773 2392143 
2774 2392144 
2775 2392144 
2776 2392145 
2777 2392145 
2778 2392145 
2779 2392146 
2780 2392146 
2781 2392146 
2782 2392146 
2783 2392146 
2784 2392147 
2785 2392147 
2786 2392147 
2787 2392147 
2788 2392148 
2789 2392148 
2790 2392149 
2791 2392149 
2792 2392149 
2793 2392150 
2794 2392150 
2795 2392150 
2796 2392150 
2797 2392151 
2798 2392151 
2799 2392151 
2800 2392152 
2801 2392152 
2802 2392152 
2803 2392153 
2804 2392153 
2805 2392153 
2806 2392154 
2807 2392154 
2808 2392154 
2809 2392155 
2810 2392155 
2811 2392155 
2812 2392156 
2813 2392156 
2814 2392156 
2815 2392156 
2816 2392157 
2817 2392157 
2818 2392157 
2819 2392158 
2820 2392158 
2821 2392158 
2822 2392159 
2823 2392159 
2824 2392159 
2825 2392160 
2826 2392160 
2827 2392160 
2828 2392161 
2829 2392161 
2830 2392161 
2831 2392161 
2832 2392162 
2833 2392162 
2834 2392162 
2835 2392162 
2836 2392163 
2837 2392163 
2838 2392163 
2839 2392163 
2840 2392164 
2841 2392164 
2842 2392165 
2843 2392165 
2844 2392165 
2845 2392166 
2846 2392166 
2847 2392166 
2848 2392166 
2849 2392167 
2850 2392167 
2851 2392167 
2852 2392167 
2853 2392168 
2854 2392168 
2855 2392168 
2856 2392168 
2857 2392169 
2858 2392169 
2859 2392169 
2860 2392170 
2861 2392170 
2862 2392171 
2863 2392171 
2864 2392171 
2865 2392171 
2866 2392172 
2867 2392172 
2868 2392172 
2869 2392173 
2870 2392173 
2871 2392174 
2872 2392174 
2873 2392174 
2874 2392174 
2875 2392174 
2876 2392175 
2877 2392175 
2878 2392175 
2879 2392176 
2880 2392176 
2881 2392176 
2882 2392176 
2883 2392177 
2884 2392177 
2885 2392177 
2886 2392177 
2887 2392177 
2888 2392178 
2889 2392178 
2890 2392179 
2891 2392179 
2892 2392179 
2893 2392179 
2894 2392180 
2895 2392180 
2896 2392180 
2897 2392181 
2898 2392181 
2899 2392181 
2900 2392182 
2901 2392182 
2902 2392182 
2903 2392183 
2904 2392184 
2905 2392184 
2906 2392184 
2907 2392185 
2908 2392185 
2909 2392186 
2910 2392186 
2911 2392186 
2912 2392186 
2913 2392187 
2914 2392187 
2915 2392187 
2916 2392187 
2917 2392187 
2918 2392188 
2919 2392188 
2920 2392188 
2921 2392188 
2922 2392189 
2923 2392189 
2924 2392189 
2925 2392190 
2926 2392190 
2927 2392190 
2928 2392190 
2929 2392191 
2930 2392191 
2931 2392191 
2932 2392192 
2933 2392192 
2934 2392192 
2935 2392193 
2936 2392193 
2937 2392193 
2938 2392193 
2939 2392194 
2940 2392194 
2941 2392195 
2942 2392195 
2943 2392195 
2944 2392195 
2945 2392196 
2946 2392196 
2947 2392196 
2948 2392196 
2949 2392197 
2950 2392197 
2951 2392197 
2952 2392197 
2953 2392198 
2954 2392198 
2955 2392198 
2956 2392199 
2957 2392199 
2958 2392199 
2959 2392200 
2960 2392200 
2961 2392200 
2962 2392201 
2963 2392201 
2964 2392201 
2965 2392201 
2966 2392202 
2967 2392202 
2968 2392202 
2969 2392203 
2970 2392203 
2971 2392203 
2972 2392204 
2973 2392204 
2974 2392204 
2975 2392205 
2976 2392206 
2977 2392206 
2978 2392206 
2979 2392207 
2980 2392207 
2981 2392207 
2982 2392208 
2983 2392208 
2984 2392208 
2985 2392209 
2986 2392209 
2987 2392209 
2988 2392209 
2989 2392209 
2990 2392210 
2991 2392210 
2992 2392210 
2993 2392211 
2994 2392211 
2995 2392211 
2996 2392212 
2997 2392212 
2998 2392212 
2999 2392213 
3000 2392214 
3001 2392215 
3002 2392215 
3003 2392216 
3004 2392216 
3005 2392216 
3006 2392217 
3007 2392217 
3008 2392217 
3009 2392218 
3010 2392218 
3011 2392218 
3012 2392219 
3013 2392219 
3014 2392219 
3015 2392219 
3016 2392220 
3017 2392220 
3018 2392220 
3019 2392220 
3020 2392221 
3021 2392221 
3022 2392221 
3023 2392222 
3024 2392222 
3025 2392222 
3026 2392225 
3027 2392225 
3028 2392225 
3029 2392226 
3030 2392226 
3031 2392226 
3032 2392227 
3033 2392227 
3034 2392227 
3035 2392228 
3036 2392228 
3037 2392228 
3038 2392229 
3039 2392229 
3040 2392229 
3041 2392230 
3042 2392230 
3043 2392230 
3044 2392231 
3045 2392231 
3046 2392231 
3047 2392231 
3048 2392232 
3049 2392232 
3050 2392232 
3051 2392232 
3052 2392233 
3053 2392233 
3054 2392233 
3055 2392234 
3056 2392234 
3057 2392234 
3058 2392235 
3059 2392235 
3060 2392235 
3061 2392236 
3062 2392236 
3063 2392236 
3064 2392236 
3065 2392237 
3066 2392237 
3067 2392237 
3068 2392238 
3069 2392238 
3070 2392238 
3071 2392239 
3072 2392239 
3073 2392239 
3074 2392240 
3075 2392240 
3076 2392240 
3077 2392240 
3078 2392241 
3079 2392241 
3080 2392241 
3081 2392241 
3082 2392242 
3083 2392242 
3084 2392242 
3085 2392243 
3086 2392243 
3087 2392243 
3088 2392244 
3089 2392244 
3090 2392244 
3091 2392244 
3092 2392245 
3093 2392245 
3094 2392245 
3095 2392246 
3096 2392246 
3097 2392246 
3098 2392246 
3099 2392247 
3100 2392247 
3101 2392247 
3102 2392247 
3103 2392248 
3104 2392248 
3105 2392248 
3106 2392249 
3107 2392249 
3108 2392249 
3109 2392250 
3110 2392250 
3111 2392250 
3112 2392251 
3113 2392251 
3114 2392251 
3115 2392251 
3116 2392251 
3117 2392252 
3118 2392252 
3119 2392252 
3120 2392252 
3121 2392253 
3122 2392253 
3123 2392253 
3124 2392253 
3125 2392254 
3126 2392254 
3127 2392254 
3128 2392254 
3129 2392254 
3130 2392255 
3131 2392255 
3132 2392255 
3133 2392255 
3134 2392255 
3135 2392256 
3136 2392256 
3137 2392256 
3138 2392257 
3139 2392257 
3140 2392257 
3141 2392258 
3142 2392258 
3143 2392258 
3144 2392259 
3145 2392259 
3146 2392260 
3147 2392260 
3148 2392260 
3149 2392261 
3150 2392261 
3151 2392262 
3152 2392262 
3153 2392262 
3154 2392263 
3155 2392263 
3156 2392263 
3157 2392264 
3158 2392264 
3159 2392264 
3160 2392265 
3161 2392265 
3162 2392266 
3163 2392267 
3164 2392268 
3165 2392269 
3166 2392269 
3167 2392269 
3168 2392269 
3169 2392270 
3170 2392270 
3171 2392271 
3172 2392271 
3173 2392271 
3174 2392273 
3175 2392273 
3176 2392274 
3177 2392274 
3178 2392274 
3179 2392275 
3180 2392275 
3181 2392275 
3182 2392275 
3183 2392275 
3184 2392276 
3185 2392276 
3186 2392276 
3187 2392276 
3188 2392277 
3189 2392277 
3190 2392277 
3191 2392277 
3192 2392278 
3193 2392279 
3194 2392281 
3195 2392281 
3196 2392282 
3197 2392282 
3198 2392282 
3199 2392283 
3200 2392284 
3201 2392284 
3202 2392284 
3203 2392285 
3204 2392285 
3205 2392285 
3206 2392290 
3207 2392290 
3208 2392290 
3209 2392291 
3210 2392291 
3211 2392291 
3212 2392292 
3213 2392293 
3214 2392294 
3215 2392300 
3216 2392301 
3217 2392305 
3218 2392306 
3219 2392307 
3220 2392307 
3221 2392307 
3222 2392308 
3223 2392311 
3224 2392312 
3225 2392313 
3226 2392313 
3227 2392314 
3228 2392314 
3229 2392314 
3230 2392314 
3231 2392315 
3232 2392315 
3233 2392316 
3234 2392316 
3235 2392316 
3236 2392317 
3237 2392317 
3238 2392317 
3239 2392317 
3240 2392318 
3241 2392318 
3242 2392318 
3243 2392318 
3244 2392319 
3245 2392319 
3246 2392319 
3247 2392319 
3248 2392320 
3249 2392320 
3250 2392320 
3251 2392320 
3252 2392321 
3253 2392321 
3254 2392321 
3255 2392321 
3256 2392321 
3257 2392322 
3258 2392322 
3259 2392322 
3260 2392322 
3261 2392325 
3262 2392325 
3263 2392330 
3264 2392331 
3265 2392332 
3266 2392333 
3267 2392334 
3268 2392334 
3269 2392337 
3270 2392337 
3271 2392337 
3272 2392345 
3273 2392345 
3274 2392346 
3275 2392346 
3276 2392347 
3277 2392347 
3278 2392349 
3279 2392349 
3280 2392351 
3281 2392351 
3282 2392351 
3283 2392351 
3284 2392351 
3285 2392352 
3286 2392352 
3287 2392352 
3288 2392353 
3289 2392354 
3290 2392362 
3291 2392362 
3292 2392362 
3293 2392363 
3294 2392363 
3295 2392363 
3296 2392368 
3297 2392369 
3298 2392372 
3299 2392373 
3300 2392375 
3301 2392375 
3302 2392378 
3303 2392380 
3304 2392380 
3305 2392380 
3306 2392383 
3307 2392385 
3308 2392385 
3309 2392386 
3310 2392386 
3311 2392389 
3312 2392393 
3313 2392394 
3314 2392396 
3315 2392397 
3316 2392398 
3317 2392399 
3318 2392400 
3319 2392401 
3320 2392406 
3321 2392407 
3322 2392407 
3323 2392408 
3324 2392408 
3325 2392410 
3326 2392410 
3327 2392410 
3328 2392411 
3329 2392411 
3330 2392412 
3331 2392412 
3332 2392414 
3333 2392415 
3334 2392415 
3335 2392416 
3336 2392419 
3337 2392420 
3338 2392420 
3339 2392421 
3340 2392421 
3341 2392422 
3342 2392422 
3343 2392422 
3344 2392423 
3345 2392423 
3346 2392423 
3347 2392424 
3348 2392424 
3349 2392425 
3350 2392425 
3351 2392426 
3352 2392427 
3353 2392427 
3354 2392427 
3355 2392431 
3356 2392436 
3357 2392439 
3358 2392439 
3359 2392441 
3360 2392441 
3361 2392451 
3362 2392452 
3363 2392452 
3364 2392452 
3365 2392453 
3366 2392453 
3367 2392454 
3368 2392454 
3369 2392455 
3370 2392455 
3371 2392455 
3372 2392456 
3373 2392456 
3374 2392457 
3375 2392457 
3376 2392457 
3377 2392458 
3378 2392458 
3379 2392459 
3380 2392459 
3381 2392459 
3382 2392459 
3383 2392460 
3384 2392460 
3385 2392460 
3386 2392460 
3387 2392461 
3388 2392461 
3389 2392462 
3390 2392462 
3391 2392463 
3392 2392463 
3393 2392464 
3394 2392464 
3395 2392464 
3396 2392465 
3397 2392466 
3398 2392466 
3399 2392466 
3400 2392467 
3401 2392467 
3402 2392467 
3403 2392468 
3404 2392468 
3405 2392469 
3406 2392469 
3407 2392469 
3408 2392470 
3409 2392470 
3410 2392470 
3411 2392473 
3412 2392473 
3413 2392474 
3414 2392477 
3415 2392477 
3416 2392477 
3417 2392478 
3418 2392480 
3419 2392480 
3420 2392481 
3421 2392484 
3422 2392484 
3423 2392485 
3424 2392485 
3425 2392486 
3426 2392486 
3427 2392486 
3428 2392487 
3429 2392487 
3430 2392489 
3431 2392489 
3432 2392491 
3433 2392492 
3434 2392492 
3435 2392493 
3436 2392494 
3437 2392496 
3438 2392498 
3439 2392498 
3440 2392498 
3441 2392499 
3442 2392499 
3443 2392500 
3444 2392500 
3445 2392501 
3446 2392501 
3447 2392501 
3448 2392502 
3449 2392502 
3450 2392503 
3451 2392503 
3452 2392504 
3453 2392504 
3454 2392504 
3455 2392504 
3456 2392505 
3457 2392505 
3458 2392506 
3459 2392506 
3460 2392507 
3461 2392507 
3462 2392508 
3463 2392508 
3464 2392508 
3465 2392509 
3466 2392509 
3467 2392509 
3468 2392510 
3469 2392510 
3470 2392510 
3471 2392511 
3472 2392511 
3473 2392511 
3474 2392512 
3475 2392514 
3476 2392517 
3477 2392517 
3478 2392517 
3479 2392517 
3480 2392523 
3481 2392524 
3482 2392525 
3483 2392525 
3484 2392526 
3485 2392526 
3486 2392526 
3487 2392527 
3488 2392527 
3489 2392527 
3490 2392528 
3491 2392529 
3492 2392529 
3493 2392532 
3494 2392533 
3495 2392534 
3496 2392534 
3497 2392535 
3498 2392535 
3499 2392535 
3500 2392536 
3501 2392536 
3502 2392536 
3503 2392537 
3504 2392537 
3505 2392538 
3506 2392539 
3507 2392539 
3508 2392539 
3509 2392540 
3510 2392541 
3511 2392541 
3512 2392541 
3513 2392542 
3514 2392542 
3515 2392542 
3516 2392543 
3517 2392543 
3518 2392543 
3519 2392544 
3520 2392544 
3521 2392544 
3522 2392545 
3523 2392545 
3524 2392547 
3525 2392550 
3526 2392550 
3527 2392551 
3528 2392551 
3529 2392551 
3530 2392552 
3531 2392553 
3532 2392553 
3533 2392553 
3534 2392554 
3535 2392554 
3536 2392555 
3537 2392556 
3538 2392556 
3539 2392556 
3540 2392557 
3541 2392557 
3542 2392558 
3543 2392559 
3544 2392559 
3545 2392559 
3546 2392560 
3547 2392560 
3548 2392561 
3549 2392564 
3550 2392565 
3551 2392565 
3552 2392565 
3553 2392566 
3554 2392566 
3555 2392566 
3556 2392567 
3557 2392567 
3558 2392567 
3559 2392567 
3560 2392568 
3561 2392569 
3562 2392570 
3563 2392570 
3564 2392570 
3565 2392570 
3566 2392571 
3567 2392571 
3568 2392571 
3569 2392571 
3570 2392572 
3571 2392572 
3572 2392572 
3573 2392573 
3574 2392573 
3575 2392576 
3576 2392577 
3577 2392577 
3578 2392578 
3579 2392578 
3580 2392586 
3581 2392586 
3582 2392587 
3583 2392587 
3584 2392587 
3585 2392588 
3586 2392588 
3587 2392588 
3588 2392589 
3589 2392589 
3590 2392589 
3591 2392590 
3592 2392590 
3593 2392590 
3594 2392592 
3595 2392592 
3596 2392593 
3597 2392594 
3598 2392594 
3599 2392594 
3600 2392595 
3601 2392595 
3602 2392595 
3603 2392595 
3604 2392596 
3605 2392596 
3606 2392596 
3607 2392596 
3608 2392597 
3609 2392597 
3610 2392597 
3611 2392598 
3612 2392598 
3613 2392598 
3614 2392599 
3615 2392599 
3616 2392599 
3617 2392599 
3618 2392601 
3619 2392602 
3620 2392602 
3621 2392602 
3622 2392604 
3623 2392604 
3624 2392605 
3625 2392605 
3626 2392605 
3627 2392608 
3628 2392608 
3629 2392611 
3630 2392611 
3631 2392613 
3632 2392613 
3633 2392614 
3634 2392614 
3635 2392615 
3636 2392616 
3637 2392616 
3638 2392616 
3639 2392617 
3640 2392617 
3641 2392618 
3642 2392619 
3643 2392619 
3644 2392620 
3645 2392620 
3646 2392621 
3647 2392621 
3648 2392621 
3649 2392622 
3650 2392622 
3651 2392622 
3652 2392623 
3653 2392623 
3654 2392623 
3655 2392624 
3656 2392625 
3657 2392626 
3658 2392626 
3659 2392627 
3660 2392627 
3661 2392627 
3662 2392628 
3663 2392629 
3664 2392630 
3665 2392630 
3666 2392631 
3667 2392635 
3668 2392636 
3669 2392638 
3670 2392639 
3671 2392639 
3672 2392639 
3673 2392640 
3674 2392640 
3675 2392640 
3676 2392640 
3677 2392640 
3678 2392641 
3679 2392643 
3680 2392643 
3681 2392643 
3682 2392648 
3683 2392649 
3684 2392649 
3685 2392653 
3686 2392653 
3687 2392655 
3688 2392655 
3689 2392656 
3690 2392657 
3691 2392660 
3692 2392663 
3693 2392664 
3694 2392665 
3695 2392665 
3696 2392665 
3697 2392665 
3698 2392666 
3699 2392666 
3700 2392666 
3701 2392667 
3702 2392667 
3703 2392667 
3704 2392667 
3705 2392668 
3706 2392668 
3707 2392668 
3708 2392668 
3709 2392669 
3710 2392670 
3711 2392670 
3712 2392672 
3713 2392673 
3714 2392675 
3715 2392675 
3716 2392675 
3717 2392675 
3718 2392676 
3719 2392676 
3720 2392676 
3721 2392676 
3722 2392676 
3723 2392677 
3724 2392677 
3725 2392677 
3726 2392677 
3727 2392677 
3728 2392678 
3729 2392678 
3730 2392678 
3731 2392679 
3732 2392679 
3733 2392679 
3734 2392680 
3735 2392681 
3736 2392681 
3737 2392682 
3738 2392682 
3739 2392682 
3740 2392682 
3741 2392683 
3742 2392683 
3743 2392683 
3744 2392683 
3745 2392684 
3746 2392684 
3747 2392685 
3748 2392685 
3749 2392685 
3750 2392685 
3751 2392686 
3752 2392686 
3753 2392686 
3754 2392688 
3755 2392688 
3756 2392688 
3757 2392689 
3758 2392691 
3759 2392691 
3760 2392694 
3761 2392694 
3762 2392695 
3763 2392695 
3764 2392695 
3765 2392695 
3766 2392696 
3767 2392696 
3768 2392697 
3769 2392698 
3770 2392699 
3771 2392699 
3772 2392700 
3773 2392700 
3774 2392701 
3775 2392701 
3776 2392702 
3777 2392702 
3778 2392702 
3779 2392702 
3780 2392703 
3781 2392703 
3782 2392703 
3783 2392704 
3784 2392706 
3785 2392706 
3786 2392706 
3787 2392707 
3788 2392707 
3789 2392708 
3790 2392709 
3791 2392710 
3792 2392712 
3793 2392712 
3794 2392713 
3795 2392713 
3796 2392713 
3797 2392713 
3798 2392714 
3799 2392714 
3800 2392714 
3801 2392714 
3802 2392715 
3803 2392715 
3804 2392715 
3805 2392715 
3806 2392716 
3807 2392716 
3808 2392717 
3809 2392718 
3810 2392718 
3811 2392719 
3812 2392719 
3813 2392719 
3814 2392720 
3815 2392721 
3816 2392721 
3817 2392724 
3818 2392724 
3819 2392726 
3820 2392726 
3821 2392727 
3822 2392727 
3823 2392727 
3824 2392728 
3825 2392728 
3826 2392728 
3827 2392729 
3828 2392729 
3829 2392731 
3830 2392732 
3831 2392733 
3832 2392733 
3833 2392734 
3834 2392734 
3835 2392735 
3836 2392736 
3837 2392739 
3838 2392739 
3839 2392739 
3840 2392742 
3841 2392744 
3842 2392744 
3843 2392750 
3844 2392750 
3845 2392751 
3846 2392751 
3847 2392752 
3848 2392752 
3849 2392752 
3850 2392753 
3851 2392753 
3852 2392753 
3853 2392754 
3854 2392754 
3855 2392754 
3856 2392755 
3857 2392755 
3858 2392755 
3859 2392756 
3860 2392756 
3861 2392757 
3862 2392757 
3863 2392757 
3864 2392758 
3865 2392758 
3866 2392758 
3867 2392759 
3868 2392759 
3869 2392759 
3870 2392760 
3871 2392760 
3872 2392760 
3873 2392761 
3874 2392761 
3875 2392761 
3876 2392761 
3877 2392762 
3878 2392762 
3879 2392762 
3880 2392763 
3881 2392763 
3882 2392763 
3883 2392763 
3884 2392763 
3885 2392763 
3886 2392764 
3887 2392764 
3888 2392764 
3889 2392765 
3890 2392765 
3891 2392765 
3892 2392766 
3893 2392766 
3894 2392766 
3895 2392766 
3896 2392766 
3897 2392767 
3898 2392767 
3899 2392767 
3900 2392768 
3901 2392768 
3902 2392768 
3903 2392769 
3904 2392769 
3905 2392769 
3906 2392770 
3907 2392770 
3908 2392770 
3909 2392770 
3910 2392771 
3911 2392771 
3912 2392772 
3913 2392772 
3914 2392772 
3915 2392773 
3916 2392774 
3917 2392775 
3918 2392775 
3919 2392781 
3920 2392782 
3921 2392785 
3922 2392787 
3923 2392787 
3924 2392787 
3925 2392787 
3926 2392788 
3927 2392788 
3928 2392788 
3929 2392789 
3930 2392789 
3931 2392793 
3932 2392793 
3933 2392793 
3934 2392793 
3935 2392794 
3936 2392794 
3937 2392794 
3938 2392794 
3939 2392795 
3940 2392795 
3941 2392795 
3942 2392796 
3943 2392796 
3944 2392796 
3945 2392797 
3946 2392799 
3947 2392802 
3948 2392803 
3949 2392803 
3950 2392803 
3951 2392803 
3952 2392810 
3953 2392811 
3954 2392812 
3955 2392813 
3956 2392816 
3957 2392817 
3958 2392820 
3959 2392825 
3960 2392825 
3961 2392826 
3962 2392830 
3963 2392831 
3964 2392831 
3965 2392832 
3966 2392832 
3967 2392833 
3968 2392833 
3969 2392834 
3970 2392835 
3971 2392836 
3972 2392836 
3973 2392840 
3974 2392846 
3975 2392849 
3976 2392850 
3977 2392850 
3978 2392851 
3979 2392851 
3980 2392851 
3981 2392851 
3982 2392852 
3983 2392852 
3984 2392852 
3985 2392853 
3986 2392853 
3987 2392853 
3988 2392853 
3989 2392855 
3990 2392856 
3991 2392857 
3992 2392859 
3993 2392859 
3994 2392860 
3995 2392863 
3996 2392864 
3997 2392865 
3998 2392865 
3999 2392866 
4000 2392867 
4001 2392868 
4002 2392868 
4003 2392869 
4004 2392869 
4005 2392870 
4006 2392878 
4007 2392878 
4008 2392882 
4009 2392882 
4010 2392882 
4011 2392883 
4012 2392883 
4013 2392883 
4014 2392884 
4015 2392884 
4016 2392885 
4017 2392885 
4018 2392886 
4019 2392886 
4020 2392887 
4021 2392887 
4022 2392887 
4023 2392888 
4024 2392888 
4025 2392889 
4026 2392889 
4027 2392889 
4028 2392890 
4029 2392890 
4030 2392890 
4031 2392891 
4032 2392891 
4033 2392891 
4034 2392891 
4035 2392892 
4036 2392892 
4037 2392895 
4038 2392896 
4039 2392896 
4040 2392897 
4041 2392898 
4042 2392898 
4043 2392900 
4044 2392900 
4045 2392901 
4046 2392901 
4047 2392901 
4048 2392902 
4049 2392905 
4050 2392909 
4051 2392912 
4052 2392913 
4053 2392913 
4054 2392915 
4055 2392917 
4056 2392917 
4057 2392917 
4058 2392918 
4059 2392918 
4060 2392919 
4061 2392919 
4062 2392919 
4063 2392920 
4064 2392921 
4065 2392921 
4066 2392922 
4067 2392922 
4068 2392922 
4069 2392922 
4070 2392924 
4071 2392925 
4072 2392925 
4073 2392926 
4074 2392926 
4075 2392927 
4076 2392927 
4077 2392927 
4078 2392928 
4079 2392929 
4080 2392931 
4081 2392931 
4082 2392933 
4083 2392933 
4084 2392935 
4085 2392935 
4086 2392936 
4087 2392937 
4088 2392940 
4089 2392942 
4090 2392944 
4091 2392946 
4092 2392948 
4093 2392950 
4094 2392953 
4095 2392953 
4096 2392956 
4097 2392956 
4098 2392956 
4099 2392958 
4100 2392958 
4101 2392959 
4102 2392959 
4103 2392960 
4104 2392960 
4105 2392961 
4106 2392963 
4107 2392964 
4108 2392965 
4109 2392965 
4110 2392968 
4111 2392968 
4112 2392969 
4113 2392969 
4114 2392969 
4115 2392970 
4116 2392971 
4117 2392972 
4118 2392973 
4119 2392973 
4120 2392973 
4121 2392973 
4122 2392974 
4123 2392974 
4124 2392975 
4125 2392978 
4126 2392978 
4127 2392982 
4128 2392983 
4129 2392983 
4130 2392983 
4131 2392989 
4132 2392989 
4133 2392990 
4134 2392990 
4135 2392990 
4136 2392993 
4137 2392995 
4138 2392996 
4139 2392996 
4140 2392996 
4141 2392996 
4142 2392997 
4143 2392998 
4144 2393000 
4145 2393006 
4146 2393007 
4147 2393009 
4148 2393009 
4149 2393009 
4150 2393010 
4151 2393010 
4152 2393010 
4153 2393011 
4154 2393011 
4155 2393011 
4156 2393011 
4157 2393012 
4158 2393012 
4159 2393013 
4160 2393013 
4161 2393013 
4162 2393014 
4163 2393014 
4164 2393015 
4165 2393015 
4166 2393017 
4167 2393017 
4168 2393018 
4169 2393019 
4170 2393019 
4171 2393022 
4172 2393023 
4173 2393026 
4174 2393027 
4175 2393027 
4176 2393027 
4177 2393027 
4178 2393028 
4179 2393028 
4180 2393029 
4181 2393029 
4182 2393029 
4183 2393029 
4184 2393030 
4185 2393030 
4186 2393030 
4187 2393031 
4188 2393031 
4189 2393031 
4190 2393032 
4191 2393032 
4192 2393032 
4193 2393032 
4194 2393032 
4195 2393033 
4196 2393033 
4197 2393033 
4198 2393033 
4199 2393034 
4200 2393034 
4201 2393034 
4202 2393034 
4203 2393035 
4204 2393035 
4205 2393035 
4206 2393035 
4207 2393036 
4208 2393036 
4209 2393036 
4210 2393037 
4211 2393037 
4212 2393037 
4213 2393038 
4214 2393038 
4215 2393038 
4216 2393039 
4217 2393040 
4218 2393040 
4219 2393041 
4220 2393041 
4221 2393041 
4222 2393042 
4223 2393042 
4224 2393046 
4225 2393046 
4226 2393047 
4227 2393050 
4228 2393051 
4229 2393052 
4230 2393055 
4231 2393056 
4232 2393056 
4233 2393057 
4234 2393057 
4235 2393057 
4236 2393058 
4237 2393058 
4238 2393059 
4239 2393059 
4240 2393059 
4241 2393060 
4242 2393060 
4243 2393060 
4244 2393061 
4245 2393061 
4246 2393061 
4247 2393062 
4248 2393062 
4249 2393062 
4250 2393063 
4251 2393063 
4252 2393063 
4253 2393064 
4254 2393064 
4255 2393064 
4256 2393065 
4257 2393065 
4258 2393066 
4259 2393066 
4260 2393066 
4261 2393066 
4262 2393067 
4263 2393069 
4264 2393074 
4265 2393074 
4266 2393074 
4267 2393075 
4268 2393075 
4269 2393075 
4270 2393076 
4271 2393076 
4272 2393077 
4273 2393080 
4274 2393080 
4275 2393081 
4276 2393081 
4277 2393081 
4278 2393082 
4279 2393083 
4280 2393084 
4281 2393099 
4282 2393099 
4283 2393101 
4284 2393103 
4285 2393104 
4286 2393104 
4287 2393104 
4288 2393105 
4289 2393105 
4290 2393106 
4291 2393106 
4292 2393107 
4293 2393107 
4294 2393110 
4295 2393111 
4296 2393114 
4297 2393114 
4298 2393114 
4299 2393115 
4300 2393115 
4301 2393117 
4302 2393117 
4303 2393117 
4304 2393118 
4305 2393125 
4306 2393125 
4307 2393125 
4308 2393126 
4309 2393126 
4310 2393126 
4311 2393127 
4312 2393127 
4313 2393127 
4314 2393128 
4315 2393128 
4316 2393129 
4317 2393129 
4318 2393129 
4319 2393129 
4320 2393129 
4321 2393131 
4322 2393132 
4323 2393134 
4324 2393135 
4325 2393138 
4326 2393141 
4327 2393143 
4328 2393144 
4329 2393144 
4330 2393146 
4331 2393146 
4332 2393146 
4333 2393147 
4334 2393147 
4335 2393147 
4336 2393147 
4337 2393148 
4338 2393148 
4339 2393148 
4340 2393152 
4341 2393155 
4342 2393156 
4343 2393157 
4344 2393157 
4345 2393159 
4346 2393160 
4347 2393160 
4348 2393160 
4349 2393161 
4350 2393161 
4351 2393163 
4352 2393166 
4353 2393168 
4354 2393168 
4355 2393169 
4356 2393169 
4357 2393171 
4358 2393172 
4359 2393172 
4360 2393173 
4361 2393176 
4362 2393176 
4363 2393180 
4364 2393180 
4365 2393180 
4366 2393181 
4367 2393181 
4368 2393181 
4369 2393182 
4370 2393182 
4371 2393184 
4372 2393188 
4373 2393188 
4374 2393192 
4375 2393193 
4376 2393193 
4377 2393193 
4378 2393194 
4379 2393194 
4380 2393194 
4381 2393195 
4382 2393195 
4383 2393195 
4384 2393196 
4385 2393197 
4386 2393204 
4387 2393204 
4388 2393204 
4389 2393207 
4390 2393208 
4391 2393208 
4392 2393210 
4393 2393212 
4394 2393215 
4395 2393216 
4396 2393216 
4397 2393218 
4398 2393218 
4399 2393219 
4400 2393219 
4401 2393222 
4402 2393223 
4403 2393223 
4404 2393223 
4405 2393223 
4406 2393224 
4407 2393228 
4408 2393228 
4409 2393229 
4410 2393229 
4411 2393229 
4412 2393230 
4413 2393232 
4414 2393236 
4415 2393237 
4416 2393237 
4417 2393237 
4418 2393238 
4419 2393238 
4420 2393239 
4421 2393239 
4422 2393239 
4423 2393239 
4424 2393239 
4425 2393240 
4426 2393240 
4427 2393240 
4428 2393241 
4429 2393241 
4430 2393241 
4431 2393241 
4432 2393246 
4433 2393250 
4434 2393250 
4435 2393251 
4436 2393251 
4437 2393252 
4438 2393252 
4439 2393252 
4440 2393253 
4441 2393253 
4442 2393254 
4443 2393255 
4444 2393255 
4445 2393256 
4446 2393258 
4447 2393260 
4448 2393261 
4449 2393261 
4450 2393261 
4451 2393263 
4452 2393263 
4453 2393264 
4454 2393264 
4455 2393268 
4456 2393269 
4457 2393272 
4458 2393280 
4459 2393283 
4460 2393285 
4461 2393286 
4462 2393286 
4463 2393288 
4464 2393291 
4465 2393291 
4466 2393292 
4467 2393295 
4468 2393296 
4469 2393296 
4470 2393298 
4471 2393305 
4472 2393306 
4473 2393307 
4474 2393309 
4475 2393310 
4476 2393310 
4477 2393311 
4478 2393311 
4479 2393312 
4480 2393314 
4481 2393315 
4482 2393316 
4483 2393320 
4484 2393325 
4485 2393325 
4486 2393326 
4487 2393327 
4488 2393329 
4489 2393329 
4490 2393329 
4491 2393330 
4492 2393330 
4493 2393330 
4494 2393331 
4495 2393331 
4496 2393331 
4497 2393332 
4498 2393332 
4499 2393332 
4500 2393334 
4501 2393334 
4502 2393335 
4503 2393335 
4504 2393336 
4505 2393336 
4506 2393337 
4507 2393337 
4508 2393346 
4509 2393347 
4510 2393348 
4511 2393348 
4512 2393349 
4513 2393360 
4514 2393361 
4515 2393362 
4516 2393362 
4517 2393365 
4518 2393369 
4519 2393371 
4520 2393371 
4521 2393371 
4522 2393373 
4523 2393374 
4524 2393375 
4525 2393375 
4526 2393375 
4527 2393378 
4528 2393378 
4529 2393379 
4530 2393379 
4531 2393379 
4532 2393381 
4533 2393381 
4534 2393382 
4535 2393384 
4536 2393384 
4537 2393388 
4538 2393388 
4539 2393391 
4540 2393391 
4541 2393393 
4542 2393401 
4543 2393401 
4544 2393410 
4545 2393414 
4546 2393414 
4547 2393414 
4548 2393417 
4549 2393418 
4550 2393420 
4551 2393421 
4552 2393421 
4553 2393421 
4554 2393422 
4555 2393422 
4556 2393422 
4557 2393423 
4558 2393423 
4559 2393424 
4560 2393424 
4561 2393424 
4562 2393425 
4563 2393425 
4564 2393426 
4565 2393428 
4566 2393429 
4567 2393429 
4568 2393432 
4569 2393435 
4570 2393435 
4571 2393445 
4572 2393446 
4573 2393449 
4574 2393449 
4575 2393449 
4576 2393451 
4577 2393452 
4578 2393453 
4579 2393453 
4580 2393453 
4581 2393454 
4582 2393454 
4583 2393454 
4584 2393455 
4585 2393455 
4586 2393458 
4587 2393458 
4588 2393458 
4589 2393458 
4590 2393459 
4591 2393460 
4592 2393460 
4593 2393462 
4594 2393463 
4595 2393463 
4596 2393463 
4597 2393463 
4598 2393464 
4599 2393464 
4600 2393464 
4601 2393465 
4602 2393465 
4603 2393466 
4604 2393466 
4605 2393466 
4606 2393466 
4607 2393467 
4608 2393468 
4609 2393468 
4610 2393469 
4611 2393469 
4612 2393471 
4613 2393471 
4614 2393471 
4615 2393471 
4616 2393472 
4617 2393472 
4618 2393472 
4619 2393473 
4620 2393473 
4621 2393475 
4622 2393475 
4623 2393475 
4624 2393477 
4625 2393479 
4626 2393480 
4627 2393480 
4628 2393481 
4629 2393482 
4630 2393482 
4631 2393482 
4632 2393483 
4633 2393485 
4634 2393485 
4635 2393487 
4636 2393488 
4637 2393488 
4638 2393491 
4639 2393492 
4640 2393492 
4641 2393492 
4642 2393493 
4643 2393493 
4644 2393493 
4645 2393494 
4646 2393494 
4647 2393495 
4648 2393497 
4649 2393497 
4650 2393498 
4651 2393498 
4652 2393499 
4653 2393503 
4654 2393506 
4655 2393506 
4656 2393507 
4657 2393507 
4658 2393509 
4659 2393517 
4660 2393517 
4661 2393517 
4662 2393520 
4663 2393521 
4664 2393524 
4665 2393528 
4666 2393532 
4667 2393533 
4668 2393533 
4669 2393534 
4670 2393534 
4671 2393534 
4672 2393535 
4673 2393535 
4674 2393536 
4675 2393536 
4676 2393542 
4677 2393542 
4678 2393547 
4679 2393548 
4680 2393552 
4681 2393559 
4682 2393560 
4683 2393564 
4684 2393564 
4685 2393565 
4686 2393566 
4687 2393568 
4688 2393575 
4689 2393576 
4690 2393579 
4691 2393579 
4692 2393579 
4693 2393580 
4694 2393580 
4695 2393581 
4696 2393581 
4697 2393581 
4698 2393582 
4699 2393582 
4700 2393582 
4701 2393583 
4702 2393583 
4703 2393583 
4704 2393584 
4705 2393584 
4706 2393585 
4707 2393585 
4708 2393585 
4709 2393586 
4710 2393586 
4711 2393586 
4712 2393586 
4713 2393587 
4714 2393587 
4715 2393588 
4716 2393589 
4717 2393592 
4718 2393594 
4719 2393594 
4720 2393594 
4721 2393595 
4722 2393595 
4723 2393595 
4724 2393596 
4725 2393596 
4726 2393596 
4727 2393597 
4728 2393597 
4729 2393597 
4730 2393598 
4731 2393598 
4732 2393598 
4733 2393599 
4734 2393601 
4735 2393608 
4736 2393613 
4737 2393615 
4738 2393615 
4739 2393615 
4740 2393616 
4741 2393616 
4742 2393616 
4743 2393616 
4744 2393617 
4745 2393617 
4746 2393620 
4747 2393620 
4748 2393627 
4749 2393627 
4750 2393630 
4751 2393631 
4752 2393635 
4753 2393641 
4754 2393641 
4755 2393642 
4756 2393642 
4757 2393647 
4758 2393648 
4759 2393648 
4760 2393653 
4761 2393654 
4762 2393654 
4763 2393659 
4764 2393659 
4765 2393659 
4766 2393660 
4767 2393666 
4768 2393672 
4769 2393674 
4770 2393677 
4771 2393679 
4772 2393686 
4773 2393688 
4774 2393689 
4775 2393689 
4776 2393689 
4777 2393690 
4778 2393690 
4779 2393690 
4780 2393691 
4781 2393691 
4782 2393691 
4783 2393691 
4784 2393692 
4785 2393692 
4786 2393692 
4787 2393693 
4788 2393693 
4789 2393693 
4790 2393694 
4791 2393695 
4792 2393696 
4793 2393696 
4794 2393697 
4795 2393698 
4796 2393698 
4797 2393698 
4798 2393698 
4799 2393699 
4800 2393701 
4801 2393701 
4802 2393704 
4803 2393708 
4804 2393708 
4805 2393711 
4806 2393713 
4807 2393713 
4808 2393714 
4809 2393714 
4810 2393718 
4811 2393718 
4812 2393718 
4813 2393718 
4814 2393719 
4815 2393719 
4816 2393721 
4817 2393721 
4818 2393722 
4819 2393722 
4820 2393722 
4821 2393722 
4822 2393723 
4823 2393724 
4824 2393725 
4825 2393725 
4826 2393725 
4827 2393726 
4828 2393727 
4829 2393727 
4830 2393728 
4831 2393728 
4832 2393729 
4833 2393729 
4834 2393729 
4835 2393731 
4836 2393734 
4837 2393734 
4838 2393734 
4839 2393735 
4840 2393735 
4841 2393736 
4842 2393736 
4843 2393736 
4844 2393736 
4845 2393737 
4846 2393737 
4847 2393737 
4848 2393738 
4849 2393742 
4850 2393743 
4851 2393743 
4852 2393744 
4853 2393745 
4854 2393745 
4855 2393746 
4856 2393746 
4857 2393746 
4858 2393747 
4859 2393747 
4860 2393747 
4861 2393748 
4862 2393749 
4863 2393749 
4864 2393750 
4865 2393750 
4866 2393750 
4867 2393752 
4868 2393752 
4869 2393752 
4870 2393754 
4871 2393755 
4872 2393756 
4873 2393757 
4874 2393759 
4875 2393760 
4876 2393760 
4877 2393764 
4878 2393765 
4879 2393765 
4880 2393768 
4881 2393769 
4882 2393769 
4883 2393771 
4884 2393774 
4885 2393774 
4886 2393774 
4887 2393774 
4888 2393775 
4889 2393775 
4890 2393775 
4891 2393775 
4892 2393776 
4893 2393776 
4894 2393777 
4895 2393777 
4896 2393777 
4897 2393778 
4898 2393778 
4899 2393778 
4900 2393779 
4901 2393780 
4902 2393780 
4903 2393780 
4904 2393781 
4905 2393781 
4906 2393782 
4907 2393783 
4908 2393784 
4909 2393785 
4910 2393786 
4911 2393786 
4912 2393787 
4913 2393789 
4914 2393799 
4915 2393800 
4916 2393800 
4917 2393800 
4918 2393800 
4919 2393801 
4920 2393801 
4921 2393802 
4922 2393802 
4923 2393803 
4924 2393803 
4925 2393804 
4926 2393805 
4927 2393806 
4928 2393806 
4929 2393806 
4930 2393807 
4931 2393807 
4932 2393807 
4933 2393808 
4934 2393808 
4935 2393809 
4936 2393809 
4937 2393810 
4938 2393811 
4939 2393811 
4940 2393812 
4941 2393812 
4942 2393813 
4943 2393813 
4944 2393813 
4945 2393814 
4946 2393814 
4947 2393815 
4948 2393815 
4949 2393816 
4950 2393817 
4951 2393817 
4952 2393817 
4953 2393818 
4954 2393818 
4955 2393818 
4956 2393818 
4957 2393819 
4958 2393819 
4959 2393819 
4960 2393819 
4961 2393820 
4962 2393820 
4963 2393821 
4964 2393821 
4965 2393821 
4966 2393821 
4967 2393822 
4968 2393822 
4969 2393823 
4970 2393823 
4971 2393824 
4972 2393824 
4973 2393824 
4974 2393825 
4975 2393826 
4976 2393827 
4977 2393828 
4978 2393830 
4979 2393830 
4980 2393830 
4981 2393831 
4982 2393831 
4983 2393831 
4984 2393832 
4985 2393832 
4986 2393832 
4987 2393833 
4988 2393833 
4989 2393833 
4990 2393834 
4991 2393834 
4992 2393834 
4993 2393835 
4994 2393839 
4995 2393840 
4996 2393840 
4997 2393840 
4998 2393845 
4999 2393845 
5000 2393846 
5001 2393848 
5002 2393848 
5003 2393853 
5004 2393855 
5005 2393856 
5006 2393857 
5007 2393858 
5008 2393859 
5009 2393860 
5010 2393860 
5011 2393860 
5012 2393861 
5013 2393861 
5014 2393861 
5015 2393861 
5016 2393862 
5017 2393862 
5018 2393862 
5019 2393863 
5020 2393863 
5021 2393863 
5022 2393863 
5023 2393863 
5024 2393864 
5025 2393864 
5026 2393864 
5027 2393864 
5028 2393864 
5029 2393865 
5030 2393865 
5031 2393865 
5032 2393866 
5033 2393866 
5034 2393866 
5035 2393867 
5036 2393867 
5037 2393867 
5038 2393868 
5039 2393868 
5040 2393868 
5041 2393869 
5042 2393869 
5043 2393869 
5044 2393869 
5045 2393870 
5046 2393870 
5047 2393870 
5048 2393871 
5049 2393871 
5050 2393871 
5051 2393871 
5052 2393872 
5053 2393872 
5054 2393872 
5055 2393872 
5056 2393872 
5057 2393873 
5058 2393873 
5059 2393873 
5060 2393874 
5061 2393874 
5062 2393875 
5063 2393875 
5064 2393875 
5065 2393875 
5066 2393875 
5067 2393876 
5068 2393876 
5069 2393876 
5070 2393876 
5071 2393876 
5072 2393877 
5073 2393877 
5074 2393877 
5075 2393877 
5076 2393877 
5077 2393877 
5078 2393878 
5079 2393878 
5080 2393878 
5081 2393878 
5082 2393879 
5083 2393883 
5084 2393883 
5085 2393883 
5086 2393884 
5087 2393884 
5088 2393884 
5089 2393885 
5090 2393886 
5091 2393887 
5092 2393887 
5093 2393887 
5094 2393888 
5095 2393888 
5096 2393890 
5097 2393891 
5098 2393891 
5099 2393891 
5100 2393891 
5101 2393891 
5102 2393892 
5103 2393892 
5104 2393893 
5105 2393893 
5106 2393893 
5107 2393893 
5108 2393894 
5109 2393894 
5110 2393895 
5111 2393895 
5112 2393895 
5113 2393895 
5114 2393895 
5115 2393896 
5116 2393897 
5117 2393898 
5118 2393898 
5119 2393898 
5120 2393899 
5121 2393899 
5122 2393900 
5123 2393900 
5124 2393900 
5125 2393900 
5126 2393901 
5127 2393903 
5128 2393903 
5129 2393903 
5130 2393903 
5131 2393904 
5132 2393905 
5133 2393905 
5134 2393908 
5135 2393908 
5136 2393908 
5137 2393909 
5138 2393909 
5139 2393909 
5140 2393909 
5141 2393910 
5142 2393914 
5143 2393914 
5144 2393921 
5145 2393924 
5146 2393931 
5147 2393932 
5148 2393932 
5149 2393933 
5150 2393933 
5151 2393933 
5152 2393934 
5153 2393934 
5154 2393934 
5155 2393935 
5156 2393935 
5157 2393935 
5158 2393936 
5159 2393936 
5160 2393936 
5161 2393938 
5162 2393940 
5163 2393941 
5164 2393944 
5165 2393944 
5166 2393946 
5167 2393946 
5168 2393947 
5169 2393950 
5170 2393951 
5171 2393952 
5172 2393956 
5173 2393960 
5174 2393960 
5175 2393964 
5176 2393965 
5177 2393965 
5178 2393966 
5179 2393966 
5180 2393967 
5181 2393967 
5182 2393968 
5183 2393968 
5184 2393968 
5185 2393969 
5186 2393970 
5187 2393971 
5188 2393971 
5189 2393971 
5190 2393976 
5191 2393979 
5192 2393979 
5193 2393981 
5194 2393982 
5195 2393982 
5196 2393983 
5197 2393984 
5198 2393985 
5199 2393986 
5200 2393986 
5201 2393987 
5202 2393988 
5203 2393988 
5204 2393996 
5205 2393996 
5206 2393997 
5207 2393997 
5208 2393997 
5209 2393997 
5210 2393998 
5211 2393998 
5212 2393998 
5213 2393999 
5214 2393999 
5215 2393999 
5216 2394000 
5217 2394000 
