1 2584800 
2 2584803 
3 2584803 
4 2584803 
5 2584803 
6 2584804 
7 2584804 
8 2584805 
9 2584805 
10 2584806 
11 2584807 
12 2584809 
13 2584813 
14 2584814 
15 2584814 
16 2584815 
17 2584815 
18 2584815 
19 2584816 
20 2584816 
21 2584816 
22 2584823 
23 2584829 
24 2584830 
25 2584830 
26 2584830 
27 2584830 
28 2584831 
29 2584831 
30 2584831 
31 2584831 
32 2584831 
33 2584832 
34 2584832 
35 2584832 
36 2584832 
37 2584833 
38 2584833 
39 2584834 
40 2584834 
41 2584836 
42 2584838 
43 2584839 
44 2584840 
45 2584840 
46 2584840 
47 2584841 
48 2584841 
49 2584841 
50 2584845 
51 2584846 
52 2584846 
53 2584846 
54 2584846 
55 2584847 
56 2584847 
57 2584847 
58 2584848 
59 2584848 
60 2584848 
61 2584849 
62 2584849 
63 2584849 
64 2584850 
65 2584850 
66 2584850 
67 2584850 
68 2584851 
69 2584851 
70 2584851 
71 2584852 
72 2584852 
73 2584852 
74 2584853 
75 2584853 
76 2584854 
77 2584854 
78 2584854 
79 2584855 
80 2584857 
81 2584857 
82 2584857 
83 2584858 
84 2584858 
85 2584859 
86 2584859 
87 2584862 
88 2584862 
89 2584863 
90 2584863 
91 2584864 
92 2584864 
93 2584864 
94 2584865 
95 2584867 
96 2584876 
97 2584878 
98 2584878 
99 2584878 
100 2584878 
101 2584886 
102 2584887 
103 2584887 
104 2584888 
105 2584888 
106 2584889 
107 2584889 
108 2584890 
109 2584890 
110 2584890 
111 2584891 
112 2584891 
113 2584891 
114 2584894 
115 2584894 
116 2584898 
117 2584901 
118 2584903 
119 2584904 
120 2584904 
121 2584908 
122 2584909 
123 2584911 
124 2584911 
125 2584912 
126 2584912 
127 2584912 
128 2584913 
129 2584913 
130 2584913 
131 2584913 
132 2584915 
133 2584916 
134 2584917 
135 2584922 
136 2584922 
137 2584922 
138 2584923 
139 2584923 
140 2584923 
141 2584923 
142 2584924 
143 2584924 
144 2584925 
145 2584925 
146 2584928 
147 2584928 
148 2584929 
149 2584929 
150 2584929 
151 2584930 
152 2584930 
153 2584930 
154 2584931 
155 2584931 
156 2584932 
157 2584932 
158 2584932 
159 2584933 
160 2584933 
161 2584934 
162 2584935 
163 2584935 
164 2584935 
165 2584937 
166 2584937 
167 2584938 
168 2584938 
169 2584938 
170 2584941 
171 2584942 
172 2584942 
173 2584942 
174 2584942 
175 2584943 
176 2584946 
177 2584947 
178 2584947 
179 2584949 
180 2584950 
181 2584950 
182 2584951 
183 2584951 
184 2584951 
185 2584953 
186 2584953 
187 2584953 
188 2584954 
189 2584954 
190 2584954 
191 2584954 
192 2584955 
193 2584955 
194 2584955 
195 2584956 
196 2584958 
197 2584958 
198 2584959 
199 2584959 
200 2584959 
201 2584959 
202 2584960 
203 2584960 
204 2584963 
205 2584964 
206 2584964 
207 2584964 
208 2584965 
209 2584965 
210 2584966 
211 2584966 
212 2584966 
213 2584967 
214 2584968 
215 2584968 
216 2584968 
217 2584969 
218 2584970 
219 2584971 
220 2584972 
221 2584972 
222 2584975 
223 2584978 
224 2584978 
225 2584985 
226 2584986 
227 2584989 
228 2584991 
229 2584994 
230 2584996 
231 2584996 
232 2584999 
233 2585001 
234 2585001 
235 2585003 
236 2585003 
237 2585005 
238 2585006 
239 2585017 
240 2585021 
241 2585021 
242 2585028 
243 2585028 
244 2585031 
245 2585032 
246 2585036 
247 2585037 
248 2585039 
249 2585046 
250 2585050 
251 2585051 
252 2585052 
253 2585053 
254 2585055 
255 2585060 
256 2585060 
257 2585060 
258 2585061 
259 2585061 
260 2585062 
261 2585062 
262 2585062 
263 2585063 
264 2585063 
265 2585063 
266 2585064 
267 2585064 
268 2585064 
269 2585065 
270 2585065 
271 2585066 
272 2585067 
273 2585067 
274 2585071 
275 2585074 
276 2585076 
277 2585077 
278 2585079 
279 2585079 
280 2585081 
281 2585081 
282 2585082 
283 2585083 
284 2585084 
285 2585085 
286 2585086 
287 2585086 
288 2585089 
289 2585092 
290 2585093 
291 2585093 
292 2585093 
293 2585093 
294 2585094 
295 2585095 
296 2585095 
297 2585095 
298 2585095 
299 2585096 
300 2585096 
301 2585096 
302 2585097 
303 2585097 
304 2585097 
305 2585098 
306 2585098 
307 2585101 
308 2585108 
309 2585115 
310 2585116 
311 2585116 
312 2585117 
313 2585118 
314 2585121 
315 2585124 
316 2585128 
317 2585128 
318 2585128 
319 2585130 
320 2585131 
321 2585131 
322 2585131 
323 2585131 
324 2585131 
325 2585132 
326 2585133 
327 2585134 
328 2585134 
329 2585135 
330 2585136 
331 2585136 
332 2585140 
333 2585140 
334 2585141 
335 2585142 
336 2585143 
337 2585145 
338 2585146 
339 2585148 
340 2585149 
341 2585149 
342 2585150 
343 2585150 
344 2585150 
345 2585151 
346 2585151 
347 2585151 
348 2585152 
349 2585152 
350 2585153 
351 2585154 
352 2585155 
353 2585155 
354 2585157 
355 2585158 
356 2585162 
357 2585162 
358 2585172 
359 2585172 
360 2585173 
361 2585173 
362 2585173 
363 2585174 
364 2585174 
365 2585174 
366 2585174 
367 2585175 
368 2585175 
369 2585179 
370 2585181 
371 2585182 
372 2585183 
373 2585183 
374 2585183 
375 2585184 
376 2585184 
377 2585184 
378 2585185 
379 2585185 
380 2585185 
381 2585186 
382 2585187 
383 2585188 
384 2585189 
385 2585190 
386 2585190 
387 2585192 
388 2585192 
389 2585192 
390 2585193 
391 2585193 
392 2585194 
393 2585194 
394 2585194 
395 2585195 
396 2585197 
397 2585197 
398 2585197 
399 2585198 
400 2585199 
401 2585199 
402 2585199 
403 2585200 
404 2585200 
405 2585200 
406 2585201 
407 2585203 
408 2585203 
409 2585203 
410 2585203 
411 2585204 
412 2585204 
413 2585204 
414 2585205 
415 2585210 
416 2585214 
417 2585217 
418 2585217 
419 2585217 
420 2585218 
421 2585218 
422 2585218 
423 2585218 
424 2585219 
425 2585223 
426 2585223 
427 2585226 
428 2585227 
429 2585229 
430 2585229 
431 2585230 
432 2585231 
433 2585232 
434 2585232 
435 2585232 
436 2585233 
437 2585234 
438 2585234 
439 2585236 
440 2585236 
441 2585237 
442 2585237 
443 2585237 
444 2585237 
445 2585237 
446 2585237 
447 2585238 
448 2585238 
449 2585238 
450 2585239 
451 2585239 
452 2585239 
453 2585240 
454 2585240 
455 2585240 
456 2585241 
457 2585241 
458 2585241 
459 2585241 
460 2585242 
461 2585242 
462 2585242 
463 2585242 
464 2585243 
465 2585243 
466 2585243 
467 2585243 
468 2585244 
469 2585244 
470 2585244 
471 2585244 
472 2585245 
473 2585245 
474 2585245 
475 2585245 
476 2585245 
477 2585246 
478 2585246 
479 2585246 
480 2585246 
481 2585247 
482 2585247 
483 2585247 
484 2585247 
485 2585248 
486 2585248 
487 2585248 
488 2585248 
489 2585249 
490 2585249 
491 2585249 
492 2585249 
493 2585249 
494 2585249 
495 2585250 
496 2585250 
497 2585250 
498 2585250 
499 2585251 
500 2585251 
501 2585251 
502 2585251 
503 2585251 
504 2585251 
505 2585252 
506 2585252 
507 2585252 
508 2585252 
509 2585253 
510 2585253 
511 2585253 
512 2585253 
513 2585254 
514 2585254 
515 2585254 
516 2585254 
517 2585255 
518 2585255 
519 2585255 
520 2585255 
521 2585255 
522 2585256 
523 2585256 
524 2585256 
525 2585256 
526 2585256 
527 2585257 
528 2585257 
529 2585257 
530 2585257 
531 2585257 
532 2585258 
533 2585258 
534 2585258 
535 2585258 
536 2585258 
537 2585259 
538 2585259 
539 2585259 
540 2585259 
541 2585260 
542 2585260 
543 2585261 
544 2585261 
545 2585261 
546 2585262 
547 2585262 
548 2585262 
549 2585262 
550 2585262 
551 2585262 
552 2585263 
553 2585263 
554 2585265 
555 2585265 
556 2585266 
557 2585266 
558 2585273 
559 2585274 
560 2585274 
561 2585274 
562 2585275 
563 2585275 
564 2585275 
565 2585276 
566 2585276 
567 2585276 
568 2585277 
569 2585277 
570 2585278 
571 2585284 
572 2585285 
573 2585285 
574 2585285 
575 2585286 
576 2585286 
577 2585298 
578 2585298 
579 2585298 
580 2585299 
581 2585299 
582 2585299 
583 2585300 
584 2585300 
585 2585300 
586 2585300 
587 2585301 
588 2585301 
589 2585301 
590 2585302 
591 2585302 
592 2585302 
593 2585302 
594 2585303 
595 2585303 
596 2585303 
597 2585304 
598 2585304 
599 2585304 
600 2585305 
601 2585305 
602 2585305 
603 2585305 
604 2585306 
605 2585306 
606 2585306 
607 2585307 
608 2585307 
609 2585307 
610 2585308 
611 2585308 
612 2585308 
613 2585309 
614 2585309 
615 2585309 
616 2585310 
617 2585310 
618 2585310 
619 2585310 
620 2585311 
621 2585311 
622 2585311 
623 2585312 
624 2585312 
625 2585312 
626 2585312 
627 2585313 
628 2585313 
629 2585313 
630 2585314 
631 2585314 
632 2585315 
633 2585315 
634 2585315 
635 2585316 
636 2585319 
637 2585325 
638 2585327 
639 2585327 
640 2585328 
641 2585328 
642 2585328 
643 2585329 
644 2585329 
645 2585329 
646 2585330 
647 2585330 
648 2585330 
649 2585331 
650 2585332 
651 2585344 
652 2585347 
653 2585347 
654 2585352 
655 2585361 
656 2585361 
657 2585362 
658 2585362 
659 2585362 
660 2585363 
661 2585363 
662 2585363 
663 2585364 
664 2585364 
665 2585364 
666 2585365 
667 2585365 
668 2585366 
669 2585368 
670 2585369 
671 2585370 
672 2585373 
673 2585375 
674 2585376 
675 2585378 
676 2585378 
677 2585379 
678 2585379 
679 2585379 
680 2585380 
681 2585381 
682 2585381 
683 2585381 
684 2585382 
685 2585382 
686 2585382 
687 2585382 
688 2585383 
689 2585383 
690 2585384 
691 2585384 
692 2585384 
693 2585386 
694 2585387 
695 2585388 
696 2585390 
697 2585390 
698 2585391 
699 2585391 
700 2585392 
701 2585393 
702 2585396 
703 2585397 
704 2585397 
705 2585398 
706 2585399 
707 2585399 
708 2585402 
709 2585402 
710 2585404 
711 2585405 
712 2585405 
713 2585407 
714 2585409 
715 2585411 
716 2585412 
717 2585412 
718 2585412 
719 2585412 
720 2585413 
721 2585413 
722 2585413 
723 2585414 
724 2585414 
725 2585418 
726 2585419 
727 2585420 
728 2585420 
729 2585420 
730 2585421 
731 2585422 
732 2585423 
733 2585423 
734 2585424 
735 2585425 
736 2585429 
737 2585435 
738 2585439 
739 2585440 
740 2585441 
741 2585443 
742 2585443 
743 2585444 
744 2585444 
745 2585444 
746 2585445 
747 2585445 
748 2585446 
749 2585447 
750 2585447 
751 2585452 
752 2585452 
753 2585455 
754 2585455 
755 2585457 
756 2585457 
757 2585458 
758 2585458 
759 2585458 
760 2585459 
761 2585459 
762 2585459 
763 2585460 
764 2585460 
765 2585461 
766 2585461 
767 2585462 
768 2585464 
769 2585465 
770 2585467 
771 2585473 
772 2585473 
773 2585474 
774 2585474 
775 2585474 
776 2585476 
777 2585476 
778 2585477 
779 2585484 
780 2585487 
781 2585496 
782 2585497 
783 2585499 
784 2585499 
785 2585499 
786 2585500 
787 2585500 
788 2585500 
789 2585500 
790 2585501 
791 2585501 
792 2585504 
793 2585504 
794 2585505 
795 2585505 
796 2585506 
797 2585506 
798 2585506 
799 2585507 
800 2585507 
801 2585507 
802 2585508 
803 2585508 
804 2585508 
805 2585509 
806 2585509 
807 2585509 
808 2585510 
809 2585510 
810 2585511 
811 2585513 
812 2585513 
813 2585514 
814 2585518 
815 2585519 
816 2585520 
817 2585520 
818 2585520 
819 2585520 
820 2585521 
821 2585521 
822 2585521 
823 2585521 
824 2585521 
825 2585522 
826 2585522 
827 2585524 
828 2585525 
829 2585525 
830 2585526 
831 2585528 
832 2585528 
833 2585528 
834 2585529 
835 2585529 
836 2585531 
837 2585531 
838 2585531 
839 2585532 
840 2585536 
841 2585545 
842 2585548 
843 2585550 
844 2585551 
845 2585551 
846 2585551 
847 2585552 
848 2585552 
849 2585552 
850 2585553 
851 2585553 
852 2585554 
853 2585554 
854 2585554 
855 2585555 
856 2585558 
857 2585559 
858 2585559 
859 2585559 
860 2585560 
861 2585560 
862 2585560 
863 2585561 
864 2585561 
865 2585561 
866 2585561 
867 2585562 
868 2585562 
869 2585562 
870 2585563 
871 2585563 
872 2585563 
873 2585564 
874 2585564 
875 2585565 
876 2585565 
877 2585565 
878 2585567 
879 2585568 
880 2585568 
881 2585568 
882 2585568 
883 2585570 
884 2585570 
885 2585571 
886 2585571 
887 2585572 
888 2585572 
889 2585575 
890 2585576 
891 2585576 
892 2585577 
893 2585578 
894 2585578 
895 2585579 
896 2585579 
897 2585580 
898 2585583 
899 2585583 
900 2585583 
901 2585584 
902 2585584 
903 2585585 
904 2585585 
905 2585585 
906 2585586 
907 2585586 
908 2585586 
909 2585586 
910 2585587 
911 2585587 
912 2585587 
913 2585588 
914 2585592 
915 2585597 
916 2585597 
917 2585600 
918 2585600 
919 2585600 
920 2585601 
921 2585601 
922 2585601 
923 2585602 
924 2585602 
925 2585604 
926 2585605 
927 2585605 
928 2585609 
929 2585609 
930 2585609 
931 2585613 
932 2585613 
933 2585613 
934 2585614 
935 2585614 
936 2585615 
937 2585615 
938 2585615 
939 2585615 
940 2585616 
941 2585616 
942 2585616 
943 2585617 
944 2585617 
945 2585626 
946 2585627 
947 2585628 
948 2585628 
949 2585629 
950 2585629 
951 2585629 
952 2585630 
953 2585630 
954 2585630 
955 2585631 
956 2585631 
957 2585631 
958 2585632 
959 2585632 
960 2585632 
961 2585633 
962 2585633 
963 2585633 
964 2585634 
965 2585634 
966 2585634 
967 2585635 
968 2585636 
969 2585636 
970 2585645 
971 2585645 
972 2585646 
973 2585646 
974 2585649 
975 2585649 
976 2585650 
977 2585650 
978 2585650 
979 2585651 
980 2585651 
981 2585651 
982 2585656 
983 2585657 
984 2585659 
985 2585659 
986 2585660 
987 2585660 
988 2585660 
989 2585660 
990 2585660 
991 2585661 
992 2585661 
993 2585661 
994 2585662 
995 2585663 
996 2585663 
997 2585663 
998 2585663 
999 2585663 
1000 2585664 
1001 2585664 
1002 2585664 
1003 2585664 
1004 2585664 
1005 2585665 
1006 2585665 
1007 2585665 
1008 2585665 
1009 2585666 
1010 2585666 
1011 2585666 
1012 2585666 
1013 2585667 
1014 2585668 
1015 2585671 
1016 2585671 
1017 2585672 
1018 2585672 
1019 2585672 
1020 2585673 
1021 2585674 
1022 2585674 
1023 2585675 
1024 2585676 
1025 2585677 
1026 2585677 
1027 2585679 
1028 2585679 
1029 2585679 
1030 2585680 
1031 2585680 
1032 2585681 
1033 2585681 
1034 2585681 
1035 2585681 
1036 2585681 
1037 2585682 
1038 2585682 
1039 2585682 
1040 2585683 
1041 2585683 
1042 2585683 
1043 2585684 
1044 2585684 
1045 2585684 
1046 2585684 
1047 2585684 
1048 2585685 
1049 2585686 
1050 2585686 
1051 2585686 
1052 2585687 
1053 2585689 
1054 2585690 
1055 2585690 
1056 2585690 
1057 2585691 
1058 2585692 
1059 2585693 
1060 2585694 
1061 2585694 
1062 2585695 
1063 2585699 
1064 2585700 
1065 2585700 
1066 2585702 
1067 2585702 
1068 2585702 
1069 2585703 
1070 2585703 
1071 2585707 
1072 2585708 
1073 2585710 
1074 2585714 
1075 2585716 
1076 2585716 
1077 2585717 
1078 2585721 
1079 2585722 
1080 2585724 
1081 2585733 
1082 2585733 
1083 2585733 
1084 2585734 
1085 2585735 
1086 2585735 
1087 2585737 
1088 2585739 
1089 2585740 
1090 2585742 
1091 2585743 
1092 2585743 
1093 2585744 
1094 2585747 
1095 2585747 
1096 2585748 
1097 2585749 
1098 2585750 
1099 2585752 
1100 2585752 
1101 2585753 
1102 2585754 
1103 2585757 
1104 2585759 
1105 2585762 
1106 2585764 
1107 2585764 
1108 2585765 
1109 2585766 
1110 2585766 
1111 2585766 
1112 2585767 
1113 2585767 
1114 2585767 
1115 2585768 
1116 2585768 
1117 2585768 
1118 2585768 
1119 2585769 
1120 2585769 
1121 2585774 
1122 2585775 
1123 2585777 
1124 2585778 
1125 2585779 
1126 2585779 
1127 2585780 
1128 2585781 
1129 2585781 
1130 2585782 
1131 2585783 
1132 2585783 
1133 2585785 
1134 2585789 
1135 2585789 
1136 2585789 
1137 2585790 
1138 2585792 
1139 2585792 
1140 2585793 
1141 2585794 
1142 2585794 
1143 2585795 
1144 2585797 
1145 2585797 
1146 2585797 
1147 2585799 
1148 2585799 
1149 2585803 
1150 2585804 
1151 2585804 
1152 2585807 
1153 2585808 
1154 2585809 
1155 2585809 
1156 2585809 
1157 2585809 
1158 2585810 
1159 2585812 
1160 2585812 
1161 2585813 
1162 2585813 
1163 2585814 
1164 2585814 
1165 2585815 
1166 2585815 
1167 2585815 
1168 2585816 
1169 2585819 
1170 2585820 
1171 2585820 
1172 2585821 
1173 2585821 
1174 2585823 
1175 2585826 
1176 2585826 
1177 2585827 
1178 2585827 
1179 2585828 
1180 2585828 
1181 2585828 
1182 2585829 
1183 2585829 
1184 2585830 
1185 2585830 
1186 2585830 
1187 2585832 
1188 2585833 
1189 2585834 
1190 2585837 
1191 2585837 
1192 2585837 
1193 2585838 
1194 2585838 
1195 2585839 
1196 2585839 
1197 2585840 
1198 2585840 
1199 2585840 
1200 2585840 
1201 2585841 
1202 2585841 
1203 2585841 
1204 2585841 
1205 2585841 
1206 2585842 
1207 2585842 
1208 2585843 
1209 2585846 
1210 2585852 
1211 2585852 
1212 2585853 
1213 2585853 
1214 2585853 
1215 2585853 
1216 2585854 
1217 2585858 
1218 2585859 
1219 2585859 
1220 2585860 
1221 2585860 
1222 2585864 
1223 2585865 
1224 2585866 
1225 2585868 
1226 2585870 
1227 2585873 
1228 2585874 
1229 2585874 
1230 2585874 
1231 2585875 
1232 2585875 
1233 2585875 
1234 2585875 
1235 2585876 
1236 2585876 
1237 2585876 
1238 2585876 
1239 2585877 
1240 2585877 
1241 2585877 
1242 2585877 
1243 2585878 
1244 2585878 
1245 2585878 
1246 2585878 
1247 2585879 
1248 2585879 
1249 2585889 
1250 2585889 
1251 2585890 
1252 2585892 
1253 2585893 
1254 2585893 
1255 2585893 
1256 2585893 
1257 2585894 
1258 2585898 
1259 2585899 
1260 2585900 
1261 2585900 
1262 2585901 
1263 2585902 
1264 2585902 
1265 2585903 
1266 2585903 
1267 2585903 
1268 2585904 
1269 2585904 
1270 2585906 
1271 2585906 
1272 2585910 
1273 2585911 
1274 2585912 
1275 2585913 
1276 2585914 
1277 2585914 
1278 2585914 
1279 2585915 
1280 2585915 
1281 2585918 
1282 2585918 
1283 2585918 
1284 2585920 
1285 2585922 
1286 2585931 
1287 2585932 
1288 2585937 
1289 2585941 
1290 2585942 
1291 2585942 
1292 2585942 
1293 2585943 
1294 2585943 
1295 2585944 
1296 2585946 
1297 2585952 
1298 2585952 
1299 2585953 
1300 2585953 
1301 2585953 
1302 2585953 
1303 2585954 
1304 2585954 
1305 2585955 
1306 2585955 
1307 2585955 
1308 2585956 
1309 2585956 
1310 2585956 
1311 2585957 
1312 2585957 
1313 2585957 
1314 2585957 
1315 2585957 
1316 2585958 
1317 2585958 
1318 2585958 
1319 2585959 
1320 2585959 
1321 2585959 
1322 2585960 
1323 2585960 
1324 2585960 
1325 2585961 
1326 2585962 
1327 2585962 
1328 2585962 
1329 2585963 
1330 2585963 
1331 2585963 
1332 2585964 
1333 2585964 
1334 2585964 
1335 2585967 
1336 2585970 
1337 2585970 
1338 2585970 
1339 2585971 
1340 2585971 
1341 2585971 
1342 2585971 
1343 2585972 
1344 2585972 
1345 2585974 
1346 2585974 
1347 2585974 
1348 2585975 
1349 2585975 
1350 2585976 
1351 2585976 
1352 2585979 
1353 2585980 
1354 2585980 
1355 2585980 
1356 2585981 
1357 2585981 
1358 2585982 
1359 2585982 
1360 2585984 
1361 2585984 
1362 2585984 
1363 2585985 
1364 2585985 
1365 2585986 
1366 2585986 
1367 2585990 
1368 2585991 
1369 2585992 
1370 2585998 
1371 2585999 
1372 2586000 
1373 2586004 
1374 2586008 
1375 2586008 
1376 2586009 
1377 2586012 
1378 2586012 
1379 2586014 
1380 2586014 
1381 2586014 
1382 2586014 
1383 2586015 
1384 2586017 
1385 2586018 
1386 2586019 
1387 2586020 
1388 2586022 
1389 2586022 
1390 2586022 
1391 2586023 
1392 2586023 
1393 2586027 
1394 2586030 
1395 2586030 
1396 2586030 
1397 2586034 
1398 2586034 
1399 2586035 
1400 2586036 
1401 2586039 
1402 2586042 
1403 2586043 
1404 2586043 
1405 2586043 
1406 2586045 
1407 2586045 
1408 2586045 
1409 2586045 
1410 2586048 
1411 2586048 
1412 2586049 
1413 2586051 
1414 2586053 
1415 2586055 
1416 2586057 
1417 2586057 
1418 2586059 
1419 2586059 
1420 2586060 
1421 2586061 
1422 2586061 
1423 2586061 
1424 2586062 
1425 2586065 
1426 2586066 
1427 2586066 
1428 2586070 
1429 2586071 
1430 2586072 
1431 2586073 
1432 2586073 
1433 2586076 
1434 2586076 
1435 2586077 
1436 2586079 
1437 2586079 
1438 2586081 
1439 2586084 
1440 2586084 
1441 2586086 
1442 2586087 
1443 2586089 
1444 2586092 
1445 2586093 
1446 2586095 
1447 2586095 
1448 2586096 
1449 2586096 
1450 2586096 
1451 2586097 
1452 2586099 
1453 2586100 
1454 2586100 
1455 2586110 
1456 2586112 
1457 2586112 
1458 2586113 
1459 2586113 
1460 2586113 
1461 2586113 
1462 2586115 
1463 2586118 
1464 2586121 
1465 2586121 
1466 2586122 
1467 2586123 
1468 2586124 
1469 2586124 
1470 2586124 
1471 2586126 
1472 2586127 
1473 2586127 
1474 2586128 
1475 2586129 
1476 2586132 
1477 2586132 
1478 2586134 
1479 2586138 
1480 2586142 
1481 2586143 
1482 2586145 
1483 2586145 
1484 2586146 
1485 2586147 
1486 2586147 
1487 2586152 
1488 2586154 
1489 2586154 
1490 2586154 
1491 2586155 
1492 2586155 
1493 2586155 
1494 2586156 
1495 2586156 
1496 2586160 
1497 2586163 
1498 2586163 
1499 2586165 
1500 2586165 
1501 2586166 
1502 2586168 
1503 2586169 
1504 2586169 
1505 2586171 
1506 2586172 
1507 2586173 
1508 2586175 
1509 2586175 
1510 2586175 
1511 2586175 
1512 2586175 
1513 2586176 
1514 2586176 
1515 2586176 
1516 2586177 
1517 2586177 
1518 2586177 
1519 2586178 
1520 2586178 
1521 2586178 
1522 2586179 
1523 2586179 
1524 2586179 
1525 2586180 
1526 2586180 
1527 2586181 
1528 2586181 
1529 2586184 
1530 2586185 
1531 2586185 
1532 2586186 
1533 2586186 
1534 2586187 
1535 2586187 
1536 2586187 
1537 2586189 
1538 2586190 
1539 2586192 
1540 2586195 
1541 2586196 
1542 2586203 
1543 2586203 
1544 2586204 
1545 2586205 
1546 2586218 
1547 2586219 
1548 2586220 
1549 2586220 
1550 2586220 
1551 2586223 
1552 2586223 
1553 2586223 
1554 2586224 
1555 2586234 
1556 2586237 
1557 2586238 
1558 2586240 
1559 2586244 
1560 2586245 
1561 2586247 
1562 2586247 
1563 2586248 
1564 2586248 
1565 2586249 
1566 2586249 
1567 2586250 
1568 2586250 
1569 2586250 
1570 2586251 
1571 2586251 
1572 2586251 
1573 2586251 
1574 2586254 
1575 2586255 
1576 2586255 
1577 2586257 
1578 2586259 
1579 2586260 
1580 2586260 
1581 2586261 
1582 2586262 
1583 2586262 
1584 2586263 
1585 2586263 
1586 2586264 
1587 2586264 
1588 2586264 
1589 2586265 
1590 2586266 
1591 2586266 
1592 2586268 
1593 2586273 
1594 2586275 
1595 2586276 
1596 2586276 
1597 2586283 
1598 2586284 
1599 2586286 
1600 2586290 
1601 2586291 
1602 2586293 
1603 2586294 
1604 2586294 
1605 2586294 
1606 2586295 
1607 2586295 
1608 2586296 
1609 2586296 
1610 2586296 
1611 2586296 
1612 2586297 
1613 2586297 
1614 2586299 
1615 2586302 
1616 2586303 
1617 2586304 
1618 2586305 
1619 2586306 
1620 2586306 
1621 2586306 
1622 2586307 
1623 2586307 
1624 2586308 
1625 2586309 
1626 2586310 
1627 2586310 
1628 2586310 
1629 2586311 
1630 2586314 
1631 2586314 
1632 2586316 
1633 2586316 
1634 2586317 
1635 2586317 
1636 2586319 
1637 2586319 
1638 2586320 
1639 2586322 
1640 2586322 
1641 2586322 
1642 2586323 
1643 2586323 
1644 2586324 
1645 2586324 
1646 2586325 
1647 2586325 
1648 2586326 
1649 2586328 
1650 2586328 
1651 2586329 
1652 2586332 
1653 2586333 
1654 2586337 
1655 2586337 
1656 2586338 
1657 2586341 
1658 2586341 
1659 2586342 
1660 2586344 
1661 2586345 
1662 2586346 
1663 2586350 
1664 2586350 
1665 2586350 
1666 2586351 
1667 2586353 
1668 2586353 
1669 2586358 
1670 2586358 
1671 2586360 
1672 2586360 
1673 2586361 
1674 2586362 
1675 2586362 
1676 2586363 
1677 2586363 
1678 2586364 
1679 2586364 
1680 2586364 
1681 2586365 
1682 2586365 
1683 2586366 
1684 2586366 
1685 2586367 
1686 2586367 
1687 2586370 
1688 2586373 
1689 2586373 
1690 2586374 
1691 2586374 
1692 2586374 
1693 2586375 
1694 2586375 
1695 2586376 
1696 2586376 
1697 2586377 
1698 2586378 
1699 2586378 
1700 2586379 
1701 2586379 
1702 2586380 
1703 2586380 
1704 2586380 
1705 2586381 
1706 2586381 
1707 2586381 
1708 2586382 
1709 2586382 
1710 2586383 
1711 2586383 
1712 2586383 
1713 2586384 
1714 2586385 
1715 2586386 
1716 2586387 
1717 2586387 
1718 2586387 
1719 2586389 
1720 2586390 
1721 2586391 
1722 2586391 
1723 2586391 
1724 2586391 
1725 2586392 
1726 2586392 
1727 2586393 
1728 2586393 
1729 2586393 
1730 2586394 
1731 2586394 
1732 2586394 
1733 2586396 
1734 2586396 
1735 2586396 
1736 2586397 
1737 2586397 
1738 2586397 
1739 2586398 
1740 2586398 
1741 2586398 
1742 2586399 
1743 2586399 
1744 2586401 
1745 2586402 
1746 2586402 
1747 2586402 
1748 2586403 
1749 2586403 
1750 2586404 
1751 2586404 
1752 2586404 
1753 2586405 
1754 2586405 
1755 2586405 
1756 2586406 
1757 2586408 
1758 2586409 
1759 2586411 
1760 2586412 
1761 2586412 
1762 2586412 
1763 2586413 
1764 2586413 
1765 2586414 
1766 2586414 
1767 2586415 
1768 2586416 
1769 2586416 
1770 2586418 
1771 2586418 
1772 2586419 
1773 2586419 
1774 2586419 
1775 2586424 
1776 2586424 
1777 2586424 
1778 2586425 
1779 2586425 
1780 2586425 
1781 2586428 
1782 2586429 
1783 2586429 
1784 2586429 
1785 2586430 
1786 2586430 
1787 2586431 
1788 2586432 
1789 2586432 
1790 2586432 
1791 2586432 
1792 2586433 
1793 2586433 
1794 2586434 
1795 2586435 
1796 2586435 
1797 2586438 
1798 2586439 
1799 2586439 
1800 2586439 
1801 2586441 
1802 2586442 
1803 2586445 
1804 2586446 
1805 2586446 
1806 2586446 
1807 2586447 
1808 2586448 
1809 2586448 
1810 2586448 
1811 2586449 
1812 2586454 
1813 2586455 
1814 2586456 
1815 2586456 
1816 2586456 
1817 2586456 
1818 2586457 
1819 2586458 
1820 2586458 
1821 2586459 
1822 2586459 
1823 2586459 
1824 2586460 
1825 2586465 
1826 2586465 
1827 2586466 
1828 2586467 
1829 2586467 
1830 2586467 
1831 2586468 
1832 2586469 
1833 2586470 
1834 2586470 
1835 2586471 
1836 2586471 
1837 2586472 
1838 2586472 
1839 2586476 
1840 2586479 
1841 2586481 
1842 2586482 
1843 2586483 
1844 2586484 
1845 2586485 
1846 2586486 
1847 2586486 
1848 2586487 
1849 2586487 
1850 2586489 
1851 2586491 
1852 2586492 
1853 2586494 
1854 2586495 
1855 2586495 
1856 2586495 
1857 2586496 
1858 2586496 
1859 2586496 
1860 2586497 
1861 2586497 
1862 2586497 
1863 2586502 
1864 2586503 
1865 2586505 
1866 2586505 
1867 2586506 
1868 2586507 
1869 2586514 
1870 2586516 
1871 2586516 
1872 2586518 
1873 2586519 
1874 2586519 
1875 2586519 
1876 2586519 
1877 2586520 
1878 2586520 
1879 2586520 
1880 2586521 
1881 2586521 
1882 2586522 
1883 2586522 
1884 2586523 
1885 2586523 
1886 2586523 
1887 2586524 
1888 2586527 
1889 2586528 
1890 2586528 
1891 2586528 
1892 2586529 
1893 2586529 
1894 2586530 
1895 2586530 
1896 2586531 
1897 2586532 
1898 2586532 
1899 2586532 
1900 2586533 
1901 2586536 
1902 2586538 
1903 2586541 
1904 2586541 
1905 2586542 
1906 2586547 
1907 2586547 
1908 2586548 
1909 2586554 
1910 2586556 
1911 2586556 
1912 2586556 
1913 2586557 
1914 2586557 
1915 2586557 
1916 2586558 
1917 2586558 
1918 2586558 
1919 2586559 
1920 2586559 
1921 2586560 
1922 2586561 
1923 2586561 
1924 2586562 
1925 2586562 
1926 2586563 
1927 2586564 
1928 2586566 
1929 2586568 
1930 2586570 
1931 2586570 
1932 2586570 
1933 2586572 
1934 2586573 
1935 2586573 
1936 2586573 
1937 2586574 
1938 2586574 
1939 2586575 
1940 2586575 
1941 2586576 
1942 2586576 
1943 2586577 
1944 2586579 
1945 2586579 
1946 2586580 
1947 2586580 
1948 2586581 
1949 2586581 
1950 2586582 
1951 2586582 
1952 2586582 
1953 2586583 
1954 2586586 
1955 2586586 
1956 2586588 
1957 2586588 
1958 2586589 
1959 2586590 
1960 2586590 
1961 2586591 
1962 2586591 
1963 2586594 
1964 2586594 
1965 2586595 
1966 2586595 
1967 2586595 
1968 2586596 
1969 2586596 
1970 2586597 
1971 2586598 
1972 2586598 
1973 2586599 
1974 2586600 
1975 2586600 
1976 2586601 
1977 2586601 
1978 2586605 
1979 2586606 
1980 2586608 
1981 2586608 
1982 2586609 
1983 2586614 
1984 2586615 
1985 2586615 
1986 2586615 
1987 2586616 
1988 2586617 
1989 2586617 
1990 2586617 
1991 2586617 
1992 2586618 
1993 2586618 
1994 2586618 
1995 2586619 
1996 2586619 
1997 2586620 
1998 2586620 
1999 2586620 
2000 2586625 
2001 2586631 
2002 2586631 
2003 2586631 
2004 2586632 
2005 2586632 
2006 2586632 
2007 2586633 
2008 2586633 
2009 2586633 
2010 2586633 
2011 2586634 
2012 2586634 
2013 2586634 
2014 2586636 
2015 2586637 
2016 2586638 
2017 2586639 
2018 2586640 
2019 2586642 
2020 2586649 
2021 2586650 
2022 2586651 
2023 2586652 
2024 2586652 
2025 2586653 
2026 2586654 
2027 2586654 
2028 2586655 
2029 2586655 
2030 2586655 
2031 2586655 
2032 2586656 
2033 2586656 
2034 2586657 
2035 2586657 
2036 2586657 
2037 2586657 
2038 2586658 
2039 2586658 
2040 2586658 
2041 2586659 
2042 2586659 
2043 2586659 
2044 2586659 
2045 2586660 
2046 2586660 
2047 2586660 
2048 2586660 
2049 2586661 
2050 2586661 
2051 2586661 
2052 2586662 
2053 2586663 
2054 2586667 
2055 2586667 
2056 2586667 
2057 2586668 
2058 2586668 
2059 2586668 
2060 2586669 
2061 2586674 
2062 2586675 
2063 2586675 
2064 2586675 
2065 2586675 
2066 2586676 
2067 2586676 
2068 2586677 
2069 2586678 
2070 2586682 
2071 2586684 
2072 2586684 
2073 2586684 
2074 2586685 
2075 2586685 
2076 2586685 
2077 2586686 
2078 2586687 
2079 2586688 
2080 2586689 
2081 2586693 
2082 2586694 
2083 2586698 
2084 2586699 
2085 2586699 
2086 2586699 
2087 2586699 
2088 2586700 
2089 2586700 
2090 2586700 
2091 2586700 
2092 2586701 
2093 2586701 
2094 2586702 
2095 2586702 
2096 2586702 
2097 2586705 
2098 2586706 
2099 2586706 
2100 2586709 
2101 2586711 
2102 2586712 
2103 2586712 
2104 2586712 
2105 2586713 
2106 2586713 
2107 2586714 
2108 2586715 
2109 2586715 
2110 2586716 
2111 2586716 
2112 2586716 
2113 2586717 
2114 2586719 
2115 2586720 
2116 2586720 
2117 2586722 
2118 2586729 
2119 2586732 
2120 2586733 
2121 2586733 
2122 2586734 
2123 2586734 
2124 2586735 
2125 2586735 
2126 2586735 
2127 2586736 
2128 2586736 
2129 2586736 
2130 2586737 
2131 2586737 
2132 2586742 
2133 2586742 
2134 2586749 
2135 2586749 
2136 2586750 
2137 2586751 
2138 2586751 
2139 2586751 
2140 2586752 
2141 2586752 
2142 2586753 
2143 2586753 
2144 2586754 
2145 2586755 
2146 2586755 
2147 2586755 
2148 2586756 
2149 2586756 
2150 2586758 
2151 2586760 
2152 2586760 
2153 2586760 
2154 2586760 
2155 2586761 
2156 2586761 
2157 2586761 
2158 2586761 
2159 2586761 
2160 2586762 
2161 2586762 
2162 2586763 
2163 2586763 
2164 2586763 
2165 2586764 
2166 2586764 
2167 2586764 
2168 2586765 
2169 2586765 
2170 2586771 
2171 2586772 
2172 2586772 
2173 2586773 
2174 2586773 
2175 2586773 
2176 2586774 
2177 2586774 
2178 2586774 
2179 2586775 
2180 2586775 
2181 2586777 
2182 2586777 
2183 2586778 
2184 2586779 
2185 2586780 
2186 2586780 
2187 2586780 
2188 2586781 
2189 2586781 
2190 2586781 
2191 2586782 
2192 2586782 
2193 2586783 
2194 2586783 
2195 2586786 
2196 2586786 
2197 2586786 
2198 2586787 
2199 2586787 
2200 2586791 
2201 2586791 
2202 2586791 
2203 2586791 
2204 2586792 
2205 2586792 
2206 2586792 
2207 2586793 
2208 2586793 
2209 2586794 
2210 2586794 
2211 2586794 
2212 2586795 
2213 2586795 
2214 2586796 
2215 2586797 
2216 2586798 
2217 2586798 
2218 2586799 
2219 2586799 
2220 2586801 
2221 2586801 
2222 2586801 
2223 2586802 
2224 2586803 
2225 2586804 
2226 2586805 
2227 2586805 
2228 2586805 
2229 2586806 
2230 2586806 
2231 2586809 
2232 2586811 
2233 2586811 
2234 2586812 
2235 2586814 
2236 2586814 
2237 2586814 
2238 2586814 
2239 2586815 
2240 2586817 
2241 2586818 
2242 2586818 
2243 2586820 
2244 2586821 
2245 2586825 
2246 2586827 
2247 2586828 
2248 2586828 
2249 2586828 
2250 2586828 
2251 2586829 
2252 2586829 
2253 2586829 
2254 2586830 
2255 2586831 
2256 2586831 
2257 2586831 
2258 2586832 
2259 2586832 
2260 2586834 
2261 2586834 
2262 2586834 
2263 2586834 
2264 2586835 
2265 2586835 
2266 2586835 
2267 2586836 
2268 2586836 
2269 2586837 
2270 2586838 
2271 2586838 
2272 2586838 
2273 2586839 
2274 2586839 
2275 2586839 
2276 2586840 
2277 2586840 
2278 2586840 
2279 2586841 
2280 2586841 
2281 2586841 
2282 2586842 
2283 2586842 
2284 2586843 
2285 2586843 
2286 2586843 
2287 2586844 
2288 2586844 
2289 2586845 
2290 2586848 
2291 2586848 
2292 2586849 
2293 2586849 
2294 2586850 
2295 2586850 
2296 2586852 
2297 2586852 
2298 2586853 
2299 2586860 
2300 2586862 
2301 2586863 
2302 2586863 
2303 2586863 
2304 2586864 
2305 2586865 
2306 2586866 
2307 2586870 
2308 2586872 
2309 2586872 
2310 2586873 
2311 2586874 
2312 2586875 
2313 2586875 
2314 2586875 
2315 2586877 
2316 2586877 
2317 2586877 
2318 2586878 
2319 2586878 
2320 2586878 
2321 2586878 
2322 2586879 
2323 2586879 
2324 2586880 
2325 2586880 
2326 2586881 
2327 2586883 
2328 2586883 
2329 2586883 
2330 2586884 
2331 2586884 
2332 2586884 
2333 2586885 
2334 2586885 
2335 2586885 
2336 2586888 
2337 2586893 
2338 2586893 
2339 2586893 
2340 2586895 
2341 2586895 
2342 2586895 
2343 2586895 
2344 2586896 
2345 2586896 
2346 2586896 
2347 2586897 
2348 2586897 
2349 2586898 
2350 2586898 
2351 2586899 
2352 2586899 
2353 2586900 
2354 2586901 
2355 2586901 
2356 2586901 
2357 2586910 
2358 2586913 
2359 2586913 
2360 2586913 
2361 2586914 
2362 2586914 
2363 2586914 
2364 2586915 
2365 2586915 
2366 2586916 
2367 2586916 
2368 2586916 
2369 2586917 
2370 2586917 
2371 2586918 
2372 2586922 
2373 2586923 
2374 2586923 
2375 2586923 
2376 2586924 
2377 2586925 
2378 2586926 
2379 2586926 
2380 2586927 
2381 2586927 
2382 2586928 
2383 2586932 
2384 2586932 
2385 2586934 
2386 2586934 
2387 2586936 
2388 2586936 
2389 2586937 
2390 2586937 
2391 2586939 
2392 2586941 
2393 2586946 
2394 2586947 
2395 2586949 
2396 2586951 
2397 2586951 
2398 2586951 
2399 2586952 
2400 2586952 
2401 2586953 
2402 2586954 
2403 2586954 
2404 2586955 
2405 2586955 
2406 2586956 
2407 2586956 
2408 2586959 
2409 2586960 
2410 2586960 
2411 2586961 
2412 2586962 
2413 2586962 
2414 2586962 
2415 2586968 
2416 2586969 
2417 2586973 
2418 2586973 
2419 2586973 
2420 2586975 
2421 2586976 
2422 2586976 
2423 2586976 
2424 2586976 
2425 2586977 
2426 2586978 
2427 2586981 
2428 2586981 
2429 2586981 
2430 2586982 
2431 2586982 
2432 2586983 
2433 2586983 
2434 2586983 
2435 2586984 
2436 2586984 
2437 2586984 
2438 2586985 
2439 2586985 
2440 2586985 
2441 2586986 
2442 2586987 
2443 2586987 
2444 2586992 
2445 2586993 
2446 2586993 
2447 2586998 
2448 2586999 
2449 2587003 
2450 2587004 
2451 2587008 
2452 2587010 
2453 2587010 
2454 2587011 
2455 2587011 
2456 2587011 
2457 2587014 
2458 2587014 
2459 2587015 
2460 2587015 
2461 2587016 
2462 2587017 
2463 2587018 
2464 2587018 
2465 2587018 
2466 2587019 
2467 2587019 
2468 2587022 
2469 2587023 
2470 2587023 
2471 2587023 
2472 2587029 
2473 2587030 
2474 2587030 
2475 2587039 
2476 2587046 
2477 2587047 
2478 2587049 
2479 2587050 
2480 2587055 
2481 2587056 
2482 2587057 
2483 2587057 
2484 2587058 
2485 2587058 
2486 2587060 
2487 2587065 
2488 2587073 
2489 2587085 
2490 2587089 
2491 2587095 
2492 2587096 
2493 2587107 
2494 2587115 
2495 2587130 
2496 2587132 
2497 2587132 
2498 2587133 
2499 2587145 
2500 2587148 
2501 2587148 
2502 2587148 
2503 2587148 
2504 2587149 
2505 2587151 
2506 2587156 
2507 2587172 
2508 2587177 
2509 2587178 
2510 2587178 
2511 2587178 
2512 2587179 
2513 2587179 
2514 2587180 
2515 2587180 
2516 2587182 
2517 2587182 
2518 2587182 
2519 2587182 
2520 2587183 
2521 2587183 
2522 2587183 
2523 2587184 
2524 2587184 
2525 2587184 
2526 2587185 
2527 2587185 
2528 2587185 
2529 2587186 
2530 2587186 
2531 2587194 
2532 2587195 
2533 2587202 
2534 2587205 
2535 2587209 
2536 2587210 
2537 2587211 
2538 2587212 
2539 2587212 
2540 2587213 
2541 2587213 
2542 2587214 
2543 2587214 
2544 2587214 
2545 2587215 
2546 2587215 
2547 2587215 
2548 2587215 
2549 2587216 
2550 2587216 
2551 2587217 
2552 2587218 
2553 2587218 
2554 2587219 
2555 2587220 
2556 2587221 
2557 2587221 
2558 2587222 
2559 2587222 
2560 2587223 
2561 2587223 
2562 2587224 
2563 2587224 
2564 2587230 
2565 2587230 
2566 2587236 
2567 2587236 
2568 2587237 
2569 2587237 
2570 2587249 
2571 2587250 
2572 2587250 
2573 2587253 
2574 2587258 
2575 2587258 
2576 2587259 
2577 2587259 
2578 2587260 
2579 2587260 
2580 2587260 
2581 2587261 
2582 2587261 
2583 2587262 
2584 2587262 
2585 2587262 
2586 2587263 
2587 2587263 
2588 2587263 
2589 2587264 
2590 2587264 
2591 2587265 
2592 2587265 
2593 2587266 
2594 2587266 
2595 2587267 
2596 2587268 
2597 2587268 
2598 2587268 
2599 2587269 
2600 2587269 
2601 2587270 
2602 2587270 
2603 2587270 
2604 2587270 
2605 2587270 
2606 2587272 
2607 2587276 
2608 2587276 
2609 2587279 
2610 2587282 
2611 2587286 
2612 2587286 
2613 2587287 
2614 2587287 
2615 2587287 
2616 2587287 
2617 2587289 
2618 2587291 
2619 2587292 
2620 2587292 
2621 2587293 
2622 2587294 
2623 2587294 
2624 2587294 
2625 2587295 
2626 2587295 
2627 2587295 
2628 2587296 
2629 2587296 
2630 2587296 
2631 2587297 
2632 2587297 
2633 2587297 
2634 2587298 
2635 2587298 
2636 2587298 
2637 2587298 
2638 2587299 
2639 2587299 
2640 2587299 
2641 2587300 
2642 2587300 
2643 2587300 
2644 2587300 
2645 2587301 
2646 2587301 
2647 2587301 
2648 2587302 
2649 2587302 
2650 2587302 
2651 2587303 
2652 2587303 
2653 2587303 
2654 2587304 
2655 2587304 
2656 2587304 
2657 2587305 
2658 2587307 
2659 2587307 
2660 2587311 
2661 2587312 
2662 2587312 
2663 2587316 
2664 2587318 
2665 2587319 
2666 2587321 
2667 2587326 
2668 2587327 
2669 2587328 
2670 2587328 
2671 2587329 
2672 2587330 
2673 2587330 
2674 2587330 
2675 2587331 
2676 2587331 
2677 2587331 
2678 2587332 
2679 2587332 
2680 2587333 
2681 2587336 
2682 2587336 
2683 2587337 
2684 2587337 
2685 2587337 
2686 2587337 
2687 2587338 
2688 2587340 
2689 2587341 
2690 2587341 
2691 2587342 
2692 2587342 
2693 2587348 
2694 2587348 
2695 2587349 
2696 2587350 
2697 2587350 
2698 2587350 
2699 2587351 
2700 2587351 
2701 2587352 
2702 2587352 
2703 2587353 
2704 2587356 
2705 2587357 
2706 2587357 
2707 2587357 
2708 2587359 
2709 2587360 
2710 2587360 
2711 2587362 
2712 2587362 
2713 2587363 
2714 2587365 
2715 2587371 
2716 2587372 
2717 2587372 
2718 2587374 
2719 2587375 
2720 2587379 
2721 2587381 
2722 2587381 
2723 2587381 
2724 2587384 
2725 2587387 
2726 2587387 
2727 2587388 
2728 2587391 
2729 2587391 
2730 2587391 
2731 2587391 
2732 2587393 
2733 2587396 
2734 2587396 
2735 2587397 
2736 2587398 
2737 2587401 
2738 2587401 
2739 2587403 
2740 2587404 
2741 2587406 
2742 2587408 
2743 2587409 
2744 2587411 
2745 2587412 
2746 2587414 
2747 2587414 
2748 2587415 
2749 2587416 
2750 2587421 
2751 2587422 
2752 2587422 
2753 2587423 
2754 2587425 
2755 2587427 
2756 2587427 
2757 2587427 
2758 2587429 
2759 2587430 
2760 2587431 
2761 2587431 
2762 2587436 
2763 2587438 
2764 2587440 
2765 2587441 
2766 2587442 
2767 2587442 
2768 2587444 
2769 2587444 
2770 2587444 
2771 2587445 
2772 2587445 
2773 2587445 
2774 2587446 
2775 2587446 
2776 2587446 
2777 2587448 
2778 2587449 
2779 2587449 
2780 2587449 
2781 2587450 
2782 2587450 
2783 2587450 
2784 2587451 
2785 2587451 
2786 2587451 
2787 2587452 
2788 2587454 
2789 2587458 
2790 2587458 
2791 2587462 
2792 2587464 
2793 2587464 
2794 2587464 
2795 2587465 
2796 2587465 
2797 2587465 
2798 2587468 
2799 2587468 
2800 2587469 
2801 2587469 
2802 2587469 
2803 2587470 
2804 2587470 
2805 2587471 
2806 2587472 
2807 2587472 
2808 2587472 
2809 2587473 
2810 2587473 
2811 2587473 
2812 2587473 
2813 2587474 
2814 2587474 
2815 2587474 
2816 2587475 
2817 2587475 
2818 2587475 
2819 2587476 
2820 2587476 
2821 2587477 
2822 2587483 
2823 2587483 
2824 2587483 
2825 2587485 
2826 2587489 
2827 2587490 
2828 2587492 
2829 2587493 
2830 2587495 
2831 2587496 
2832 2587496 
2833 2587496 
2834 2587497 
2835 2587500 
2836 2587500 
2837 2587500 
2838 2587501 
2839 2587501 
2840 2587501 
2841 2587502 
2842 2587502 
2843 2587502 
2844 2587503 
2845 2587503 
2846 2587503 
2847 2587503 
2848 2587509 
2849 2587509 
2850 2587509 
2851 2587510 
2852 2587510 
2853 2587511 
2854 2587518 
2855 2587518 
2856 2587520 
2857 2587521 
2858 2587521 
2859 2587521 
2860 2587522 
2861 2587523 
2862 2587528 
2863 2587528 
2864 2587529 
2865 2587529 
2866 2587530 
2867 2587532 
2868 2587537 
2869 2587538 
2870 2587539 
2871 2587539 
2872 2587539 
2873 2587545 
2874 2587545 
2875 2587547 
2876 2587547 
2877 2587548 
2878 2587548 
2879 2587551 
2880 2587552 
2881 2587554 
2882 2587554 
2883 2587554 
2884 2587554 
2885 2587555 
2886 2587557 
2887 2587557 
2888 2587557 
2889 2587562 
2890 2587566 
2891 2587567 
2892 2587570 
2893 2587571 
2894 2587571 
2895 2587572 
2896 2587573 
2897 2587574 
2898 2587575 
2899 2587576 
2900 2587576 
2901 2587576 
2902 2587578 
2903 2587579 
2904 2587579 
2905 2587580 
2906 2587582 
2907 2587582 
2908 2587585 
2909 2587586 
2910 2587587 
2911 2587588 
2912 2587588 
2913 2587588 
2914 2587589 
2915 2587589 
2916 2587590 
2917 2587590 
2918 2587591 
2919 2587591 
2920 2587592 
2921 2587592 
2922 2587592 
2923 2587593 
2924 2587593 
2925 2587593 
2926 2587593 
2927 2587594 
2928 2587595 
2929 2587596 
2930 2587596 
2931 2587596 
2932 2587597 
2933 2587597 
2934 2587597 
2935 2587597 
2936 2587598 
2937 2587598 
2938 2587599 
2939 2587599 
2940 2587602 
2941 2587602 
2942 2587603 
2943 2587605 
2944 2587606 
2945 2587607 
2946 2587607 
2947 2587607 
2948 2587608 
2949 2587608 
2950 2587611 
2951 2587613 
2952 2587613 
2953 2587614 
2954 2587614 
2955 2587615 
2956 2587615 
2957 2587619 
2958 2587620 
2959 2587620 
2960 2587624 
2961 2587625 
2962 2587626 
2963 2587627 
2964 2587630 
2965 2587632 
2966 2587636 
2967 2587637 
2968 2587638 
2969 2587639 
2970 2587639 
2971 2587639 
2972 2587643 
2973 2587645 
2974 2587654 
2975 2587654 
2976 2587655 
2977 2587655 
2978 2587656 
2979 2587657 
2980 2587657 
2981 2587664 
2982 2587665 
2983 2587667 
2984 2587671 
2985 2587671 
2986 2587672 
2987 2587680 
2988 2587681 
2989 2587682 
2990 2587688 
2991 2587688 
2992 2587688 
2993 2587691 
2994 2587691 
2995 2587691 
2996 2587692 
2997 2587692 
2998 2587692 
2999 2587693 
3000 2587693 
3001 2587693 
3002 2587696 
3003 2587696 
3004 2587697 
3005 2587697 
3006 2587697 
3007 2587700 
3008 2587701 
3009 2587701 
3010 2587702 
3011 2587702 
3012 2587702 
3013 2587703 
3014 2587703 
3015 2587703 
3016 2587711 
3017 2587714 
3018 2587714 
3019 2587714 
3020 2587715 
3021 2587715 
3022 2587715 
3023 2587716 
3024 2587730 
3025 2587731 
3026 2587740 
3027 2587743 
3028 2587746 
3029 2587746 
3030 2587752 
3031 2587752 
3032 2587755 
3033 2587760 
3034 2587765 
3035 2587771 
3036 2587772 
3037 2587775 
3038 2587775 
3039 2587776 
3040 2587776 
3041 2587776 
3042 2587777 
3043 2587777 
3044 2587777 
3045 2587778 
3046 2587778 
3047 2587783 
3048 2587783 
3049 2587785 
3050 2587789 
3051 2587789 
3052 2587790 
3053 2587790 
3054 2587793 
3055 2587793 
3056 2587794 
3057 2587796 
3058 2587798 
3059 2587801 
3060 2587802 
3061 2587802 
3062 2587804 
3063 2587807 
3064 2587809 
3065 2587811 
3066 2587812 
3067 2587812 
3068 2587812 
3069 2587813 
3070 2587813 
3071 2587813 
3072 2587813 
3073 2587814 
3074 2587815 
3075 2587815 
3076 2587816 
3077 2587816 
3078 2587817 
3079 2587817 
3080 2587817 
3081 2587818 
3082 2587820 
3083 2587821 
3084 2587822 
3085 2587822 
3086 2587825 
3087 2587825 
3088 2587825 
3089 2587825 
3090 2587826 
3091 2587826 
3092 2587826 
3093 2587827 
3094 2587827 
3095 2587827 
3096 2587828 
3097 2587828 
3098 2587829 
3099 2587829 
3100 2587829 
3101 2587829 
3102 2587830 
3103 2587831 
3104 2587831 
3105 2587833 
3106 2587838 
3107 2587839 
3108 2587839 
3109 2587840 
3110 2587844 
3111 2587845 
3112 2587851 
3113 2587857 
3114 2587859 
3115 2587860 
3116 2587861 
3117 2587875 
3118 2587875 
3119 2587876 
3120 2587876 
3121 2587885 
3122 2587887 
3123 2587893 
3124 2587893 
3125 2587906 
3126 2587906 
3127 2587907 
3128 2587911 
3129 2587911 
3130 2587912 
3131 2587912 
3132 2587912 
3133 2587912 
3134 2587913 
3135 2587913 
3136 2587913 
3137 2587914 
3138 2587916 
3139 2587917 
3140 2587922 
3141 2587924 
3142 2587924 
3143 2587925 
3144 2587926 
3145 2587926 
3146 2587926 
3147 2587928 
3148 2587929 
3149 2587929 
3150 2587930 
3151 2587930 
3152 2587930 
3153 2587930 
3154 2587931 
3155 2587931 
3156 2587931 
3157 2587932 
3158 2587937 
3159 2587937 
3160 2587937 
3161 2587937 
3162 2587938 
3163 2587938 
3164 2587938 
3165 2587939 
3166 2587940 
3167 2587940 
3168 2587940 
3169 2587941 
3170 2587941 
3171 2587942 
3172 2587942 
3173 2587942 
3174 2587943 
3175 2587943 
3176 2587943 
3177 2587944 
3178 2587944 
3179 2587945 
3180 2587946 
3181 2587947 
3182 2587947 
3183 2587949 
3184 2587949 
3185 2587957 
3186 2587962 
3187 2587963 
3188 2587965 
3189 2587966 
3190 2587969 
3191 2587973 
3192 2587974 
3193 2587975 
3194 2587975 
3195 2587979 
3196 2587982 
3197 2587983 
3198 2587984 
3199 2587984 
3200 2587985 
3201 2587985 
3202 2587988 
3203 2587988 
3204 2587989 
3205 2587996 
3206 2587996 
3207 2587997 
3208 2587997 
3209 2587999 
3210 2588000 
3211 2588002 
3212 2588003 
3213 2588003 
3214 2588003 
3215 2588005 
3216 2588008 
3217 2588008 
3218 2588015 
3219 2588016 
3220 2588016 
3221 2588018 
3222 2588022 
3223 2588024 
3224 2588025 
3225 2588026 
3226 2588027 
3227 2588028 
3228 2588029 
3229 2588029 
3230 2588030 
3231 2588030 
3232 2588031 
3233 2588033 
3234 2588034 
3235 2588034 
3236 2588034 
3237 2588035 
3238 2588038 
3239 2588039 
3240 2588039 
3241 2588044 
3242 2588044 
3243 2588046 
3244 2588047 
3245 2588048 
3246 2588049 
3247 2588050 
3248 2588052 
3249 2588053 
3250 2588053 
3251 2588054 
3252 2588055 
3253 2588057 
3254 2588058 
3255 2588059 
3256 2588059 
3257 2588059 
3258 2588062 
3259 2588065 
3260 2588065 
3261 2588065 
3262 2588066 
3263 2588066 
3264 2588066 
3265 2588067 
3266 2588067 
3267 2588067 
3268 2588068 
3269 2588068 
3270 2588068 
3271 2588069 
3272 2588069 
3273 2588069 
3274 2588070 
3275 2588070 
3276 2588070 
3277 2588071 
3278 2588071 
3279 2588073 
3280 2588077 
3281 2588078 
3282 2588078 
3283 2588079 
3284 2588080 
3285 2588080 
3286 2588081 
3287 2588082 
3288 2588086 
3289 2588086 
3290 2588086 
3291 2588088 
3292 2588094 
3293 2588098 
3294 2588099 
3295 2588101 
3296 2588108 
3297 2588108 
3298 2588109 
3299 2588109 
3300 2588109 
3301 2588110 
3302 2588110 
3303 2588111 
3304 2588112 
3305 2588116 
3306 2588116 
3307 2588121 
3308 2588124 
3309 2588124 
3310 2588125 
3311 2588129 
3312 2588131 
3313 2588138 
3314 2588150 
3315 2588151 
3316 2588158 
3317 2588163 
3318 2588166 
3319 2588166 
3320 2588167 
3321 2588168 
3322 2588168 
3323 2588169 
3324 2588172 
3325 2588173 
3326 2588175 
3327 2588177 
3328 2588179 
3329 2588183 
3330 2588183 
3331 2588184 
3332 2588186 
3333 2588188 
3334 2588190 
3335 2588194 
3336 2588194 
3337 2588194 
3338 2588194 
3339 2588195 
3340 2588195 
3341 2588196 
3342 2588196 
3343 2588196 
3344 2588197 
3345 2588197 
3346 2588198 
3347 2588198 
3348 2588198 
3349 2588199 
3350 2588199 
3351 2588199 
3352 2588200 
3353 2588200 
3354 2588200 
3355 2588201 
3356 2588201 
3357 2588202 
3358 2588203 
3359 2588203 
3360 2588203 
3361 2588203 
3362 2588204 
3363 2588204 
3364 2588204 
3365 2588205 
3366 2588205 
3367 2588206 
3368 2588206 
3369 2588206 
3370 2588207 
3371 2588207 
3372 2588207 
3373 2588208 
3374 2588208 
3375 2588209 
3376 2588209 
3377 2588210 
3378 2588210 
3379 2588211 
3380 2588211 
3381 2588211 
3382 2588211 
3383 2588212 
3384 2588212 
3385 2588213 
3386 2588213 
3387 2588213 
3388 2588214 
3389 2588214 
3390 2588214 
3391 2588215 
3392 2588215 
3393 2588215 
3394 2588216 
3395 2588216 
3396 2588216 
3397 2588217 
3398 2588217 
3399 2588217 
3400 2588218 
3401 2588218 
3402 2588218 
3403 2588218 
3404 2588219 
3405 2588219 
3406 2588219 
3407 2588220 
3408 2588220 
3409 2588220 
3410 2588221 
3411 2588221 
3412 2588221 
3413 2588222 
3414 2588222 
3415 2588222 
3416 2588223 
3417 2588223 
3418 2588223 
3419 2588224 
3420 2588224 
3421 2588224 
3422 2588225 
3423 2588225 
3424 2588225 
3425 2588226 
3426 2588226 
3427 2588226 
3428 2588227 
3429 2588227 
3430 2588227 
3431 2588227 
3432 2588228 
3433 2588228 
3434 2588228 
3435 2588229 
3436 2588229 
3437 2588229 
3438 2588229 
3439 2588230 
3440 2588230 
3441 2588230 
3442 2588231 
3443 2588231 
3444 2588231 
3445 2588232 
3446 2588232 
3447 2588232 
3448 2588233 
3449 2588233 
3450 2588233 
3451 2588233 
3452 2588234 
3453 2588234 
3454 2588234 
3455 2588235 
3456 2588235 
3457 2588235 
3458 2588236 
3459 2588236 
3460 2588236 
3461 2588237 
3462 2588237 
3463 2588237 
3464 2588238 
3465 2588238 
3466 2588238 
3467 2588239 
3468 2588239 
3469 2588239 
3470 2588239 
3471 2588239 
3472 2588240 
3473 2588240 
3474 2588240 
3475 2588240 
3476 2588240 
3477 2588241 
3478 2588241 
3479 2588242 
3480 2588242 
3481 2588242 
3482 2588242 
3483 2588244 
3484 2588245 
3485 2588246 
3486 2588246 
3487 2588247 
3488 2588247 
3489 2588253 
3490 2588253 
3491 2588254 
3492 2588254 
3493 2588255 
3494 2588255 
3495 2588256 
3496 2588256 
3497 2588256 
3498 2588264 
3499 2588265 
3500 2588265 
3501 2588266 
3502 2588266 
3503 2588266 
3504 2588267 
3505 2588267 
3506 2588267 
3507 2588268 
3508 2588268 
3509 2588268 
3510 2588270 
3511 2588270 
3512 2588273 
3513 2588273 
3514 2588274 
3515 2588274 
3516 2588274 
3517 2588275 
3518 2588275 
3519 2588275 
3520 2588284 
3521 2588285 
3522 2588285 
3523 2588286 
3524 2588294 
3525 2588294 
3526 2588299 
3527 2588300 
3528 2588301 
3529 2588301 
3530 2588306 
3531 2588306 
3532 2588308 
3533 2588309 
3534 2588310 
3535 2588311 
3536 2588311 
3537 2588314 
3538 2588317 
3539 2588318 
3540 2588318 
3541 2588319 
3542 2588332 
3543 2588339 
3544 2588347 
3545 2588348 
3546 2588354 
3547 2588354 
3548 2588354 
3549 2588355 
3550 2588355 
3551 2588356 
3552 2588356 
3553 2588356 
3554 2588357 
3555 2588358 
3556 2588358 
3557 2588359 
3558 2588359 
3559 2588362 
3560 2588362 
3561 2588362 
3562 2588363 
3563 2588363 
3564 2588363 
3565 2588364 
3566 2588364 
3567 2588364 
3568 2588365 
3569 2588365 
3570 2588365 
3571 2588369 
3572 2588373 
3573 2588374 
3574 2588377 
3575 2588377 
3576 2588383 
3577 2588386 
3578 2588388 
3579 2588391 
3580 2588394 
3581 2588396 
3582 2588399 
3583 2588399 
