1 2606405 
2 2606405 
3 2606405 
4 2606406 
5 2606406 
6 2606406 
7 2606407 
8 2606408 
9 2606409 
10 2606411 
11 2606412 
12 2606413 
13 2606414 
14 2606415 
15 2606415 
16 2606415 
17 2606416 
18 2606417 
19 2606417 
20 2606417 
21 2606417 
22 2606418 
23 2606418 
24 2606418 
25 2606418 
26 2606419 
27 2606419 
28 2606419 
29 2606420 
30 2606420 
31 2606420 
32 2606420 
33 2606421 
34 2606421 
35 2606421 
36 2606422 
37 2606422 
38 2606422 
39 2606422 
40 2606423 
41 2606423 
42 2606423 
43 2606424 
44 2606424 
45 2606424 
46 2606425 
47 2606425 
48 2606425 
49 2606426 
50 2606426 
51 2606426 
52 2606426 
53 2606426 
54 2606426 
55 2606427 
56 2606427 
57 2606427 
58 2606427 
59 2606427 
60 2606428 
61 2606428 
62 2606428 
63 2606429 
64 2606429 
65 2606429 
66 2606429 
67 2606430 
68 2606430 
69 2606430 
70 2606430 
71 2606431 
72 2606431 
73 2606431 
74 2606431 
75 2606432 
76 2606432 
77 2606433 
78 2606433 
79 2606434 
80 2606434 
81 2606434 
82 2606435 
83 2606435 
84 2606435 
85 2606436 
86 2606436 
87 2606436 
88 2606437 
89 2606437 
90 2606437 
91 2606437 
92 2606438 
93 2606438 
94 2606438 
95 2606438 
96 2606439 
97 2606439 
98 2606439 
99 2606440 
100 2606440 
101 2606440 
102 2606441 
103 2606441 
104 2606441 
105 2606442 
106 2606442 
107 2606442 
108 2606443 
109 2606443 
110 2606443 
111 2606444 
112 2606444 
113 2606444 
114 2606444 
115 2606445 
116 2606446 
117 2606446 
118 2606448 
119 2606448 
120 2606448 
121 2606449 
122 2606449 
123 2606449 
124 2606450 
125 2606450 
126 2606450 
127 2606451 
128 2606451 
129 2606451 
130 2606452 
131 2606452 
132 2606452 
133 2606453 
134 2606453 
135 2606453 
136 2606453 
137 2606454 
138 2606454 
139 2606454 
140 2606455 
141 2606456 
142 2606456 
143 2606457 
144 2606457 
145 2606457 
146 2606457 
147 2606458 
148 2606458 
149 2606458 
150 2606459 
151 2606459 
152 2606459 
153 2606459 
154 2606459 
155 2606460 
156 2606460 
157 2606460 
158 2606460 
159 2606460 
160 2606461 
161 2606461 
162 2606462 
163 2606462 
164 2606462 
165 2606463 
166 2606463 
167 2606463 
168 2606463 
169 2606464 
170 2606464 
171 2606464 
172 2606464 
173 2606465 
174 2606465 
175 2606465 
176 2606466 
177 2606466 
178 2606466 
179 2606467 
180 2606467 
181 2606467 
182 2606467 
183 2606467 
184 2606468 
185 2606468 
186 2606468 
187 2606469 
188 2606469 
189 2606469 
190 2606469 
191 2606470 
192 2606470 
193 2606470 
194 2606470 
195 2606471 
196 2606471 
197 2606471 
198 2606471 
199 2606472 
200 2606472 
201 2606472 
202 2606473 
203 2606473 
204 2606473 
205 2606473 
206 2606473 
207 2606474 
208 2606474 
209 2606475 
210 2606475 
211 2606475 
212 2606475 
213 2606476 
214 2606476 
215 2606476 
216 2606477 
217 2606477 
218 2606477 
219 2606477 
220 2606478 
221 2606478 
222 2606478 
223 2606479 
224 2606479 
225 2606479 
226 2606480 
227 2606480 
228 2606480 
229 2606481 
230 2606481 
231 2606481 
232 2606482 
233 2606482 
234 2606482 
235 2606484 
236 2606485 
237 2606485 
238 2606486 
239 2606487 
240 2606488 
241 2606488 
242 2606488 
243 2606489 
244 2606489 
245 2606489 
246 2606490 
247 2606490 
248 2606490 
249 2606491 
250 2606491 
251 2606491 
252 2606492 
253 2606492 
254 2606492 
255 2606493 
256 2606493 
257 2606493 
258 2606493 
259 2606494 
260 2606494 
261 2606494 
262 2606494 
263 2606494 
264 2606495 
265 2606495 
266 2606495 
267 2606496 
268 2606496 
269 2606496 
270 2606496 
271 2606497 
272 2606497 
273 2606497 
274 2606497 
275 2606498 
276 2606498 
277 2606498 
278 2606499 
279 2606499 
280 2606499 
281 2606500 
282 2606500 
283 2606500 
284 2606502 
285 2606502 
286 2606502 
287 2606503 
288 2606503 
289 2606503 
290 2606504 
291 2606504 
292 2606504 
293 2606505 
294 2606505 
295 2606505 
296 2606505 
297 2606506 
298 2606506 
299 2606506 
300 2606506 
301 2606507 
302 2606507 
303 2606507 
304 2606507 
305 2606508 
306 2606508 
307 2606508 
308 2606508 
309 2606508 
310 2606509 
311 2606509 
312 2606509 
313 2606510 
314 2606510 
315 2606510 
316 2606511 
317 2606511 
318 2606511 
319 2606512 
320 2606512 
321 2606512 
322 2606512 
323 2606513 
324 2606513 
325 2606513 
326 2606514 
327 2606514 
328 2606514 
329 2606514 
330 2606515 
331 2606515 
332 2606515 
333 2606516 
334 2606516 
335 2606516 
336 2606517 
337 2606517 
338 2606517 
339 2606518 
340 2606518 
341 2606518 
342 2606519 
343 2606519 
344 2606519 
345 2606520 
346 2606520 
347 2606520 
348 2606520 
349 2606521 
350 2606521 
351 2606521 
352 2606522 
353 2606522 
354 2606522 
355 2606522 
356 2606523 
357 2606523 
358 2606524 
359 2606524 
360 2606524 
361 2606525 
362 2606525 
363 2606525 
364 2606526 
365 2606526 
366 2606526 
367 2606527 
368 2606527 
369 2606527 
370 2606528 
371 2606528 
372 2606528 
373 2606529 
374 2606529 
375 2606529 
376 2606530 
377 2606530 
378 2606530 
379 2606531 
380 2606531 
381 2606531 
382 2606531 
383 2606532 
384 2606532 
385 2606532 
386 2606533 
387 2606535 
388 2606535 
389 2606535 
390 2606536 
391 2606537 
392 2606538 
393 2606538 
394 2606538 
395 2606539 
396 2606539 
397 2606539 
398 2606540 
399 2606540 
400 2606540 
401 2606541 
402 2606541 
403 2606541 
404 2606542 
405 2606542 
406 2606542 
407 2606543 
408 2606543 
409 2606546 
410 2606547 
411 2606547 
412 2606547 
413 2606548 
414 2606548 
415 2606548 
416 2606549 
417 2606549 
418 2606549 
419 2606550 
420 2606550 
421 2606550 
422 2606551 
423 2606551 
424 2606551 
425 2606552 
426 2606552 
427 2606552 
428 2606553 
429 2606553 
430 2606553 
431 2606553 
432 2606554 
433 2606554 
434 2606554 
435 2606555 
436 2606555 
437 2606555 
438 2606555 
439 2606556 
440 2606556 
441 2606556 
442 2606556 
443 2606557 
444 2606557 
445 2606557 
446 2606557 
447 2606558 
448 2606558 
449 2606558 
450 2606559 
451 2606559 
452 2606559 
453 2606559 
454 2606560 
455 2606560 
456 2606560 
457 2606561 
458 2606561 
459 2606561 
460 2606561 
461 2606561 
462 2606562 
463 2606562 
464 2606562 
465 2606563 
466 2606563 
467 2606563 
468 2606563 
469 2606564 
470 2606564 
471 2606564 
472 2606564 
473 2606565 
474 2606565 
475 2606565 
476 2606566 
477 2606566 
478 2606566 
479 2606567 
480 2606567 
481 2606567 
482 2606568 
483 2606568 
484 2606568 
485 2606568 
486 2606569 
487 2606569 
488 2606569 
489 2606570 
490 2606570 
491 2606570 
492 2606570 
493 2606570 
494 2606571 
495 2606571 
496 2606571 
497 2606572 
498 2606572 
499 2606572 
500 2606573 
501 2606573 
502 2606573 
503 2606574 
504 2606574 
505 2606574 
506 2606574 
507 2606575 
508 2606575 
509 2606575 
510 2606576 
511 2606576 
512 2606576 
513 2606576 
514 2606577 
515 2606577 
516 2606577 
517 2606578 
518 2606578 
519 2606578 
520 2606579 
521 2606579 
522 2606579 
523 2606580 
524 2606580 
525 2606580 
526 2606581 
527 2606581 
528 2606581 
529 2606582 
530 2606582 
531 2606582 
532 2606582 
533 2606583 
534 2606583 
535 2606583 
536 2606584 
537 2606584 
538 2606584 
539 2606585 
540 2606585 
541 2606586 
542 2606586 
543 2606588 
544 2606591 
545 2606591 
546 2606591 
547 2606592 
548 2606592 
549 2606592 
550 2606593 
551 2606593 
552 2606593 
553 2606594 
554 2606594 
555 2606594 
556 2606595 
557 2606595 
558 2606595 
559 2606595 
560 2606596 
561 2606596 
562 2606596 
563 2606597 
564 2606597 
565 2606597 
566 2606597 
567 2606598 
568 2606598 
569 2606598 
570 2606599 
571 2606599 
572 2606599 
573 2606599 
574 2606600 
575 2606600 
576 2606600 
577 2606601 
578 2606601 
579 2606601 
580 2606602 
581 2606602 
582 2606602 
583 2606603 
584 2606603 
585 2606604 
586 2606604 
587 2606604 
588 2606604 
589 2606605 
590 2606605 
591 2606606 
592 2606607 
593 2606607 
594 2606607 
595 2606607 
596 2606608 
597 2606608 
598 2606608 
599 2606609 
600 2606609 
601 2606609 
602 2606610 
603 2606610 
604 2606611 
605 2606611 
606 2606611 
607 2606612 
608 2606612 
609 2606613 
610 2606613 
611 2606613 
612 2606614 
613 2606614 
614 2606614 
615 2606615 
616 2606615 
617 2606615 
618 2606615 
619 2606616 
620 2606616 
621 2606616 
622 2606617 
623 2606617 
624 2606617 
625 2606618 
626 2606618 
627 2606618 
628 2606621 
629 2606623 
630 2606623 
631 2606624 
632 2606624 
633 2606624 
634 2606624 
635 2606627 
636 2606629 
637 2606630 
638 2606630 
639 2606630 
640 2606631 
641 2606631 
642 2606631 
643 2606632 
644 2606632 
645 2606632 
646 2606633 
647 2606633 
648 2606634 
649 2606634 
650 2606634 
651 2606634 
652 2606635 
653 2606635 
654 2606635 
655 2606636 
656 2606636 
657 2606636 
658 2606636 
659 2606636 
660 2606637 
661 2606637 
662 2606638 
663 2606638 
664 2606638 
665 2606638 
666 2606639 
667 2606639 
668 2606639 
669 2606639 
670 2606639 
671 2606640 
672 2606640 
673 2606640 
674 2606640 
675 2606640 
676 2606641 
677 2606641 
678 2606642 
679 2606642 
680 2606643 
681 2606643 
682 2606643 
683 2606643 
684 2606644 
685 2606645 
686 2606645 
687 2606645 
688 2606646 
689 2606646 
690 2606646 
691 2606648 
692 2606648 
693 2606649 
694 2606650 
695 2606651 
696 2606653 
697 2606653 
698 2606653 
699 2606654 
700 2606654 
701 2606654 
702 2606654 
703 2606655 
704 2606655 
705 2606655 
706 2606655 
707 2606656 
708 2606656 
709 2606656 
710 2606657 
711 2606657 
712 2606657 
713 2606657 
714 2606657 
715 2606658 
716 2606658 
717 2606658 
718 2606659 
719 2606659 
720 2606659 
721 2606659 
722 2606660 
723 2606660 
724 2606660 
725 2606661 
726 2606661 
727 2606661 
728 2606666 
729 2606666 
730 2606667 
731 2606667 
732 2606668 
733 2606669 
734 2606672 
735 2606673 
736 2606673 
737 2606674 
738 2606674 
739 2606674 
740 2606675 
741 2606675 
742 2606675 
743 2606678 
744 2606678 
745 2606679 
746 2606679 
747 2606679 
748 2606679 
749 2606680 
750 2606680 
751 2606680 
752 2606681 
753 2606681 
754 2606681 
755 2606681 
756 2606682 
757 2606682 
758 2606682 
759 2606682 
760 2606682 
761 2606683 
762 2606683 
763 2606683 
764 2606684 
765 2606684 
766 2606685 
767 2606685 
768 2606685 
769 2606686 
770 2606686 
771 2606687 
772 2606687 
773 2606687 
774 2606688 
775 2606688 
776 2606688 
777 2606689 
778 2606689 
779 2606689 
780 2606689 
781 2606690 
782 2606691 
783 2606691 
784 2606691 
785 2606692 
786 2606692 
787 2606692 
788 2606693 
789 2606693 
790 2606693 
791 2606694 
792 2606694 
793 2606694 
794 2606695 
795 2606695 
796 2606695 
797 2606696 
798 2606696 
799 2606696 
800 2606696 
801 2606697 
802 2606697 
803 2606697 
804 2606697 
805 2606698 
806 2606698 
807 2606698 
808 2606698 
809 2606698 
810 2606699 
811 2606699 
812 2606699 
813 2606699 
814 2606699 
815 2606700 
816 2606700 
817 2606700 
818 2606700 
819 2606701 
820 2606701 
821 2606701 
822 2606702 
823 2606702 
824 2606702 
825 2606703 
826 2606703 
827 2606703 
828 2606704 
829 2606704 
830 2606704 
831 2606705 
832 2606705 
833 2606705 
834 2606706 
835 2606706 
836 2606706 
837 2606707 
838 2606707 
839 2606708 
840 2606708 
841 2606708 
842 2606708 
843 2606709 
844 2606709 
845 2606709 
846 2606709 
847 2606710 
848 2606710 
849 2606710 
850 2606711 
851 2606711 
852 2606712 
853 2606712 
854 2606713 
855 2606713 
856 2606713 
857 2606714 
858 2606715 
859 2606715 
860 2606715 
861 2606716 
862 2606716 
863 2606716 
864 2606716 
865 2606717 
866 2606717 
867 2606717 
868 2606718 
869 2606718 
870 2606718 
871 2606719 
872 2606719 
873 2606719 
874 2606719 
875 2606720 
876 2606720 
877 2606720 
878 2606721 
879 2606721 
880 2606721 
881 2606722 
882 2606722 
883 2606722 
884 2606723 
885 2606723 
886 2606723 
887 2606724 
888 2606724 
889 2606724 
890 2606725 
891 2606725 
892 2606725 
893 2606725 
894 2606726 
895 2606726 
896 2606726 
897 2606727 
898 2606727 
899 2606727 
900 2606727 
901 2606728 
902 2606728 
903 2606728 
904 2606729 
905 2606729 
906 2606729 
907 2606729 
908 2606730 
909 2606730 
910 2606731 
911 2606732 
912 2606732 
913 2606733 
914 2606733 
915 2606734 
916 2606735 
917 2606735 
918 2606735 
919 2606735 
920 2606735 
921 2606736 
922 2606736 
923 2606736 
924 2606737 
925 2606737 
926 2606737 
927 2606738 
928 2606738 
929 2606738 
930 2606739 
931 2606739 
932 2606739 
933 2606740 
934 2606740 
935 2606740 
936 2606741 
937 2606741 
938 2606742 
939 2606742 
940 2606742 
941 2606743 
942 2606743 
943 2606743 
944 2606744 
945 2606744 
946 2606744 
947 2606745 
948 2606745 
949 2606745 
950 2606746 
951 2606746 
952 2606746 
953 2606747 
954 2606747 
955 2606747 
956 2606748 
957 2606748 
958 2606748 
959 2606749 
960 2606749 
961 2606749 
962 2606750 
963 2606750 
964 2606750 
965 2606752 
966 2606753 
967 2606753 
968 2606755 
969 2606756 
970 2606756 
971 2606757 
972 2606757 
973 2606757 
974 2606758 
975 2606758 
976 2606758 
977 2606758 
978 2606759 
979 2606759 
980 2606759 
981 2606759 
982 2606760 
983 2606760 
984 2606760 
985 2606760 
986 2606761 
987 2606761 
988 2606761 
989 2606761 
990 2606761 
991 2606761 
992 2606762 
993 2606762 
994 2606762 
995 2606763 
996 2606763 
997 2606763 
998 2606763 
999 2606764 
1000 2606764 
1001 2606764 
1002 2606764 
1003 2606765 
1004 2606765 
1005 2606765 
1006 2606765 
1007 2606766 
1008 2606766 
1009 2606766 
1010 2606769 
1011 2606771 
1012 2606772 
1013 2606772 
1014 2606773 
1015 2606774 
1016 2606774 
1017 2606774 
1018 2606775 
1019 2606775 
1020 2606776 
1021 2606776 
1022 2606776 
1023 2606777 
1024 2606777 
1025 2606778 
1026 2606779 
1027 2606780 
1028 2606780 
1029 2606780 
1030 2606780 
1031 2606781 
1032 2606781 
1033 2606781 
1034 2606781 
1035 2606782 
1036 2606782 
1037 2606782 
1038 2606783 
1039 2606783 
1040 2606784 
1041 2606784 
1042 2606784 
1043 2606785 
1044 2606785 
1045 2606786 
1046 2606786 
1047 2606787 
1048 2606787 
1049 2606790 
1050 2606791 
1051 2606792 
1052 2606793 
1053 2606795 
1054 2606795 
1055 2606795 
1056 2606795 
1057 2606795 
1058 2606796 
1059 2606796 
1060 2606796 
1061 2606796 
1062 2606796 
1063 2606797 
1064 2606797 
1065 2606797 
1066 2606798 
1067 2606798 
1068 2606798 
1069 2606798 
1070 2606798 
1071 2606799 
1072 2606799 
1073 2606799 
1074 2606799 
1075 2606800 
1076 2606800 
1077 2606800 
1078 2606800 
1079 2606801 
1080 2606801 
1081 2606801 
1082 2606801 
1083 2606802 
1084 2606802 
1085 2606802 
1086 2606802 
1087 2606803 
1088 2606803 
1089 2606803 
1090 2606803 
1091 2606804 
1092 2606804 
1093 2606804 
1094 2606804 
1095 2606804 
1096 2606805 
1097 2606805 
1098 2606805 
1099 2606805 
1100 2606805 
1101 2606806 
1102 2606806 
1103 2606811 
1104 2606812 
1105 2606814 
1106 2606814 
1107 2606814 
1108 2606814 
1109 2606814 
1110 2606815 
1111 2606815 
1112 2606815 
1113 2606815 
1114 2606816 
1115 2606816 
1116 2606816 
1117 2606816 
1118 2606816 
1119 2606817 
1120 2606817 
1121 2606817 
1122 2606817 
1123 2606818 
1124 2606818 
1125 2606818 
1126 2606818 
1127 2606818 
1128 2606819 
1129 2606819 
1130 2606819 
1131 2606819 
1132 2606820 
1133 2606820 
1134 2606820 
1135 2606820 
1136 2606820 
1137 2606821 
1138 2606821 
1139 2606821 
1140 2606821 
1141 2606822 
1142 2606822 
1143 2606822 
1144 2606823 
1145 2606823 
1146 2606823 
1147 2606824 
1148 2606824 
1149 2606825 
1150 2606825 
1151 2606825 
1152 2606826 
1153 2606826 
1154 2606826 
1155 2606827 
1156 2606827 
1157 2606827 
1158 2606828 
1159 2606828 
1160 2606828 
1161 2606829 
1162 2606829 
1163 2606829 
1164 2606830 
1165 2606830 
1166 2606830 
1167 2606831 
1168 2606831 
1169 2606831 
1170 2606832 
1171 2606832 
1172 2606832 
1173 2606833 
1174 2606833 
1175 2606833 
1176 2606834 
1177 2606834 
1178 2606834 
1179 2606834 
1180 2606835 
1181 2606835 
1182 2606836 
1183 2606836 
1184 2606836 
1185 2606836 
1186 2606837 
1187 2606837 
1188 2606837 
1189 2606837 
1190 2606838 
1191 2606838 
1192 2606838 
1193 2606839 
1194 2606839 
1195 2606839 
1196 2606840 
1197 2606840 
1198 2606840 
1199 2606840 
1200 2606841 
1201 2606841 
1202 2606841 
1203 2606842 
1204 2606842 
1205 2606842 
1206 2606843 
1207 2606843 
1208 2606843 
1209 2606843 
1210 2606843 
1211 2606844 
1212 2606844 
1213 2606844 
1214 2606844 
1215 2606845 
1216 2606845 
1217 2606845 
1218 2606845 
1219 2606845 
1220 2606846 
1221 2606846 
1222 2606846 
1223 2606846 
1224 2606847 
1225 2606847 
1226 2606847 
1227 2606847 
1228 2606847 
1229 2606848 
1230 2606848 
1231 2606848 
1232 2606849 
1233 2606849 
1234 2606849 
1235 2606850 
1236 2606850 
1237 2606850 
1238 2606851 
1239 2606851 
1240 2606851 
1241 2606852 
1242 2606852 
1243 2606852 
1244 2606853 
1245 2606853 
1246 2606853 
1247 2606853 
1248 2606854 
1249 2606854 
1250 2606854 
1251 2606855 
1252 2606855 
1253 2606855 
1254 2606856 
1255 2606856 
1256 2606856 
1257 2606856 
1258 2606856 
1259 2606857 
1260 2606857 
1261 2606857 
1262 2606857 
1263 2606858 
1264 2606858 
1265 2606858 
1266 2606858 
1267 2606859 
1268 2606859 
1269 2606859 
1270 2606860 
1271 2606860 
1272 2606861 
1273 2606863 
1274 2606864 
1275 2606869 
1276 2606870 
1277 2606870 
1278 2606870 
1279 2606871 
1280 2606871 
1281 2606872 
1282 2606872 
1283 2606872 
1284 2606873 
1285 2606873 
1286 2606873 
1287 2606873 
1288 2606874 
1289 2606874 
1290 2606874 
1291 2606874 
1292 2606874 
1293 2606875 
1294 2606875 
1295 2606875 
1296 2606875 
1297 2606875 
1298 2606876 
1299 2606876 
1300 2606876 
1301 2606876 
1302 2606877 
1303 2606877 
1304 2606877 
1305 2606878 
1306 2606878 
1307 2606878 
1308 2606878 
1309 2606879 
1310 2606879 
1311 2606879 
1312 2606879 
1313 2606880 
1314 2606880 
1315 2606881 
1316 2606881 
1317 2606881 
1318 2606882 
1319 2606882 
1320 2606882 
1321 2606882 
1322 2606883 
1323 2606883 
1324 2606883 
1325 2606884 
1326 2606884 
1327 2606884 
1328 2606885 
1329 2606885 
1330 2606885 
1331 2606886 
1332 2606886 
1333 2606886 
1334 2606887 
1335 2606887 
1336 2606887 
1337 2606887 
1338 2606888 
1339 2606888 
1340 2606888 
1341 2606889 
1342 2606889 
1343 2606890 
1344 2606890 
1345 2606891 
1346 2606892 
1347 2606892 
1348 2606893 
1349 2606893 
1350 2606893 
1351 2606894 
1352 2606895 
1353 2606896 
1354 2606896 
1355 2606898 
1356 2606899 
1357 2606899 
1358 2606899 
1359 2606901 
1360 2606902 
1361 2606902 
1362 2606903 
1363 2606903 
1364 2606904 
1365 2606904 
1366 2606904 
1367 2606904 
1368 2606905 
1369 2606905 
1370 2606905 
1371 2606905 
1372 2606906 
1373 2606906 
1374 2606906 
1375 2606907 
1376 2606907 
1377 2606908 
1378 2606908 
1379 2606908 
1380 2606909 
1381 2606909 
1382 2606909 
1383 2606909 
1384 2606910 
1385 2606910 
1386 2606911 
1387 2606911 
1388 2606911 
1389 2606912 
1390 2606912 
1391 2606912 
1392 2606912 
1393 2606913 
1394 2606913 
1395 2606913 
1396 2606913 
1397 2606913 
1398 2606914 
1399 2606914 
1400 2606914 
1401 2606915 
1402 2606915 
1403 2606915 
1404 2606915 
1405 2606916 
1406 2606916 
1407 2606916 
1408 2606917 
1409 2606918 
1410 2606918 
1411 2606919 
1412 2606919 
1413 2606919 
1414 2606920 
1415 2606920 
1416 2606920 
1417 2606921 
1418 2606921 
1419 2606921 
1420 2606922 
1421 2606922 
1422 2606922 
1423 2606922 
1424 2606922 
1425 2606923 
1426 2606923 
1427 2606924 
1428 2606924 
1429 2606925 
1430 2606925 
1431 2606926 
1432 2606926 
1433 2606926 
1434 2606926 
1435 2606927 
1436 2606927 
1437 2606927 
1438 2606928 
1439 2606928 
1440 2606928 
1441 2606929 
1442 2606929 
1443 2606929 
1444 2606929 
1445 2606929 
1446 2606930 
1447 2606930 
1448 2606930 
1449 2606930 
1450 2606931 
1451 2606931 
1452 2606932 
1453 2606933 
1454 2606938 
1455 2606938 
1456 2606939 
1457 2606939 
1458 2606939 
1459 2606940 
1460 2606940 
1461 2606940 
1462 2606941 
1463 2606941 
1464 2606941 
1465 2606942 
1466 2606942 
1467 2606942 
1468 2606943 
1469 2606943 
1470 2606943 
1471 2606943 
1472 2606944 
1473 2606944 
1474 2606944 
1475 2606945 
1476 2606945 
1477 2606945 
1478 2606946 
1479 2606946 
1480 2606946 
1481 2606947 
1482 2606947 
1483 2606947 
1484 2606948 
1485 2606948 
1486 2606948 
1487 2606948 
1488 2606949 
1489 2606949 
1490 2606949 
1491 2606950 
1492 2606953 
1493 2606953 
1494 2606954 
1495 2606954 
1496 2606954 
1497 2606954 
1498 2606955 
1499 2606955 
1500 2606955 
1501 2606956 
1502 2606956 
1503 2606956 
1504 2606957 
1505 2606957 
1506 2606957 
1507 2606957 
1508 2606958 
1509 2606958 
1510 2606958 
1511 2606959 
1512 2606960 
1513 2606962 
1514 2606962 
1515 2606962 
1516 2606964 
1517 2606967 
1518 2606967 
1519 2606968 
1520 2606969 
1521 2606973 
1522 2606973 
1523 2606974 
1524 2606976 
1525 2606976 
1526 2606976 
1527 2606977 
1528 2606977 
1529 2606978 
1530 2606978 
1531 2606981 
1532 2606981 
1533 2606982 
1534 2606982 
1535 2606982 
1536 2606982 
1537 2606984 
1538 2606984 
1539 2606984 
1540 2606984 
1541 2606985 
1542 2606985 
1543 2606985 
1544 2606986 
1545 2606986 
1546 2606986 
1547 2606987 
1548 2606987 
1549 2606987 
1550 2606987 
1551 2606988 
1552 2606988 
1553 2606988 
1554 2606989 
1555 2606989 
1556 2606990 
1557 2606991 
1558 2606991 
1559 2606995 
1560 2606996 
1561 2606997 
1562 2606997 
1563 2606999 
1564 2607000 
1565 2607001 
1566 2607001 
1567 2607003 
1568 2607004 
1569 2607005 
1570 2607006 
1571 2607006 
1572 2607007 
1573 2607008 
1574 2607008 
1575 2607008 
1576 2607008 
1577 2607009 
1578 2607009 
1579 2607010 
1580 2607010 
1581 2607010 
1582 2607010 
1583 2607011 
1584 2607011 
1585 2607011 
1586 2607012 
1587 2607013 
1588 2607013 
1589 2607015 
1590 2607015 
1591 2607015 
1592 2607018 
1593 2607019 
1594 2607025 
1595 2607029 
1596 2607029 
1597 2607030 
1598 2607030 
1599 2607030 
1600 2607031 
1601 2607031 
1602 2607031 
1603 2607032 
1604 2607032 
1605 2607032 
1606 2607033 
1607 2607033 
1608 2607033 
1609 2607034 
1610 2607034 
1611 2607034 
1612 2607035 
1613 2607036 
1614 2607036 
1615 2607036 
1616 2607037 
1617 2607037 
1618 2607037 
1619 2607038 
1620 2607038 
1621 2607038 
1622 2607039 
1623 2607039 
1624 2607039 
1625 2607040 
1626 2607040 
1627 2607040 
1628 2607041 
1629 2607041 
1630 2607041 
1631 2607041 
1632 2607042 
1633 2607042 
1634 2607042 
1635 2607042 
1636 2607043 
1637 2607043 
1638 2607043 
1639 2607044 
1640 2607044 
1641 2607044 
1642 2607045 
1643 2607045 
1644 2607045 
1645 2607047 
1646 2607048 
1647 2607049 
1648 2607050 
1649 2607058 
1650 2607058 
1651 2607058 
1652 2607059 
1653 2607059 
1654 2607059 
1655 2607059 
1656 2607060 
1657 2607060 
1658 2607061 
1659 2607061 
1660 2607061 
1661 2607061 
1662 2607062 
1663 2607062 
1664 2607062 
1665 2607063 
1666 2607063 
1667 2607063 
1668 2607064 
1669 2607064 
1670 2607064 
1671 2607065 
1672 2607066 
1673 2607067 
1674 2607067 
1675 2607067 
1676 2607068 
1677 2607068 
1678 2607068 
1679 2607068 
1680 2607069 
1681 2607069 
1682 2607070 
1683 2607070 
1684 2607070 
1685 2607071 
1686 2607071 
1687 2607073 
1688 2607074 
1689 2607074 
1690 2607075 
1691 2607077 
1692 2607078 
1693 2607079 
1694 2607079 
1695 2607079 
1696 2607080 
1697 2607080 
1698 2607080 
1699 2607081 
1700 2607081 
1701 2607081 
1702 2607082 
1703 2607082 
1704 2607082 
1705 2607083 
1706 2607083 
1707 2607083 
1708 2607084 
1709 2607084 
1710 2607084 
1711 2607085 
1712 2607085 
1713 2607085 
1714 2607086 
1715 2607086 
1716 2607086 
1717 2607087 
1718 2607087 
1719 2607087 
1720 2607087 
1721 2607088 
1722 2607088 
1723 2607088 
1724 2607088 
1725 2607089 
1726 2607089 
1727 2607090 
1728 2607091 
1729 2607091 
1730 2607092 
1731 2607092 
1732 2607092 
1733 2607093 
1734 2607093 
1735 2607093 
1736 2607093 
1737 2607094 
1738 2607094 
1739 2607094 
1740 2607095 
1741 2607095 
1742 2607095 
1743 2607096 
1744 2607096 
1745 2607097 
1746 2607097 
1747 2607098 
1748 2607098 
1749 2607098 
1750 2607099 
1751 2607100 
1752 2607100 
1753 2607100 
1754 2607100 
1755 2607101 
1756 2607101 
1757 2607101 
1758 2607101 
1759 2607102 
1760 2607102 
1761 2607102 
1762 2607103 
1763 2607103 
1764 2607103 
1765 2607104 
1766 2607104 
1767 2607104 
1768 2607105 
1769 2607105 
1770 2607105 
1771 2607106 
1772 2607106 
1773 2607106 
1774 2607106 
1775 2607107 
1776 2607107 
1777 2607107 
1778 2607107 
1779 2607107 
1780 2607108 
1781 2607108 
1782 2607108 
1783 2607109 
1784 2607109 
1785 2607109 
1786 2607110 
1787 2607110 
1788 2607110 
1789 2607111 
1790 2607111 
1791 2607112 
1792 2607112 
1793 2607112 
1794 2607112 
1795 2607113 
1796 2607114 
1797 2607114 
1798 2607114 
1799 2607114 
1800 2607115 
1801 2607115 
1802 2607116 
1803 2607116 
1804 2607116 
1805 2607117 
1806 2607117 
1807 2607117 
1808 2607118 
1809 2607118 
1810 2607118 
1811 2607119 
1812 2607119 
1813 2607119 
1814 2607120 
1815 2607120 
1816 2607120 
1817 2607120 
1818 2607121 
1819 2607121 
1820 2607122 
1821 2607123 
1822 2607123 
1823 2607127 
1824 2607127 
1825 2607127 
1826 2607130 
1827 2607132 
1828 2607133 
1829 2607134 
1830 2607134 
1831 2607135 
1832 2607135 
1833 2607135 
1834 2607136 
1835 2607136 
1836 2607136 
1837 2607137 
1838 2607137 
1839 2607137 
1840 2607138 
1841 2607138 
1842 2607138 
1843 2607139 
1844 2607139 
1845 2607139 
1846 2607139 
1847 2607140 
1848 2607140 
1849 2607140 
1850 2607141 
1851 2607141 
1852 2607141 
1853 2607142 
1854 2607142 
1855 2607142 
1856 2607143 
1857 2607143 
1858 2607143 
1859 2607143 
1860 2607144 
1861 2607144 
1862 2607144 
1863 2607144 
1864 2607145 
1865 2607145 
1866 2607145 
1867 2607146 
1868 2607146 
1869 2607146 
1870 2607147 
1871 2607147 
1872 2607147 
1873 2607148 
1874 2607149 
1875 2607149 
1876 2607149 
1877 2607150 
1878 2607155 
1879 2607156 
1880 2607156 
1881 2607156 
1882 2607157 
1883 2607157 
1884 2607157 
1885 2607158 
1886 2607158 
1887 2607158 
1888 2607159 
1889 2607159 
1890 2607159 
1891 2607159 
1892 2607160 
1893 2607160 
1894 2607160 
1895 2607161 
1896 2607161 
1897 2607161 
1898 2607162 
1899 2607162 
1900 2607163 
1901 2607163 
1902 2607163 
1903 2607163 
1904 2607164 
1905 2607164 
1906 2607164 
1907 2607165 
1908 2607165 
1909 2607165 
1910 2607165 
1911 2607166 
1912 2607166 
1913 2607167 
1914 2607167 
1915 2607167 
1916 2607167 
1917 2607168 
1918 2607168 
1919 2607168 
1920 2607169 
1921 2607169 
1922 2607169 
1923 2607169 
1924 2607170 
1925 2607170 
1926 2607170 
1927 2607171 
1928 2607171 
1929 2607171 
1930 2607171 
1931 2607172 
1932 2607172 
1933 2607172 
1934 2607173 
1935 2607173 
1936 2607173 
1937 2607174 
1938 2607174 
1939 2607174 
1940 2607175 
1941 2607175 
1942 2607175 
1943 2607176 
1944 2607176 
1945 2607177 
1946 2607177 
1947 2607178 
1948 2607178 
1949 2607179 
1950 2607179 
1951 2607179 
1952 2607180 
1953 2607180 
1954 2607180 
1955 2607181 
1956 2607182 
1957 2607190 
1958 2607190 
1959 2607191 
1960 2607191 
1961 2607191 
1962 2607192 
1963 2607192 
1964 2607192 
1965 2607193 
1966 2607193 
1967 2607193 
1968 2607194 
1969 2607194 
1970 2607194 
1971 2607195 
1972 2607195 
1973 2607195 
1974 2607196 
1975 2607196 
1976 2607196 
1977 2607197 
1978 2607197 
1979 2607197 
1980 2607198 
1981 2607198 
1982 2607198 
1983 2607199 
1984 2607199 
1985 2607199 
1986 2607200 
1987 2607200 
1988 2607201 
1989 2607205 
1990 2607206 
1991 2607208 
1992 2607209 
1993 2607209 
1994 2607210 
1995 2607210 
1996 2607212 
1997 2607213 
1998 2607213 
1999 2607214 
2000 2607214 
2001 2607214 
2002 2607215 
2003 2607216 
2004 2607219 
2005 2607224 
2006 2607226 
2007 2607235 
2008 2607235 
2009 2607235 
2010 2607236 
2011 2607246 
2012 2607247 
2013 2607247 
2014 2607247 
2015 2607248 
2016 2607248 
2017 2607248 
2018 2607248 
2019 2607249 
2020 2607249 
2021 2607249 
2022 2607250 
2023 2607250 
2024 2607250 
2025 2607251 
2026 2607251 
2027 2607251 
2028 2607251 
2029 2607252 
2030 2607252 
2031 2607252 
2032 2607253 
2033 2607253 
2034 2607253 
2035 2607254 
2036 2607267 
2037 2607270 
2038 2607274 
2039 2607275 
2040 2607275 
2041 2607275 
2042 2607285 
2043 2607285 
2044 2607286 
2045 2607287 
2046 2607291 
2047 2607305 
2048 2607312 
2049 2607314 
2050 2607320 
2051 2607326 
2052 2607326 
2053 2607327 
2054 2607327 
2055 2607328 
2056 2607328 
2057 2607328 
2058 2607329 
2059 2607329 
2060 2607330 
2061 2607335 
2062 2607345 
2063 2607345 
2064 2607346 
2065 2607357 
2066 2607358 
2067 2607360 
2068 2607360 
2069 2607361 
2070 2607364 
2071 2607365 
2072 2607365 
2073 2607366 
2074 2607368 
2075 2607369 
2076 2607369 
2077 2607370 
2078 2607374 
2079 2607383 
2080 2607383 
2081 2607388 
2082 2607391 
2083 2607391 
2084 2607396 
2085 2607404 
2086 2607404 
2087 2607406 
2088 2607406 
2089 2607407 
2090 2607414 
2091 2607418 
2092 2607421 
2093 2607421 
2094 2607422 
2095 2607422 
2096 2607428 
2097 2607429 
2098 2607430 
2099 2607430 
2100 2607432 
2101 2607432 
2102 2607439 
2103 2607439 
2104 2607441 
2105 2607445 
2106 2607453 
2107 2607455 
2108 2607456 
2109 2607458 
2110 2607459 
2111 2607464 
2112 2607473 
2113 2607475 
2114 2607483 
2115 2607483 
2116 2607488 
2117 2607488 
2118 2607497 
2119 2607508 
2120 2607511 
2121 2607511 
2122 2607511 
2123 2607512 
2124 2607512 
2125 2607512 
2126 2607513 
2127 2607513 
2128 2607513 
2129 2607514 
2130 2607527 
2131 2607532 
2132 2607536 
2133 2607547 
2134 2607552 
2135 2607557 
2136 2607557 
2137 2607559 
2138 2607561 
2139 2607562 
2140 2607565 
2141 2607565 
2142 2607567 
2143 2607570 
2144 2607572 
2145 2607575 
2146 2607576 
2147 2607576 
2148 2607577 
2149 2607577 
2150 2607584 
2151 2607585 
2152 2607587 
2153 2607598 
2154 2607598 
2155 2607598 
2156 2607599 
2157 2607600 
2158 2607600 
2159 2607602 
2160 2607603 
2161 2607603 
2162 2607603 
2163 2607604 
2164 2607606 
2165 2607609 
2166 2607609 
2167 2607614 
2168 2607614 
2169 2607616 
2170 2607617 
2171 2607618 
2172 2607618 
2173 2607618 
2174 2607619 
2175 2607619 
2176 2607619 
2177 2607620 
2178 2607620 
2179 2607621 
2180 2607621 
2181 2607621 
2182 2607622 
2183 2607622 
2184 2607623 
2185 2607623 
2186 2607625 
2187 2607625 
2188 2607625 
2189 2607626 
2190 2607629 
2191 2607631 
2192 2607631 
2193 2607632 
2194 2607633 
2195 2607637 
2196 2607638 
2197 2607639 
2198 2607639 
2199 2607639 
2200 2607640 
2201 2607644 
2202 2607646 
2203 2607648 
2204 2607653 
2205 2607664 
2206 2607666 
2207 2607667 
2208 2607667 
2209 2607667 
2210 2607668 
2211 2607668 
2212 2607668 
2213 2607669 
2214 2607669 
2215 2607669 
2216 2607670 
2217 2607670 
2218 2607670 
2219 2607671 
2220 2607671 
2221 2607671 
2222 2607672 
2223 2607673 
2224 2607675 
2225 2607676 
2226 2607676 
2227 2607676 
2228 2607676 
2229 2607680 
2230 2607685 
2231 2607686 
2232 2607689 
2233 2607691 
2234 2607692 
2235 2607699 
2236 2607700 
2237 2607700 
2238 2607703 
2239 2607709 
2240 2607710 
2241 2607710 
2242 2607713 
2243 2607713 
2244 2607716 
2245 2607719 
2246 2607720 
2247 2607720 
2248 2607721 
2249 2607722 
2250 2607722 
2251 2607722 
2252 2607722 
2253 2607723 
2254 2607723 
2255 2607723 
2256 2607724 
2257 2607728 
2258 2607728 
2259 2607728 
2260 2607729 
2261 2607735 
2262 2607753 
2263 2607757 
2264 2607758 
2265 2607759 
2266 2607759 
2267 2607760 
2268 2607762 
2269 2607762 
2270 2607766 
2271 2607768 
2272 2607768 
2273 2607769 
2274 2607769 
2275 2607769 
2276 2607769 
2277 2607770 
2278 2607770 
2279 2607770 
2280 2607771 
2281 2607777 
2282 2607777 
2283 2607778 
2284 2607786 
2285 2607786 
2286 2607786 
2287 2607787 
2288 2607787 
2289 2607787 
2290 2607788 
2291 2607788 
2292 2607788 
2293 2607789 
2294 2607789 
2295 2607789 
2296 2607790 
2297 2607790 
2298 2607790 
2299 2607791 
2300 2607791 
2301 2607791 
2302 2607792 
2303 2607792 
2304 2607792 
2305 2607793 
2306 2607793 
2307 2607794 
2308 2607794 
2309 2607794 
2310 2607797 
2311 2607797 
2312 2607797 
2313 2607797 
2314 2607797 
2315 2607797 
2316 2607797 
2317 2607797 
2318 2607798 
2319 2607798 
2320 2607798 
2321 2607800 
2322 2607800 
2323 2607801 
2324 2607801 
2325 2607801 
2326 2607802 
2327 2607802 
2328 2607802 
2329 2607803 
2330 2607803 
2331 2607803 
2332 2607804 
2333 2607804 
2334 2607804 
2335 2607804 
2336 2607805 
2337 2607805 
2338 2607806 
2339 2607806 
2340 2607806 
2341 2607807 
2342 2607807 
2343 2607807 
2344 2607807 
2345 2607808 
2346 2607808 
2347 2607808 
2348 2607809 
2349 2607809 
2350 2607809 
2351 2607809 
2352 2607810 
2353 2607810 
2354 2607810 
2355 2607810 
2356 2607811 
2357 2607811 
2358 2607811 
2359 2607811 
2360 2607812 
2361 2607812 
2362 2607812 
2363 2607813 
2364 2607813 
2365 2607814 
2366 2607814 
2367 2607814 
2368 2607814 
2369 2607815 
2370 2607815 
2371 2607815 
2372 2607816 
2373 2607816 
2374 2607817 
2375 2607817 
2376 2607818 
2377 2607818 
2378 2607818 
2379 2607819 
2380 2607819 
2381 2607819 
2382 2607819 
2383 2607820 
2384 2607820 
2385 2607820 
2386 2607821 
2387 2607821 
2388 2607822 
2389 2607822 
2390 2607822 
2391 2607823 
2392 2607823 
2393 2607823 
2394 2607824 
2395 2607824 
2396 2607824 
2397 2607825 
2398 2607825 
2399 2607825 
2400 2607826 
2401 2607826 
2402 2607826 
2403 2607826 
2404 2607827 
2405 2607827 
2406 2607827 
2407 2607827 
2408 2607828 
2409 2607828 
2410 2607828 
2411 2607828 
2412 2607829 
2413 2607829 
2414 2607829 
2415 2607829 
2416 2607830 
2417 2607830 
2418 2607830 
2419 2607831 
2420 2607831 
2421 2607831 
2422 2607832 
2423 2607832 
2424 2607832 
2425 2607833 
2426 2607833 
2427 2607833 
2428 2607834 
2429 2607834 
2430 2607835 
2431 2607835 
2432 2607835 
2433 2607836 
2434 2607836 
2435 2607836 
2436 2607837 
2437 2607837 
2438 2607837 
2439 2607838 
2440 2607838 
2441 2607839 
2442 2607839 
2443 2607839 
2444 2607840 
2445 2607840 
2446 2607841 
2447 2607841 
2448 2607842 
2449 2607842 
2450 2607843 
2451 2607843 
2452 2607843 
2453 2607844 
2454 2607844 
2455 2607845 
2456 2607845 
2457 2607847 
2458 2607849 
2459 2607849 
2460 2607856 
2461 2607864 
2462 2607876 
2463 2607878 
2464 2607883 
2465 2607883 
2466 2607884 
2467 2607888 
2468 2607891 
2469 2607908 
2470 2607912 
2471 2607913 
2472 2607913 
2473 2607914 
2474 2607915 
2475 2607915 
2476 2607916 
2477 2607917 
2478 2607919 
2479 2607922 
2480 2607928 
2481 2607930 
2482 2607930 
2483 2607932 
2484 2607933 
2485 2607937 
2486 2607943 
2487 2607943 
2488 2607943 
2489 2607944 
2490 2607944 
2491 2607944 
2492 2607945 
2493 2607945 
2494 2607949 
2495 2607951 
2496 2607953 
2497 2607956 
2498 2607957 
2499 2607958 
2500 2607958 
2501 2607959 
2502 2607959 
2503 2607961 
2504 2607962 
2505 2607962 
2506 2607963 
2507 2607963 
2508 2607964 
2509 2607964 
2510 2607965 
2511 2607965 
2512 2607965 
2513 2607967 
2514 2607967 
2515 2607969 
2516 2607969 
2517 2607972 
2518 2607972 
2519 2607973 
2520 2607973 
2521 2607973 
2522 2607974 
2523 2607974 
2524 2607974 
2525 2607974 
2526 2607974 
2527 2607974 
2528 2607982 
2529 2607982 
2530 2607985 
2531 2607985 
2532 2607985 
2533 2607990 
2534 2607990 
2535 2607990 
2536 2607992 
2537 2607992 
2538 2607993 
2539 2607994 
2540 2607994 
2541 2607995 
2542 2607996 
2543 2607996 
2544 2607999 
2545 2608000 
2546 2608005 
2547 2608006 
2548 2608008 
2549 2608008 
2550 2608012 
2551 2608017 
2552 2608017 
2553 2608017 
2554 2608018 
2555 2608020 
2556 2608021 
2557 2608023 
2558 2608023 
2559 2608027 
2560 2608031 
2561 2608034 
2562 2608034 
2563 2608034 
2564 2608039 
2565 2608045 
2566 2608048 
2567 2608049 
2568 2608059 
2569 2608059 
2570 2608060 
2571 2608085 
2572 2608095 
2573 2608095 
2574 2608095 
2575 2608096 
2576 2608096 
2577 2608126 
2578 2608142 
2579 2608142 
2580 2608143 
2581 2608144 
2582 2608151 
2583 2608155 
2584 2608155 
2585 2608156 
2586 2608156 
2587 2608159 
2588 2608159 
2589 2608160 
2590 2608163 
2591 2608164 
2592 2608166 
2593 2608181 
2594 2608186 
2595 2608190 
2596 2608192 
2597 2608194 
2598 2608195 
2599 2608208 
2600 2608215 
2601 2608219 
2602 2608219 
2603 2608227 
2604 2608237 
2605 2608244 
2606 2608246 
2607 2608247 
2608 2608247 
2609 2608247 
2610 2608247 
2611 2608249 
2612 2608250 
2613 2608251 
2614 2608251 
2615 2608252 
2616 2608260 
2617 2608260 
2618 2608261 
2619 2608261 
2620 2608262 
2621 2608263 
2622 2608265 
2623 2608265 
2624 2608268 
2625 2608273 
2626 2608273 
2627 2608284 
2628 2608285 
2629 2608285 
2630 2608285 
2631 2608286 
2632 2608287 
2633 2608287 
2634 2608294 
2635 2608299 
2636 2608300 
2637 2608300 
2638 2608307 
2639 2608307 
2640 2608312 
2641 2608313 
2642 2608317 
2643 2608319 
2644 2608320 
2645 2608320 
2646 2608320 
2647 2608320 
2648 2608321 
2649 2608321 
2650 2608321 
2651 2608322 
2652 2608322 
2653 2608322 
2654 2608324 
2655 2608325 
2656 2608325 
2657 2608326 
2658 2608326 
2659 2608328 
2660 2608330 
2661 2608331 
2662 2608333 
2663 2608333 
2664 2608333 
2665 2608334 
2666 2608334 
2667 2608334 
2668 2608335 
2669 2608337 
2670 2608340 
2671 2608341 
2672 2608344 
2673 2608346 
2674 2608349 
2675 2608349 
2676 2608350 
2677 2608350 
2678 2608360 
2679 2608360 
2680 2608362 
2681 2608367 
2682 2608368 
2683 2608369 
2684 2608378 
2685 2608393 
2686 2608394 
2687 2608394 
2688 2608395 
2689 2608395 
2690 2608395 
2691 2608395 
2692 2608396 
2693 2608396 
2694 2608396 
2695 2608397 
2696 2608398 
2697 2608402 
2698 2608402 
2699 2608406 
2700 2608406 
2701 2608406 
2702 2608407 
2703 2608407 
2704 2608408 
2705 2608408 
2706 2608408 
2707 2608409 
2708 2608409 
2709 2608409 
2710 2608410 
2711 2608410 
2712 2608410 
2713 2608411 
2714 2608411 
2715 2608412 
2716 2608414 
2717 2608414 
2718 2608416 
2719 2608418 
2720 2608420 
2721 2608420 
2722 2608420 
2723 2608420 
2724 2608421 
2725 2608421 
2726 2608421 
2727 2608422 
2728 2608422 
2729 2608422 
2730 2608423 
2731 2608423 
2732 2608423 
2733 2608423 
2734 2608424 
2735 2608424 
2736 2608424 
2737 2608425 
2738 2608425 
2739 2608425 
2740 2608426 
2741 2608426 
2742 2608427 
2743 2608427 
2744 2608427 
2745 2608427 
2746 2608428 
2747 2608428 
2748 2608428 
2749 2608429 
2750 2608429 
2751 2608429 
2752 2608430 
2753 2608430 
2754 2608430 
2755 2608431 
2756 2608431 
2757 2608431 
2758 2608432 
2759 2608432 
2760 2608432 
2761 2608433 
2762 2608433 
2763 2608436 
2764 2608436 
2765 2608437 
2766 2608439 
2767 2608441 
2768 2608441 
2769 2608447 
2770 2608448 
2771 2608457 
2772 2608462 
2773 2608462 
2774 2608462 
2775 2608463 
2776 2608463 
2777 2608464 
2778 2608464 
2779 2608464 
2780 2608465 
2781 2608465 
2782 2608467 
2783 2608468 
2784 2608468 
2785 2608470 
2786 2608470 
2787 2608472 
2788 2608475 
2789 2608475 
2790 2608480 
2791 2608480 
2792 2608490 
2793 2608490 
2794 2608492 
2795 2608500 
2796 2608500 
2797 2608501 
2798 2608501 
2799 2608501 
2800 2608503 
2801 2608504 
2802 2608505 
2803 2608507 
2804 2608507 
2805 2608510 
2806 2608511 
2807 2608511 
2808 2608512 
2809 2608512 
2810 2608514 
2811 2608515 
2812 2608516 
2813 2608516 
2814 2608518 
2815 2608519 
2816 2608519 
2817 2608519 
2818 2608520 
2819 2608520 
2820 2608520 
2821 2608520 
2822 2608521 
2823 2608521 
2824 2608521 
2825 2608524 
2826 2608525 
2827 2608526 
2828 2608528 
2829 2608529 
2830 2608529 
2831 2608530 
2832 2608530 
2833 2608530 
2834 2608531 
2835 2608531 
2836 2608532 
2837 2608534 
2838 2608534 
2839 2608534 
2840 2608535 
2841 2608535 
2842 2608536 
2843 2608536 
2844 2608536 
2845 2608536 
2846 2608536 
2847 2608537 
2848 2608537 
2849 2608537 
2850 2608537 
2851 2608538 
2852 2608538 
2853 2608538 
2854 2608539 
2855 2608539 
2856 2608540 
2857 2608540 
2858 2608541 
2859 2608541 
2860 2608541 
2861 2608542 
2862 2608544 
2863 2608545 
2864 2608550 
2865 2608557 
2866 2608562 
2867 2608565 
2868 2608572 
2869 2608572 
2870 2608572 
2871 2608575 
2872 2608576 
2873 2608579 
2874 2608579 
2875 2608584 
2876 2608584 
2877 2608587 
2878 2608588 
2879 2608590 
2880 2608595 
2881 2608595 
2882 2608595 
2883 2608596 
2884 2608596 
2885 2608596 
2886 2608597 
2887 2608597 
2888 2608597 
2889 2608597 
2890 2608598 
2891 2608598 
2892 2608598 
2893 2608599 
2894 2608599 
2895 2608599 
2896 2608600 
2897 2608600 
2898 2608600 
2899 2608600 
2900 2608600 
2901 2608603 
2902 2608606 
2903 2608606 
2904 2608606 
2905 2608607 
2906 2608607 
2907 2608609 
2908 2608611 
2909 2608615 
2910 2608616 
2911 2608621 
2912 2608624 
2913 2608625 
2914 2608627 
2915 2608627 
2916 2608629 
2917 2608633 
2918 2608643 
2919 2608651 
2920 2608651 
2921 2608654 
2922 2608657 
2923 2608658 
2924 2608658 
2925 2608659 
2926 2608661 
2927 2608670 
2928 2608678 
2929 2608679 
2930 2608680 
2931 2608685 
2932 2608689 
2933 2608690 
2934 2608693 
2935 2608702 
2936 2608702 
2937 2608703 
2938 2608703 
2939 2608704 
2940 2608705 
2941 2608708 
2942 2608708 
2943 2608708 
2944 2608709 
2945 2608709 
2946 2608710 
2947 2608710 
2948 2608710 
2949 2608711 
2950 2608711 
2951 2608713 
2952 2608713 
2953 2608723 
2954 2608723 
2955 2608723 
2956 2608724 
2957 2608725 
2958 2608732 
2959 2608736 
2960 2608750 
2961 2608750 
2962 2608752 
2963 2608753 
2964 2608753 
2965 2608754 
2966 2608758 
2967 2608761 
2968 2608764 
2969 2608765 
2970 2608768 
2971 2608770 
2972 2608770 
2973 2608772 
2974 2608772 
2975 2608772 
2976 2608773 
2977 2608776 
2978 2608779 
2979 2608780 
2980 2608782 
2981 2608783 
2982 2608784 
2983 2608785 
2984 2608785 
2985 2608785 
2986 2608786 
2987 2608788 
2988 2608788 
2989 2608789 
2990 2608789 
2991 2608790 
2992 2608790 
2993 2608791 
2994 2608793 
2995 2608794 
2996 2608795 
2997 2608797 
2998 2608801 
2999 2608801 
3000 2608802 
3001 2608805 
3002 2608806 
3003 2608812 
3004 2608813 
3005 2608813 
3006 2608814 
3007 2608814 
3008 2608814 
3009 2608818 
3010 2608818 
3011 2608819 
3012 2608821 
3013 2608825 
3014 2608827 
3015 2608827 
3016 2608827 
3017 2608830 
3018 2608830 
3019 2608832 
3020 2608833 
3021 2608833 
3022 2608834 
3023 2608834 
3024 2608834 
3025 2608835 
3026 2608835 
3027 2608835 
3028 2608836 
3029 2608836 
3030 2608837 
3031 2608837 
3032 2608837 
3033 2608838 
3034 2608838 
3035 2608838 
3036 2608838 
3037 2608839 
3038 2608839 
3039 2608840 
3040 2608840 
3041 2608841 
3042 2608841 
3043 2608842 
3044 2608842 
3045 2608842 
3046 2608842 
3047 2608843 
3048 2608843 
3049 2608844 
3050 2608844 
3051 2608844 
3052 2608845 
3053 2608846 
3054 2608846 
3055 2608848 
3056 2608848 
3057 2608848 
3058 2608849 
3059 2608849 
3060 2608849 
3061 2608851 
3062 2608852 
3063 2608852 
3064 2608852 
3065 2608852 
3066 2608853 
3067 2608854 
3068 2608854 
3069 2608854 
3070 2608855 
3071 2608855 
3072 2608855 
3073 2608855 
3074 2608856 
3075 2608856 
3076 2608856 
3077 2608857 
3078 2608857 
3079 2608857 
3080 2608858 
3081 2608858 
3082 2608859 
3083 2608860 
3084 2608860 
3085 2608860 
3086 2608861 
3087 2608861 
3088 2608862 
3089 2608862 
3090 2608862 
3091 2608863 
3092 2608863 
3093 2608863 
3094 2608864 
3095 2608864 
3096 2608864 
3097 2608864 
3098 2608865 
3099 2608865 
3100 2608865 
3101 2608866 
3102 2608866 
3103 2608866 
3104 2608867 
3105 2608867 
3106 2608868 
3107 2608870 
3108 2608871 
3109 2608871 
3110 2608871 
3111 2608873 
3112 2608873 
3113 2608873 
3114 2608874 
3115 2608874 
3116 2608875 
3117 2608875 
3118 2608875 
3119 2608876 
3120 2608876 
3121 2608877 
3122 2608877 
3123 2608878 
3124 2608878 
3125 2608878 
3126 2608879 
3127 2608879 
3128 2608879 
3129 2608881 
3130 2608882 
3131 2608882 
3132 2608883 
3133 2608883 
3134 2608884 
3135 2608884 
3136 2608885 
3137 2608885 
3138 2608886 
3139 2608886 
3140 2608886 
3141 2608887 
3142 2608887 
3143 2608887 
3144 2608888 
3145 2608888 
3146 2608888 
3147 2608889 
3148 2608889 
3149 2608889 
3150 2608890 
3151 2608890 
3152 2608891 
3153 2608891 
3154 2608891 
3155 2608892 
3156 2608892 
3157 2608892 
3158 2608893 
3159 2608893 
3160 2608893 
3161 2608894 
3162 2608896 
3163 2608897 
3164 2608897 
3165 2608898 
3166 2608898 
3167 2608898 
3168 2608899 
3169 2608899 
3170 2608900 
3171 2608900 
3172 2608901 
3173 2608901 
3174 2608902 
3175 2608902 
3176 2608902 
3177 2608903 
3178 2608903 
3179 2608903 
3180 2608904 
3181 2608904 
3182 2608904 
3183 2608905 
3184 2608905 
3185 2608905 
3186 2608906 
3187 2608906 
3188 2608906 
3189 2608906 
3190 2608907 
3191 2608907 
3192 2608907 
3193 2608907 
3194 2608908 
3195 2608908 
3196 2608908 
3197 2608909 
3198 2608909 
3199 2608909 
3200 2608910 
3201 2608910 
3202 2608911 
3203 2608912 
3204 2608912 
3205 2608912 
3206 2608913 
3207 2608913 
3208 2608914 
3209 2608914 
3210 2608914 
3211 2608915 
3212 2608915 
3213 2608915 
3214 2608916 
3215 2608917 
3216 2608917 
3217 2608918 
3218 2608918 
3219 2608919 
3220 2608919 
3221 2608919 
3222 2608919 
3223 2608920 
3224 2608920 
3225 2608920 
3226 2608921 
3227 2608921 
3228 2608922 
3229 2608923 
3230 2608926 
3231 2608926 
3232 2608926 
3233 2608926 
3234 2608936 
3235 2608938 
3236 2608938 
3237 2608943 
3238 2608947 
3239 2608948 
3240 2608948 
3241 2608949 
3242 2608949 
3243 2608949 
3244 2608950 
3245 2608950 
3246 2608950 
3247 2608951 
3248 2608951 
3249 2608951 
3250 2608952 
3251 2608952 
3252 2608952 
3253 2608953 
3254 2608953 
3255 2608953 
3256 2608954 
3257 2608954 
3258 2608954 
3259 2608955 
3260 2608955 
3261 2608955 
3262 2608956 
3263 2608956 
3264 2608956 
3265 2608956 
3266 2608957 
3267 2608957 
3268 2608957 
3269 2608958 
3270 2608958 
3271 2608958 
3272 2608959 
3273 2608959 
3274 2608959 
3275 2608959 
3276 2608959 
3277 2608960 
3278 2608960 
3279 2608960 
3280 2608961 
3281 2608962 
3282 2608962 
3283 2608962 
3284 2608962 
3285 2608963 
3286 2608964 
3287 2608964 
3288 2608965 
3289 2608965 
3290 2608965 
3291 2608966 
3292 2608966 
3293 2608966 
3294 2608967 
3295 2608972 
3296 2608973 
3297 2608973 
3298 2608974 
3299 2608976 
3300 2608976 
3301 2608976 
3302 2608977 
3303 2608979 
3304 2608980 
3305 2608981 
3306 2608981 
3307 2608982 
3308 2608982 
3309 2608983 
3310 2608983 
3311 2608984 
3312 2608984 
3313 2608984 
3314 2608984 
3315 2608985 
3316 2608986 
3317 2608987 
3318 2608988 
3319 2608989 
3320 2608991 
3321 2608992 
3322 2608994 
3323 2608994 
3324 2608994 
3325 2608995 
3326 2608996 
3327 2608998 
3328 2608999 
3329 2608999 
3330 2609000 
3331 2609002 
3332 2609003 
3333 2609003 
3334 2609004 
3335 2609006 
3336 2609012 
3337 2609014 
3338 2609015 
3339 2609015 
3340 2609022 
3341 2609023 
3342 2609023 
3343 2609023 
3344 2609024 
3345 2609024 
3346 2609024 
3347 2609025 
3348 2609025 
3349 2609025 
3350 2609026 
3351 2609028 
3352 2609028 
3353 2609029 
3354 2609029 
3355 2609031 
3356 2609031 
3357 2609031 
3358 2609032 
3359 2609032 
3360 2609032 
3361 2609033 
3362 2609033 
3363 2609039 
3364 2609039 
3365 2609039 
3366 2609042 
3367 2609042 
3368 2609043 
3369 2609043 
3370 2609044 
3371 2609044 
3372 2609044 
3373 2609045 
3374 2609045 
3375 2609047 
3376 2609047 
3377 2609048 
3378 2609048 
3379 2609048 
3380 2609049 
3381 2609049 
3382 2609050 
3383 2609050 
3384 2609051 
3385 2609051 
3386 2609051 
3387 2609051 
3388 2609052 
3389 2609052 
3390 2609052 
3391 2609052 
3392 2609053 
3393 2609053 
3394 2609053 
3395 2609054 
3396 2609054 
3397 2609055 
3398 2609057 
3399 2609061 
3400 2609061 
3401 2609065 
3402 2609065 
3403 2609068 
3404 2609069 
3405 2609072 
3406 2609073 
3407 2609073 
3408 2609073 
3409 2609073 
3410 2609075 
3411 2609084 
3412 2609085 
3413 2609085 
3414 2609086 
3415 2609087 
3416 2609087 
3417 2609093 
3418 2609099 
3419 2609100 
3420 2609105 
3421 2609105 
3422 2609105 
3423 2609105 
3424 2609106 
3425 2609106 
3426 2609106 
3427 2609107 
3428 2609107 
3429 2609109 
3430 2609109 
3431 2609110 
3432 2609110 
3433 2609111 
3434 2609111 
3435 2609111 
3436 2609112 
3437 2609113 
3438 2609113 
3439 2609115 
3440 2609115 
3441 2609115 
3442 2609116 
3443 2609116 
3444 2609116 
3445 2609117 
3446 2609117 
3447 2609117 
3448 2609118 
3449 2609118 
3450 2609118 
3451 2609119 
3452 2609119 
3453 2609119 
3454 2609120 
3455 2609120 
3456 2609120 
3457 2609120 
3458 2609121 
3459 2609121 
3460 2609121 
3461 2609122 
3462 2609122 
3463 2609122 
3464 2609123 
3465 2609123 
3466 2609123 
3467 2609124 
3468 2609124 
3469 2609124 
3470 2609124 
3471 2609125 
3472 2609125 
3473 2609125 
3474 2609126 
3475 2609126 
3476 2609126 
3477 2609127 
3478 2609127 
3479 2609127 
3480 2609128 
3481 2609128 
3482 2609128 
3483 2609128 
3484 2609129 
3485 2609129 
3486 2609130 
3487 2609130 
3488 2609130 
3489 2609131 
3490 2609131 
3491 2609131 
3492 2609131 
3493 2609132 
3494 2609132 
3495 2609132 
3496 2609133 
3497 2609133 
3498 2609133 
3499 2609134 
3500 2609134 
3501 2609135 
3502 2609135 
3503 2609135 
3504 2609135 
3505 2609135 
3506 2609136 
3507 2609136 
3508 2609136 
3509 2609137 
3510 2609137 
3511 2609138 
3512 2609138 
3513 2609138 
3514 2609139 
3515 2609139 
3516 2609139 
3517 2609140 
3518 2609140 
3519 2609140 
3520 2609141 
3521 2609141 
3522 2609156 
3523 2609156 
3524 2609157 
3525 2609160 
3526 2609161 
3527 2609163 
3528 2609164 
3529 2609165 
3530 2609166 
3531 2609166 
3532 2609167 
3533 2609167 
3534 2609167 
3535 2609168 
3536 2609168 
3537 2609168 
3538 2609169 
3539 2609171 
3540 2609177 
3541 2609179 
3542 2609184 
3543 2609198 
3544 2609203 
3545 2609208 
3546 2609210 
3547 2609215 
3548 2609218 
3549 2609219 
3550 2609222 
3551 2609223 
3552 2609225 
3553 2609232 
3554 2609234 
3555 2609236 
3556 2609236 
3557 2609249 
3558 2609253 
3559 2609255 
3560 2609260 
3561 2609260 
3562 2609260 
3563 2609260 
3564 2609261 
3565 2609263 
3566 2609263 
3567 2609263 
3568 2609264 
3569 2609265 
3570 2609269 
3571 2609280 
3572 2609284 
3573 2609292 
3574 2609293 
3575 2609299 
3576 2609306 
3577 2609307 
3578 2609307 
3579 2609309 
3580 2609310 
3581 2609310 
3582 2609310 
3583 2609312 
3584 2609313 
3585 2609317 
3586 2609318 
3587 2609319 
3588 2609321 
3589 2609322 
3590 2609324 
3591 2609329 
3592 2609334 
3593 2609337 
3594 2609338 
3595 2609339 
3596 2609340 
3597 2609340 
3598 2609341 
3599 2609342 
3600 2609344 
3601 2609348 
3602 2609353 
3603 2609354 
3604 2609354 
3605 2609356 
3606 2609356 
3607 2609357 
3608 2609357 
3609 2609357 
3610 2609357 
3611 2609358 
3612 2609358 
3613 2609358 
3614 2609359 
3615 2609359 
3616 2609359 
3617 2609361 
3618 2609365 
3619 2609370 
3620 2609379 
3621 2609385 
3622 2609385 
3623 2609385 
3624 2609387 
3625 2609387 
3626 2609388 
3627 2609389 
3628 2609390 
3629 2609392 
3630 2609392 
3631 2609394 
3632 2609394 
3633 2609395 
3634 2609395 
3635 2609395 
3636 2609396 
3637 2609396 
3638 2609397 
3639 2609401 
3640 2609405 
3641 2609406 
3642 2609406 
3643 2609408 
3644 2609408 
3645 2609409 
3646 2609409 
3647 2609413 
3648 2609418 
3649 2609421 
3650 2609421 
3651 2609422 
3652 2609423 
3653 2609427 
3654 2609427 
3655 2609429 
3656 2609430 
3657 2609431 
3658 2609433 
3659 2609434 
3660 2609435 
3661 2609436 
3662 2609438 
3663 2609438 
3664 2609444 
3665 2609444 
3666 2609446 
3667 2609446 
3668 2609448 
3669 2609449 
3670 2609451 
3671 2609451 
3672 2609452 
3673 2609452 
3674 2609453 
3675 2609454 
3676 2609455 
3677 2609456 
3678 2609457 
3679 2609457 
3680 2609457 
3681 2609458 
3682 2609458 
3683 2609464 
3684 2609464 
3685 2609464 
3686 2609465 
3687 2609465 
3688 2609466 
3689 2609470 
3690 2609472 
3691 2609478 
3692 2609479 
3693 2609479 
3694 2609480 
3695 2609480 
3696 2609482 
3697 2609484 
3698 2609487 
3699 2609488 
3700 2609489 
3701 2609494 
3702 2609498 
3703 2609498 
3704 2609499 
3705 2609499 
3706 2609500 
3707 2609500 
3708 2609501 
3709 2609509 
3710 2609511 
3711 2609512 
3712 2609513 
3713 2609516 
3714 2609516 
3715 2609516 
3716 2609518 
3717 2609520 
3718 2609521 
3719 2609530 
3720 2609531 
3721 2609531 
3722 2609532 
3723 2609539 
3724 2609539 
3725 2609539 
3726 2609540 
3727 2609540 
3728 2609544 
3729 2609549 
3730 2609552 
3731 2609552 
3732 2609553 
3733 2609553 
3734 2609553 
3735 2609554 
3736 2609555 
3737 2609556 
3738 2609556 
3739 2609564 
3740 2609565 
3741 2609565 
3742 2609565 
3743 2609566 
3744 2609566 
3745 2609566 
3746 2609566 
3747 2609567 
3748 2609567 
3749 2609567 
3750 2609568 
3751 2609568 
3752 2609568 
3753 2609569 
3754 2609569 
3755 2609569 
3756 2609570 
3757 2609570 
3758 2609571 
3759 2609573 
3760 2609573 
3761 2609573 
3762 2609574 
3763 2609574 
3764 2609574 
3765 2609574 
3766 2609575 
3767 2609575 
3768 2609576 
3769 2609577 
3770 2609578 
3771 2609578 
3772 2609578 
3773 2609579 
3774 2609579 
3775 2609580 
3776 2609581 
3777 2609581 
3778 2609581 
3779 2609582 
3780 2609583 
3781 2609583 
3782 2609584 
3783 2609588 
3784 2609588 
3785 2609589 
3786 2609589 
3787 2609589 
3788 2609590 
3789 2609590 
3790 2609592 
3791 2609597 
3792 2609597 
3793 2609597 
3794 2609598 
3795 2609599 
3796 2609599 
3797 2609600 
3798 2609601 
3799 2609604 
3800 2609604 
3801 2609605 
3802 2609607 
3803 2609608 
3804 2609609 
3805 2609609 
3806 2609609 
3807 2609612 
3808 2609612 
3809 2609612 
3810 2609612 
3811 2609613 
3812 2609613 
3813 2609614 
3814 2609615 
3815 2609617 
3816 2609619 
3817 2609620 
3818 2609621 
3819 2609621 
3820 2609623 
3821 2609623 
3822 2609625 
3823 2609626 
3824 2609627 
3825 2609628 
3826 2609629 
3827 2609629 
3828 2609631 
3829 2609631 
3830 2609632 
3831 2609632 
3832 2609632 
3833 2609632 
3834 2609634 
3835 2609637 
3836 2609638 
3837 2609648 
3838 2609648 
3839 2609660 
3840 2609662 
3841 2609665 
3842 2609669 
3843 2609669 
3844 2609671 
3845 2609671 
3846 2609672 
3847 2609672 
3848 2609672 
3849 2609673 
3850 2609673 
3851 2609675 
3852 2609675 
3853 2609676 
3854 2609676 
3855 2609678 
3856 2609679 
3857 2609679 
3858 2609681 
3859 2609682 
3860 2609682 
3861 2609682 
3862 2609683 
3863 2609684 
3864 2609685 
3865 2609685 
3866 2609685 
3867 2609685 
3868 2609686 
3869 2609687 
3870 2609687 
3871 2609688 
3872 2609690 
3873 2609691 
3874 2609693 
3875 2609694 
3876 2609694 
3877 2609695 
3878 2609695 
3879 2609696 
3880 2609702 
3881 2609702 
3882 2609702 
3883 2609703 
3884 2609703 
3885 2609704 
3886 2609705 
3887 2609706 
3888 2609706 
3889 2609707 
3890 2609708 
3891 2609712 
3892 2609713 
3893 2609713 
3894 2609713 
3895 2609715 
3896 2609716 
3897 2609716 
3898 2609717 
3899 2609717 
3900 2609717 
3901 2609718 
3902 2609718 
3903 2609722 
3904 2609723 
3905 2609724 
3906 2609725 
3907 2609725 
3908 2609726 
3909 2609727 
3910 2609728 
3911 2609728 
3912 2609730 
3913 2609731 
3914 2609732 
3915 2609733 
3916 2609733 
3917 2609733 
3918 2609734 
3919 2609734 
3920 2609735 
3921 2609737 
3922 2609737 
3923 2609738 
3924 2609738 
3925 2609739 
3926 2609739 
3927 2609739 
3928 2609742 
3929 2609742 
3930 2609742 
3931 2609745 
3932 2609745 
3933 2609746 
3934 2609746 
3935 2609746 
3936 2609747 
3937 2609747 
3938 2609747 
3939 2609748 
3940 2609748 
3941 2609748 
3942 2609748 
3943 2609749 
3944 2609749 
3945 2609758 
3946 2609760 
3947 2609760 
3948 2609761 
3949 2609763 
3950 2609765 
3951 2609765 
3952 2609776 
3953 2609784 
3954 2609786 
3955 2609786 
3956 2609786 
3957 2609787 
3958 2609787 
3959 2609787 
3960 2609788 
3961 2609791 
3962 2609791 
3963 2609795 
3964 2609795 
3965 2609798 
3966 2609798 
3967 2609799 
3968 2609799 
3969 2609799 
3970 2609806 
3971 2609807 
3972 2609808 
3973 2609808 
3974 2609808 
3975 2609809 
3976 2609810 
3977 2609811 
3978 2609812 
3979 2609815 
3980 2609816 
3981 2609816 
3982 2609817 
3983 2609828 
3984 2609829 
3985 2609829 
3986 2609829 
3987 2609829 
3988 2609830 
3989 2609831 
3990 2609833 
3991 2609835 
3992 2609838 
3993 2609839 
3994 2609839 
3995 2609840 
3996 2609840 
3997 2609840 
3998 2609840 
3999 2609842 
4000 2609842 
4001 2609843 
4002 2609844 
4003 2609844 
4004 2609845 
4005 2609845 
4006 2609845 
4007 2609845 
4008 2609846 
4009 2609846 
4010 2609846 
4011 2609847 
4012 2609847 
4013 2609848 
4014 2609848 
4015 2609850 
4016 2609851 
4017 2609851 
4018 2609852 
4019 2609852 
4020 2609852 
4021 2609854 
4022 2609854 
4023 2609854 
4024 2609855 
4025 2609857 
4026 2609862 
4027 2609865 
4028 2609866 
4029 2609871 
4030 2609871 
4031 2609876 
4032 2609877 
4033 2609879 
4034 2609888 
4035 2609892 
4036 2609892 
4037 2609892 
4038 2609897 
4039 2609899 
4040 2609900 
4041 2609900 
4042 2609900 
4043 2609901 
4044 2609901 
4045 2609901 
4046 2609902 
4047 2609902 
4048 2609902 
4049 2609902 
4050 2609903 
4051 2609903 
4052 2609903 
4053 2609903 
4054 2609904 
4055 2609904 
4056 2609904 
4057 2609905 
4058 2609905 
4059 2609906 
4060 2609906 
4061 2609906 
4062 2609907 
4063 2609907 
4064 2609907 
4065 2609907 
4066 2609908 
4067 2609908 
4068 2609908 
4069 2609909 
4070 2609909 
4071 2609910 
4072 2609911 
4073 2609912 
4074 2609912 
4075 2609914 
4076 2609914 
4077 2609918 
4078 2609919 
4079 2609920 
4080 2609921 
4081 2609921 
4082 2609926 
4083 2609929 
4084 2609929 
4085 2609930 
4086 2609935 
4087 2609936 
4088 2609937 
4089 2609941 
4090 2609945 
4091 2609946 
4092 2609946 
4093 2609946 
4094 2609946 
4095 2609948 
4096 2609949 
4097 2609950 
4098 2609950 
4099 2609952 
4100 2609952 
4101 2609952 
4102 2609957 
4103 2609957 
4104 2609962 
4105 2609971 
4106 2609985 
4107 2609986 
4108 2609986 
4109 2609986 
4110 2609988 
4111 2609988 
4112 2609989 
4113 2609991 
4114 2609993 
4115 2609993 
4116 2609993 
4117 2609997 
